joint_A1	joint_A2	joint_E1	joint_A3	joint_A4	joint_A5	joint_A6	cart_pos_x	cart_pos_y	cart_pos_z	cart_quat_x	cart_quat_y	cart_quat_z	cart_quat_w	force_joint_A1	force_joint_A2	force_joint_E1	force_joint_A3	force_joint_A4	force_joint_A5	force_joint_A6	cart_force_x	cart_force_y	cart_force_z	cart_trq_x	cart_trq_y	cart_trq_z	
10.864	-0.225159	1.31737	-2.16709	0.491212	0.851003	-1.56998	1.05763	0	0.868518	0.29174	-0.0756776	-0.149034	-0.173678	-0.416686	-0.179074	-3.12518	6.29843	-0.697662	0.951183	0.262375	-0.17304	
10.878	-0.225159	1.31737	-2.16709	0.491212	0.851003	-1.56998	1.05763	0	0.868056	0.289034	-0.0744938	-0.151597	-0.173503	-0.416553	-0.178512	-3.12641	6.31651	-0.70002	0.952291	0.262857	-0.17253	
10.878	-0.225159	1.31737	-2.16709	0.491212	0.851003	-1.56998	1.05763	0	0.868056	0.289034	-0.0744938	-0.151597	-0.173503	-0.416553	-0.178512	-3.12641	6.31651	-0.70002	0.952291	0.262857	-0.17253	
10.892	-0.225159	1.31737	-2.16709	0.491212	0.851003	-1.56998	1.05763	0	0.884367	0.316647	-0.0752788	-0.136782	-0.177093	-0.416602	-0.177865	-3.16685	6.30905	-0.688776	0.952603	0.265619	-0.172353	
10.906	-0.225159	1.31737	-2.16709	0.491212	0.851003	-1.56998	1.05763	0	0.871884	0.278119	-0.0706155	-0.148352	-0.174999	-0.417066	-0.178355	-3.09909	6.27607	-0.684714	0.949926	0.260841	-0.172575	
10.906	-0.225159	1.31737	-2.16709	0.491212	0.851003	-1.56998	1.05763	0	0.871884	0.278119	-0.0706155	-0.148352	-0.174999	-0.417066	-0.178355	-3.09909	6.27607	-0.684714	0.949926	0.260841	-0.172575	
10.92	-0.225159	1.31737	-2.16709	0.491212	0.851003	-1.56998	1.05763	0	0.869393	0.281746	-0.0696575	-0.147697	-0.175633	-0.417078	-0.178783	-3.10004	6.26608	-0.687483	0.949077	0.261531	-0.173205	
10.934	-0.225159	1.31737	-2.16709	0.491212	0.851003	-1.56998	1.05763	0	0.860978	0.306041	-0.0744022	-0.144401	-0.17822	-0.415941	-0.179748	-3.12741	6.25229	-0.703846	0.947705	0.262566	-0.174467	
10.934	-0.225159	1.31737	-2.16709	0.491212	0.851003	-1.56998	1.05763	0	0.860978	0.306041	-0.0744022	-0.144401	-0.17822	-0.415941	-0.179748	-3.12741	6.25229	-0.703846	0.947705	0.262566	-0.174467	
10.948	-0.225159	1.31737	-2.16709	0.491212	0.851003	-1.56998	1.05763	0	0.855623	0.287924	-0.0732407	-0.152015	-0.177519	-0.415473	-0.179527	-3.10348	6.26048	-0.70455	0.947933	0.260068	-0.17407	
10.962	-0.225159	1.31737	-2.16709	0.491212	0.851003	-1.56998	1.05763	0	0.893582	0.306341	-0.0767693	-0.137549	-0.179769	-0.414957	-0.178691	-3.16401	6.32344	-0.674235	0.953919	0.261326	-0.173018	
10.962	-0.225159	1.31737	-2.16709	0.491212	0.851003	-1.56998	1.05763	0	0.893582	0.306341	-0.0767693	-0.137549	-0.179769	-0.414957	-0.178691	-3.16401	6.32344	-0.674235	0.953919	0.261326	-0.173018	
10.976	-0.225159	1.31737	-2.16709	0.491212	0.851003	-1.56998	1.05763	0	0.912772	0.348236	-0.0800777	-0.12154	-0.182908	-0.414615	-0.178505	-3.23618	6.34763	-0.66976	0.95622	0.266518	-0.173259	
10.99	-0.225159	1.31737	-2.16709	0.491212	0.851003	-1.56998	1.05763	0	0.871845	0.280883	-0.0713757	-0.151607	-0.176061	-0.414737	-0.178342	-3.11404	6.30801	-0.688384	0.95072	0.260504	-0.172661	
10.99	-0.225159	1.31737	-2.16709	0.491212	0.851003	-1.56998	1.05763	0	0.871845	0.280883	-0.0713757	-0.151607	-0.176061	-0.414737	-0.178342	-3.11404	6.30801	-0.688384	0.95072	0.260504	-0.172661	
11.004	-0.225159	1.31737	-2.16709	0.491212	0.851003	-1.56998	1.05763	0	0.880932	0.292292	-0.0741769	-0.144747	-0.1765	-0.414216	-0.178651	-3.1325	6.30396	-0.680067	0.950369	0.260698	-0.172864	
11.018	-0.225159	1.31737	-2.16709	0.491212	0.851003	-1.56998	1.05763	0	0.872418	0.310277	-0.0754995	-0.144173	-0.174931	-0.413502	-0.179065	-3.15267	6.30184	-0.696017	0.948512	0.26418	-0.173432	
11.032	-0.225159	1.31737	-2.16709	0.491212	0.851003	-1.56998	1.05763	0	0.891266	0.285215	-0.0710464	-0.144224	-0.173178	-0.414093	-0.178696	-3.13142	6.32143	-0.666712	0.950435	0.262137	-0.172681	
11.032	-0.225159	1.31737	-2.16709	0.491212	0.851003	-1.56998	1.05763	0	0.891266	0.285215	-0.0710464	-0.144224	-0.173178	-0.414093	-0.178696	-3.13142	6.32143	-0.666712	0.950435	0.262137	-0.172681	
11.046	-0.225159	1.31737	-2.16709	0.491212	0.851003	-1.56998	1.05763	0	0.872014	0.307631	-0.0742429	-0.147404	-0.172924	-0.413315	-0.179083	-3.15546	6.32343	-0.698713	0.949218	0.265548	-0.173363	
11.06	-0.225159	1.31737	-2.16709	0.491212	0.851003	-1.56998	1.05763	0	0.894379	0.271066	-0.0674011	-0.151589	-0.171185	-0.413917	-0.178977	-3.12876	6.36856	-0.665019	0.953211	0.262891	-0.172844	
11.06	-0.225159	1.31737	-2.16709	0.491212	0.851003	-1.56998	1.05763	0	0.894379	0.271066	-0.0674011	-0.151589	-0.171185	-0.413917	-0.178977	-3.12876	6.36856	-0.665019	0.953211	0.262891	-0.172844	
11.074	-0.225159	1.31737	-2.16709	0.491212	0.851003	-1.56998	1.05763	0	0.850753	0.293253	-0.0763298	-0.161231	-0.171489	-0.412916	-0.179489	-3.13266	6.33421	-0.721589	0.94952	0.263298	-0.173504	
11.088	-0.225159	1.31737	-2.16709	0.491212	0.851003	-1.56998	1.05763	0	0.881678	0.310111	-0.0770973	-0.144485	-0.174303	-0.413091	-0.180863	-3.16961	6.33417	-0.689605	0.950937	0.26415	-0.174937	
11.088	-0.225159	1.31737	-2.16709	0.491212	0.851003	-1.56998	1.05763	0	0.881678	0.310111	-0.0770973	-0.144485	-0.174303	-0.413091	-0.180863	-3.16961	6.33417	-0.689605	0.950937	0.26415	-0.174937	
11.102	-0.225159	1.31737	-2.16709	0.491212	0.851003	-1.56998	1.05763	0	0.877115	0.284941	-0.0730493	-0.152248	-0.172322	-0.41372	-0.180742	-3.13205	6.33154	-0.685935	0.950658	0.262212	-0.174635	
11.116	-0.225159	1.31737	-2.16709	0.491212	0.851003	-1.56998	1.05763	0	0.871203	0.246089	-0.0674292	-0.162876	-0.169426	-0.414493	-0.179969	-3.07181	6.32114	-0.677511	0.949717	0.258578	-0.173542	
11.116	-0.225159	1.31737	-2.16709	0.491212	0.851003	-1.56998	1.05763	0	0.871203	0.246089	-0.0674292	-0.162876	-0.169426	-0.414493	-0.179969	-3.07181	6.32114	-0.677511	0.949717	0.258578	-0.173542	
11.13	-0.225159	1.31737	-2.16709	0.491212	0.851003	-1.56998	1.05763	0	0.865514	0.278543	-0.0737247	-0.155811	-0.17088	-0.41462	-0.179734	-3.1103	6.31008	-0.695477	0.949325	0.261429	-0.17349	
11.144	-0.225159	1.31737	-2.16709	0.491212	0.851003	-1.56998	1.05763	0	0.92742	0.298157	-0.0724362	-0.131386	-0.173662	-0.415277	-0.179655	-3.18245	6.3758	-0.637223	0.956517	0.264575	-0.173345	
11.158	-0.225159	1.31737	-2.16709	0.491212	0.851003	-1.56998	1.05763	0	0.876785	0.283612	-0.0726309	-0.154929	-0.171633	-0.415539	-0.179998	-3.13878	6.36126	-0.693225	0.954327	0.263921	-0.173837	
11.158	-0.225159	1.31737	-2.16709	0.491212	0.851003	-1.56998	1.05763	0	0.876785	0.283612	-0.0726309	-0.154929	-0.171633	-0.415539	-0.179998	-3.13878	6.36126	-0.693225	0.954327	0.263921	-0.173837	
11.172	-0.225159	1.31737	-2.16709	0.491212	0.851003	-1.56998	1.05763	0	0.858091	0.284598	-0.0749793	-0.160116	-0.171817	-0.415902	-0.180535	-3.12609	6.33714	-0.713683	0.952782	0.263159	-0.17441	
11.186	-0.225159	1.31737	-2.16709	0.491212	0.851003	-1.56998	1.05763	0	0.862269	0.289397	-0.074247	-0.15827	-0.172696	-0.416138	-0.180108	-3.13787	6.3502	-0.712738	0.954136	0.264325	-0.174139	
11.186	-0.225159	1.31737	-2.16709	0.491212	0.851003	-1.56998	1.05763	0	0.862269	0.289397	-0.074247	-0.15827	-0.172696	-0.416138	-0.180108	-3.13787	6.3502	-0.712738	0.954136	0.264325	-0.174139	
11.2	-0.225159	1.31737	-2.16709	0.491212	0.851003	-1.56998	1.05763	0	0.865065	0.302363	-0.0758783	-0.154916	-0.173419	-0.416223	-0.179997	-3.16022	6.3613	-0.716206	0.955241	0.266044	-0.174125	
11.214	-0.225159	1.31737	-2.16709	0.491212	0.851003	-1.56998	1.05763	0	0.882968	0.264183	-0.0690484	-0.157818	-0.172669	-0.416691	-0.178634	-3.11837	6.37708	-0.682272	0.95709	0.261945	-0.172464	
11.214	-0.225159	1.31737	-2.16709	0.491212	0.851003	-1.56998	1.05763	0	0.882968	0.264183	-0.0690484	-0.157818	-0.172669	-0.416691	-0.178634	-3.11837	6.37708	-0.682272	0.95709	0.261945	-0.172464	
11.228	-0.225159	1.31737	-2.16709	0.491212	0.851003	-1.56998	1.05763	0	0.885935	0.284977	-0.0717668	-0.151237	-0.174644	-0.416216	-0.179079	-3.14733	6.37287	-0.685283	0.956874	0.263566	-0.173138	
11.242	-0.225159	1.31737	-2.16709	0.491212	0.851003	-1.56998	1.05763	0	0.861638	0.297666	-0.0757488	-0.155148	-0.176135	-0.416033	-0.179279	-3.14593	6.3419	-0.715406	0.954522	0.26358	-0.1736	
11.242	-0.225159	1.31737	-2.16709	0.491212	0.851003	-1.56998	1.05763	0	0.861638	0.297666	-0.0757488	-0.155148	-0.176135	-0.416033	-0.179279	-3.14593	6.3419	-0.715406	0.954522	0.26358	-0.1736	
11.256	-0.225159	1.31737	-2.16709	0.491212	0.851003	-1.56998	1.05763	0	0.894671	0.295404	-0.0739129	-0.144705	-0.177781	-0.415878	-0.17978	-3.16516	6.36797	-0.677414	0.957481	0.26282	-0.173972	
11.27	-0.225159	1.31737	-2.16709	0.491212	0.851003	-1.56998	1.05763	0	0.897121	0.299622	-0.0752406	-0.145262	-0.177918	-0.414537	-0.17895	-3.17959	6.39354	-0.678568	0.958423	0.263021	-0.173116	
11.27	-0.225159	1.31737	-2.16709	0.491212	0.851003	-1.56998	1.05763	0	0.897121	0.299622	-0.0752406	-0.145262	-0.177918	-0.414537	-0.17895	-3.17959	6.39354	-0.678568	0.958423	0.263021	-0.173116	
11.284	-0.225159	1.31737	-2.16709	0.491212	0.851003	-1.56998	1.05763	0	0.860526	0.294641	-0.0755696	-0.158717	-0.177626	-0.414362	-0.178963	-3.14824	6.36185	-0.717042	0.955121	0.262337	-0.173405	
11.298	-0.225159	1.31737	-2.16709	0.491212	0.851003	-1.56998	1.05763	0	0.875031	0.28896	-0.075405	-0.15622	-0.178284	-0.414154	-0.178755	-3.15377	6.38422	-0.700359	0.957354	0.261066	-0.173019	
11.312	-0.225159	1.31737	-2.16709	0.491212	0.851003	-1.56998	1.05763	0	0.892029	0.294432	-0.0759591	-0.148921	-0.178675	-0.41404	-0.179079	-3.17173	6.3946	-0.682756	0.958482	0.261397	-0.173226	
11.312	-0.225159	1.31737	-2.16709	0.491212	0.851003	-1.56998	1.05763	0	0.892029	0.294432	-0.0759591	-0.148921	-0.178675	-0.41404	-0.179079	-3.17173	6.3946	-0.682756	0.958482	0.261397	-0.173226	
11.326	-0.225159	1.31737	-2.16709	0.491212	0.851003	-1.56998	1.05763	0	0.869553	0.288715	-0.0742679	-0.158564	-0.176139	-0.414137	-0.179347	-3.14985	6.38006	-0.706137	0.956008	0.262479	-0.173586	
11.34	-0.225159	1.31737	-2.16709	0.491212	0.851003	-1.56998	1.05763	0	0.89677	0.268785	-0.0705402	-0.154074	-0.174597	-0.414481	-0.178865	-3.13951	6.40206	-0.668353	0.958099	0.260708	-0.172674	
11.34	-0.225159	1.31737	-2.16709	0.491212	0.851003	-1.56998	1.05763	0	0.89677	0.268785	-0.0705402	-0.154074	-0.174597	-0.414481	-0.178865	-3.13951	6.40206	-0.668353	0.958099	0.260708	-0.172674	
11.354	-0.225159	1.31737	-2.16709	0.491212	0.851003	-1.56998	1.05763	0	0.8475	0.320922	-0.0829212	-0.158624	-0.176501	-0.413659	-0.178822	-3.18215	6.37052	-0.744109	0.954829	0.265031	-0.173163	
11.368	-0.225159	1.31737	-2.16709	0.491212	0.851003	-1.56998	1.05763	0	0.870432	0.288187	-0.0759739	-0.158244	-0.17626	-0.414173	-0.178546	-3.15006	6.38355	-0.705579	0.95663	0.261638	-0.172652	
11.368	-0.225159	1.31737	-2.16709	0.491212	0.851003	-1.56998	1.05763	0	0.870432	0.288187	-0.0759739	-0.158244	-0.17626	-0.414173	-0.178546	-3.15006	6.38355	-0.705579	0.95663	0.261638	-0.172652	
11.382	-0.225159	1.31737	-2.16709	0.491212	0.851003	-1.56998	1.05763	0	0.824252	0.284344	-0.0765475	-0.175691	-0.172781	-0.414587	-0.178927	-3.11657	6.35304	-0.757217	0.952663	0.262974	-0.173157	
11.396	-0.225159	1.31737	-2.16709	0.491212	0.851003	-1.56998	1.05763	0	0.890753	0.248961	-0.0666849	-0.160827	-0.171415	-0.415811	-0.179145	-3.10757	6.39621	-0.668765	0.957635	0.260468	-0.17275	
11.396	-0.225159	1.31737	-2.16709	0.491212	0.851003	-1.56998	1.05763	0	0.890753	0.248961	-0.0666849	-0.160827	-0.171415	-0.415811	-0.179145	-3.10757	6.39621	-0.668765	0.957635	0.260468	-0.17275	
11.41	-0.225159	1.31737	-2.16709	0.491212	0.851003	-1.56998	1.05763	0	0.846516	0.314988	-0.0756121	-0.159553	-0.173345	-0.415722	-0.179203	-3.16865	6.3617	-0.743429	0.953962	0.269009	-0.173763	
11.424	-0.225159	1.31737	-2.16709	0.491212	0.851003	-1.56998	1.05763	0	0.854866	0.291486	-0.0745192	-0.161878	-0.171867	-0.416162	-0.179078	-3.14086	6.36402	-0.725062	0.954748	0.265532	-0.17315	
11.438	-0.225159	1.31737	-2.16709	0.491212	0.851003	-1.56998	1.05763	0	0.872449	0.269959	-0.0704582	-0.160547	-0.170712	-0.416653	-0.17884	-3.1206	6.37285	-0.696761	0.955877	0.263475	-0.172614	
11.438	-0.225159	1.31737	-2.16709	0.491212	0.851003	-1.56998	1.05763	0	0.872449	0.269959	-0.0704582	-0.160547	-0.170712	-0.416653	-0.17884	-3.1206	6.37285	-0.696761	0.955877	0.263475	-0.172614	
11.452	-0.225159	1.31737	-2.16709	0.491212	0.851003	-1.56998	1.05763	0	0.837755	0.293702	-0.0759238	-0.167485	-0.170697	-0.416815	-0.178799	-3.13435	6.35675	-0.746965	0.954145	0.266454	-0.172887	
11.466	-0.225159	1.31737	-2.16709	0.491212	0.851003	-1.56998	1.05763	0	0.885899	0.322247	-0.077946	-0.146198	-0.171617	-0.416962	-0.179049	-3.21132	6.41524	-0.707478	0.959627	0.270714	-0.172961	
11.466	-0.225159	1.31737	-2.16709	0.491212	0.851003	-1.56998	1.05763	0	0.885899	0.322247	-0.077946	-0.146198	-0.171617	-0.416962	-0.179049	-3.21132	6.41524	-0.707478	0.959627	0.270714	-0.172961	
11.48	-0.225159	1.31737	-2.16709	0.491212	0.851003	-1.56998	1.05763	0	0.885918	0.28519	-0.0732253	-0.154624	-0.170151	-0.417633	-0.178958	-3.15895	6.4098	-0.693275	0.959698	0.266363	-0.172545	
11.494	-0.225159	1.31737	-2.16709	0.491212	0.851003	-1.56998	1.05763	0	0.879739	0.305339	-0.0768581	-0.151525	-0.170239	-0.41706	-0.178581	-3.18133	6.40317	-0.706799	0.958503	0.268411	-0.172283	
11.494	-0.225159	1.31737	-2.16709	0.491212	0.851003	-1.56998	1.05763	0	0.879739	0.305339	-0.0768581	-0.151525	-0.170239	-0.41706	-0.178581	-3.18133	6.40317	-0.706799	0.958503	0.268411	-0.172283	
11.508	-0.225159	1.31737	-2.16709	0.491212	0.851003	-1.56998	1.05763	0	0.866746	0.254985	-0.0728862	-0.167689	-0.167777	-0.417259	-0.178544	-3.10269	6.38653	-0.701501	0.957175	0.26153	-0.171727	
11.522	-0.225159	1.31737	-2.16709	0.491212	0.851003	-1.56998	1.05763	0	0.870402	0.298322	-0.0767689	-0.156256	-0.17099	-0.416624	-0.17768	-3.16543	6.39709	-0.71433	0.957874	0.266731	-0.171456	
11.522	-0.225159	1.31737	-2.16709	0.491212	0.851003	-1.56998	1.05763	0	0.870402	0.298322	-0.0767689	-0.156256	-0.17099	-0.416624	-0.17768	-3.16543	6.39709	-0.71433	0.957874	0.266731	-0.171456	
11.536	-0.225159	1.31737	-2.16709	0.491212	0.851003	-1.56998	1.05763	0	0.87122	0.299994	-0.0763243	-0.155062	-0.172922	-0.416062	-0.177784	-3.16656	6.39125	-0.712336	0.957477	0.266046	-0.171766	
11.55	-0.225159	1.31737	-2.16709	0.491212	0.851003	-1.56998	1.05763	0	0.890268	0.268561	-0.0686251	-0.155941	-0.173576	-0.415328	-0.177444	-3.13336	6.40027	-0.676838	0.957913	0.262378	-0.171401	
11.55	-0.225159	1.31737	-2.16709	0.491212	0.851003	-1.56998	1.05763	0	0.890268	0.268561	-0.0686251	-0.155941	-0.173576	-0.415328	-0.177444	-3.13336	6.40027	-0.676838	0.957913	0.262378	-0.171401	
11.564	-0.225159	1.31737	-2.16709	0.491212	0.851003	-1.56998	1.05763	0	0.886048	0.288065	-0.0707465	-0.154064	-0.174726	-0.415144	-0.177303	-3.16203	6.41205	-0.691359	0.958704	0.265104	-0.171534	
11.578	-0.225159	1.31737	-2.16709	0.491212	0.851003	-1.56998	1.05763	0	0.869782	0.263947	-0.0676908	-0.163988	-0.174525	-0.415123	-0.17743	-3.11355	6.383	-0.697664	0.95627	0.261639	-0.171687	
11.592	-0.225159	1.31737	-2.16709	0.491212	0.851003	-1.56998	1.05763	0	0.87306	0.293034	-0.0716777	-0.154806	-0.176845	-0.414182	-0.177205	-3.15229	6.37641	-0.702372	0.955503	0.263881	-0.171757	
11.592	-0.225159	1.31737	-2.16709	0.491212	0.851003	-1.56998	1.05763	0	0.87306	0.293034	-0.0716777	-0.154806	-0.176845	-0.414182	-0.177205	-3.15229	6.37641	-0.702372	0.955503	0.263881	-0.171757	
11.606	-0.225159	1.31737	-2.16709	0.491212	0.851003	-1.56998	1.05763	0	0.853835	0.261235	-0.0705067	-0.167169	-0.175037	-0.414478	-0.176997	-3.09079	6.34333	-0.70928	0.952936	0.258891	-0.171218	
11.62	-0.225159	1.31737	-2.16709	0.491212	0.851003	-1.56998	1.05763	0	0.857238	0.271041	-0.0737321	-0.163611	-0.175702	-0.414592	-0.177163	-3.1075	6.34705	-0.709758	0.953831	0.259141	-0.171292	
11.62	-0.225159	1.31737	-2.16709	0.491212	0.851003	-1.56998	1.05763	0	0.857238	0.271041	-0.0737321	-0.163611	-0.175702	-0.414592	-0.177163	-3.1075	6.34705	-0.709758	0.953831	0.259141	-0.171292	
11.634	-0.225159	1.31737	-2.16709	0.491212	0.851003	-1.56998	1.05763	0	0.889278	0.279939	-0.0730255	-0.151137	-0.177554	-0.414424	-0.177413	-3.1424	6.37715	-0.677871	0.956972	0.260078	-0.171526	
11.648	-0.225159	1.31737	-2.16709	0.491212	0.851003	-1.56998	1.05763	0	0.891963	0.281008	-0.0709332	-0.151577	-0.177439	-0.41454	-0.177842	-3.15004	6.39261	-0.677549	0.957957	0.261617	-0.172091	
11.648	-0.225159	1.31737	-2.16709	0.491212	0.851003	-1.56998	1.05763	0	0.891963	0.281008	-0.0709332	-0.151577	-0.177439	-0.41454	-0.177842	-3.15004	6.39261	-0.677549	0.957957	0.261617	-0.172091	
11.662	-0.225159	1.31737	-2.16709	0.491212	0.851003	-1.56998	1.05763	0	0.913789	0.304151	-0.076235	-0.139946	-0.177863	-0.414323	-0.177567	-3.20148	6.42653	-0.664635	0.96112	0.263672	-0.17156	
11.676	-0.225159	1.31737	-2.16709	0.491212	0.851003	-1.56998	1.05763	0	0.879456	0.301834	-0.0771433	-0.150885	-0.179316	-0.414781	-0.177789	-3.17305	6.38789	-0.701138	0.958504	0.262535	-0.172149	
11.676	-0.225159	1.31737	-2.16709	0.491212	0.851003	-1.56998	1.05763	0	0.879456	0.301834	-0.0771433	-0.150885	-0.179316	-0.414781	-0.177789	-3.17305	6.38789	-0.701138	0.958504	0.262535	-0.172149	
11.69	-0.225159	1.31737	-2.16709	0.491212	0.851003	-1.56998	1.05763	0	0.869957	0.293058	-0.0745834	-0.154311	-0.178554	-0.414775	-0.178495	-3.14757	6.35713	-0.704308	0.955528	0.261797	-0.172957	
11.704	-0.225159	1.31737	-2.16709	0.491212	0.851003	-1.56998	1.05763	0	0.868342	0.276539	-0.0724829	-0.158205	-0.177812	-0.414971	-0.179072	-3.12163	6.34643	-0.698501	0.954772	0.259707	-0.173394	
11.718	-0.225159	1.31737	-2.16709	0.491212	0.851003	-1.56998	1.05763	0	0.865181	0.30346	-0.0756103	-0.152273	-0.177855	-0.415023	-0.17931	-3.15469	6.33964	-0.711515	0.953909	0.263465	-0.173839	
11.718	-0.225159	1.31737	-2.16709	0.491212	0.851003	-1.56998	1.05763	0	0.865181	0.30346	-0.0756103	-0.152273	-0.177855	-0.415023	-0.17931	-3.15469	6.33964	-0.711515	0.953909	0.263465	-0.173839	
11.732	-0.225159	1.31737	-2.16709	0.491212	0.851003	-1.56998	1.05763	0	0.903789	0.283027	-0.0672269	-0.145332	-0.175256	-0.415994	-0.179026	-3.15369	6.38205	-0.66307	0.957342	0.264475	-0.173268	
11.746	-0.225159	1.31737	-2.16709	0.491212	0.851003	-1.56998	1.05763	0	0.858861	0.293439	-0.0746716	-0.158888	-0.175798	-0.415789	-0.179051	-3.14357	6.3566	-0.719411	0.955232	0.263744	-0.173402	
11.746	-0.225159	1.31737	-2.16709	0.491212	0.851003	-1.56998	1.05763	0	0.858861	0.293439	-0.0746716	-0.158888	-0.175798	-0.415789	-0.179051	-3.14357	6.3566	-0.719411	0.955232	0.263744	-0.173402	
11.76	-0.225159	1.31737	-2.16709	0.491212	0.851003	-1.56998	1.05763	0	0.887975	0.305717	-0.0720111	-0.147754	-0.176951	-0.415249	-0.179248	-3.18339	6.3937	-0.692896	0.95788	0.266596	-0.173776	
11.774	-0.225159	1.31737	-2.16709	0.491212	0.851003	-1.56998	1.05763	0	0.871229	0.295406	-0.073446	-0.15387	-0.176261	-0.414931	-0.180261	-3.15197	6.35523	-0.703265	0.954557	0.263717	-0.174637	
11.774	-0.225159	1.31737	-2.16709	0.491212	0.851003	-1.56998	1.05763	0	0.871229	0.295406	-0.073446	-0.15387	-0.176261	-0.414931	-0.180261	-3.15197	6.35523	-0.703265	0.954557	0.263717	-0.174637	
11.788	-0.225159	1.31737	-2.16709	0.491212	0.851003	-1.56998	1.05763	0	0.87707	0.29941	-0.0724108	-0.14967	-0.17679	-0.415061	-0.18047	-3.1569	6.34706	-0.696132	0.954069	0.264372	-0.174962	
11.802	-0.225159	1.31737	-2.16709	0.491212	0.851003	-1.56998	1.05763	0	0.8684	0.290767	-0.0728617	-0.153985	-0.17382	-0.415139	-0.179299	-3.13659	6.33721	-0.701882	0.952467	0.263756	-0.173503	
11.802	-0.225159	1.31737	-2.16709	0.491212	0.851003	-1.56998	1.05763	0	0.8684	0.290767	-0.0728617	-0.153985	-0.17382	-0.415139	-0.179299	-3.13659	6.33721	-0.701882	0.952467	0.263756	-0.173503	
11.816	-0.225159	1.31737	-2.16709	0.491212	0.851003	-1.56998	1.05763	0	0.893679	0.292549	-0.0699237	-0.147231	-0.173973	-0.414823	-0.179071	-3.16156	6.37839	-0.677182	0.955475	0.26543	-0.173278	
11.83	-0.225159	1.31737	-2.16709	0.491212	0.851003	-1.56998	1.05763	0	0.890165	0.291561	-0.0720397	-0.147512	-0.175493	-0.414895	-0.178802	-3.15572	6.3672	-0.67973	0.955461	0.263536	-0.172982	
11.83	-0.225159	1.31737	-2.16709	0.491212	0.851003	-1.56998	1.05763	0	0.901853	0.268706	-0.0671424	-0.149815	-0.175277	-0.414731	-0.178557	-3.13356	6.38218	-0.658571	0.956591	0.26129	-0.172629	
11.844	-0.225159	1.31737	-2.16709	0.491212	0.851003	-1.56998	1.05763	0	0.875463	0.291257	-0.0739347	-0.153075	-0.176499	-0.414214	-0.178955	-3.1478	6.35877	-0.696034	0.954528	0.26223	-0.173226	
11.858	-0.225159	1.31737	-2.16709	0.491212	0.851003	-1.56998	1.05763	0	0.893447	0.277858	-0.0717554	-0.149414	-0.177276	-0.414405	-0.178942	-3.139	6.36547	-0.669829	0.955941	0.259942	-0.173037	
11.872	-0.225159	1.31737	-2.16709	0.491212	0.851003	-1.56998	1.05763	0	0.870508	0.294024	-0.0749288	-0.153748	-0.177578	-0.413987	-0.17898	-3.1477	6.35156	-0.701934	0.954097	0.261769	-0.173355	
11.872	-0.225159	1.31737	-2.16709	0.491212	0.851003	-1.56998	1.05763	0	0.863805	0.293977	-0.0749419	-0.154426	-0.178117	-0.414044	-0.17887	-3.13824	6.33136	-0.706978	0.952616	0.261241	-0.173358	
11.886	-0.225159	1.31737	-2.16709	0.491212	0.851003	-1.56998	1.05763	0	0.878194	0.281022	-0.0728719	-0.151419	-0.178184	-0.414254	-0.178822	-3.12593	6.33064	-0.684129	0.95315	0.259213	-0.173117	
11.9	-0.225159	1.31737	-2.16709	0.491212	0.851003	-1.56998	1.05763	0	0.932134	0.280702	-0.0701187	-0.13285	-0.179406	-0.414828	-0.178925	-3.15981	6.37137	-0.6239	0.957996	0.259381	-0.172927	
11.9	-0.225159	1.31737	-2.16709	0.491212	0.851003	-1.56998	1.05763	0	0.866077	0.28336	-0.0740231	-0.154909	-0.178055	-0.414561	-0.179173	-3.12153	6.32021	-0.698943	0.952426	0.259474	-0.173528	
11.914	-0.225159	1.31737	-2.16709	0.491212	0.851003	-1.56998	1.05763	0	0.931162	0.294907	-0.0730619	-0.127209	-0.182473	-0.41461	-0.179178	-3.17178	6.3467	-0.626381	0.956937	0.258877	-0.173412	
11.928	-0.225159	1.31737	-2.16709	0.491212	0.851003	-1.56998	1.05763	0	0.918382	0.289202	-0.070732	-0.133539	-0.181199	-0.414514	-0.179223	-3.15632	6.3404	-0.638802	0.955468	0.259531	-0.173597	
11.942	-0.225159	1.31737	-2.16709	0.491212	0.851003	-1.56998	1.05763	0	0.904718	0.276411	-0.0695717	-0.139625	-0.179563	-0.41503	-0.178624	-3.12449	6.31624	-0.647479	0.95339	0.258251	-0.172915	
11.942	-0.225159	1.31737	-2.16709	0.491212	0.851003	-1.56998	1.05763	0	0.876542	0.262418	-0.0704398	-0.153485	-0.17742	-0.415073	-0.178618	-3.09004	6.30206	-0.675239	0.951545	0.256633	-0.172766	
11.956	-0.225159	1.31737	-2.16709	0.491212	0.851003	-1.56998	1.05763	0	0.87732	0.287776	-0.0733691	-0.147818	-0.17834	-0.415018	-0.178157	-3.12786	6.31325	-0.685703	0.952372	0.260091	-0.172538	
11.97	-0.225159	1.31737	-2.16709	0.491212	0.851003	-1.56998	1.05763	0	0.901563	0.279274	-0.0720142	-0.142381	-0.178008	-0.415267	-0.178079	-3.13458	6.34025	-0.656953	0.955149	0.259193	-0.172141	
11.97	-0.225159	1.31737	-2.16709	0.491212	0.851003	-1.56998	1.05763	0	0.877435	0.324101	-0.0801042	-0.14036	-0.180048	-0.414848	-0.178052	-3.18349	6.3302	-0.702312	0.954062	0.263821	-0.172599	
11.984	-0.225159	1.31737	-2.16709	0.491212	0.851003	-1.56998	1.05763	0	0.864185	0.290075	-0.0780838	-0.152843	-0.176628	-0.415556	-0.178274	-3.12762	6.31601	-0.704495	0.952859	0.259915	-0.172322	
11.998	-0.225159	1.31737	-2.16709	0.491212	0.851003	-1.56998	1.05763	0	0.852478	0.294157	-0.0801073	-0.15614	-0.176878	-0.415487	-0.178466	-3.12715	6.30957	-0.719725	0.952323	0.259911	-0.172564	
12.012	-0.225159	1.31737	-2.16709	0.491212	0.851003	-1.56998	1.05763	0	0.879245	0.290627	-0.0776363	-0.14627	-0.177691	-0.419542	-0.178637	-3.13791	6.32577	-0.692845	0.957813	0.261159	-0.172583	
12.012	-0.225159	1.31737	-2.16709	0.491212	0.851003	-1.56998	1.05763	0	0.876024	0.287758	-0.0760961	-0.148996	-0.17765	-0.420572	-0.178611	-3.13544	6.33482	-0.698627	0.959213	0.26205	-0.172651	
12.026	-0.225159	1.31737	-2.16709	0.491212	0.851003	-1.56998	1.05763	0	0.8373	0.303462	-0.0804656	-0.157826	-0.177817	-0.420246	-0.178439	-3.13048	6.30034	-0.747048	0.955658	0.263332	-0.172822	
12.04	-0.225159	1.31737	-2.16709	0.491212	0.851003	-1.56998	1.05763	0	0.859266	0.293847	-0.0758317	-0.155913	-0.17633	-0.418655	-0.178217	-3.13885	6.34298	-0.720582	0.957084	0.263858	-0.172488	
12.04	-0.225159	1.31737	-2.16709	0.491212	0.851003	-1.56998	1.05763	0	0.880608	0.243302	-0.0668415	-0.160857	-0.173535	-0.419325	-0.17805	-3.08211	6.35744	-0.677549	0.958453	0.259134	-0.17179	
12.054	-0.225159	1.31737	-2.16709	0.491212	0.851003	-1.56998	1.05763	0	0.870642	0.306844	-0.0785968	-0.147239	-0.176974	-0.42045	-0.178084	-3.16106	6.34323	-0.713757	0.959206	0.265246	-0.17224	
12.068	-0.225159	1.31737	-2.16709	0.491212	0.851003	-1.56998	1.05763	0	0.87164	0.28504	-0.0743313	-0.151859	-0.176151	-0.422705	-0.17831	-3.13205	6.34454	-0.707303	0.961087	0.264161	-0.172354	
12.082	-0.225159	1.31737	-2.16709	0.491212	0.851003	-1.56998	1.05763	0	0.851697	0.302444	-0.0770026	-0.153284	-0.176436	-0.419511	-0.178645	-3.13627	6.3078	-0.728454	0.954915	0.264644	-0.173031	
12.082	-0.225159	1.31737	-2.16709	0.491212	0.851003	-1.56998	1.05763	0	0.858918	0.32515	-0.0813858	-0.144707	-0.178117	-0.419241	-0.178363	-3.17105	6.3104	-0.728312	0.955584	0.26613	-0.172813	
12.096	-0.225159	1.31737	-2.16709	0.491212	0.851003	-1.56998	1.05763	0	0.844471	0.29877	-0.0763335	-0.153341	-0.176232	-0.419513	-0.17822	-3.1156	6.27142	-0.72979	0.951854	0.26358	-0.17267	
12.11	-0.225159	1.31737	-2.16709	0.491212	0.851003	-1.56998	1.05763	0	0.873071	0.293614	-0.0712105	-0.142295	-0.176532	-0.42262	-0.178259	-3.12016	6.27627	-0.69649	0.955109	0.265134	-0.172697	
12.11	-0.225159	1.31737	-2.16709	0.491212	0.851003	-1.56998	1.05763	0	0.880975	0.304561	-0.0790482	-0.130466	-0.184385	-0.436636	-0.177806	-3.13815	6.26944	-0.709463	0.970904	0.265801	-0.17211	
12.124	-0.225159	1.31737	-2.16709	0.491212	0.851003	-1.56998	1.05763	0	0.947557	0.321617	-0.0866332	-0.0759597	-0.2124	-0.475818	-0.17735	-3.16502	6.18547	-0.673096	1.01126	0.265646	-0.17216	
12.138	-0.225159	1.31737	-2.16709	0.491212	0.851003	-1.56998	1.05763	0	1.00672	0.358947	-0.111038	0.0026479	-0.260017	-0.540004	-0.176223	-3.18105	5.97626	-0.668546	1.07286	0.26103	-0.171746	
12.152	-0.225159	1.31737	-2.16709	0.491212	0.851003	-1.56998	1.05763	0	1.07988	0.421861	-0.151624	0.108995	-0.32739	-0.61889	-0.174442	-3.21346	5.6761	-0.663033	1.14935	0.249231	-0.170944	
12.152	-0.225159	1.31737	-2.16709	0.491212	0.851003	-1.56998	1.05763	0	1.20728	0.535955	-0.213975	0.251955	-0.40736	-0.703528	-0.17205	-3.34919	5.39688	-0.622554	1.23989	0.233711	-0.168901	
12.166	-0.225159	1.31737	-2.16709	0.491212	0.851003	-1.56998	1.05763	0	1.24231	0.5958	-0.269577	0.354554	-0.47724	-0.79145	-0.169876	-3.33554	5.00504	-0.661595	1.31979	0.216243	-0.166955	
12.18	-0.225159	1.31737	-2.16709	0.491212	0.851003	-1.56998	1.05763	0	1.35112	0.713632	-0.319422	0.490386	-0.543411	-0.878958	-0.16801	-3.46167	4.7231	-0.646621	1.40555	0.21427	-0.165588	
12.18	-0.225159	1.31737	-2.16709	0.491212	0.851003	-1.56998	1.05763	0	1.46759	0.753244	-0.353348	0.608205	-0.599694	-0.964505	-0.166377	-3.48311	4.44613	-0.589218	1.48664	0.207331	-0.163682	
12.194	-0.225159	1.31737	-2.16709	0.491212	0.851003	-1.56998	1.05763	0	1.58919	0.844927	-0.387703	0.741807	-0.656543	-1.0504	-0.165085	-3.57244	4.15929	-0.543287	1.56607	0.209715	-0.162871	
12.208	-0.225159	1.31737	-2.16709	0.491212	0.851003	-1.56998	1.05763	0	1.73712	0.916566	-0.422714	0.883681	-0.712889	-1.1375	-0.16354	-3.64023	3.8576	-0.455951	1.64652	0.207394	-0.161103	
12.222	-0.225159	1.31737	-2.16709	0.491212	0.851003	-1.56998	1.05763	0	1.86496	0.954827	-0.454233	1.01328	-0.767793	-1.22403	-0.161495	-3.63976	3.51244	-0.372892	1.7226	0.200029	-0.158716	
12.222	-0.225159	1.31737	-2.16709	0.491212	0.851003	-1.56998	1.05763	0	2.03021	1.01475	-0.487344	1.15656	-0.82432	-1.31446	-0.159377	-3.71137	3.2522	-0.270876	1.80975	0.198047	-0.156126	
12.236	-0.225159	1.31737	-2.16709	0.491212	0.851003	-1.56998	1.05763	0	2.21799	1.04313	-0.517062	1.30086	-0.88113	-1.40419	-0.157542	-3.75108	2.99568	-0.128479	1.89758	0.190441	-0.153378	
12.25	-0.225159	1.31737	-2.16709	0.491212	0.851003	-1.56998	1.05763	0	2.3598	1.0904	-0.543945	1.43194	-0.933646	-1.48794	-0.155613	-3.78402	2.70314	-0.0358818	1.97376	0.187613	-0.151318	
12.25	-0.225159	1.31737	-2.16709	0.491212	0.851003	-1.56998	1.05763	0	2.58321	1.11055	-0.565423	1.58855	-0.988831	-1.57296	-0.153834	-3.82067	2.43544	0.163393	2.05566	0.179314	-0.148702	
12.264	-0.225159	1.31737	-2.16709	0.491212	0.851003	-1.56998	1.05763	0	2.76151	1.11787	-0.581306	1.73455	-1.04428	-1.66399	-0.151822	-3.7887	2.07183	0.319759	2.13415	0.172235	-0.146524	
12.278	-0.225159	1.31737	-2.16709	0.491212	0.851003	-1.56998	1.05763	0	2.98494	1.16646	-0.593689	1.91133	-1.10596	-1.76633	-0.149838	-3.83472	1.72597	0.499338	2.22551	0.175609	-0.145107	
12.278	-0.225159	1.31737	-2.16709	0.491212	0.851003	-1.56998	1.05763	0	3.2198	1.20159	-0.607726	2.09267	-1.17145	-1.88522	-0.148413	-3.87551	1.39999	0.672223	2.33554	0.180942	-0.143828	
12.292	-0.225159	1.31737	-2.16709	0.491212	0.851003	-1.56998	1.05763	0	3.458	1.12387	-0.601636	2.24884	-1.2251	-2.00594	-0.147719	-3.75542	1.05583	0.894275	2.44213	0.178356	-0.142137	
12.306	-0.225159	1.31737	-2.16709	0.491212	0.851003	-1.56998	1.05763	0	3.68303	1.22509	-0.633212	2.43858	-1.29394	-2.12628	-0.147103	-3.90042	0.773219	1.01923	2.55848	0.189476	-0.141644	
12.32	-0.225159	1.31737	-2.16709	0.491212	0.851003	-1.56998	1.05763	0	3.91071	1.22154	-0.654781	2.61185	-1.35906	-2.25231	-0.146624	-3.88292	0.425367	1.1908	2.67528	0.186819	-0.140049	
12.32	-0.225159	1.31737	-2.16709	0.491212	0.851003	-1.56998	1.05763	0	4.11836	1.23878	-0.675892	2.80341	-1.43773	-2.39671	-0.145173	-3.83671	-0.0699444	1.3294	2.80061	0.186938	-0.138835	
12.334	-0.225159	1.31737	-2.16709	0.491212	0.851003	-1.56998	1.05763	0	4.42063	1.23735	-0.681522	3.03771	-1.52555	-2.55379	-0.144001	-3.78813	-0.602781	1.5838	2.93777	0.187461	-0.138306	
12.348	-0.225159	1.31737	-2.16709	0.491212	0.851003	-1.56998	1.05763	0	4.71174	1.28545	-0.699269	3.27451	-1.61594	-2.70405	-0.142753	-3.81544	-1.10302	1.80813	3.07233	0.189658	-0.137933	
12.348	-0.225159	1.31737	-2.16709	0.491212	0.851003	-1.56998	1.05763	0	5.02249	1.29006	-0.712953	3.50929	-1.70224	-2.85266	-0.141814	-3.78759	-1.61482	2.07799	3.20422	0.18534	-0.137007	
12.362	-0.225159	1.31737	-2.16709	0.491212	0.851003	-1.56998	1.05763	0	5.30595	1.35964	-0.74135	3.75736	-1.80036	-3.00678	-0.140589	-3.82088	-2.1865	2.29029	3.34016	0.183793	-0.136767	
12.376	-0.225159	1.31737	-2.16709	0.491212	0.851003	-1.56998	1.05763	0	5.6351	1.40174	-0.76135	4.02267	-1.90482	-3.16912	-0.139112	-3.82759	-2.77855	2.56277	3.4846	0.179269	-0.136376	
12.39	-0.225159	1.31737	-2.16709	0.491212	0.851003	-1.56998	1.05763	0	6.02163	1.43122	-0.785819	4.30212	-2.01199	-3.33633	-0.137714	-3.8704	-3.28516	2.89008	3.64327	0.171586	-0.135023	
12.39	-0.225159	1.31737	-2.16709	0.491212	0.851003	-1.56998	1.05763	0	6.37218	1.45338	-0.810208	4.56234	-2.11343	-3.50355	-0.135819	-3.89482	-3.76975	3.17169	3.80115	0.166641	-0.133029	
12.404	-0.225159	1.31737	-2.16709	0.491212	0.851003	-1.56998	1.05763	0	6.7134	1.49628	-0.838693	4.82092	-2.21318	-3.66317	-0.133908	-3.94556	-4.24937	3.44303	3.9518	0.161972	-0.131102	
12.418	-0.225159	1.31737	-2.16709	0.491212	0.851003	-1.56998	1.05763	0	7.10586	1.54616	-0.863585	5.09469	-2.31388	-3.81752	-0.131899	-4.04591	-4.66618	3.7726	4.10326	0.157655	-0.12906	
12.418	-0.225159	1.31737	-2.16709	0.491212	0.851003	-1.56998	1.05763	0	7.45886	1.56407	-0.88335	5.3526	-2.41296	-3.97217	-0.130084	-4.05852	-5.16885	4.07929	4.24709	0.149249	-0.12742	
12.432	-0.225159	1.31737	-2.16709	0.491212	0.851003	-1.56998	1.05763	0	7.81824	1.59569	-0.902787	5.62192	-2.51464	-4.12639	-0.128248	-4.07445	-5.72442	4.39844	4.38697	0.140783	-0.126132	
12.446	-0.225159	1.31737	-2.16709	0.491212	0.851003	-1.56998	1.05763	0	8.20341	1.62137	-0.919336	5.89048	-2.61304	-4.27359	-0.126589	-4.11684	-6.20472	4.74909	4.52557	0.132081	-0.124725	
12.46	-0.225159	1.31737	-2.16709	0.491212	0.851003	-1.56998	1.05763	0	8.49084	1.62112	-0.935464	6.10791	-2.69714	-4.40301	-0.125091	-4.07621	-6.70947	5.01571	4.64001	0.119861	-0.123346	
12.46	-0.225159	1.31737	-2.16709	0.491212	0.851003	-1.56998	1.05763	0	8.73606	1.67382	-0.960788	6.31118	-2.77618	-4.52225	-0.123922	-4.11089	-7.15482	5.21287	4.7471	0.114765	-0.122614	
12.474	-0.225159	1.31737	-2.16709	0.491212	0.851003	-1.56998	1.05763	0	9.09127	1.71173	-0.975448	6.54618	-2.8556	-4.64696	-0.12153	-4.20623	-7.47486	5.52581	4.87014	0.113151	-0.120034	
12.488	-0.225159	1.31737	-2.16709	0.491212	0.851003	-1.56998	1.05763	0	9.3396	1.63966	-0.975392	6.71842	-2.92098	-4.76764	-0.119902	-4.07057	-7.90942	5.77246	4.97463	0.101451	-0.117814	
12.488	-0.225159	1.31737	-2.16709	0.491212	0.851003	-1.56998	1.05763	0	9.61559	1.68293	-0.991616	6.91959	-2.9888	-4.87595	-0.117631	-4.1282	-8.26629	6.01307	5.07446	0.0999877	-0.115535	
12.502	-0.225159	1.31737	-2.16709	0.491212	0.851003	-1.56998	1.05763	0	9.8796	1.69976	-1.00881	7.10311	-3.04997	-4.97968	-0.11494	-4.16004	-8.57697	6.24705	5.17218	0.0955003	-0.112046	
12.516	-0.225159	1.31737	-2.16709	0.491212	0.851003	-1.56998	1.05763	0	10.1038	1.68068	-1.01287	7.26036	-3.10049	-5.07117	-0.113315	-4.11052	-8.93075	6.47004	5.25012	0.0894636	-0.109887	
12.53	-0.225159	1.31737	-2.16709	0.491212	0.851003	-1.56998	1.05763	0	10.3508	1.68982	-1.01953	7.41765	-3.14853	-5.15182	-0.112027	-4.15032	-9.15853	6.70388	5.32734	0.0869547	-0.108017	
12.53	-0.225159	1.31737	-2.16709	0.491212	0.851003	-1.56998	1.05763	0	10.5782	1.73037	-1.03751	7.5772	-3.19508	-5.23218	-0.110679	-4.21808	-9.41099	6.90549	5.40222	0.0860643	-0.105787	
12.544	-0.225159	1.31737	-2.16709	0.491212	0.851003	-1.56998	1.05763	0	10.8246	1.67135	-1.02698	7.72707	-3.24077	-5.32042	-0.109418	-4.13679	-9.7153	7.16851	5.47889	0.0799432	-0.103955	
12.558	-0.225159	1.31737	-2.16709	0.491212	0.851003	-1.56998	1.05763	0	11.0582	1.7006	-1.03266	7.88594	-3.28949	-5.39917	-0.107371	-4.18828	-9.96867	7.38518	5.55157	0.080421	-0.101951	
12.558	-0.225159	1.31737	-2.16709	0.491212	0.851003	-1.56998	1.05763	0	11.2563	1.70864	-1.03975	8.0199	-3.33172	-5.4704	-0.105491	-4.2048	-10.2	7.57187	5.61709	0.0775944	-0.0996732	
12.572	-0.225159	1.31737	-2.16709	0.491212	0.851003	-1.56998	1.05763	0	11.4977	1.70853	-1.04046	8.16257	-3.36963	-5.54187	-0.102867	-4.24801	-10.3584	7.80404	5.68719	0.0783185	-0.0962339	
12.586	-0.225159	1.31737	-2.16709	0.491212	0.851003	-1.56998	1.05763	0	11.7011	1.65747	-1.0328	8.27878	-3.40159	-5.60977	-0.10092	-4.19402	-10.5548	8.01969	5.74855	0.0741601	-0.0933421	
12.6	-0.225159	1.31737	-2.16709	0.491212	0.851003	-1.56998	1.05763	0	11.8621	1.67791	-1.04265	8.39107	-3.43511	-5.66797	-0.0997302	-4.22696	-10.7428	8.16547	5.80201	0.0732243	-0.0916547	
12.6	-0.225159	1.31737	-2.16709	0.491212	0.851003	-1.56998	1.05763	0	12.0634	1.67178	-1.04375	8.51267	-3.46536	-5.73039	-0.0983439	-4.24393	-10.91	8.36363	5.86008	0.0732537	-0.0892989	
12.614	-0.225159	1.31737	-2.16709	0.491212	0.851003	-1.56998	1.05763	0	12.2447	1.64465	-1.03998	8.62332	-3.49648	-5.79944	-0.0958005	-4.22188	-11.0794	8.5364	5.92367	0.0742319	-0.0860462	
12.628	-0.225159	1.31737	-2.16709	0.491212	0.851003	-1.56998	1.05763	0	12.4776	1.62132	-1.03396	8.75283	-3.5278	-5.86251	-0.0940857	-4.23092	-11.2333	8.77804	5.98383	0.0731598	-0.0833857	
12.628	-0.225159	1.31737	-2.16709	0.491212	0.851003	-1.56998	1.05763	0	12.6266	1.62665	-1.03944	8.85039	-3.55466	-5.91807	-0.0928227	-4.25214	-11.3747	8.9109	6.03579	0.074512	-0.0813971	
12.642	-0.225159	1.31737	-2.16709	0.491212	0.851003	-1.56998	1.05763	0	12.7714	1.6376	-1.04648	8.95758	-3.58793	-5.9805	-0.0903191	-4.25593	-11.5854	9.03846	6.09069	0.0746806	-0.0785829	
12.656	-0.225159	1.31737	-2.16709	0.491212	0.851003	-1.56998	1.05763	0	12.9591	1.61042	-1.03835	9.07293	-3.61639	-6.04007	-0.0877652	-4.21797	-11.8052	9.24129	6.14038	0.0732791	-0.0755277	
12.67	-0.225159	1.31737	-2.16709	0.491212	0.851003	-1.56998	1.05763	0	13.1814	1.5922	-1.03522	9.19076	-3.64383	-6.08676	-0.0863749	-4.24119	-11.9275	9.48406	6.187	0.0681227	-0.073099	
12.67	-0.225159	1.31737	-2.16709	0.491212	0.851003	-1.56998	1.05763	0	13.2843	1.60848	-1.04406	9.27067	-3.66782	-6.12768	-0.0845082	-4.24811	-12.1014	9.58003	6.22148	0.0660433	-0.0709182	
12.684	-0.225159	1.31737	-2.16709	0.491212	0.851003	-1.56998	1.05763	0	13.4286	1.61718	-1.04934	9.36645	-3.69264	-6.17404	-0.0824547	-4.26428	-12.262	9.72151	6.26272	0.0648834	-0.0682487	
12.698	-0.225159	1.31737	-2.16709	0.491212	0.851003	-1.56998	1.05763	0	13.5628	1.61129	-1.04854	9.4554	-3.71788	-6.22402	-0.0808502	-4.2554	-12.4254	9.85183	6.30646	0.0651151	-0.0663626	
12.698	-0.225159	1.31737	-2.16709	0.491212	0.851003	-1.56998	1.05763	0	13.6847	1.58158	-1.04144	9.53437	-3.73748	-6.27201	-0.0789224	-4.20047	-12.6079	9.98248	6.34446	0.064924	-0.0640191	
12.712	-0.225159	1.31737	-2.16709	0.491212	0.851003	-1.56998	1.05763	0	13.8224	1.60069	-1.04465	9.62693	-3.76416	-6.31695	-0.0770027	-4.23627	-12.7441	10.1097	6.3862	0.0661817	-0.0620396	
12.726	-0.225159	1.31737	-2.16709	0.491212	0.851003	-1.56998	1.05763	0	13.9798	1.59388	-1.04003	9.72165	-3.78824	-6.36164	-0.0752745	-4.24059	-12.8877	10.2735	6.42625	0.0660036	-0.0600544	
12.726	-0.225159	1.31737	-2.16709	0.491212	0.851003	-1.56998	1.05763	0	14.1091	1.61539	-1.04754	9.80816	-3.81319	-6.40552	-0.0729648	-4.28623	-12.9948	10.3853	6.46911	0.0671761	-0.0573647	
12.74	-0.225159	1.31737	-2.16709	0.491212	0.851003	-1.56998	1.05763	0	14.1972	1.59771	-1.04722	9.86983	-3.83081	-6.44602	-0.0716022	-4.24845	-13.1416	10.4725	6.50246	0.0662069	-0.0555579	
12.754	-0.225159	1.31737	-2.16709	0.491212	0.851003	-1.56998	1.05763	0	14.3429	1.60258	-1.04396	9.94774	-3.85061	-6.47608	-0.0702129	-4.29657	-13.1884	10.6203	6.53505	0.0664755	-0.0539973	
12.768	-0.225159	1.31737	-2.16709	0.491212	0.851003	-1.56998	1.05763	0	14.445	1.56226	-1.04398	9.99488	-3.86335	-6.50165	-0.0691693	-4.26728	-13.2373	10.7367	6.56196	0.0591053	-0.0518199	
12.768	-0.225159	1.31737	-2.16709	0.491212	0.851003	-1.56998	1.05763	0	14.4935	1.58362	-1.04773	10.0402	-3.87694	-6.52213	-0.068336	-4.27626	-13.3575	10.7818	6.57661	0.0594775	-0.0512398	
12.782	-0.225159	1.31737	-2.16709	0.491212	0.851003	-1.56998	1.05763	0	14.5682	1.58222	-1.04656	10.0975	-3.89094	-6.5507	-0.0670665	-4.2501	-13.5165	10.8645	6.59613	0.0588104	-0.0498907	
12.796	-0.225159	1.31737	-2.16709	0.491212	0.851003	-1.56998	1.05763	0	14.6695	1.61725	-1.04665	10.1767	-3.91206	-6.5936	-0.0647483	-4.2934	-13.6426	10.9418	6.63318	0.0674076	-0.048017	
12.796	-0.225159	1.31737	-2.16709	0.491212	0.851003	-1.56998	1.05763	0	14.7802	1.5467	-1.02496	10.2373	-3.92604	-6.63166	-0.06262	-4.175	-13.8261	11.0886	6.659	0.064331	-0.0458288	
12.81	-0.225159	1.31737	-2.16709	0.491212	0.851003	-1.56998	1.05763	0	14.8702	1.57275	-1.02702	10.3011	-3.93847	-6.65694	-0.061224	-4.21022	-13.929	11.1751	6.67938	0.0678318	-0.0442878	
12.824	-0.225159	1.31737	-2.16709	0.491212	0.851003	-1.56998	1.05763	0	14.9155	1.58033	-1.0304	10.3499	-3.95103	-6.69027	-0.0595736	-4.18494	-14.087	11.211	6.70255	0.0704044	-0.0424862	
12.838	-0.225159	1.31737	-2.16709	0.491212	0.851003	-1.56998	1.05763	0	15.0274	1.52736	-1.01681	10.4074	-3.96011	-6.72092	-0.0579745	-4.11009	-14.2167	11.3531	6.72498	0.0676154	-0.0401779	
12.838	-0.225159	1.31737	-2.16709	0.491212	0.851003	-1.56998	1.05763	0	15.1553	1.55937	-1.02143	10.478	-3.97377	-6.74545	-0.0561641	-4.20335	-14.2153	11.4676	6.75424	0.0718222	-0.0378108	
12.852	-0.225159	1.31737	-2.16709	0.491212	0.851003	-1.56998	1.05763	0	15.2365	1.57011	-1.02672	10.5325	-3.98677	-6.77288	-0.0547022	-4.2249	-14.2912	11.5408	6.77963	0.0725956	-0.0358205	
12.866	-0.225159	1.31737	-2.16709	0.491212	0.851003	-1.56998	1.05763	0	15.3563	1.5435	-1.02186	10.5961	-4.00102	-6.80576	-0.0522025	-4.2074	-14.3696	11.6702	6.81051	0.0709142	-0.0326196	
12.866	-0.225159	1.31737	-2.16709	0.491212	0.851003	-1.56998	1.05763	0	15.4719	1.53203	-1.01815	10.6652	-4.01749	-6.84048	-0.0501449	-4.19998	-14.4766	11.7909	6.84123	0.0708724	-0.0301873	
12.88	-0.225159	1.31737	-2.16709	0.491212	0.851003	-1.56998	1.05763	0	15.5258	1.49409	-1.01544	10.7105	-4.03022	-6.8724	-0.0482647	-4.10115	-14.6797	11.8643	6.86029	0.0652252	-0.0278696	
12.894	-0.225159	1.31737	-2.16709	0.491212	0.851003	-1.56998	1.05763	0	15.6345	1.53149	-1.0125	10.7855	-4.04772	-6.90247	-0.0458553	-4.1615	-14.7692	11.9615	6.88703	0.0726223	-0.0260114	
12.908	-0.225159	1.31737	-2.16709	0.491212	0.851003	-1.56998	1.05763	0	15.7048	1.55057	-1.01308	10.8426	-4.06335	-6.93085	-0.0442398	-4.17265	-14.8938	12.0253	6.90917	0.0754223	-0.0246752	
12.908	-0.225159	1.31737	-2.16709	0.491212	0.851003	-1.56998	1.05763	0	15.8424	1.53615	-1.00511	10.9061	-4.07547	-6.95628	-0.0420489	-4.20349	-14.8948	12.1695	6.93819	0.0767658	-0.0219671	
12.922	-0.225159	1.31737	-2.16709	0.491212	0.851003	-1.56998	1.05763	0	15.9406	1.53303	-1.00283	10.9599	-4.08626	-6.98053	-0.0397773	-4.22148	-14.9363	12.2685	6.96224	0.0781086	-0.0192505	
12.936	-0.225159	1.31737	-2.16709	0.491212	0.851003	-1.56998	1.05763	0	15.9798	1.53705	-1.00627	10.9899	-4.09269	-7.00288	-0.0373501	-4.22606	-14.9781	12.293	6.98247	0.0812913	-0.0163828	
12.936	-0.225159	1.31737	-2.16709	0.491212	0.851003	-1.56998	1.05763	0	16.0649	1.53007	-1.00305	11.0264	-4.09418	-7.02054	-0.0350639	-4.25859	-14.9388	12.3727	7.00339	0.0860295	-0.0131983	
12.95	-0.225159	1.31737	-2.16709	0.491212	0.851003	-1.56998	1.05763	0	16.0649	1.53121	-1.00427	11.0482	-4.09605	-7.04612	-0.0329374	-4.2154	-15.0617	12.3595	7.01756	0.0919673	-0.0107917	
12.964	-0.225159	1.31737	-2.16709	0.491212	0.851003	-1.56998	1.05763	0	16.1922	1.49228	-0.98918	11.1048	-4.0995	-7.07568	-0.0298834	-4.19684	-15.0854	12.4999	7.04496	0.0966399	-0.0068024	
12.978	-0.225159	1.31737	-2.16709	0.491212	0.851003	-1.56998	1.05763	0	16.2667	1.48862	-0.981986	11.1567	-4.10594	-7.10508	-0.0270984	-4.17843	-15.1954	12.5751	7.06555	0.102846	-0.00381284	
12.978	-0.225159	1.31737	-2.16709	0.491212	0.851003	-1.56998	1.05763	0	16.3485	1.4771	-0.972816	11.2069	-4.111	-7.13163	-0.0244893	-4.15821	-15.2871	12.6633	7.08464	0.108063	-0.000887025	
12.992	-0.225159	1.31737	-2.16709	0.491212	0.851003	-1.56998	1.05763	0	16.363	1.47238	-0.968193	11.2323	-4.1148	-7.15786	-0.0218966	-4.1153	-15.398	12.6679	7.10056	0.114706	0.00163173	
13.006	-0.225159	1.31737	-2.16709	0.491212	0.851003	-1.56998	1.05763	0	16.3986	1.43719	-0.957205	11.2523	-4.10848	-7.17533	-0.019552	-4.04853	-15.4741	12.7173	7.10824	0.119117	0.0047509	
13.006	-0.225159	1.31737	-2.16709	0.491212	0.851003	-1.56998	1.05763	0	16.4478	1.4646	-0.959792	11.2864	-4.10731	-7.19317	-0.0168905	-4.09943	-15.4743	12.7458	7.12441	0.129241	0.00804161	
13.02	-0.225159	1.31737	-2.16709	0.491212	0.851003	-1.56998	1.05763	0	16.446	1.42325	-0.949313	11.2919	-4.09914	-7.21146	-0.0145869	-4.00077	-15.577	12.7541	7.1296	0.133866	0.0109992	
13.034	-0.225159	1.31737	-2.16709	0.491212	0.851003	-1.56998	1.05763	0	16.5764	1.39614	-0.927767	11.34	-4.09265	-7.22557	-0.0123656	-4.01891	-15.5342	12.9046	7.14363	0.143153	0.0140373	
13.048	-0.225159	1.31737	-2.16709	0.491212	0.851003	-1.56998	1.05763	0	16.632	1.42323	-0.925486	11.3802	-4.09012	-7.2463	-0.00961952	-4.06108	-15.5609	12.9426	7.15926	0.156143	0.0172481	
13.048	-0.225159	1.31737	-2.16709	0.491212	0.851003	-1.56998	1.05763	0	16.665	1.37651	-0.905327	11.3963	-4.08282	-7.26824	-0.0068974	-3.97776	-15.6281	12.9865	7.17021	0.164836	0.0203066	
13.062	-0.225159	1.31737	-2.16709	0.491212	0.851003	-1.56998	1.05763	0	16.6907	1.35346	-0.886058	11.4077	-4.06985	-7.27773	-0.00399435	-3.93365	-15.6602	13.0235	7.17001	0.176165	0.0234164	
13.076	-0.225159	1.31737	-2.16709	0.491212	0.851003	-1.56998	1.05763	0	16.6968	1.36019	-0.875743	11.4199	-4.056	-7.28479	-0.00117957	-3.91568	-15.7156	13.0317	7.16555	0.188744	0.0264995	
13.076	-0.225159	1.31737	-2.16709	0.491212	0.851003	-1.56998	1.05763	0	16.755	1.30432	-0.844014	11.4315	-4.03542	-7.29267	0.00177044	-3.84954	-15.7065	13.1185	7.16428	0.201666	0.0300932	
13.09	-0.225159	1.31737	-2.16709	0.491212	0.851003	-1.56998	1.05763	0	16.7512	1.26397	-0.816817	11.4322	-4.01345	-7.30568	0.00444849	-3.74783	-15.7953	13.1317	7.15842	0.217721	0.0330383	
13.104	-0.225159	1.31737	-2.16709	0.491212	0.851003	-1.56998	1.05763	0	16.7915	1.26217	-0.799685	11.4541	-3.99788	-7.31532	0.00804902	-3.73988	-15.8166	13.1775	7.15828	0.233122	0.0370339	
13.118	-0.225159	1.31737	-2.16709	0.491212	0.851003	-1.56998	1.05763	0	16.8399	1.15172	-0.759583	11.4511	-3.97607	-7.32465	0.0113344	-3.58642	-15.8334	13.2754	7.15602	0.239904	0.0411568	
13.118	-0.225159	1.31737	-2.16709	0.491212	0.851003	-1.56998	1.05763	0	16.8448	1.17538	-0.748214	11.4637	-3.96039	-7.32758	0.0146395	-3.59599	-15.8681	13.2781	7.14812	0.255856	0.0444427	
13.132	-0.225159	1.31737	-2.16709	0.491212	0.851003	-1.56998	1.05763	0	16.8578	1.12645	-0.725154	11.4603	-3.93952	-7.33112	0.0184085	-3.51268	-15.8891	13.316	7.14063	0.265381	0.0488873	
13.146	-0.225159	1.31737	-2.16709	0.491212	0.851003	-1.56998	1.05763	0	16.8176	1.11028	-0.705792	11.4487	-3.91864	-7.33401	0.0217211	-3.43197	-15.974	13.2864	7.12604	0.279431	0.0520724	
13.146	-0.225159	1.31737	-2.16709	0.491212	0.851003	-1.56998	1.05763	0	16.8152	1.08928	-0.685016	11.4481	-3.89916	-7.3338	0.0255642	-3.36949	-16.0278	13.3051	7.11227	0.290893	0.0560072	
13.16	-0.225159	1.31737	-2.16709	0.491212	0.851003	-1.56998	1.05763	0	16.8333	1.05229	-0.661342	11.452	-3.8777	-7.331	0.0292298	-3.28976	-16.0912	13.3607	7.09522	0.299395	0.0601227	
13.174	-0.225159	1.31737	-2.16709	0.491212	0.851003	-1.56998	1.05763	0	16.7492	1.03659	-0.64549	11.4211	-3.85126	-7.32239	0.0328128	-3.18424	-16.2002	13.2956	7.06608	0.31046	0.0636205	
13.174	-0.225159	1.31737	-2.16709	0.491212	0.851003	-1.56998	1.05763	0	16.7235	1.01888	-0.6244	11.4013	-3.81923	-7.31003	0.0363026	-3.13336	-16.1985	13.2916	7.04077	0.325194	0.067654	
13.188	-0.225159	1.31737	-2.16709	0.491212	0.851003	-1.56998	1.05763	0	16.5805	1.00389	-0.606284	11.3335	-3.78053	-7.28825	0.0392719	-3.02725	-16.2372	13.1589	6.99945	0.340914	0.0704544	
13.202	-0.225159	1.31737	-2.16709	0.491212	0.851003	-1.56998	1.05763	0	16.4505	0.955479	-0.58225	11.2545	-3.73812	-7.25892	0.0424056	-2.89935	-16.2177	13.0557	6.95499	0.35235	0.0737843	
13.216	-0.225159	1.31737	-2.16709	0.491212	0.851003	-1.56998	1.05763	0	16.2886	0.947721	-0.562609	11.1677	-3.69415	-7.22235	0.0450751	-2.82045	-16.18	12.9038	6.90366	0.368957	0.0760346	
13.216	-0.225159	1.31737	-2.16709	0.491212	0.851003	-1.56998	1.05763	0	16.0859	0.934642	-0.542488	11.0553	-3.64319	-7.17347	0.0475742	-2.72745	-16.1131	12.7145	6.84038	0.384779	0.0780696	
13.23	-0.225159	1.31737	-2.16709	0.491212	0.851003	-1.56998	1.05763	0	15.8193	0.92584	-0.526159	10.9128	-3.58963	-7.11367	0.0491062	-2.61893	-16.042	12.457	6.76584	0.398679	0.0787242	
13.244	-0.225159	1.31737	-2.16709	0.491212	0.851003	-1.56998	1.05763	0	15.5523	0.879246	-0.504845	10.7532	-3.52757	-7.04424	0.0512714	-2.47156	-15.9263	12.2193	6.68354	0.408251	0.0807001	
13.244	-0.225159	1.31737	-2.16709	0.491212	0.851003	-1.56998	1.05763	0	15.1584	0.886379	-0.498461	10.5509	-3.46843	-6.96024	0.0519942	-2.34602	-15.8317	11.8237	6.58551	0.418244	0.0797743	
13.258	-0.225159	1.31737	-2.16709	0.491212	0.851003	-1.56998	1.05763	0	14.8289	0.925607	-0.490641	10.3679	-3.41198	-6.86333	0.052092	-2.32715	-15.6252	11.4948	6.4857	0.429569	0.0779291	
13.272	-0.225159	1.31737	-2.16709	0.491212	0.851003	-1.56998	1.05763	0	14.4416	0.907205	-0.477071	10.1408	-3.34695	-6.75739	0.0520644	-2.2144	-15.3963	11.1237	6.37622	0.434685	0.0762932	
13.286	-0.225159	1.31737	-2.16709	0.491212	0.851003	-1.56998	1.05763	0	14.0102	0.901772	-0.472622	9.89367	-3.28506	-6.63598	0.051141	-2.10704	-15.1671	10.7118	6.25402	0.432287	0.0733474	
13.286	-0.225159	1.31737	-2.16709	0.491212	0.851003	-1.56998	1.05763	0	13.533	0.9147	-0.477576	9.62571	-3.22621	-6.5025	0.049134	-2.01902	-14.9153	10.2465	6.12371	0.425338	0.0688799	
13.3	-0.225159	1.31737	-2.16709	0.491212	0.851003	-1.56998	1.05763	0	13.0868	0.986998	-0.488711	9.37543	-3.17023	-6.36399	0.0470338	-2.05194	-14.5801	9.78973	5.99619	0.4251	0.0639305	
13.314	-0.225159	1.31737	-2.16709	0.491212	0.851003	-1.56998	1.05763	0	12.5714	1.00597	-0.500134	9.07887	-3.1109	-6.20629	0.0444556	-1.98206	-14.2646	9.2946	5.84891	0.409881	0.0585826	
13.314	-0.225159	1.31737	-2.16709	0.491212	0.851003	-1.56998	1.05763	0	12.099	1.10764	-0.5353	8.80516	-3.05948	-6.03766	0.040336	-2.09017	-13.8256	8.81338	5.70624	0.394478	0.0520068	
13.328	-0.225159	1.31737	-2.16709	0.491212	0.851003	-1.56998	1.05763	0	11.5212	1.18542	-0.569881	8.49455	-3.00035	-5.87178	0.0366199	-2.08165	-13.5099	8.22708	5.55216	0.379219	0.0456318	
13.342	-0.225159	1.31737	-2.16709	0.491212	0.851003	-1.56998	1.05763	0	11.0081	1.22289	-0.596885	8.18695	-2.94162	-5.69932	0.0322017	-2.08337	-13.0787	7.72601	5.40275	0.357618	0.0391732	
13.356	-0.225159	1.31737	-2.16709	0.491212	0.851003	-1.56998	1.05763	0	10.5693	1.28674	-0.62988	7.91058	-2.88522	-5.53034	0.0270187	-2.17669	-12.573	7.29048	5.26481	0.338471	0.0327057	
13.356	-0.225159	1.31737	-2.16709	0.491212	0.851003	-1.56998	1.05763	0	10.0374	1.3569	-0.671645	7.60237	-2.82164	-5.35871	0.0230316	-2.22073	-12.1278	6.74949	5.11643	0.320055	0.0275025	
13.37	-0.225159	1.31737	-2.16709	0.491212	0.851003	-1.56998	1.05763	0	9.52433	1.42749	-0.708402	7.29028	-2.76037	-5.18354	0.0174928	-2.30746	-11.584	6.21989	4.97303	0.303528	0.0203448	
13.384	-0.225159	1.31737	-2.16709	0.491212	0.851003	-1.56998	1.05763	0	9.03746	1.45763	-0.734967	6.97991	-2.68875	-5.01117	0.0124625	-2.3439	-11.0428	5.73679	4.82858	0.288101	0.0146294	
13.384	-0.225159	1.31737	-2.16709	0.491212	0.851003	-1.56998	1.05763	0	8.46623	1.49954	-0.767812	6.63657	-2.61215	-4.83818	0.00752047	-2.3638	-10.5004	5.14393	4.68078	0.276802	0.00876053	
13.398	-0.225159	1.31737	-2.16709	0.491212	0.851003	-1.56998	1.05763	0	8.01745	1.54153	-0.79251	6.33517	-2.54057	-4.66642	0.00114554	-2.46302	-9.86668	4.6876	4.54431	0.265915	0.00180657	
13.412	-0.225159	1.31737	-2.16709	0.491212	0.851003	-1.56998	1.05763	0	7.54193	1.58052	-0.815898	6.03465	-2.46414	-4.50498	-0.00344413	-2.5131	-9.32289	4.20145	4.40771	0.259641	-0.00321412	
13.426	-0.225159	1.31737	-2.16709	0.491212	0.851003	-1.56998	1.05763	0	7.0431	1.59826	-0.83229	5.72091	-2.38576	-4.35051	-0.00779333	-2.52347	-8.77823	3.68521	4.27587	0.256706	-0.00822432	
13.426	-0.225159	1.31737	-2.16709	0.491212	0.851003	-1.56998	1.05763	0	6.57406	1.63459	-0.849425	5.42841	-2.31327	-4.20024	-0.0127276	-2.56279	-8.2615	3.19814	4.14783	0.254601	-0.0141036	
13.44	-0.225159	1.31737	-2.16709	0.491212	0.851003	-1.56998	1.05763	0	6.09557	1.62434	-0.862164	5.12642	-2.23813	-4.05398	-0.0173496	-2.51926	-7.79062	2.71949	4.01945	0.247254	-0.0191399	
13.454	-0.225159	1.31737	-2.16709	0.491212	0.851003	-1.56998	1.05763	0	5.71797	1.66389	-0.878345	4.87026	-2.17555	-3.90457	-0.0227078	-2.61259	-7.23993	2.33816	3.89994	0.240357	-0.0253055	
13.454	-0.225159	1.31737	-2.16709	0.491212	0.851003	-1.56998	1.05763	0	5.26318	1.71719	-0.906813	4.59901	-2.11876	-3.75983	-0.0287346	-2.65944	-6.80854	1.86736	3.77717	0.229696	-0.0325912	
13.468	-0.225159	1.31737	-2.16709	0.491212	0.851003	-1.56998	1.05763	0	4.89949	1.7079	-0.920308	4.34982	-2.0639	-3.61574	-0.0351981	-2.65858	-6.37055	1.53306	3.6577	0.210158	-0.039657	
13.482	-0.225159	1.31737	-2.16709	0.491212	0.851003	-1.56998	1.05763	0	4.5757	1.68242	-0.928776	4.10805	-2.00622	-3.46837	-0.0432781	-2.6635	-5.89883	1.25395	3.53755	0.189158	-0.0478609	
13.496	-0.225159	1.31737	-2.16709	0.491212	0.851003	-1.56998	1.05763	0	4.26064	1.74408	-0.94785	3.89246	-1.94768	-3.32539	-0.0505709	-2.79002	-5.42022	0.946188	3.42073	0.18231	-0.0555839	
13.496	-0.225159	1.31737	-2.16709	0.491212	0.851003	-1.56998	1.05763	0	3.98509	1.80304	-0.968643	3.69931	-1.89888	-3.20073	-0.0561813	-2.92938	-4.93787	0.663089	3.32518	0.176326	-0.0615107	
13.51	-0.225159	1.31737	-2.16709	0.491212	0.851003	-1.56998	1.05763	0	3.67507	1.81146	-0.984339	3.49494	-1.85439	-3.09073	-0.0612447	-2.95156	-4.56166	0.354062	3.23602	0.165293	-0.067004	
13.524	-0.225159	1.31737	-2.16709	0.491212	0.851003	-1.56998	1.05763	0	3.37182	1.84212	-1.00417	3.30546	-1.81714	-2.98461	-0.06653	-2.99215	-4.23481	0.0476494	3.14909	0.153816	-0.0731558	
13.524	-0.225159	1.31737	-2.16709	0.491212	0.851003	-1.56998	1.05763	0	3.10625	1.88103	-1.03364	3.13853	-1.78812	-2.88099	-0.0725515	-3.05244	-3.94164	-0.213745	3.06665	0.13526	-0.0795816	
13.538	-0.225159	1.31737	-2.16709	0.491212	0.851003	-1.56998	1.05763	0	2.86694	1.9181	-1.06758	2.9904	-1.76607	-2.78152	-0.0791337	-3.10226	-3.71328	-0.436986	2.9866	0.110668	-0.0863626	
13.552	-0.225159	1.31737	-2.16709	0.491212	0.851003	-1.56998	1.05763	0	2.58813	1.92516	-1.0957	2.81861	-1.74232	-2.67632	-0.0862243	-3.08792	-3.5099	-0.686331	2.89804	0.0818772	-0.0940217	
13.552	-0.225159	1.31737	-2.16709	0.491212	0.851003	-1.56998	1.05763	0	2.41674	2.01928	-1.13716	2.69932	-1.72467	-2.57283	-0.0930809	-3.28477	-3.15676	-0.862428	2.82649	0.0626239	-0.10102	
13.566	-0.225159	1.31737	-2.16709	0.491212	0.851003	-1.56998	1.05763	0	2.23566	2.0379	-1.15768	2.55913	-1.69939	-2.47459	-0.0997548	-3.36719	-2.81355	-1.02564	2.75512	0.0432473	-0.107764	
13.58	-0.225159	1.31737	-2.16709	0.491212	0.851003	-1.56998	1.05763	0	2.0818	2.07909	-1.17877	2.43424	-1.67738	-2.37812	-0.10662	-3.49847	-2.44824	-1.16947	2.68819	0.0270256	-0.114927	
13.594	-0.225159	1.31737	-2.16709	0.491212	0.851003	-1.56998	1.05763	0	1.99061	2.07726	-1.19224	2.31509	-1.64196	-2.27734	-0.112945	-3.61856	-2.00181	-1.22494	2.62055	0.00968898	-0.119848	
13.594	-0.225159	1.31737	-2.16709	0.491212	0.851003	-1.56998	1.05763	0	1.83956	2.09838	-1.2063	2.18663	-1.60235	-2.18157	-0.119109	-3.71491	-1.64259	-1.3552	2.54729	-7.73057e-05	-0.125183	
13.608	-0.225159	1.31737	-2.16709	0.491212	0.851003	-1.56998	1.05763	0	1.82895	2.14464	-1.22793	2.12109	-1.57819	-2.09726	-0.125287	-3.9269	-1.21604	-1.34726	2.49826	-0.0128757	-0.129801	
13.622	-0.225159	1.31737	-2.16709	0.491212	0.851003	-1.56998	1.05763	0	1.71093	2.05179	-1.22419	1.99356	-1.53983	-2.02048	-0.129943	-3.84974	-0.943077	-1.40304	2.43717	-0.0330915	-0.132734	
13.622	-0.225159	1.31737	-2.16709	0.491212	0.851003	-1.56998	1.05763	0	1.66488	2.0329	-1.22664	1.91234	-1.50776	-1.9489	-0.135599	-3.91414	-0.63446	-1.40973	2.38595	-0.0436535	-0.136936	
13.636	-0.225159	1.31737	-2.16709	0.491212	0.851003	-1.56998	1.05763	0	1.54062	2.10552	-1.24617	1.83427	-1.48577	-1.88444	-0.140423	-4.04064	-0.426149	-1.54282	2.33496	-0.0454008	-0.141911	
13.65	-0.225159	1.31737	-2.16709	0.491212	0.851003	-1.56998	1.05763	0	1.42955	1.98472	-1.21782	1.72134	-1.4504	-1.82278	-0.144867	-3.87469	-0.296073	-1.57309	2.27456	-0.0594295	-0.146072	
13.664	-0.225159	1.31737	-2.16709	0.491212	0.851003	-1.56998	1.05763	0	1.41586	2.07061	-1.21777	1.68652	-1.43199	-1.7626	-0.149277	-4.08082	-0.0156309	-1.58877	2.23321	-0.0516122	-0.151392	
13.664	-0.225159	1.31737	-2.16709	0.491212	0.851003	-1.56998	1.05763	0	1.34376	2.07241	-1.21153	1.618	-1.40707	-1.70706	-0.152862	-4.11598	0.166732	-1.63502	2.18647	-0.0534228	-0.15515	
13.678	-0.225159	1.31737	-2.16709	0.491212	0.851003	-1.56998	1.05763	0	1.2614	1.96022	-1.18202	1.5252	-1.37577	-1.66264	-0.15793	-3.97057	0.28892	-1.65423	2.14256	-0.0611429	-0.159899	
13.692	-0.225159	1.31737	-2.16709	0.491212	0.851003	-1.56998	1.05763	0	1.20801	1.97752	-1.18955	1.46808	-1.35737	-1.61967	-0.161421	-4.05425	0.519863	-1.70961	2.11519	-0.0629084	-0.162829	
13.692	-0.225159	1.31737	-2.16709	0.491212	0.851003	-1.56998	1.05763	0	1.14065	1.92448	-1.18421	1.39023	-1.32797	-1.57138	-0.16496	-4.01808	0.703492	-1.73931	2.07543	-0.0710102	-0.165121	
13.706	-0.225159	1.31737	-2.16709	0.491212	0.851003	-1.56998	1.05763	0	1.14097	1.96242	-1.19027	1.3562	-1.31089	-1.52851	-0.167678	-4.16476	0.982379	-1.74306	2.05261	-0.0691992	-0.167237	
13.72	-0.225159	1.31737	-2.16709	0.491212	0.851003	-1.56998	1.05763	0	1.12047	1.8983	-1.18337	1.30055	-1.28445	-1.48792	-0.170038	-4.12338	1.14473	-1.71639	2.02019	-0.079003	-0.167917	
13.734	-0.225159	1.31737	-2.16709	0.491212	0.851003	-1.56998	1.05763	0	1.07777	1.84922	-1.16356	1.24397	-1.25518	-1.45159	-0.173118	-4.07516	1.26336	-1.71982	1.98434	-0.0778238	-0.170524	
13.734	-0.225159	1.31737	-2.16709	0.491212	0.851003	-1.56998	1.05763	0	1.05097	1.82441	-1.14972	1.19959	-1.23229	-1.41682	-0.175926	-4.07278	1.39667	-1.71793	1.95374	-0.076709	-0.173059	
13.748	-0.225159	1.31737	-2.16709	0.491212	0.851003	-1.56998	1.05763	0	1.02356	1.80392	-1.13655	1.15978	-1.21274	-1.382	-0.180999	-4.06486	1.485	-1.71119	1.92074	-0.0775382	-0.178106	
13.762	-0.225159	1.31737	-2.16709	0.491212	0.851003	-1.56998	1.05763	0	0.998871	1.85378	-1.13219	1.13029	-1.20458	-1.34513	-0.185279	-4.18264	1.65556	-1.74015	1.89549	-0.0721338	-0.183636	
13.762	-0.225159	1.31737	-2.16709	0.491212	0.851003	-1.56998	1.05763	0	1.0702	1.77961	-1.09909	1.0903	-1.17507	-1.26852	-0.191204	-4.18513	1.88479	-1.55583	1.83316	-0.0868944	-0.18903	
13.776	-0.225159	1.31737	-2.16709	0.491212	0.851003	-1.56998	1.05763	0	1.1138	1.79851	-1.08155	1.05361	-1.14757	-1.19094	-0.199699	-4.33	2.18101	-1.45253	1.77493	-0.0889683	-0.197655	
13.79	-0.225159	1.31737	-2.16709	0.491212	0.851003	-1.56998	1.05763	0	1.18006	1.7457	-1.06501	1.0046	-1.11609	-1.11572	-0.206513	-4.4052	2.53414	-1.30699	1.72464	-0.101996	-0.20284	
13.804	-0.225159	1.31737	-2.16709	0.491212	0.851003	-1.56998	1.05763	0	1.21605	1.61256	-1.03222	0.935398	-1.08672	-1.05475	-0.213443	-4.3314	2.80595	-1.17378	1.68086	-0.119676	-0.208454	
13.804	-0.225159	1.31737	-2.16709	0.491212	0.851003	-1.56998	1.05763	0	1.27664	1.717	-1.06109	0.94622	-1.10096	-1.01353	-0.222246	-4.60115	3.05429	-1.12898	1.6708	-0.129788	-0.217514	
13.818	-0.225159	1.31737	-2.16709	0.491212	0.851003	-1.56998	1.05763	0	1.27601	1.54869	-1.02172	0.87029	-1.06013	-0.955048	-0.225667	-4.4057	3.1729	-1.00364	1.61257	-0.148591	-0.219128	
13.832	-0.225159	1.31737	-2.16709	0.491212	0.851003	-1.56998	1.05763	0	1.34789	1.75693	-1.03484	0.899947	-1.06282	-0.893205	-0.232754	-4.82222	3.46358	-0.95972	1.57796	-0.134762	-0.22865	
13.832	-0.225159	1.31737	-2.16709	0.491212	0.851003	-1.56998	1.05763	0	1.36953	1.69135	-1.01138	0.854814	-1.0417	-0.834895	-0.238752	-4.79637	3.62043	-0.854541	1.52949	-0.148404	-0.234405	
13.846	-0.225159	1.31737	-2.16709	0.491212	0.851003	-1.56998	1.05763	0	1.40588	1.61696	-0.974255	0.823972	-1.0242	-0.793056	-0.243394	-4.74284	3.72816	-0.740024	1.49171	-0.154469	-0.239637	
13.86	-0.225159	1.31737	-2.16709	0.491212	0.851003	-1.56998	1.05763	0	1.44838	1.66189	-0.965968	0.818396	-1.01086	-0.740633	-0.24765	-4.87236	3.88047	-0.658051	1.45024	-0.155126	-0.244476	
13.874	-0.225159	1.31737	-2.16709	0.491212	0.851003	-1.56998	1.05763	0	1.50759	1.70763	-0.959701	0.809909	-1.0003	-0.701319	-0.249138	-5.05723	4.18433	-0.599141	1.43391	-0.149025	-0.246272	
13.874	-0.225159	1.31737	-2.16709	0.491212	0.851003	-1.56998	1.05763	0	1.47582	1.57933	-0.927565	0.74966	-0.969043	-0.663668	-0.250965	-4.86633	4.19211	-0.53755	1.38824	-0.160753	-0.24713	
13.888	-0.225159	1.31737	-2.16709	0.491212	0.851003	-1.56998	1.05763	0	1.57816	1.629	-0.929024	0.762178	-0.961222	-0.628596	-0.251104	-5.07531	4.50059	-0.433138	1.37897	-0.158004	-0.246723	
13.902	-0.225159	1.31737	-2.16709	0.491212	0.851003	-1.56998	1.05763	0	1.58422	1.57693	-0.914311	0.734801	-0.940362	-0.598513	-0.249947	-5.02305	4.57012	-0.374939	1.3496	-0.16358	-0.244715	
13.902	-0.225159	1.31737	-2.16709	0.491212	0.851003	-1.56998	1.05763	0	1.62155	1.52196	-0.895419	0.71174	-0.928512	-0.568652	-0.24921	-5.00807	4.72013	-0.291207	1.32991	-0.170422	-0.243746	
13.916	-0.225159	1.31737	-2.16709	0.491212	0.851003	-1.56998	1.05763	0	1.52151	1.54076	-0.908556	0.694335	-0.936352	-0.579535	-0.246051	-4.94668	4.57709	-0.415273	1.33048	-0.171932	-0.241415	
13.93	-0.225159	1.31737	-2.16709	0.491212	0.851003	-1.56998	1.05763	0	1.61829	1.65998	-0.945304	0.751734	-0.95084	-0.578144	-0.240288	-5.20106	4.73852	-0.367521	1.35073	-0.170603	-0.234749	
13.944	-0.225159	1.31737	-2.16709	0.491212	0.851003	-1.56998	1.05763	0	1.56738	1.49175	-0.882283	0.714833	-0.923364	-0.58607	-0.233646	-4.84853	4.50569	-0.331092	1.32446	-0.165745	-0.228893	
13.944	-0.225159	1.31737	-2.16709	0.491212	0.851003	-1.56998	1.05763	0	1.58751	1.63911	-0.892469	0.736628	-0.91726	-0.575914	-0.230942	-5.11569	4.70664	-0.380863	1.32637	-0.138872	-0.227179	
13.958	-0.225159	1.31737	-2.16709	0.491212	0.851003	-1.56998	1.05763	0	1.62282	1.42245	-0.837103	0.719217	-0.881102	-0.591176	-0.224466	-4.75624	4.54505	-0.240156	1.31374	-0.141067	-0.218422	
13.972	-0.225159	1.31737	-2.16709	0.491212	0.851003	-1.56998	1.05763	0	1.68135	1.45367	-0.805624	0.727931	-0.865098	-0.5794	-0.219705	-4.86712	4.73964	-0.190967	1.3082	-0.116514	-0.215005	
13.972	-0.225159	1.31737	-2.16709	0.491212	0.851003	-1.56998	1.05763	0	1.73645	1.50941	-0.812444	0.755061	-0.86081	-0.583327	-0.214536	-4.99835	4.8679	-0.169081	1.32066	-0.104008	-0.209247	
13.986	-0.225159	1.31737	-2.16709	0.491212	0.851003	-1.56998	1.05763	0	1.73112	1.51405	-0.810756	0.749045	-0.851558	-0.576035	-0.210098	-5.00736	4.90806	-0.173171	1.31344	-0.100426	-0.204532	
14	-0.225159	1.31737	-2.16709	0.491212	0.851003	-1.56998	1.05763	0	1.77969	1.23596	-0.738916	0.702427	-0.821952	-0.574626	-0.205403	-4.6176	4.87921	0.00642012	1.29807	-0.113606	-0.198471	
14.014	-0.225159	1.31737	-2.16709	0.491212	0.851003	-1.56998	1.05763	0	1.82177	1.37501	-0.753768	0.726945	-0.813754	-0.555247	-0.203223	-4.8894	5.09578	-0.00343727	1.29363	-0.0935047	-0.196512	
14.014	-0.225159	1.31737	-2.16709	0.491212	0.851003	-1.56998	1.05763	0	1.75158	1.25136	-0.741656	0.68755	-0.80521	-0.555747	-0.200743	-4.62576	4.90271	-0.0115685	1.27642	-0.11116	-0.193203	
14.028	-0.225159	1.31737	-2.16709	0.491212	0.851003	-1.56998	1.05763	0	1.73242	1.1706	-0.707507	0.652006	-0.787937	-0.551662	-0.199394	-4.51346	4.95183	-0.00414949	1.26743	-0.104528	-0.192261	
14.042	-0.225159	1.31737	-2.16709	0.491212	0.851003	-1.56998	1.05763	0	1.73286	1.31281	-0.724094	0.679247	-0.783698	-0.542992	-0.196117	-4.72185	5.01694	-0.0560224	1.26142	-0.0845316	-0.189732	
14.042	-0.225159	1.31737	-2.16709	0.491212	0.851003	-1.56998	1.05763	0	1.65442	1.35259	-0.724145	0.659651	-0.774422	-0.534419	-0.194533	-4.71934	4.95656	-0.146213	1.24292	-0.0756038	-0.189059	
14.056	-0.225159	1.31737	-2.16709	0.491212	0.851003	-1.56998	1.05763	0	1.72903	1.18658	-0.668934	0.641806	-0.754416	-0.532001	-0.192753	-4.52725	5.01451	0.0087093	1.2365	-0.0772819	-0.18677	
14.07	-0.225159	1.31737	-2.16709	0.491212	0.851003	-1.56998	1.05763	0	1.66311	1.24292	-0.683256	0.627724	-0.749859	-0.526564	-0.191631	-4.57436	5.0063	-0.0867921	1.22847	-0.07107	-0.185862	
14.07	-0.225159	1.31737	-2.16709	0.491212	0.851003	-1.56998	1.05763	0	1.69106	1.28084	-0.697526	0.626211	-0.748206	-0.516415	-0.190665	-4.70424	5.20458	-0.0873199	1.23585	-0.0691253	-0.184091	
14.084	-0.225159	1.31737	-2.16709	0.491212	0.851003	-1.56998	1.05763	0	1.65749	1.12926	-0.673616	0.567859	-0.728954	-0.515283	-0.188662	-4.49791	5.26463	-0.0785982	1.23306	-0.0778213	-0.180558	
14.098	-0.225159	1.31737	-2.16709	0.491212	0.851003	-1.56998	1.05763	0	1.62391	1.18216	-0.681807	0.556359	-0.725872	-0.507363	-0.187616	-4.58234	5.34643	-0.144061	1.23018	-0.0699118	-0.179951	
14.112	-0.225159	1.31737	-2.16709	0.491212	0.851003	-1.56998	1.05763	0	1.67224	1.22423	-0.687105	0.571908	-0.727041	-0.503433	-0.186968	-4.70458	5.48663	-0.118218	1.23853	-0.0641104	-0.179166	
14.112	-0.225159	1.31737	-2.16709	0.491212	0.851003	-1.56998	1.05763	0	1.67224	1.22423	-0.687105	0.571908	-0.727041	-0.503433	-0.186968	-4.70458	5.48663	-0.118218	1.23853	-0.0641104	-0.179166	
14.126	-0.225159	1.31737	-2.16709	0.491212	0.851003	-1.56998	1.05763	0	1.58144	1.10336	-0.652634	0.518368	-0.710944	-0.504944	-0.186004	-4.44547	5.33727	-0.159479	1.21914	-0.0661335	-0.178797	
14.14	-0.225159	1.31737	-2.16709	0.491212	0.851003	-1.56998	1.05763	0	1.61326	1.13747	-0.632507	0.547835	-0.710259	-0.501562	-0.185376	-4.46569	5.24534	-0.109639	1.20525	-0.0553859	-0.179944	
14.14	-0.225159	1.31737	-2.16709	0.491212	0.851003	-1.56998	1.05763	0	1.61326	1.13747	-0.632507	0.547835	-0.710259	-0.501562	-0.185376	-4.46569	5.24534	-0.109639	1.20525	-0.0553859	-0.179944	
14.154	-0.225159	1.31737	-2.16709	0.491212	0.851003	-1.56998	1.05763	0	1.55108	1.16017	-0.620869	0.535351	-0.705452	-0.498331	-0.184998	-4.43476	5.14998	-0.173729	1.18946	-0.0457669	-0.181202	
14.168	-0.225159	1.31737	-2.16709	0.491212	0.851003	-1.56998	1.05763	0	1.57353	1.19516	-0.625394	0.544716	-0.704394	-0.494185	-0.184701	-4.5151	5.22398	-0.165844	1.19124	-0.0410374	-0.180832	
14.168	-0.225159	1.31737	-2.16709	0.491212	0.851003	-1.56998	1.05763	0	1.57353	1.19516	-0.625394	0.544716	-0.704394	-0.494185	-0.184701	-4.5151	5.22398	-0.165844	1.19124	-0.0410374	-0.180832	
14.182	-0.225159	1.31737	-2.16709	0.491212	0.851003	-1.56998	1.05763	0	1.56388	1.11901	-0.615024	0.510041	-0.696199	-0.4923	-0.184486	-4.44173	5.33009	-0.164136	1.19551	-0.0454778	-0.179761	
14.196	-0.225159	1.31737	-2.16709	0.491212	0.851003	-1.56998	1.05763	0	1.59165	1.12721	-0.638912	0.498407	-0.693168	-0.48499	-0.183441	-4.54774	5.56838	-0.165415	1.21045	-0.050663	-0.176547	
14.196	-0.225159	1.31737	-2.16709	0.491212	0.851003	-1.56998	1.05763	0	1.59165	1.12721	-0.638912	0.498407	-0.693168	-0.48499	-0.183441	-4.54774	5.56838	-0.165415	1.21045	-0.050663	-0.176547	
14.21	-0.225159	1.31737	-2.16709	0.491212	0.851003	-1.56998	1.05763	0	1.53266	1.10387	-0.635515	0.469178	-0.685786	-0.482149	-0.18307	-4.48284	5.54421	-0.221965	1.2024	-0.0504974	-0.176209	
14.224	-0.225159	1.31737	-2.16709	0.491212	0.851003	-1.56998	1.05763	0	1.52555	1.06811	-0.620601	0.473416	-0.677948	-0.480781	-0.182818	-4.3705	5.37688	-0.184925	1.18407	-0.0523877	-0.176081	
14.238	-0.225159	1.31737	-2.16709	0.491212	0.851003	-1.56998	1.05763	0	1.5117	1.13265	-0.617611	0.491984	-0.679319	-0.479857	-0.182787	-4.41977	5.28796	-0.209201	1.17408	-0.0414903	-0.17756	
14.238	-0.225159	1.31737	-2.16709	0.491212	0.851003	-1.56998	1.05763	0	1.5117	1.13265	-0.617611	0.491984	-0.679319	-0.479857	-0.182787	-4.41977	5.28796	-0.209201	1.17408	-0.0414903	-0.17756	
14.252	-0.225159	1.31737	-2.16709	0.491212	0.851003	-1.56998	1.05763	0	1.52802	1.15161	-0.600125	0.50751	-0.67897	-0.48022	-0.182711	-4.43098	5.24243	-0.186611	1.16783	-0.0316915	-0.178949	
14.266	-0.225159	1.31737	-2.16709	0.491212	0.851003	-1.56998	1.05763	0	1.52675	1.15515	-0.594358	0.500643	-0.67798	-0.480053	-0.182601	-4.45585	5.30961	-0.200242	1.17156	-0.0263637	-0.179291	
14.266	-0.225159	1.31737	-2.16709	0.491212	0.851003	-1.56998	1.05763	0	1.52675	1.15515	-0.594358	0.500643	-0.67798	-0.480053	-0.182601	-4.45585	5.30961	-0.200242	1.17156	-0.0263637	-0.179291	
14.28	-0.225159	1.31737	-2.16709	0.491212	0.851003	-1.56998	1.05763	0	1.56381	1.16239	-0.601808	0.501195	-0.678046	-0.47821	-0.182296	-4.53617	5.47263	-0.182654	1.18434	-0.0259243	-0.178142	
14.294	-0.225159	1.31737	-2.16709	0.491212	0.851003	-1.56998	1.05763	0	1.50343	1.10516	-0.611205	0.448726	-0.669633	-0.476084	-0.181696	-4.47886	5.59724	-0.256242	1.19113	-0.0331775	-0.175969	
14.294	-0.225159	1.31737	-2.16709	0.491212	0.851003	-1.56998	1.05763	0	1.50343	1.10516	-0.611205	0.448726	-0.669633	-0.476084	-0.181696	-4.47886	5.59724	-0.256242	1.19113	-0.0331775	-0.175969	
14.308	-0.225159	1.31737	-2.16709	0.491212	0.851003	-1.56998	1.05763	0	1.51698	1.09805	-0.614819	0.448484	-0.666959	-0.474362	-0.182156	-4.48733	5.63191	-0.2404	1.19243	-0.0352267	-0.175701	
14.322	-0.225159	1.31737	-2.16709	0.491212	0.851003	-1.56998	1.05763	0	1.52222	1.1077	-0.610577	0.466255	-0.665232	-0.472679	-0.182159	-4.45474	5.49562	-0.210995	1.17886	-0.0352427	-0.176025	
14.322	-0.225159	1.31737	-2.16709	0.491212	0.851003	-1.56998	1.05763	0	1.52222	1.1077	-0.610577	0.466255	-0.665232	-0.472679	-0.182159	-4.45474	5.49562	-0.210995	1.17886	-0.0352427	-0.176025	
14.336	-0.225159	1.31737	-2.16709	0.491212	0.851003	-1.56998	1.05763	0	1.49103	1.09146	-0.603417	0.459636	-0.662651	-0.471287	-0.182333	-4.38172	5.38462	-0.222345	1.1668	-0.0366423	-0.176673	
14.35	-0.225159	1.31737	-2.16709	0.491212	0.851003	-1.56998	1.05763	0	1.49315	1.14746	-0.598793	0.477949	-0.662789	-0.468621	-0.182395	-4.43927	5.33696	-0.227977	1.15839	-0.026309	-0.177997	
14.35	-0.225159	1.31737	-2.16709	0.491212	0.851003	-1.56998	1.05763	0	1.49315	1.14746	-0.598793	0.477949	-0.662789	-0.468621	-0.182395	-4.43927	5.33696	-0.227977	1.15839	-0.026309	-0.177997	
14.364	-0.225159	1.31737	-2.16709	0.491212	0.851003	-1.56998	1.05763	0	1.49647	1.11128	-0.588806	0.463648	-0.659598	-0.467726	-0.182641	-4.40952	5.39538	-0.218269	1.16068	-0.0265475	-0.178198	
14.378	-0.225159	1.31737	-2.16709	0.491212	0.851003	-1.56998	1.05763	0	1.44937	1.05369	-0.594415	0.410801	-0.651284	-0.465434	-0.183069	-4.3745	5.57108	-0.283391	1.17108	-0.0313958	-0.177198	
14.392	-0.225159	1.31737	-2.16709	0.491212	0.851003	-1.56998	1.05763	0	1.4642	1.09346	-0.600954	0.417066	-0.651119	-0.463749	-0.183501	-4.46502	5.66066	-0.293132	1.17662	-0.0253156	-0.177577	
14.392	-0.225159	1.31737	-2.16709	0.491212	0.851003	-1.56998	1.05763	0	1.4642	1.09346	-0.600954	0.417066	-0.651119	-0.463749	-0.183501	-4.46502	5.66066	-0.293132	1.17662	-0.0253156	-0.177577	
14.406	-0.225159	1.31737	-2.16709	0.491212	0.851003	-1.56998	1.05763	0	1.45623	1.02606	-0.592718	0.400099	-0.641861	-0.463845	-0.183988	-4.35731	5.62518	-0.270842	1.17137	-0.0315085	-0.17704	
14.42	-0.225159	1.31737	-2.16709	0.491212	0.851003	-1.56998	1.05763	0	1.41088	1.04789	-0.594281	0.397939	-0.639011	-0.463353	-0.184071	-4.32917	5.50897	-0.314936	1.15951	-0.0285722	-0.177624	
14.42	-0.225159	1.31737	-2.16709	0.491212	0.851003	-1.56998	1.05763	0	1.41088	1.04789	-0.594281	0.397939	-0.639011	-0.463353	-0.184071	-4.32917	5.50897	-0.314936	1.15951	-0.0285722	-0.177624	
14.434	-0.225159	1.31737	-2.16709	0.491212	0.851003	-1.56998	1.05763	0	1.42024	1.03632	-0.582222	0.407194	-0.637184	-0.464015	-0.183879	-4.28608	5.42696	-0.284365	1.15178	-0.0270052	-0.177955	
14.448	-0.225159	1.31737	-2.16709	0.491212	0.851003	-1.56998	1.05763	0	1.37715	1.04265	-0.578298	0.395924	-0.631186	-0.463377	-0.184541	-4.25543	5.36575	-0.328484	1.14268	-0.0220431	-0.17904	
14.448	-0.225159	1.31737	-2.16709	0.491212	0.851003	-1.56998	1.05763	0	1.37715	1.04265	-0.578298	0.395924	-0.631186	-0.463377	-0.184541	-4.25543	5.36575	-0.328484	1.14268	-0.0220431	-0.17904	
14.462	-0.225159	1.31737	-2.16709	0.491212	0.851003	-1.56998	1.05763	0	1.36798	0.988346	-0.56921	0.372742	-0.626269	-0.463126	-0.184692	-4.19473	5.4186	-0.327633	1.14495	-0.0249284	-0.17879	
14.476	-0.225159	1.31737	-2.16709	0.491212	0.851003	-1.56998	1.05763	0	1.39382	1.0169	-0.575241	0.364737	-0.62321	-0.46286	-0.185415	-4.32778	5.6676	-0.348518	1.16371	-0.0151895	-0.178962	
14.476	-0.225159	1.31737	-2.16709	0.491212	0.851003	-1.56998	1.05763	0	1.39382	1.0169	-0.575241	0.364737	-0.62321	-0.46286	-0.185415	-4.32778	5.6676	-0.348518	1.16371	-0.0151895	-0.178962	
14.49	-0.225159	1.31737	-2.16709	0.491212	0.851003	-1.56998	1.05763	0	1.34029	1.00372	-0.580846	0.335082	-0.618752	-0.462622	-0.185413	-4.30261	5.70516	-0.417187	1.16501	-0.0156796	-0.178562	
14.504	-0.225159	1.31737	-2.16709	0.491212	0.851003	-1.56998	1.05763	0	1.3407	1.04093	-0.583017	0.34678	-0.61531	-0.462909	-0.185337	-4.34323	5.68132	-0.426347	1.16144	-0.00857094	-0.178625	
14.518	-0.225159	1.31737	-2.16709	0.491212	0.851003	-1.56998	1.05763	0	1.34838	1.00763	-0.572251	0.349596	-0.61354	-0.463637	-0.185202	-4.27303	5.60443	-0.391034	1.15501	-0.011554	-0.178594	
14.518	-0.225159	1.31737	-2.16709	0.491212	0.851003	-1.56998	1.05763	0	1.34838	1.00763	-0.572251	0.349596	-0.61354	-0.463637	-0.185202	-4.27303	5.60443	-0.391034	1.15501	-0.011554	-0.178594	
14.532	-0.225159	1.31737	-2.16709	0.491212	0.851003	-1.56998	1.05763	0	1.37042	1.00042	-0.561567	0.368731	-0.61321	-0.464193	-0.186008	-4.23021	5.48529	-0.339939	1.14518	-0.0117617	-0.179845	
14.546	-0.225159	1.31737	-2.16709	0.491212	0.851003	-1.56998	1.05763	0	1.37145	0.982379	-0.553884	0.363129	-0.610136	-0.464363	-0.186309	-4.20813	5.49627	-0.333187	1.14453	-0.0102974	-0.18022	
14.546	-0.225159	1.31737	-2.16709	0.491212	0.851003	-1.56998	1.05763	0	1.37145	0.982379	-0.553884	0.363129	-0.610136	-0.464363	-0.186309	-4.20813	5.49627	-0.333187	1.14453	-0.0102974	-0.18022	
14.56	-0.225159	1.31737	-2.16709	0.491212	0.851003	-1.56998	1.05763	0	1.35598	1.00273	-0.559907	0.355208	-0.60933	-0.463428	-0.18676	-4.25081	5.55539	-0.36953	1.14801	-0.00696944	-0.180629	
14.574	-0.225159	1.31737	-2.16709	0.491212	0.851003	-1.56998	1.05763	0	1.31589	0.95431	-0.564586	0.310194	-0.601148	-0.462272	-0.187366	-4.22261	5.70751	-0.426568	1.15737	-0.0100896	-0.179936	
14.574	-0.225159	1.31737	-2.16709	0.491212	0.851003	-1.56998	1.05763	0	1.31589	0.95431	-0.564586	0.310194	-0.601148	-0.462272	-0.187366	-4.22261	5.70751	-0.426568	1.15737	-0.0100896	-0.179936	
14.588	-0.225159	1.31737	-2.16709	0.491212	0.851003	-1.56998	1.05763	0	1.35182	0.972928	-0.568216	0.320932	-0.600631	-0.461461	-0.187245	-4.29075	5.79391	-0.402319	1.16395	-0.00711075	-0.179401	
14.602	-0.225159	1.31737	-2.16709	0.491212	0.851003	-1.56998	1.05763	0	1.34765	0.982073	-0.56566	0.328669	-0.598827	-0.461806	-0.187667	-4.27585	5.7204	-0.398285	1.15716	-0.00513695	-0.180065	
14.602	-0.225159	1.31737	-2.16709	0.491212	0.851003	-1.56998	1.05763	0	1.34765	0.982073	-0.56566	0.328669	-0.598827	-0.461806	-0.187667	-4.27585	5.7204	-0.398285	1.15716	-0.00513695	-0.180065	
14.616	-0.225159	1.31737	-2.16709	0.491212	0.851003	-1.56998	1.05763	0	1.35406	0.969022	-0.562982	0.337265	-0.600137	-0.462303	-0.187995	-4.23143	5.63177	-0.370737	1.15128	-0.00934905	-0.180419	
14.63	-0.225159	1.31737	-2.16709	0.491212	0.851003	-1.56998	1.05763	0	1.30981	0.967729	-0.55784	0.336	-0.598587	-0.462886	-0.188932	-4.15233	5.45411	-0.395443	1.13575	-0.00967272	-0.182087	
14.63	-0.225159	1.31737	-2.16709	0.491212	0.851003	-1.56998	1.05763	0	1.30981	0.967729	-0.55784	0.336	-0.598587	-0.462886	-0.188932	-4.15233	5.45411	-0.395443	1.13575	-0.00967272	-0.182087	
14.644	-0.225159	1.31737	-2.16709	0.491212	0.851003	-1.56998	1.05763	0	1.34844	0.965972	-0.555106	0.347041	-0.597431	-0.462928	-0.188633	-4.17931	5.50098	-0.353996	1.13949	-0.00837477	-0.181469	
14.658	-0.225159	1.31737	-2.16709	0.491212	0.851003	-1.56998	1.05763	0	1.34631	0.990692	-0.563865	0.336991	-0.596044	-0.461281	-0.187775	-4.26204	5.65027	-0.389856	1.1497	-0.003557	-0.180258	
14.672	-0.225159	1.31737	-2.16709	0.491212	0.851003	-1.56998	1.05763	0	1.35079	0.993659	-0.567102	0.331579	-0.59543	-0.461107	-0.187795	-4.29485	5.72893	-0.398887	1.15597	-0.00229099	-0.179976	
14.672	-0.225159	1.31737	-2.16709	0.491212	0.851003	-1.56998	1.05763	0	1.35079	0.993659	-0.567102	0.331579	-0.59543	-0.461107	-0.187795	-4.29485	5.72893	-0.398887	1.15597	-0.00229099	-0.179976	
14.686	-0.225159	1.31737	-2.16709	0.491212	0.851003	-1.56998	1.05763	0	1.33306	0.931843	-0.561472	0.310111	-0.591199	-0.461104	-0.188475	-4.19939	5.71239	-0.394837	1.15387	-0.00982804	-0.180001	
14.7	-0.225159	1.31737	-2.16709	0.491212	0.851003	-1.56998	1.05763	0	1.34445	0.931481	-0.558401	0.31905	-0.591394	-0.46109	-0.188535	-4.18833	5.66978	-0.372761	1.15039	-0.0101396	-0.180188	
14.7	-0.225159	1.31737	-2.16709	0.491212	0.851003	-1.56998	1.05763	0	1.34445	0.931481	-0.558401	0.31905	-0.591394	-0.46109	-0.188535	-4.18833	5.66978	-0.372761	1.15039	-0.0101396	-0.180188	
14.714	-0.225159	1.31737	-2.16709	0.491212	0.851003	-1.56998	1.05763	0	1.33147	1.00794	-0.566437	0.340072	-0.595311	-0.460599	-0.188588	-4.26211	5.59527	-0.404642	1.14413	-0.0022576	-0.181243	
14.728	-0.225159	1.31737	-2.16709	0.491212	0.851003	-1.56998	1.05763	0	1.30868	0.953081	-0.55158	0.329815	-0.593357	-0.461446	-0.188535	-4.13373	5.46781	-0.390798	1.13318	-0.00781516	-0.181596	
14.728	-0.225159	1.31737	-2.16709	0.491212	0.851003	-1.56998	1.05763	0	1.30868	0.953081	-0.55158	0.329815	-0.593357	-0.461446	-0.188535	-4.13373	5.46781	-0.390798	1.13318	-0.00781516	-0.181596	
14.742	-0.225159	1.31737	-2.16709	0.491212	0.851003	-1.56998	1.05763	0	1.29698	0.933784	-0.550877	0.318886	-0.592448	-0.461838	-0.188344	-4.10785	5.48195	-0.401239	1.13454	-0.00994202	-0.181215	
14.756	-0.225159	1.31737	-2.16709	0.491212	0.851003	-1.56998	1.05763	0	1.32565	0.97561	-0.561241	0.323281	-0.594788	-0.461596	-0.187582	-4.23734	5.66345	-0.412619	1.1502	-0.00365872	-0.180166	
14.756	-0.225159	1.31737	-2.16709	0.491212	0.851003	-1.56998	1.05763	0	1.32565	0.97561	-0.561241	0.323281	-0.594788	-0.461596	-0.187582	-4.23734	5.66345	-0.412619	1.1502	-0.00365872	-0.180166	
14.77	-0.225159	1.31737	-2.16709	0.491212	0.851003	-1.56998	1.05763	0	1.31582	0.960674	-0.563629	0.311581	-0.59388	-0.462228	-0.187704	-4.22795	5.70378	-0.427448	1.15421	-0.00555618	-0.179894	
14.784	-0.225159	1.31737	-2.16709	0.491212	0.851003	-1.56998	1.05763	0	1.32415	1.00871	-0.56979	0.330038	-0.597801	-0.461575	-0.187864	-4.28696	5.67308	-0.429359	1.15225	-0.00194134	-0.180531	
14.784	-0.225159	1.31737	-2.16709	0.491212	0.851003	-1.56998	1.05763	0	1.33627	0.961962	-0.559062	0.329026	-0.595782	-0.462267	-0.18826	-4.28696	5.67308	-0.429359	1.15225	-0.00194134	-0.180531	
14.798	-0.225159	1.31737	-2.16709	0.491212	0.851003	-1.56998	1.05763	0	1.33627	0.961962	-0.559062	0.329026	-0.595782	-0.462267	-0.18826	-4.20864	5.61758	-0.387232	1.14788	-0.00700658	-0.180744	
14.812	-0.225159	1.31737	-2.16709	0.491212	0.851003	-1.56998	1.05763	0	1.33055	0.958644	-0.552599	0.332953	-0.595698	-0.461695	-0.187877	-4.17552	5.54515	-0.379311	1.14067	-0.00676007	-0.180888	
14.826	-0.225159	1.31737	-2.16709	0.491212	0.851003	-1.56998	1.05763	0	1.31599	0.985884	-0.558744	0.336009	-0.596638	-0.461519	-0.187991	-4.19987	5.52174	-0.403952	1.13882	-0.00477921	-0.181174	
14.826	-0.225159	1.31737	-2.16709	0.491212	0.851003	-1.56998	1.05763	0	1.31599	0.985884	-0.558744	0.336009	-0.596638	-0.461519	-0.187991	-4.19987	5.52174	-0.403952	1.13882	-0.00477921	-0.181174	
14.84	-0.225159	1.31737	-2.16709	0.491212	0.851003	-1.56998	1.05763	0	1.31062	1.01676	-0.564706	0.3367	-0.597936	-0.461156	-0.188384	-4.25576	5.56604	-0.429865	1.14227	-0.000758942	-0.181734	
14.854	-0.225159	1.31737	-2.16709	0.491212	0.851003	-1.56998	1.05763	0	1.35511	0.988549	-0.563376	0.333041	-0.597172	-0.460855	-0.18846	-4.28585	5.71597	-0.388935	1.15503	-0.0029356	-0.180936	
14.854	-0.225159	1.31737	-2.16709	0.491212	0.851003	-1.56998	1.05763	0	1.35511	0.988549	-0.563376	0.333041	-0.597172	-0.460855	-0.18846	-4.28585	5.71597	-0.388935	1.15503	-0.0029356	-0.180936	
14.868	-0.225159	1.31737	-2.16709	0.491212	0.851003	-1.56998	1.05763	0	1.32841	0.979446	-0.565132	0.317667	-0.59399	-0.461096	-0.188662	-4.26939	5.73381	-0.422406	1.15552	-0.00269245	-0.180901	
14.882	-0.225159	1.31737	-2.16709	0.491212	0.851003	-1.56998	1.05763	0	1.29742	0.958929	-0.563698	0.310908	-0.59154	-0.46147	-0.189007	-4.19217	5.62191	-0.43468	1.14604	-0.00676596	-0.181182	
14.882	-0.225159	1.31737	-2.16709	0.491212	0.851003	-1.56998	1.05763	0	1.29742	0.958929	-0.563698	0.310908	-0.59154	-0.46147	-0.189007	-4.19217	5.62191	-0.43468	1.14604	-0.00676596	-0.181182	
14.896	-0.225159	1.31737	-2.16709	0.491212	0.851003	-1.56998	1.05763	0	1.31583	0.957963	-0.556412	0.32471	-0.591632	-0.461339	-0.188732	-4.17452	5.55863	-0.399404	1.14032	-0.00615109	-0.181278	
14.91	-0.225159	1.31737	-2.16709	0.491212	0.851003	-1.56998	1.05763	0	1.31793	0.931754	-0.551468	0.326968	-0.592105	-0.461409	-0.188989	-4.11382	5.48069	-0.373456	1.13455	-0.0113187	-0.181525	
14.91	-0.225159	1.31737	-2.16709	0.491212	0.851003	-1.56998	1.05763	0	1.31793	0.931754	-0.551468	0.326968	-0.592105	-0.461409	-0.188989	-4.11382	5.48069	-0.373456	1.13455	-0.0113187	-0.181525	
14.924	-0.225159	1.31737	-2.16709	0.491212	0.851003	-1.56998	1.05763	0	1.32029	0.975448	-0.558529	0.335536	-0.595266	-0.460661	-0.189	-4.18549	5.51196	-0.391838	1.13721	-0.00683877	-0.181885	
14.938	-0.225159	1.31737	-2.16709	0.491212	0.851003	-1.56998	1.05763	0	1.33734	0.991241	-0.561848	0.331646	-0.595003	-0.459417	-0.189092	-4.26175	5.6544	-0.399405	1.14751	-0.00245297	-0.181772	
14.952	-0.225159	1.31737	-2.16709	0.491212	0.851003	-1.56998	1.05763	0	1.34905	0.972839	-0.559891	0.329358	-0.592711	-0.459389	-0.188813	-4.24943	5.68076	-0.382028	1.14925	-0.00391163	-0.181063	
14.952	-0.225159	1.31737	-2.16709	0.491212	0.851003	-1.56998	1.05763	0	1.34905	0.972839	-0.559891	0.329358	-0.592711	-0.459389	-0.188813	-4.24943	5.68076	-0.382028	1.14925	-0.00391163	-0.181063	
14.966	-0.225159	1.31737	-2.16709	0.491212	0.851003	-1.56998	1.05763	0	1.29987	0.977276	-0.564577	0.318091	-0.59284	-0.459242	-0.188506	-4.21048	5.60167	-0.43202	1.14253	-0.00567991	-0.181008	
14.98	-0.225159	1.31737	-2.16709	0.491212	0.851003	-1.56998	1.05763	0	1.30841	0.97492	-0.560499	0.325491	-0.591111	-0.460093	-0.18872	-4.19484	5.55836	-0.413541	1.13896	-0.00471527	-0.181267	
14.98	-0.225159	1.31737	-2.16709	0.491212	0.851003	-1.56998	1.05763	0	1.30841	0.97492	-0.560499	0.325491	-0.591111	-0.460093	-0.18872	-4.19484	5.55836	-0.413541	1.13896	-0.00471527	-0.181267	
14.994	-0.225159	1.31737	-2.16709	0.491212	0.851003	-1.56998	1.05763	0	1.34596	0.951811	-0.553526	0.336851	-0.59215	-0.460588	-0.1888	-4.17341	5.54617	-0.355951	1.13923	-0.00790878	-0.181198	
15.008	-0.225159	1.31737	-2.16709	0.491212	0.851003	-1.56998	1.05763	0	1.32006	0.956128	-0.55269	0.330477	-0.59314	-0.460383	-0.188729	-4.15746	5.51173	-0.383878	1.1359	-0.00726389	-0.181622	
15.008	-0.225159	1.31737	-2.16709	0.491212	0.851003	-1.56998	1.05763	0	1.32006	0.956128	-0.55269	0.330477	-0.59314	-0.460383	-0.188729	-4.15746	5.51173	-0.383878	1.1359	-0.00726389	-0.181622	
15.022	-0.225159	1.31737	-2.16709	0.491212	0.851003	-1.56998	1.05763	0	1.31591	0.962208	-0.55735	0.327118	-0.59387	-0.459697	-0.188461	-4.17546	5.54304	-0.396296	1.13841	-0.00774639	-0.181195	
15.036	-0.225159	1.31737	-2.16709	0.491212	0.851003	-1.56998	1.05763	0	1.2966	0.990779	-0.566904	0.318692	-0.594619	-0.458996	-0.188576	-4.23263	5.61491	-0.443431	1.14383	-0.00446769	-0.181278	
15.036	-0.225159	1.31737	-2.16709	0.491212	0.851003	-1.56998	1.05763	0	1.2966	0.990779	-0.566904	0.318692	-0.594619	-0.458996	-0.188576	-4.23263	5.61491	-0.443431	1.14383	-0.00446769	-0.181278	
15.05	-0.225159	1.31737	-2.16709	0.491212	0.851003	-1.56998	1.05763	0	1.31516	0.924915	-0.555948	0.308634	-0.59045	-0.45954	-0.188803	-4.15391	5.62819	-0.397644	1.14464	-0.0106971	-0.180814	
15.064	-0.225159	1.31737	-2.16709	0.491212	0.851003	-1.56998	1.05763	0	1.36634	0.964144	-0.556876	0.33924	-0.59383	-0.459624	-0.189228	-4.22876	5.63321	-0.349109	1.14632	-0.00644173	-0.181468	
15.064	-0.225159	1.31737	-2.16709	0.491212	0.851003	-1.56998	1.05763	0	1.36634	0.964144	-0.556876	0.33924	-0.59383	-0.459624	-0.189228	-4.22876	5.63321	-0.349109	1.14632	-0.00644173	-0.181468	
15.078	-0.225159	1.31737	-2.16709	0.491212	0.851003	-1.56998	1.05763	0	1.35069	0.989337	-0.562816	0.343145	-0.594671	-0.459593	-0.189406	-4.24408	5.59224	-0.371516	1.1432	-0.005089	-0.181803	
15.092	-0.225159	1.31737	-2.16709	0.491212	0.851003	-1.56998	1.05763	0	1.34603	0.95707	-0.558507	0.335677	-0.594467	-0.459667	-0.189026	-4.19054	5.56968	-0.361332	1.14165	-0.00976395	-0.181298	
15.106	-0.225159	1.31737	-2.16709	0.491212	0.851003	-1.56998	1.05763	0	1.3407	0.939834	-0.55619	0.32812	-0.59435	-0.4596	-0.188813	-4.16848	5.58038	-0.363257	1.14243	-0.0116045	-0.181053	
15.106	-0.225159	1.31737	-2.16709	0.491212	0.851003	-1.56998	1.05763	0	1.3407	0.939834	-0.55619	0.32812	-0.59435	-0.4596	-0.188813	-4.16848	5.58038	-0.363257	1.14243	-0.0116045	-0.181053	
15.12	-0.225159	1.31737	-2.16709	0.491212	0.851003	-1.56998	1.05763	0	1.29963	0.990915	-0.565135	0.322467	-0.595617	-0.459577	-0.188865	-4.22614	5.59108	-0.436305	1.14263	-0.00456534	-0.18174	
15.134	-0.225159	1.31737	-2.16709	0.491212	0.851003	-1.56998	1.05763	0	1.33783	0.952719	-0.556395	0.3284	-0.594085	-0.460241	-0.188505	-4.19026	5.59942	-0.375671	1.14397	-0.00826357	-0.180935	
15.134	-0.225159	1.31737	-2.16709	0.491212	0.851003	-1.56998	1.05763	0	1.33783	0.952719	-0.556395	0.3284	-0.594085	-0.460241	-0.188505	-4.19026	5.59942	-0.375671	1.14397	-0.00826357	-0.180935	
15.148	-0.225159	1.31737	-2.16709	0.491212	0.851003	-1.56998	1.05763	0	1.30061	0.96589	-0.561179	0.318013	-0.594817	-0.459496	-0.188509	-4.18772	5.57875	-0.423215	1.14149	-0.00773248	-0.18124	
