0.013	0.230302	1.57023	-1.94415	-1.72754	-0.226264	0.352579	1.23311
0.026	0.23076	1.57024	-1.94415	-1.72717	-0.226264	0.352579	1.23311
0.039	0.23076	1.57024	-1.94415	-1.72717	-0.226264	0.352579	1.23311
0.052	0.23076	1.57024	-1.94415	-1.72717	-0.226264	0.352579	1.23311
0.065	0.231138	1.57024	-1.94415	-1.7269	-0.226264	0.352579	1.23311
0.078	0.231461	1.57024	-1.94415	-1.72674	-0.226264	0.352579	1.23311
0.091	0.231815	1.57025	-1.94415	-1.72671	-0.226264	0.35258	1.23311
0.104	0.23215	1.57025	-1.94415	-1.72671	-0.226264	0.35258	1.23311
0.117	0.232449	1.57025	-1.94415	-1.72671	-0.226262	0.35258	1.23311
0.13	0.232636	1.57025	-1.94415	-1.72669	-0.226262	0.35258	1.23311
0.143	0.232737	1.57025	-1.94415	-1.72665	-0.226262	0.35258	1.23311
0.156	0.232746	1.57025	-1.94415	-1.72659	-0.226262	0.35258	1.23311
0.169	0.232733	1.57025	-1.94415	-1.72655	-0.226264	0.35258	1.23311
0.182	0.232733	1.57025	-1.94415	-1.72655	-0.226264	0.35258	1.23311
0.195	0.23273	1.57025	-1.94415	-1.72651	-0.226264	0.35258	1.23311
0.208	0.232728	1.57024	-1.94415	-1.72646	-0.226264	0.352579	1.23311
0.221	0.232701	1.57024	-1.94415	-1.72638	-0.226264	0.352579	1.23311
0.234	0.23264	1.57024	-1.94415	-1.72624	-0.226264	0.352579	1.23311
0.247	0.232641	1.57024	-1.94415	-1.72616	-0.226264	0.352579	1.23311
0.26	0.232641	1.57024	-1.94415	-1.72608	-0.226264	0.352579	1.23311
0.273	0.232641	1.57024	-1.94415	-1.72599	-0.226264	0.352579	1.23311
0.286	0.232641	1.57024	-1.94415	-1.72592	-0.226264	0.352579	1.23311
0.299	0.232641	1.57024	-1.94415	-1.72584	-0.226264	0.352579	1.23311
0.312	0.232641	1.57024	-1.94415	-1.72575	-0.226264	0.352579	1.23311
0.325	0.232641	1.57024	-1.94415	-1.72575	-0.226264	0.352579	1.23311
0.338	0.232641	1.57024	-1.94415	-1.72569	-0.226264	0.352579	1.23311
0.351	0.232637	1.57024	-1.94415	-1.72558	-0.226264	0.352579	1.23311
0.364	0.232624	1.57024	-1.94415	-1.72548	-0.226264	0.352579	1.23311
0.377	0.232626	1.57024	-1.94415	-1.72539	-0.226264	0.352579	1.23311
0.39	0.232626	1.57024	-1.94415	-1.7253	-0.226264	0.352579	1.23311
0.403	0.232626	1.57024	-1.94415	-1.72523	-0.226264	0.352579	1.23311
0.416	0.232626	1.57024	-1.94415	-1.72516	-0.226264	0.352579	1.23311
0.429	0.232627	1.57024	-1.94415	-1.72512	-0.226262	0.352579	1.23311
0.442	0.232627	1.57024	-1.94415	-1.72508	-0.226262	0.352579	1.23311
0.455	0.232627	1.57024	-1.94415	-1.72508	-0.226262	0.352579	1.23311
0.468	0.232627	1.57024	-1.94415	-1.72504	-0.226262	0.352579	1.23311
0.481	0.232627	1.57024	-1.94415	-1.725	-0.226262	0.352579	1.23311
0.494	0.232627	1.57024	-1.94415	-1.72495	-0.226262	0.352579	1.23311
0.507	0.232627	1.57024	-1.94415	-1.7249	-0.226264	0.352579	1.23311
0.52	0.232631	1.57024	-1.94415	-1.72487	-0.226264	0.352579	1.23311
0.533	0.232632	1.57024	-1.94415	-1.72485	-0.226264	0.352579	1.23311
0.546	0.232632	1.57024	-1.94415	-1.72484	-0.226264	0.352579	1.23311
0.559	0.232632	1.57025	-1.94415	-1.72483	-0.226264	0.352579	1.23311
0.572	0.232632	1.57025	-1.94415	-1.72482	-0.226264	0.352579	1.23311
0.585	0.232632	1.57025	-1.94415	-1.72481	-0.226262	0.352579	1.23311
0.598	0.232632	1.57025	-1.94415	-1.72481	-0.226262	0.352579	1.23311
0.611	0.232633	1.57025	-1.94415	-1.7248	-0.226264	0.352579	1.23311
0.624	0.232633	1.57025	-1.94415	-1.72479	-0.226262	0.352579	1.23311
0.637	0.232633	1.57025	-1.94415	-1.72479	-0.226264	0.352579	1.23311
0.65	0.232633	1.57025	-1.94415	-1.72479	-0.226264	0.352579	1.23311
0.663	0.232634	1.57025	-1.94415	-1.72479	-0.226264	0.352579	1.23311
0.676	0.232636	1.57025	-1.94415	-1.72478	-0.226264	0.352579	1.23311
0.689	0.232636	1.57025	-1.94415	-1.72478	-0.226264	0.352579	1.23311
0.702	0.232636	1.57025	-1.94415	-1.72478	-0.226264	0.352579	1.23311
0.715	0.232636	1.57025	-1.94415	-1.72477	-0.226264	0.352579	1.23311
0.728	0.232636	1.57025	-1.94415	-1.72477	-0.226264	0.352579	1.23311
0.741	0.232636	1.57025	-1.94415	-1.72477	-0.226264	0.352579	1.23311
0.754	0.232634	1.57025	-1.94415	-1.72477	-0.226264	0.352579	1.23311
0.767	0.232634	1.57025	-1.94415	-1.72477	-0.226264	0.352579	1.23311
0.78	0.232634	1.57025	-1.94415	-1.72477	-0.226264	0.352579	1.23311
0.793	0.232634	1.57025	-1.94415	-1.72477	-0.226264	0.352579	1.23311
0.806	0.232634	1.57025	-1.94415	-1.72477	-0.226264	0.352579	1.23311
0.819	0.232634	1.57025	-1.94415	-1.72477	-0.226264	0.352579	1.23311
0.832	0.232634	1.57025	-1.94415	-1.72477	-0.226264	0.352579	1.23311
0.845	0.232634	1.57025	-1.94415	-1.72476	-0.226264	0.352579	1.23311
0.858	0.232634	1.57025	-1.94415	-1.72476	-0.226262	0.352579	1.23311
0.871	0.232634	1.57025	-1.94415	-1.72476	-0.226262	0.352579	1.23311
0.884	0.232634	1.57025	-1.94415	-1.72476	-0.226262	0.352579	1.23311
0.897	0.232633	1.57025	-1.94415	-1.72476	-0.226262	0.35258	1.23311
0.91	0.232633	1.57025	-1.94415	-1.72476	-0.226262	0.352579	1.23311
0.923	0.232633	1.57025	-1.94415	-1.72476	-0.226262	0.352579	1.23311
0.936	0.232633	1.57025	-1.94415	-1.72476	-0.226262	0.352579	1.23311
0.949	0.232633	1.57025	-1.94415	-1.72476	-0.226262	0.352579	1.23311
0.962	0.232633	1.57025	-1.94415	-1.72476	-0.226262	0.352579	1.23311
0.975	0.232633	1.57025	-1.94415	-1.72476	-0.226262	0.352579	1.23311
0.988	0.232633	1.57025	-1.94415	-1.72476	-0.226262	0.352579	1.23311
1.001	0.232633	1.57025	-1.94415	-1.72476	-0.226262	0.352579	1.23311
1.014	0.232633	1.57025	-1.94415	-1.72476	-0.226262	0.352579	1.23311
1.027	0.232633	1.57025	-1.94415	-1.72476	-0.226262	0.352579	1.23311
1.04	0.232633	1.57025	-1.94415	-1.72476	-0.226262	0.352579	1.23311
1.053	0.232633	1.57025	-1.94415	-1.72476	-0.226262	0.352579	1.23311
1.066	0.232629	1.57025	-1.94415	-1.72474	-0.226264	0.352579	1.23311
1.079	0.232629	1.57025	-1.94415	-1.72474	-0.226264	0.352579	1.23311
1.092	0.232629	1.57025	-1.94415	-1.72473	-0.226264	0.352579	1.23311
1.105	0.232629	1.57025	-1.94415	-1.72472	-0.226264	0.352579	1.23311
1.118	0.232629	1.57025	-1.94415	-1.72468	-0.226264	0.352579	1.23311
1.131	0.232629	1.57025	-1.94415	-1.72464	-0.226264	0.352579	1.23311
1.144	0.232629	1.57025	-1.94415	-1.72464	-0.226264	0.352579	1.23311
1.157	0.232629	1.57025	-1.94415	-1.72461	-0.226264	0.352579	1.23311
1.17	0.232628	1.57025	-1.94415	-1.72458	-0.226264	0.352579	1.23311
1.183	0.232627	1.57025	-1.94415	-1.72455	-0.226264	0.352579	1.23311
1.196	0.232627	1.57025	-1.94415	-1.72451	-0.226264	0.352579	1.23311
1.209	0.232627	1.57025	-1.94415	-1.72445	-0.226264	0.352579	1.23311
1.222	0.232627	1.57025	-1.94415	-1.72438	-0.226264	0.352579	1.23311
1.235	0.232627	1.57025	-1.94415	-1.72429	-0.226264	0.352579	1.23311
1.248	0.232627	1.57025	-1.94415	-1.72419	-0.226264	0.352579	1.23311
1.261	0.232628	1.57025	-1.94415	-1.72409	-0.226264	0.352579	1.23311
1.274	0.232628	1.57025	-1.94415	-1.72402	-0.226264	0.352579	1.23311
1.287	0.232628	1.57025	-1.94415	-1.72402	-0.226264	0.352579	1.23311
1.3	0.232628	1.57025	-1.94415	-1.72396	-0.226264	0.352579	1.23311
1.313	0.232627	1.57025	-1.94415	-1.7239	-0.226264	0.352579	1.23311
1.326	0.232627	1.57025	-1.94415	-1.72383	-0.226264	0.352579	1.23311
1.339	0.232628	1.57025	-1.94415	-1.72375	-0.226264	0.352579	1.23311
1.352	0.232628	1.57025	-1.94415	-1.72369	-0.226264	0.352579	1.23311
1.365	0.232628	1.57025	-1.94415	-1.72362	-0.226264	0.352579	1.23311
1.378	0.232628	1.57025	-1.94415	-1.72356	-0.226264	0.352579	1.23311
1.391	0.232628	1.57025	-1.94415	-1.7235	-0.226264	0.352579	1.23311
1.404	0.232628	1.57025	-1.94415	-1.72342	-0.226266	0.352579	1.23311
1.417	0.232628	1.57025	-1.94415	-1.72342	-0.226266	0.352579	1.23311
1.43	0.232628	1.57025	-1.94415	-1.72335	-0.226264	0.352579	1.23311
1.443	0.232628	1.57025	-1.94415	-1.72325	-0.226264	0.352579	1.23311
1.456	0.232628	1.57025	-1.94415	-1.72314	-0.226264	0.352579	1.23311
1.469	0.232628	1.57025	-1.94415	-1.72302	-0.226264	0.352579	1.23311
1.482	0.232628	1.57025	-1.94415	-1.72291	-0.226264	0.352579	1.23311
1.495	0.232628	1.57025	-1.94415	-1.7228	-0.226264	0.352579	1.23311
1.508	0.232629	1.57025	-1.94415	-1.72268	-0.226264	0.352579	1.23311
1.521	0.232629	1.57025	-1.94415	-1.72257	-0.226264	0.352579	1.23311
1.534	0.232629	1.57025	-1.94415	-1.72245	-0.226264	0.352579	1.23311
1.547	0.232629	1.57025	-1.94415	-1.72231	-0.226264	0.352579	1.23311
1.56	0.232629	1.57025	-1.94415	-1.72231	-0.226264	0.352579	1.23311
1.573	0.232629	1.57025	-1.94415	-1.72216	-0.226264	0.352579	1.23311
1.586	0.232629	1.57025	-1.94415	-1.72198	-0.226264	0.352579	1.23311
1.599	0.232629	1.57025	-1.94415	-1.72176	-0.226264	0.352579	1.23311
1.612	0.232629	1.57025	-1.94415	-1.72154	-0.226264	0.35258	1.23311
1.625	0.232629	1.57025	-1.94415	-1.72131	-0.226264	0.35258	1.23311
1.638	0.232629	1.57025	-1.94415	-1.72107	-0.226264	0.35258	1.23311
1.651	0.232629	1.57025	-1.94415	-1.72085	-0.226264	0.35258	1.23311
1.664	0.232629	1.57025	-1.94415	-1.72063	-0.226264	0.352579	1.23311
1.677	0.232629	1.57025	-1.94415	-1.7204	-0.226264	0.352579	1.23311
1.69	0.232629	1.57025	-1.94415	-1.7204	-0.226264	0.352579	1.23311
1.703	0.232629	1.57025	-1.94415	-1.72018	-0.226264	0.352579	1.23311
1.716	0.232628	1.57025	-1.94415	-1.71993	-0.226264	0.352579	1.23311
1.729	0.232629	1.57025	-1.94415	-1.71967	-0.226264	0.352579	1.23311
1.742	0.232629	1.57025	-1.94415	-1.71942	-0.226264	0.352579	1.23311
1.755	0.232629	1.57025	-1.94415	-1.71919	-0.226264	0.352579	1.23311
1.768	0.232629	1.57025	-1.94415	-1.71897	-0.226264	0.352579	1.23311
1.781	0.232629	1.57025	-1.94415	-1.71876	-0.226264	0.352579	1.23311
1.794	0.232629	1.57025	-1.94415	-1.71855	-0.226264	0.352579	1.23311
1.807	0.232629	1.57025	-1.94415	-1.71835	-0.226266	0.352579	1.23311
1.82	0.232629	1.57025	-1.94415	-1.71811	-0.226264	0.352579	1.23311
1.833	0.232629	1.57025	-1.94415	-1.71811	-0.226264	0.352579	1.23311
1.846	0.232629	1.57025	-1.94415	-1.71788	-0.226266	0.352579	1.23311
1.859	0.232627	1.57025	-1.94415	-1.7176	-0.226264	0.352579	1.23311
1.872	0.232627	1.57025	-1.94415	-1.71727	-0.226264	0.352579	1.23311
1.885	0.232627	1.57025	-1.94415	-1.71695	-0.226264	0.352579	1.23311
1.898	0.232627	1.57025	-1.94415	-1.71663	-0.226264	0.352579	1.23311
1.911	0.232627	1.57025	-1.94415	-1.71636	-0.226264	0.352579	1.23311
1.924	0.232627	1.57025	-1.94415	-1.71609	-0.226264	0.352579	1.23311
1.937	0.232627	1.57025	-1.94415	-1.71585	-0.226264	0.352579	1.23311
1.95	0.232627	1.57025	-1.94415	-1.71563	-0.226264	0.352579	1.23311
1.963	0.232627	1.57025	-1.94415	-1.71563	-0.226264	0.352579	1.23311
1.976	0.232627	1.57025	-1.94415	-1.71543	-0.226264	0.352579	1.23311
1.989	0.232627	1.57025	-1.94415	-1.71528	-0.226264	0.352579	1.23311
2.002	0.23262	1.57025	-1.94415	-1.71515	-0.226264	0.352579	1.23311
2.015	0.232588	1.57024	-1.94415	-1.71497	-0.226264	0.352579	1.23311
2.028	0.23259	1.57024	-1.94415	-1.71482	-0.226264	0.352579	1.23311
2.041	0.23259	1.57024	-1.94415	-1.71468	-0.226264	0.35258	1.23311
2.054	0.23259	1.57024	-1.94415	-1.71453	-0.226264	0.35258	1.23311
2.067	0.23259	1.57024	-1.94415	-1.7144	-0.226264	0.35258	1.23311
2.08	0.23259	1.57024	-1.94415	-1.71427	-0.226264	0.35258	1.23311
2.093	0.23259	1.57024	-1.94415	-1.71413	-0.226264	0.352579	1.23311
2.106	0.23259	1.57024	-1.94415	-1.71413	-0.226264	0.352579	1.23311
2.119	0.23259	1.57024	-1.94415	-1.71398	-0.226264	0.352579	1.23311
2.132	0.232562	1.57024	-1.94415	-1.71379	-0.226264	0.352579	1.23311
2.145	0.232486	1.57024	-1.94415	-1.71353	-0.226264	0.352579	1.23311
2.158	0.232453	1.57024	-1.94415	-1.71332	-0.226264	0.352579	1.23311
2.171	0.232422	1.57024	-1.94415	-1.71316	-0.226264	0.352579	1.23311
2.184	0.232412	1.57024	-1.94415	-1.71304	-0.226264	0.352579	1.23311
2.197	0.232388	1.57024	-1.94415	-1.71296	-0.226264	0.352579	1.23311
2.21	0.232363	1.57024	-1.94415	-1.7129	-0.226264	0.352579	1.23311
2.223	0.232334	1.57024	-1.94415	-1.71284	-0.226264	0.352579	1.23311
2.236	0.232334	1.57024	-1.94415	-1.71284	-0.226264	0.352579	1.23311
2.249	0.232317	1.57024	-1.94415	-1.71281	-0.226264	0.352579	1.23311
2.262	0.232291	1.57024	-1.94415	-1.71276	-0.226266	0.352579	1.23311
2.275	0.232183	1.57024	-1.94415	-1.7127	-0.226264	0.352577	1.23311
2.288	0.232029	1.57024	-1.94415	-1.71256	-0.226264	0.352579	1.23311
2.301	0.231883	1.57024	-1.94414	-1.71246	-0.226264	0.352579	1.23311
2.314	0.231754	1.57024	-1.94414	-1.71237	-0.226264	0.352579	1.23311
2.327	0.231664	1.57024	-1.94415	-1.7123	-0.226264	0.352579	1.23311
2.34	0.231561	1.57024	-1.94414	-1.71228	-0.226264	0.352579	1.23311
2.353	0.231479	1.57024	-1.94414	-1.71226	-0.226264	0.352579	1.23311
2.366	0.231414	1.57024	-1.94414	-1.71226	-0.226264	0.352579	1.23311
2.379	0.231414	1.57024	-1.94414	-1.71226	-0.226264	0.352579	1.23311
2.392	0.231357	1.57024	-1.94414	-1.71226	-0.226264	0.352579	1.23311
2.405	0.23123	1.57024	-1.94414	-1.71226	-0.226264	0.352579	1.23311
2.418	0.231008	1.57024	-1.94414	-1.71225	-0.226264	0.352579	1.23311
2.431	0.23075	1.57024	-1.94414	-1.71225	-0.226264	0.352579	1.23311
2.444	0.230465	1.57024	-1.94414	-1.71225	-0.226264	0.352579	1.23311
2.457	0.230188	1.57024	-1.94414	-1.71225	-0.226264	0.35258	1.23311
2.47	0.229891	1.57024	-1.94414	-1.71225	-0.226264	0.35258	1.23311
2.483	0.229601	1.57024	-1.94414	-1.71225	-0.226264	0.35258	1.23311
2.496	0.229306	1.57024	-1.94414	-1.71225	-0.226264	0.35258	1.23311
2.509	0.229306	1.57024	-1.94414	-1.71225	-0.226264	0.35258	1.23311
2.522	0.22904	1.57024	-1.94414	-1.71225	-0.226264	0.35258	1.23311
2.535	0.228765	1.57024	-1.94414	-1.71225	-0.226264	0.35258	1.23311
2.548	0.228448	1.57024	-1.94414	-1.71224	-0.226264	0.35258	1.23311
2.561	0.228111	1.57024	-1.94414	-1.71224	-0.226264	0.35258	1.23311
2.574	0.227777	1.57024	-1.94414	-1.71224	-0.226264	0.35258	1.23311
2.587	0.22748	1.57024	-1.94414	-1.71224	-0.226264	0.35258	1.23311
2.6	0.227188	1.57024	-1.94414	-1.71224	-0.226264	0.35258	1.23311
2.613	0.226888	1.57024	-1.94414	-1.71224	-0.226264	0.35258	1.23311
2.626	0.226593	1.57024	-1.94414	-1.71224	-0.226264	0.35258	1.23311
2.639	0.226343	1.57024	-1.94414	-1.71224	-0.226264	0.35258	1.23311
2.652	0.226343	1.57024	-1.94414	-1.71224	-0.226264	0.35258	1.23311
2.665	0.226121	1.57024	-1.94413	-1.71224	-0.226264	0.352579	1.23311
2.678	0.22584	1.57024	-1.94414	-1.71224	-0.226264	0.35258	1.23311
2.691	0.225501	1.57024	-1.94414	-1.71224	-0.226264	0.35258	1.23311
2.704	0.225121	1.57024	-1.94413	-1.71224	-0.226264	0.352582	1.23311
2.717	0.224706	1.57024	-1.94413	-1.71224	-0.226264	0.352584	1.23311
2.73	0.224293	1.57024	-1.94413	-1.71224	-0.226262	0.352587	1.23311
2.743	0.223856	1.57023	-1.94413	-1.71224	-0.226262	0.352601	1.23311
2.756	0.223395	1.57023	-1.94413	-1.71224	-0.226262	0.352606	1.23311
2.769	0.222919	1.57023	-1.94413	-1.71225	-0.226262	0.352609	1.23311
2.782	0.222444	1.57023	-1.94413	-1.71229	-0.226262	0.352608	1.23311
2.795	0.222444	1.57023	-1.94413	-1.71229	-0.226262	0.352608	1.23311
2.808	0.221984	1.57023	-1.94413	-1.7124	-0.226262	0.352606	1.23311
2.821	0.22153	1.57023	-1.94413	-1.71257	-0.226262	0.352606	1.23311
2.834	0.221008	1.57023	-1.94414	-1.71277	-0.226262	0.352604	1.23311
2.847	0.220497	1.57023	-1.94413	-1.71303	-0.226262	0.352604	1.23311
2.86	0.219966	1.57023	-1.94413	-1.71336	-0.226262	0.352604	1.23311
2.873	0.219452	1.57023	-1.94413	-1.71374	-0.226262	0.352604	1.23311
2.886	0.218852	1.57022	-1.94413	-1.71413	-0.226262	0.352606	1.23311
2.899	0.218219	1.57022	-1.94413	-1.71451	-0.226262	0.352609	1.23311
2.912	0.21754	1.57022	-1.94413	-1.71494	-0.226262	0.352618	1.23311
2.925	0.21754	1.57022	-1.94413	-1.71494	-0.226262	0.352618	1.23311
2.938	0.216832	1.57022	-1.94413	-1.71539	-0.226262	0.352677	1.23311
2.951	0.216099	1.57022	-1.94413	-1.71576	-0.226262	0.352831	1.23311
2.964	0.215267	1.57022	-1.94413	-1.71608	-0.226262	0.353136	1.23311
2.977	0.214362	1.57022	-1.94413	-1.71629	-0.226262	0.354026	1.23311
2.99	0.213466	1.57022	-1.94413	-1.71647	-0.226262	0.35563	1.23311
3.003	0.212532	1.57022	-1.94413	-1.7167	-0.226262	0.356685	1.23311
3.016	0.211605	1.57021	-1.94413	-1.71696	-0.226262	0.357994	1.23311
3.029	0.210644	1.57019	-1.94413	-1.71724	-0.226262	0.359991	1.23311
3.042	0.209663	1.57019	-1.94413	-1.71753	-0.226262	0.361675	1.23311
3.055	0.208672	1.57018	-1.94413	-1.71784	-0.226262	0.363816	1.23311
3.068	0.208672	1.57018	-1.94413	-1.71784	-0.226262	0.363816	1.23311
3.081	0.207749	1.57016	-1.94414	-1.71822	-0.226262	0.365411	1.23311
3.094	0.20677	1.57012	-1.94414	-1.71858	-0.226262	0.367255	1.23311
3.107	0.205758	1.57006	-1.94416	-1.71894	-0.226262	0.368246	1.23311
3.12	0.204726	1.56998	-1.94417	-1.71933	-0.226262	0.368764	1.23311
3.133	0.203752	1.56988	-1.94419	-1.71979	-0.226262	0.369377	1.23311
3.146	0.202735	1.56979	-1.94419	-1.72027	-0.226262	0.370615	1.23311
3.159	0.201713	1.56969	-1.94419	-1.72082	-0.226262	0.371474	1.23311
3.172	0.200614	1.56962	-1.94418	-1.72134	-0.22626	0.371784	1.23311
3.185	0.199543	1.56954	-1.94418	-1.72188	-0.22626	0.371915	1.23311
3.198	0.199543	1.56954	-1.94418	-1.72188	-0.22626	0.371915	1.23311
3.211	0.198423	1.56948	-1.94418	-1.72232	-0.22626	0.37207	1.23311
3.224	0.197302	1.56936	-1.94419	-1.72273	-0.22626	0.372306	1.23311
3.237	0.196132	1.56929	-1.94419	-1.72302	-0.22626	0.372493	1.23311
3.25	0.194974	1.56918	-1.94419	-1.72335	-0.22626	0.372689	1.23311
3.263	0.193882	1.5691	-1.9442	-1.72368	-0.22626	0.372999	1.23311
3.276	0.192816	1.56901	-1.9442	-1.72411	-0.22626	0.374107	1.23311
3.289	0.191803	1.56892	-1.9442	-1.72461	-0.22626	0.37546	1.23311
3.302	0.190779	1.56884	-1.94421	-1.72516	-0.22626	0.376161	1.23311
3.315	0.189757	1.56873	-1.94422	-1.72573	-0.22626	0.37678	1.23311
3.328	0.188754	1.56863	-1.94422	-1.72629	-0.22626	0.378109	1.23311
3.341	0.188754	1.56863	-1.94422	-1.72629	-0.22626	0.378109	1.23311
3.354	0.187766	1.5685	-1.94422	-1.72687	-0.22626	0.379684	1.23311
3.367	0.18674	1.56838	-1.94423	-1.72741	-0.22626	0.380899	1.23311
3.38	0.185645	1.56823	-1.94425	-1.72789	-0.22626	0.382793	1.23311
3.393	0.184606	1.56809	-1.94428	-1.72846	-0.22626	0.384182	1.23311
3.406	0.183541	1.56792	-1.94428	-1.72912	-0.22626	0.385552	1.23311
3.419	0.182526	1.56774	-1.94432	-1.72979	-0.226258	0.386979	1.23311
3.432	0.181465	1.56751	-1.94433	-1.73053	-0.226258	0.387536	1.23311
3.445	0.180445	1.5672	-1.94433	-1.73126	-0.226258	0.387685	1.23311
3.458	0.179373	1.56678	-1.94431	-1.73197	-0.226258	0.387686	1.23311
3.471	0.179373	1.56678	-1.94431	-1.73197	-0.226258	0.387686	1.23311
3.484	0.178335	1.56638	-1.94434	-1.73268	-0.226258	0.387681	1.23311
3.497	0.177219	1.56597	-1.94436	-1.73352	-0.226258	0.387679	1.23311
3.51	0.176106	1.56564	-1.94438	-1.73435	-0.226258	0.387679	1.23311
3.523	0.174931	1.56525	-1.9444	-1.73524	-0.226258	0.387678	1.23311
3.536	0.173785	1.56486	-1.94441	-1.73614	-0.226256	0.387676	1.23311
3.549	0.172693	1.56444	-1.94444	-1.73707	-0.226256	0.387676	1.23311
3.562	0.171579	1.564	-1.94447	-1.73812	-0.226256	0.387674	1.23311
3.575	0.17049	1.56354	-1.94451	-1.73912	-0.226254	0.387674	1.23311
3.588	0.16936	1.56299	-1.94457	-1.74013	-0.226254	0.387674	1.23311
3.601	0.168308	1.56239	-1.94458	-1.74117	-0.226254	0.387674	1.23311
3.614	0.168308	1.56239	-1.94458	-1.74117	-0.226254	0.387674	1.23311
3.627	0.167242	1.56184	-1.94461	-1.74226	-0.226254	0.387673	1.23311
3.64	0.166143	1.56125	-1.94469	-1.74331	-0.226254	0.387671	1.23311
3.653	0.164976	1.56067	-1.94481	-1.74421	-0.226254	0.387671	1.23311
3.666	0.163853	1.56002	-1.94493	-1.74526	-0.226254	0.387671	1.23311
3.679	0.162791	1.55943	-1.945	-1.74639	-0.226254	0.387669	1.23311
3.692	0.161735	1.55878	-1.94505	-1.74754	-0.226254	0.387669	1.23311
3.705	0.160693	1.5581	-1.94505	-1.74862	-0.226254	0.387669	1.23311
3.718	0.159646	1.55745	-1.94506	-1.74975	-0.226254	0.387669	1.23311
3.731	0.15867	1.55678	-1.94514	-1.75088	-0.226254	0.387669	1.23311
3.744	0.15867	1.55678	-1.94514	-1.75088	-0.226254	0.387669	1.23311
3.757	0.157671	1.55609	-1.94517	-1.75193	-0.226254	0.387667	1.23311
3.77	0.156697	1.55536	-1.9452	-1.75303	-0.226254	0.387666	1.23311
3.783	0.155602	1.55467	-1.94524	-1.75405	-0.226254	0.387664	1.23311
3.796	0.154574	1.55394	-1.94534	-1.75507	-0.226254	0.387662	1.23311
3.809	0.153554	1.55327	-1.94539	-1.75608	-0.226252	0.387662	1.23311
3.822	0.152637	1.55257	-1.94548	-1.75722	-0.226252	0.387662	1.23311
3.835	0.151706	1.55188	-1.94551	-1.75834	-0.226252	0.387661	1.23311
3.848	0.150808	1.55112	-1.94554	-1.75941	-0.226252	0.387661	1.23311
3.861	0.149884	1.55038	-1.94558	-1.76045	-0.226252	0.387661	1.23311
3.874	0.149093	1.54967	-1.94568	-1.7616	-0.226252	0.387661	1.23311
3.887	0.149093	1.54967	-1.94568	-1.7616	-0.226252	0.387661	1.23311
3.9	0.148305	1.54903	-1.94574	-1.76271	-0.226252	0.387661	1.23311
3.913	0.147454	1.54834	-1.94585	-1.76371	-0.226252	0.387661	1.23311
3.926	0.146531	1.54766	-1.94592	-1.76459	-0.226252	0.387661	1.23311
3.939	0.145677	1.54694	-1.94596	-1.76559	-0.226252	0.387661	1.23311
3.952	0.144886	1.54629	-1.94597	-1.76668	-0.226252	0.387661	1.23311
3.965	0.144075	1.54566	-1.94601	-1.76767	-0.226252	0.387661	1.23311
3.978	0.143269	1.54504	-1.94606	-1.76862	-0.226252	0.387661	1.23311
3.991	0.142484	1.54447	-1.94609	-1.76964	-0.226252	0.387661	1.23311
4.004	0.141782	1.5439	-1.94616	-1.77064	-0.226252	0.387659	1.23311
4.017	0.141782	1.5439	-1.94616	-1.77064	-0.226252	0.387659	1.23311
4.03	0.141099	1.54331	-1.94619	-1.77163	-0.226252	0.387659	1.23311
4.043	0.140374	1.54267	-1.9462	-1.77262	-0.226252	0.387657	1.23311
4.056	0.139605	1.54212	-1.94627	-1.77353	-0.226252	0.387657	1.23311
4.069	0.138846	1.54155	-1.94635	-1.77455	-0.226252	0.387656	1.23311
4.082	0.13808	1.54102	-1.94638	-1.77556	-0.226252	0.387656	1.23311
4.095	0.13742	1.54046	-1.94646	-1.77657	-0.226254	0.387654	1.23311
4.108	0.136743	1.53995	-1.94649	-1.77766	-0.226252	0.387652	1.23311
4.121	0.136065	1.53943	-1.94655	-1.77869	-0.226252	0.387652	1.23311
4.134	0.135366	1.53888	-1.94662	-1.77971	-0.226252	0.38765	1.23311
4.147	0.134722	1.53835	-1.94668	-1.78084	-0.226252	0.38765	1.23311
4.16	0.134722	1.53835	-1.94668	-1.78084	-0.226252	0.38765	1.23311
4.173	0.134116	1.53787	-1.94678	-1.78201	-0.226252	0.38765	1.23311
4.186	0.133454	1.53738	-1.94689	-1.7831	-0.226252	0.38765	1.23311
4.199	0.13272	1.53689	-1.94705	-1.78413	-0.226252	0.38765	1.23311
4.212	0.132025	1.53638	-1.94724	-1.78524	-0.226252	0.38765	1.23311
4.225	0.131342	1.53586	-1.94736	-1.78638	-0.226252	0.38765	1.23311
4.238	0.130673	1.53527	-1.94745	-1.78747	-0.226252	0.387649	1.23311
4.251	0.130035	1.53471	-1.94749	-1.78857	-0.226252	0.387649	1.23311
4.264	0.129423	1.53414	-1.9475	-1.78972	-0.226252	0.387649	1.23311
4.277	0.128827	1.53361	-1.94753	-1.79085	-0.226252	0.387649	1.23311
4.29	0.128827	1.53361	-1.94753	-1.79085	-0.226252	0.387649	1.23311
4.303	0.128238	1.53306	-1.9476	-1.79195	-0.226252	0.387647	1.23311
4.316	0.127695	1.53253	-1.94764	-1.79315	-0.226252	0.387644	1.23311
4.329	0.127132	1.53193	-1.94764	-1.79435	-0.226252	0.387642	1.23311
4.342	0.126534	1.53136	-1.94764	-1.79542	-0.226252	0.38764	1.23311
4.355	0.125977	1.53077	-1.94769	-1.79663	-0.226252	0.387637	1.23311
4.368	0.12549	1.53024	-1.94772	-1.79792	-0.226252	0.387635	1.23311
4.381	0.124995	1.5297	-1.94774	-1.79915	-0.226252	0.387632	1.23311
4.394	0.124451	1.52917	-1.94778	-1.80039	-0.226252	0.387628	1.23311
4.407	0.123943	1.52865	-1.94782	-1.80166	-0.226252	0.387623	1.23311
4.42	0.123462	1.52814	-1.94783	-1.80291	-0.226252	0.387618	1.23311
4.433	0.123462	1.52814	-1.94783	-1.80291	-0.226252	0.387618	1.23311
4.446	0.123001	1.52753	-1.94783	-1.80422	-0.226254	0.387613	1.23311
4.459	0.122523	1.52703	-1.94783	-1.80551	-0.226252	0.38761	1.23311
4.472	0.122005	1.5265	-1.9479	-1.80677	-0.226252	0.387606	1.23311
4.485	0.121492	1.52602	-1.94796	-1.80805	-0.226252	0.387603	1.23311
4.498	0.121036	1.52557	-1.94799	-1.80941	-0.226252	0.387601	1.23311
4.511	0.12054	1.52515	-1.94804	-1.81071	-0.226252	0.387599	1.23311
4.524	0.120006	1.52472	-1.94808	-1.81203	-0.226252	0.387596	1.23311
4.537	0.119498	1.52431	-1.9481	-1.81334	-0.226252	0.387594	1.23311
4.55	0.118979	1.52386	-1.94816	-1.8146	-0.226252	0.387591	1.23311
4.563	0.118979	1.52386	-1.94816	-1.8146	-0.226252	0.387591	1.23311
4.576	0.11844	1.52334	-1.9482	-1.81584	-0.226252	0.387587	1.23311
4.589	0.117941	1.52285	-1.94824	-1.81712	-0.226252	0.387586	1.23311
4.602	0.11742	1.52238	-1.9483	-1.81847	-0.226254	0.387584	1.23311
4.615	0.116823	1.52197	-1.94838	-1.81979	-0.226252	0.387581	1.23311
4.628	0.116181	1.52154	-1.94845	-1.82116	-0.226252	0.387577	1.23311
4.641	0.11555	1.52111	-1.94852	-1.82248	-0.226252	0.387574	1.23311
4.654	0.114913	1.52065	-1.94858	-1.82383	-0.226254	0.387567	1.23311
4.667	0.11427	1.52021	-1.94865	-1.82526	-0.226252	0.387562	1.23311
4.68	0.113631	1.51978	-1.94868	-1.82661	-0.226252	0.387555	1.23311
4.693	0.112942	1.51931	-1.94872	-1.82805	-0.226252	0.387538	1.23311
4.706	0.112942	1.51931	-1.94872	-1.82805	-0.226252	0.387538	1.23311
4.719	0.112286	1.5189	-1.94875	-1.82943	-0.226254	0.387494	1.23311
4.732	0.111569	1.51846	-1.9488	-1.83079	-0.226254	0.387437	1.23311
4.745	0.110807	1.51804	-1.9489	-1.83217	-0.226254	0.387366	1.23311
4.758	0.11011	1.51764	-1.94897	-1.83354	-0.226254	0.387267	1.23311
4.771	0.109386	1.51717	-1.949	-1.83495	-0.226254	0.387212	1.23311
4.784	0.108656	1.51668	-1.94903	-1.83643	-0.226254	0.387182	1.23311
4.797	0.107947	1.51619	-1.94906	-1.83785	-0.226254	0.387139	1.23311
4.81	0.107218	1.51567	-1.94913	-1.83928	-0.226252	0.387078	1.23311
4.823	0.106532	1.51519	-1.9492	-1.84073	-0.226252	0.387025	1.23311
4.836	0.105896	1.51468	-1.94928	-1.84211	-0.226252	0.386986	1.23311
4.849	0.105896	1.51468	-1.94928	-1.84211	-0.226252	0.386986	1.23311
4.862	0.105218	1.51415	-1.94938	-1.8435	-0.226252	0.386938	1.23311
4.875	0.104523	1.51363	-1.94953	-1.84484	-0.226252	0.386856	1.23311
4.888	0.103802	1.51312	-1.94968	-1.84605	-0.226252	0.386715	1.23311
4.901	0.103086	1.51252	-1.94981	-1.84733	-0.226252	0.386444	1.23311
4.914	0.102471	1.51192	-1.94992	-1.8486	-0.226254	0.386093	1.23311
4.927	0.101875	1.51129	-1.95007	-1.84992	-0.226252	0.385794	1.23312
4.94	0.101272	1.51065	-1.95024	-1.85128	-0.226254	0.385423	1.23312
4.953	0.100683	1.51008	-1.95043	-1.85265	-0.226254	0.384932	1.23312
4.966	0.100056	1.50947	-1.95065	-1.85406	-0.226254	0.384	1.23312
4.979	0.100056	1.50947	-1.95065	-1.85406	-0.226254	0.384	1.23312
4.992	0.0994569	1.50887	-1.9509	-1.8555	-0.226254	0.382829	1.23312
5.005	0.0988356	1.50824	-1.95112	-1.85702	-0.226254	0.38199	1.23312
5.018	0.0982143	1.50756	-1.9513	-1.85844	-0.226254	0.381421	1.23312
5.031	0.0975995	1.5069	-1.95147	-1.85999	-0.226254	0.38072	1.23312
5.044	0.0969769	1.50626	-1.95162	-1.8615	-0.226252	0.379485	1.23312
5.057	0.0963288	1.50567	-1.95176	-1.86294	-0.226254	0.378268	1.23312
5.07	0.095673	1.50506	-1.95188	-1.86449	-0.226254	0.377269	1.23312
5.083	0.0950211	1.50446	-1.95201	-1.86598	-0.226254	0.375774	1.23312
5.096	0.0943244	1.50377	-1.95215	-1.86749	-0.226254	0.373945	1.23312
5.109	0.0936508	1.50313	-1.9522	-1.86894	-0.226254	0.372227	1.23312
5.122	0.0936508	1.50313	-1.9522	-1.86894	-0.226254	0.372227	1.23312
5.135	0.0928902	1.50249	-1.95233	-1.87033	-0.226254	0.370022	1.23312
5.148	0.0920733	1.50187	-1.95248	-1.87177	-0.226254	0.368096	1.23312
5.161	0.091222	1.50127	-1.95264	-1.87316	-0.226254	0.366098	1.23312
5.174	0.0903974	1.50062	-1.95287	-1.87457	-0.226254	0.364724	1.23312
5.187	0.0895947	1.50002	-1.95303	-1.87602	-0.226254	0.363182	1.23313
5.2	0.088774	1.4994	-1.95315	-1.8774	-0.226254	0.362234	1.23313
5.213	0.0879341	1.49879	-1.95324	-1.87874	-0.226254	0.361687	1.23313
5.226	0.0871275	1.49821	-1.95336	-1.8801	-0.226254	0.361102	1.23313
5.239	0.086358	1.49761	-1.95352	-1.8814	-0.226254	0.360122	1.23313
5.252	0.086358	1.49761	-1.95352	-1.8814	-0.226254	0.360122	1.23313
5.265	0.0855692	1.49696	-1.95365	-1.88271	-0.226254	0.359078	1.23313
5.278	0.0847805	1.49637	-1.95384	-1.88404	-0.226254	0.358203	1.23313
5.291	0.0839701	1.4958	-1.9541	-1.88532	-0.226256	0.357373	1.23313
5.304	0.0831123	1.49522	-1.95438	-1.88668	-0.226256	0.355722	1.23313
5.317	0.0823261	1.49467	-1.95464	-1.888	-0.226256	0.353946	1.23313
5.33	0.0815042	1.49416	-1.95494	-1.88935	-0.226256	0.351948	1.23313
5.343	0.080681	1.49367	-1.95522	-1.89072	-0.226256	0.349742	1.23313
5.356	0.0798462	1.49319	-1.95539	-1.89217	-0.226256	0.347496	1.23313
5.369	0.0789897	1.49262	-1.95554	-1.89361	-0.226256	0.345778	1.23313
5.382	0.078178	1.4921	-1.95563	-1.89512	-0.226258	0.344271	1.23313
5.395	0.078178	1.4921	-1.95563	-1.89512	-0.226258	0.344271	1.23313
5.408	0.0772755	1.49163	-1.95575	-1.89662	-0.22626	0.343003	1.23313
5.421	0.0763462	1.49124	-1.95594	-1.89806	-0.226258	0.342456	1.23313
5.434	0.075358	1.49087	-1.95612	-1.89958	-0.22626	0.342064	1.23313
5.447	0.0743891	1.49054	-1.95634	-1.90104	-0.22626	0.34159	1.23314
5.46	0.07336	1.49024	-1.95654	-1.90256	-0.22626	0.340596	1.23314
5.473	0.0723233	1.49001	-1.95678	-1.90401	-0.22626	0.3394	1.23314
5.486	0.0712201	1.48978	-1.95701	-1.90538	-0.22626	0.338495	1.23314
5.499	0.0701668	1.48957	-1.95725	-1.90686	-0.22626	0.337682	1.23313
5.512	0.0690444	1.48939	-1.95751	-1.90832	-0.22626	0.336182	1.23313
5.525	0.0690444	1.48939	-1.95751	-1.90832	-0.22626	0.336182	1.23313
5.538	0.0679067	1.48921	-1.95785	-1.90977	-0.226262	0.334559	1.23313
5.551	0.0667767	1.48911	-1.95816	-1.9113	-0.226268	0.332962	1.23313
5.564	0.0655239	1.48899	-1.95846	-1.91289	-0.226272	0.330886	1.23313
5.577	0.064261	1.48886	-1.95881	-1.91443	-0.226285	0.329283	1.23313
5.59	0.0629443	1.48873	-1.95919	-1.91597	-0.226328	0.327406	1.23314
5.603	0.0615829	1.48847	-1.95949	-1.91742	-0.226405	0.326279	1.23314
5.616	0.0602637	1.4882	-1.95971	-1.91884	-0.226561	0.32533	1.23314
5.629	0.0588217	1.48798	-1.95991	-1.92032	-0.22679	0.324224	1.23314
5.642	0.0572929	1.48782	-1.96015	-1.92175	-0.226966	0.323528	1.23314
5.655	0.0558023	1.48777	-1.96046	-1.92317	-0.227047	0.323131	1.23314
5.668	0.0558023	1.48777	-1.96046	-1.92317	-0.227047	0.323131	1.23314
5.681	0.0542236	1.48771	-1.96077	-1.92454	-0.227058	0.322785	1.23314
5.694	0.0525695	1.48767	-1.9611	-1.92592	-0.22706	0.322216	1.23314
5.707	0.0509192	1.48766	-1.96142	-1.92726	-0.227058	0.321071	1.23314
5.72	0.0492254	1.48764	-1.9617	-1.92852	-0.227056	0.319342	1.23314
5.733	0.0475636	1.48761	-1.96203	-1.92978	-0.227058	0.31766	1.23314
5.746	0.0459312	1.48761	-1.96235	-1.93109	-0.227058	0.3151	1.23314
5.759	0.04424	1.4876	-1.96273	-1.93234	-0.227058	0.312434	1.23314
5.772	0.0425577	1.48759	-1.96316	-1.93357	-0.22706	0.309516	1.23314
5.785	0.0407936	1.48758	-1.9635	-1.93479	-0.227062	0.306511	1.23314
5.798	0.0407936	1.48758	-1.9635	-1.93479	-0.227062	0.306511	1.23314
5.811	0.0390692	1.48751	-1.96383	-1.93597	-0.227064	0.30376	1.23314
5.824	0.037231	1.48746	-1.96406	-1.93713	-0.227066	0.301482	1.23314
5.837	0.0354656	1.48741	-1.96434	-1.93835	-0.227064	0.299032	1.23314
5.85	0.0336057	1.48739	-1.96456	-1.9395	-0.227064	0.296592	1.23314
5.863	0.0317559	1.48736	-1.96481	-1.94064	-0.227064	0.294166	1.23314
5.876	0.0299126	1.48734	-1.96501	-1.94185	-0.227064	0.291432	1.23314
5.889	0.0280884	1.4873	-1.96527	-1.94305	-0.227064	0.289048	1.23314
5.902	0.0262655	1.48725	-1.96553	-1.9442	-0.227064	0.286963	1.23314
5.915	0.0244222	1.48719	-1.96578	-1.94539	-0.227064	0.285252	1.23314
5.928	0.022653	1.48712	-1.96606	-1.94656	-0.227064	0.283897	1.23314
5.941	0.022653	1.48712	-1.96606	-1.94656	-0.227064	0.283897	1.23314
5.954	0.0208353	1.48703	-1.96634	-1.94768	-0.227062	0.283275	1.23314
5.967	0.0190137	1.48692	-1.96674	-1.94881	-0.227064	0.282774	1.23314
5.98	0.0171192	1.48682	-1.96716	-1.94992	-0.227062	0.281968	1.23314
5.993	0.0153462	1.48666	-1.96765	-1.95102	-0.227062	0.280696	1.23315
6.006	0.0135386	1.48646	-1.9681	-1.95201	-0.227062	0.279408	1.23314
6.019	0.0118525	1.48623	-1.96864	-1.95301	-0.227062	0.277748	1.23314
6.032	0.0101115	1.486	-1.96916	-1.95399	-0.227062	0.275455	1.23314
6.045	0.00845732	1.48579	-1.96975	-1.95494	-0.227062	0.272829	1.23314
6.058	0.00677633	1.48554	-1.97035	-1.95586	-0.227062	0.269916	1.23314
6.071	0.00677633	1.48554	-1.97035	-1.95586	-0.227062	0.269916	1.23314
6.084	0.00511324	1.48529	-1.97096	-1.9568	-0.227064	0.266955	1.23314
6.097	0.00349617	1.48502	-1.97151	-1.95781	-0.227064	0.264226	1.23314
6.11	0.00181136	1.48473	-1.97199	-1.9588	-0.227064	0.262041	1.23315
6.123	0.000140586	1.48441	-1.97252	-1.95968	-0.227064	0.259662	1.23314
6.136	-0.0016209	1.48399	-1.97293	-1.96067	-0.227064	0.257112	1.23314
6.149	-0.00332874	1.48359	-1.97332	-1.96163	-0.227066	0.254441	1.23314
6.162	-0.0051005	1.48321	-1.97373	-1.9626	-0.227072	0.251525	1.23314
6.175	-0.00690546	1.48288	-1.97415	-1.96343	-0.227076	0.248767	1.23314
6.188	-0.00868233	1.48253	-1.97468	-1.96428	-0.227078	0.246436	1.23314
6.201	-0.0104592	1.48225	-1.97513	-1.96511	-0.227086	0.244084	1.23314
6.214	-0.0104592	1.48225	-1.97513	-1.96511	-0.227086	0.244084	1.23314
6.227	-0.0121351	1.48192	-1.97555	-1.96598	-0.227095	0.242113	1.23314
6.24	-0.0139426	1.4816	-1.97588	-1.96684	-0.227099	0.24017	1.23314
6.253	-0.0157208	1.48131	-1.97626	-1.96767	-0.227099	0.238394	1.23314
6.266	-0.0175897	1.48099	-1.97661	-1.96852	-0.227099	0.236323	1.23314
6.279	-0.0193691	1.48068	-1.97698	-1.96948	-0.227099	0.234379	1.23314
6.292	-0.0212226	1.48033	-1.97729	-1.97048	-0.227099	0.232211	1.23314
6.305	-0.0230212	1.47999	-1.97758	-1.9714	-0.227099	0.230203	1.23314
6.318	-0.0248799	1.4796	-1.97784	-1.97234	-0.227101	0.228483	1.23314
6.331	-0.0267296	1.47928	-1.97807	-1.97333	-0.227099	0.227454	1.23314
6.344	-0.0285078	1.47899	-1.97845	-1.97435	-0.227099	0.226107	1.23314
6.357	-0.0285078	1.47899	-1.97845	-1.97435	-0.227099	0.226107	1.23314
6.37	-0.0303255	1.47874	-1.97888	-1.97528	-0.227099	0.224963	1.23314
6.383	-0.0320717	1.47842	-1.97927	-1.97624	-0.227097	0.224253	1.23314
6.396	-0.0339048	1.47805	-1.97954	-1.97719	-0.227097	0.223281	1.23314
6.409	-0.0356523	1.47762	-1.97986	-1.97819	-0.227097	0.221531	1.23314
6.422	-0.0374547	1.47712	-1.98017	-1.97911	-0.227097	0.219804	1.23314
6.435	-0.0391996	1.47662	-1.98059	-1.98005	-0.227097	0.217331	1.23314
6.448	-0.0410199	1.4761	-1.98094	-1.981	-0.227097	0.214817	1.23314
6.461	-0.0427635	1.47557	-1.98134	-1.98196	-0.227097	0.211964	1.23314
6.474	-0.0445557	1.47503	-1.98168	-1.9829	-0.227097	0.209134	1.23314
6.487	-0.0445557	1.47503	-1.98168	-1.9829	-0.227097	0.209134	1.23314
6.5	-0.0463722	1.47449	-1.98206	-1.98379	-0.227097	0.206847	1.23314
6.513	-0.0481568	1.47394	-1.98248	-1.98467	-0.227097	0.204611	1.23314
6.526	-0.0500052	1.4734	-1.98286	-1.98552	-0.227097	0.202491	1.23314
6.539	-0.0517846	1.47275	-1.98312	-1.98633	-0.227099	0.200479	1.23314
6.552	-0.0536548	1.47215	-1.98326	-1.98707	-0.227101	0.198182	1.23314
6.565	-0.0554483	1.4715	-1.98351	-1.98782	-0.227107	0.195773	1.23314
6.578	-0.0573121	1.4709	-1.98369	-1.98856	-0.227121	0.192876	1.23314
6.591	-0.0591247	1.47031	-1.98396	-1.98935	-0.22717	0.190026	1.23314
6.604	-0.0610409	1.46972	-1.98417	-1.99012	-0.22732	0.187623	1.23314
6.617	-0.0628779	1.46912	-1.98445	-1.99086	-0.22759	0.185208	1.23314
6.63	-0.0628779	1.46912	-1.98445	-1.99086	-0.22759	0.185208	1.23314
6.643	-0.0647851	1.46843	-1.98463	-1.99158	-0.227923	0.182983	1.23314
6.656	-0.0666642	1.46777	-1.98481	-1.9923	-0.228234	0.180708	1.23314
6.669	-0.0686009	1.46714	-1.98502	-1.99304	-0.228598	0.178066	1.23314
6.682	-0.0704979	1.46656	-1.98523	-1.99372	-0.228939	0.175327	1.23314
6.695	-0.0724167	1.46598	-1.98547	-1.99435	-0.229211	0.172329	1.23314
6.708	-0.074306	1.4654	-1.98572	-1.99497	-0.229549	0.169399	1.23314
6.721	-0.076258	1.46478	-1.98593	-1.99562	-0.230007	0.166982	1.23314
6.734	-0.078164	1.46413	-1.98612	-1.99623	-0.230514	0.164893	1.23314
6.747	-0.0801722	1.46349	-1.98633	-1.99691	-0.231085	0.162561	1.23314
6.76	-0.0801722	1.46349	-1.98633	-1.99691	-0.231085	0.162561	1.23314
6.773	-0.0821447	1.46288	-1.9866	-1.99752	-0.231615	0.160308	1.23314
6.786	-0.0842015	1.46219	-1.98677	-1.99819	-0.232046	0.15753	1.23314
6.799	-0.0863145	1.4615	-1.98691	-1.99878	-0.232461	0.1547	1.23314
6.812	-0.0884621	1.46076	-1.98707	-1.99932	-0.232666	0.151886	1.23314
6.825	-0.0905585	1.46001	-1.98729	-1.9998	-0.23275	0.149096	1.23314
6.838	-0.0927151	1.45927	-1.98752	-2.00029	-0.23286	0.146381	1.23314
6.851	-0.0948422	1.4585	-1.98776	-2.0007	-0.233091	0.144063	1.23314
6.864	-0.0970153	1.45769	-1.98795	-2.00102	-0.233384	0.141484	1.23314
6.877	-0.0991974	1.45687	-1.98818	-2.0013	-0.233705	0.138607	1.23314
6.89	-0.101431	1.45605	-1.98839	-2.00152	-0.234067	0.135866	1.23314
6.903	-0.101431	1.45605	-1.98839	-2.00152	-0.234067	0.135866	1.23314
6.916	-0.103692	1.45523	-1.9886	-2.00173	-0.234478	0.13325	1.23314
6.929	-0.105979	1.45442	-1.98883	-2.0019	-0.234914	0.130688	1.23314
6.942	-0.108293	1.45357	-1.98901	-2.00205	-0.235319	0.128773	1.23314
6.955	-0.110545	1.45276	-1.98912	-2.00211	-0.235746	0.126671	1.23315
6.968	-0.112872	1.45194	-1.98924	-2.00217	-0.236114	0.124828	1.23314
6.981	-0.115112	1.45114	-1.98942	-2.00218	-0.236458	0.122325	1.23314
6.994	-0.117403	1.45039	-1.98955	-2.00221	-0.236851	0.119623	1.23314
7.007	-0.119743	1.44957	-1.98969	-2.00234	-0.237288	0.11685	1.23314
7.02	-0.122028	1.44874	-1.98979	-2.00243	-0.237732	0.113925	1.23314
7.033	-0.122028	1.44874	-1.98979	-2.00243	-0.237732	0.113925	1.23314
7.046	-0.124376	1.44793	-1.98993	-2.00252	-0.238178	0.111047	1.23314
7.059	-0.126674	1.44716	-1.99014	-2.00254	-0.238497	0.108597	1.23314
7.072	-0.128967	1.44646	-1.99039	-2.00252	-0.238732	0.106278	1.23314
7.085	-0.131228	1.44572	-1.99063	-2.00253	-0.238947	0.103989	1.23314
7.098	-0.133433	1.445	-1.99082	-2.00252	-0.239164	0.101756	1.23314
7.111	-0.135651	1.44425	-1.99096	-2.00252	-0.239405	0.0989639	1.23314
7.124	-0.137844	1.44355	-1.99115	-2.00252	-0.239755	0.096138	1.23314
7.137	-0.140125	1.44284	-1.99133	-2.00252	-0.240217	0.0931876	1.23314
7.15	-0.142319	1.44218	-1.99154	-2.00252	-0.240771	0.0903208	1.23314
7.163	-0.144619	1.4415	-1.99171	-2.00253	-0.24133	0.0877437	1.23314
7.176	-0.144619	1.4415	-1.99171	-2.00253	-0.24133	0.0877437	1.23314
7.189	-0.146877	1.44086	-1.99188	-2.00254	-0.241733	0.0857972	1.23314
7.202	-0.149112	1.44024	-1.99206	-2.00254	-0.242003	0.0834792	1.23314
7.215	-0.151459	1.43965	-1.99224	-2.00254	-0.242226	0.0812072	1.23314
7.228	-0.153737	1.43906	-1.99244	-2.00254	-0.242443	0.0783881	1.23314
7.241	-0.156072	1.43847	-1.9926	-2.00253	-0.242729	0.0753338	1.23314
7.254	-0.158403	1.43783	-1.99275	-2.00253	-0.243054	0.0726305	1.23314
7.267	-0.160773	1.43719	-1.99291	-2.00253	-0.243295	0.0705818	1.23314
7.28	-0.163157	1.43653	-1.99313	-2.00253	-0.243422	0.0686405	1.23314
7.293	-0.165496	1.43591	-1.99337	-2.00252	-0.243441	0.0670554	1.23314
7.306	-0.165496	1.43591	-1.99337	-2.00252	-0.243441	0.0670554	1.23314
7.319	-0.167843	1.43533	-1.99364	-2.00252	-0.243443	0.0650902	1.23314
7.332	-0.170121	1.43476	-1.99397	-2.00251	-0.243443	0.0628011	1.23315
7.345	-0.172458	1.4342	-1.99432	-2.00251	-0.243443	0.0599991	1.23314
7.358	-0.174786	1.43353	-1.99466	-2.00251	-0.243441	0.0570777	1.23314
7.371	-0.177067	1.43289	-1.99495	-2.00249	-0.243439	0.0540813	1.23314
7.384	-0.179398	1.43224	-1.99524	-2.00248	-0.243439	0.051269	1.23314
7.397	-0.18165	1.43165	-1.99557	-2.00248	-0.243437	0.04883	1.23315
7.41	-0.183979	1.43107	-1.99593	-2.00247	-0.243437	0.0467438	1.23315
7.423	-0.186229	1.4305	-1.99635	-2.00247	-0.243437	0.0440593	1.23314
7.436	-0.188424	1.42994	-1.9967	-2.00246	-0.243437	0.041155	1.23314
7.449	-0.188424	1.42994	-1.9967	-2.00246	-0.243437	0.041155	1.23314
7.462	-0.190644	1.42929	-1.99701	-2.00246	-0.243437	0.0380768	1.23314
7.475	-0.192823	1.42873	-1.9973	-2.00244	-0.243439	0.0348622	1.23314
7.488	-0.195094	1.42815	-1.99763	-2.00241	-0.243439	0.0317449	1.23314
7.501	-0.197353	1.42765	-1.99801	-2.00239	-0.243443	0.0289138	1.23315
7.514	-0.199657	1.42718	-1.99843	-2.00238	-0.243473	0.0264185	1.23315
7.527	-0.201927	1.42673	-1.99882	-2.00238	-0.243492	0.0236318	1.23314
7.54	-0.204195	1.42627	-1.9991	-2.00235	-0.243535	0.0204514	1.23314
7.553	-0.206475	1.42585	-1.99928	-2.00229	-0.243655	0.0172402	1.23314
7.566	-0.20871	1.42539	-1.99946	-2.00218	-0.243872	0.0142609	1.23314
7.579	-0.20871	1.42539	-1.99946	-2.00218	-0.243872	0.0142609	1.23314
7.592	-0.211014	1.42491	-1.99954	-2.00204	-0.244171	0.0116156	1.23314
7.605	-0.213272	1.42446	-1.99966	-2.00186	-0.24442	0.00904194	1.23314
7.618	-0.215556	1.42407	-1.99978	-2.00164	-0.244551	0.00688244	1.23314
7.631	-0.217916	1.42369	-1.99992	-2.00138	-0.244574	0.00449625	1.23314
7.644	-0.220221	1.42331	-2.00011	-2.00111	-0.244586	0.00213902	1.23314
7.657	-0.222605	1.42293	-2.00024	-2.00081	-0.244608	-0.000250559	1.23314
7.67	-0.224939	1.42258	-2.00034	-2.00046	-0.244639	-0.00292138	1.23314
7.683	-0.227289	1.42226	-2.00041	-2.00009	-0.24466	-0.00507407	1.23314
7.696	-0.229651	1.42192	-2.0005	-1.99969	-0.244666	-0.00704609	1.23314
7.709	-0.231966	1.42159	-2.00065	-1.99928	-0.244668	-0.00845223	1.23314
7.722	-0.231966	1.42159	-2.00065	-1.99928	-0.244668	-0.00845223	1.23314
7.735	-0.234324	1.42121	-2.0008	-1.99891	-0.24467	-0.0101873	1.23314
7.748	-0.236666	1.42083	-2.00093	-1.99852	-0.244668	-0.0114316	1.23314
7.761	-0.239073	1.42046	-2.00104	-1.99815	-0.244668	-0.012986	1.23314
7.774	-0.241482	1.42007	-2.00123	-1.99774	-0.244668	-0.0154387	1.23314
7.787	-0.243825	1.4197	-2.00146	-1.99728	-0.244668	-0.0186992	1.23314
7.8	-0.246182	1.41932	-2.00168	-1.99683	-0.24467	-0.022212	1.23314
7.813	-0.248552	1.41893	-2.00197	-1.9964	-0.244672	-0.025447	1.23314
7.826	-0.251	1.41853	-2.0023	-1.99595	-0.244672	-0.0281144	1.23314
7.839	-0.25344	1.41807	-2.00261	-1.99548	-0.244672	-0.0309438	1.23314
7.852	-0.25344	1.41807	-2.00261	-1.99548	-0.244672	-0.0309438	1.23314
7.865	-0.255841	1.41758	-2.0029	-1.99497	-0.244672	-0.0339453	1.23314
7.878	-0.258326	1.41709	-2.00309	-1.99444	-0.244672	-0.0372723	1.23314
7.891	-0.260818	1.41657	-2.00329	-1.9939	-0.244672	-0.0408107	1.23314
7.904	-0.263378	1.4161	-2.00345	-1.9933	-0.244672	-0.0442894	1.23314
7.917	-0.265972	1.41562	-2.00361	-1.99264	-0.244674	-0.0472551	1.23314
7.93	-0.268565	1.41514	-2.00382	-1.99192	-0.244672	-0.0499174	1.23314
7.943	-0.271163	1.41463	-2.004	-1.99116	-0.244672	-0.0520343	1.23314
7.956	-0.273726	1.41402	-2.0042	-1.99035	-0.244674	-0.0543762	1.23314
7.969	-0.276304	1.41344	-2.00437	-1.98952	-0.244674	-0.0566959	1.23314
7.982	-0.278915	1.41284	-2.00457	-1.98866	-0.244674	-0.0588486	1.23314
7.995	-0.278915	1.41284	-2.00457	-1.98866	-0.244674	-0.0588486	1.23314
8.008	-0.28158	1.41226	-2.00482	-1.98777	-0.244672	-0.0606723	1.23314
8.021	-0.284247	1.41167	-2.00511	-1.98681	-0.244672	-0.0620717	1.23314
8.034	-0.286838	1.41113	-2.00542	-1.98581	-0.244672	-0.062929	1.23314
8.047	-0.289422	1.41058	-2.00572	-1.98481	-0.244672	-0.0639193	1.23314
8.06	-0.291982	1.40998	-2.00608	-1.98376	-0.244672	-0.064855	1.23314
8.073	-0.294533	1.40936	-2.00643	-1.98269	-0.244672	-0.0652214	1.23314
8.086	-0.297057	1.40871	-2.00675	-1.98167	-0.244672	-0.0655095	1.23314
8.099	-0.299474	1.40811	-2.00711	-1.9806	-0.244672	-0.0658538	1.23314
8.112	-0.301955	1.40751	-2.0074	-1.97945	-0.244672	-0.0663003	1.23313
8.125	-0.304357	1.40692	-2.00775	-1.97828	-0.244672	-0.0670162	1.23314
8.138	-0.304357	1.40692	-2.00775	-1.97828	-0.244672	-0.0670162	1.23314
8.151	-0.306666	1.40636	-2.00811	-1.97712	-0.244672	-0.0685178	1.23314
8.164	-0.309057	1.40574	-2.00845	-1.97592	-0.244672	-0.0701438	1.23314
8.177	-0.311393	1.40513	-2.00877	-1.97474	-0.244672	-0.0720408	1.23314
8.19	-0.313783	1.40458	-2.00903	-1.97362	-0.244672	-0.0743998	1.23314
8.203	-0.316175	1.40406	-2.00928	-1.97252	-0.244672	-0.0771729	1.23313
8.216	-0.31854	1.40357	-2.00952	-1.9714	-0.244672	-0.0799408	1.23313
8.229	-0.321005	1.40308	-2.00976	-1.97036	-0.244672	-0.0824208	1.23313
8.242	-0.323446	1.40268	-2.00998	-1.96935	-0.244672	-0.0844303	1.23313
8.255	-0.325869	1.40228	-2.01013	-1.96824	-0.244674	-0.0857614	1.23313
8.268	-0.325869	1.40228	-2.01013	-1.96824	-0.244674	-0.0857614	1.23313
8.281	-0.328308	1.40187	-2.01017	-1.96709	-0.244672	-0.0866205	1.23313
8.294	-0.330703	1.40146	-2.0102	-1.96599	-0.244672	-0.0874624	1.23313
8.307	-0.333137	1.40108	-2.01021	-1.9649	-0.244674	-0.0881425	1.23313
8.32	-0.335585	1.40069	-2.01024	-1.96382	-0.244672	-0.0883096	1.23313
8.333	-0.338018	1.40029	-2.01026	-1.96287	-0.244672	-0.0883181	1.23313
8.346	-0.340444	1.39993	-2.01026	-1.96202	-0.244672	-0.0883181	1.23313
8.359	-0.342833	1.39956	-2.01028	-1.96121	-0.244672	-0.0883198	1.23313
8.372	-0.345166	1.39916	-2.01029	-1.96042	-0.244672	-0.0883215	1.23313
8.385	-0.347456	1.39871	-2.01028	-1.9597	-0.244672	-0.0883232	1.23313
8.398	-0.34968	1.3983	-2.01031	-1.95906	-0.244672	-0.0883283	1.23313
8.411	-0.34968	1.3983	-2.01031	-1.95906	-0.244672	-0.0883283	1.23313
8.424	-0.351838	1.39786	-2.01036	-1.95851	-0.244672	-0.0883385	1.23313
8.437	-0.353898	1.39747	-2.01043	-1.95793	-0.244672	-0.0883453	1.23313
8.45	-0.355983	1.39705	-2.01049	-1.95731	-0.244672	-0.0883505	1.23313
8.463	-0.357999	1.39662	-2.0106	-1.95658	-0.24467	-0.0884016	1.23313
8.476	-0.360002	1.39618	-2.01076	-1.9558	-0.24467	-0.08893	1.23313
8.489	-0.361918	1.39572	-2.01093	-1.95502	-0.24467	-0.089656	1.23313
8.502	-0.363836	1.39528	-2.01103	-1.95425	-0.24467	-0.090423	1.23313
8.515	-0.365716	1.39478	-2.01114	-1.95346	-0.24467	-0.0917934	1.23313
8.528	-0.367639	1.39426	-2.01118	-1.95256	-0.24467	-0.0936154	1.23313
8.541	-0.367639	1.39426	-2.01118	-1.95256	-0.24467	-0.0936154	1.23313
8.554	-0.369537	1.39375	-2.01129	-1.95168	-0.24467	-0.0957238	1.23313
8.567	-0.37148	1.39327	-2.01138	-1.95083	-0.244672	-0.0980043	1.23313
8.58	-0.373423	1.39286	-2.01148	-1.95001	-0.244672	-0.100131	1.23313
8.593	-0.375435	1.39245	-2.0115	-1.94917	-0.244672	-0.101788	1.23313
8.606	-0.377417	1.39209	-2.01155	-1.94827	-0.244672	-0.103008	1.23313
8.619	-0.379476	1.39174	-2.01159	-1.94735	-0.244672	-0.104203	1.23313
8.632	-0.381481	1.39141	-2.01165	-1.94644	-0.244672	-0.104527	1.23313
8.645	-0.383461	1.39108	-2.01171	-1.94555	-0.244672	-0.104525	1.23313
8.658	-0.385423	1.39073	-2.01178	-1.94459	-0.244672	-0.104525	1.23313
8.671	-0.387416	1.39027	-2.01184	-1.94361	-0.244672	-0.104525	1.23313
8.684	-0.387416	1.39027	-2.01184	-1.94361	-0.244672	-0.104525	1.23313
8.697	-0.38935	1.3898	-2.0119	-1.94264	-0.244672	-0.104525	1.23313
8.71	-0.391298	1.38935	-2.01203	-1.94162	-0.244672	-0.104527	1.23313
8.723	-0.393223	1.38893	-2.01225	-1.94054	-0.244672	-0.104527	1.23313
8.736	-0.395224	1.38851	-2.01246	-1.93947	-0.244672	-0.104529	1.23313
8.749	-0.397103	1.38812	-2.01273	-1.93843	-0.244672	-0.104536	1.23313
8.762	-0.398992	1.38773	-2.01297	-1.93735	-0.244672	-0.104568	1.23313
8.775	-0.400824	1.38735	-2.01331	-1.93623	-0.244672	-0.104711	1.23313
8.788	-0.402675	1.38695	-2.01365	-1.93513	-0.24467	-0.105127	1.23313
8.801	-0.404458	1.38661	-2.01406	-1.93403	-0.244672	-0.105698	1.23313
8.814	-0.404458	1.38661	-2.01406	-1.93403	-0.244672	-0.105698	1.23313
8.827	-0.406291	1.3862	-2.01434	-1.93293	-0.244672	-0.106426	1.23313
8.84	-0.408091	1.38571	-2.01455	-1.93182	-0.244672	-0.107643	1.23313
8.853	-0.4099	1.38526	-2.01471	-1.9307	-0.244672	-0.108901	1.23313
8.866	-0.411668	1.38484	-2.01493	-1.9296	-0.244672	-0.109741	1.23313
8.879	-0.413476	1.38449	-2.01503	-1.92847	-0.244672	-0.110799	1.23313
8.892	-0.415306	1.38411	-2.01511	-1.92739	-0.244672	-0.112277	1.23313
8.905	-0.417071	1.38381	-2.01513	-1.92631	-0.244672	-0.113232	1.23313
8.918	-0.418878	1.38348	-2.01516	-1.92525	-0.244672	-0.113898	1.23313
8.931	-0.420585	1.38319	-2.01519	-1.92413	-0.244672	-0.11511	1.23313
8.944	-0.422311	1.38293	-2.01517	-1.92304	-0.244672	-0.116581	1.23313
8.957	-0.422311	1.38293	-2.01517	-1.92304	-0.244672	-0.116581	1.23313
8.97	-0.423946	1.38273	-2.01517	-1.92194	-0.244672	-0.117246	1.23313
8.983	-0.425614	1.38254	-2.01515	-1.92081	-0.24467	-0.117568	1.23313
8.996	-0.427243	1.38238	-2.01516	-1.91964	-0.24467	-0.117888	1.23313
9.009	-0.428785	1.38218	-2.01516	-1.91852	-0.24467	-0.118357	1.23313
9.022	-0.430347	1.38196	-2.01516	-1.91734	-0.24467	-0.119236	1.23313
9.035	-0.431891	1.38166	-2.01515	-1.91619	-0.24467	-0.120184	1.23313
9.048	-0.433433	1.38139	-2.01515	-1.91511	-0.24467	-0.120557	1.23313
9.061	-0.434923	1.38117	-2.01516	-1.91404	-0.24467	-0.120561	1.23313
9.074	-0.436451	1.38093	-2.01516	-1.91298	-0.24467	-0.120561	1.23313
9.087	-0.436451	1.38093	-2.01516	-1.91298	-0.24467	-0.120561	1.23313
9.1	-0.43805	1.38072	-2.01515	-1.91196	-0.24467	-0.120562	1.23313
9.113	-0.439543	1.38053	-2.01515	-1.91094	-0.24467	-0.120564	1.23313
9.126	-0.441014	1.38034	-2.01515	-1.90993	-0.24467	-0.120566	1.23313
9.139	-0.442463	1.38017	-2.01515	-1.90885	-0.24467	-0.120566	1.23313
9.152	-0.44388	1.37997	-2.01515	-1.9078	-0.24467	-0.120566	1.23313
9.165	-0.445307	1.37979	-2.01514	-1.90681	-0.24467	-0.120569	1.23313
9.178	-0.446659	1.37963	-2.01514	-1.90581	-0.24467	-0.120583	1.23313
9.191	-0.44797	1.37944	-2.01513	-1.90475	-0.24467	-0.120607	1.23313
9.204	-0.449277	1.37921	-2.01512	-1.90377	-0.24467	-0.120617	1.23313
9.217	-0.450444	1.37902	-2.01511	-1.90276	-0.244668	-0.120619	1.23313
9.23	-0.450444	1.37902	-2.01511	-1.90276	-0.244668	-0.120619	1.23313
9.243	-0.451619	1.37887	-2.0151	-1.90174	-0.244668	-0.12062	1.23313
9.256	-0.452759	1.37874	-2.0151	-1.9007	-0.244668	-0.120622	1.23313
9.269	-0.453873	1.37865	-2.0151	-1.89975	-0.244668	-0.120629	1.23313
9.282	-0.454965	1.37857	-2.01508	-1.89888	-0.244666	-0.120636	1.23313
9.295	-0.455986	1.37852	-2.01508	-1.89797	-0.244666	-0.120636	1.23313
9.308	-0.457021	1.37846	-2.01507	-1.89703	-0.244666	-0.120634	1.23313
9.321	-0.458063	1.37842	-2.01507	-1.89608	-0.244666	-0.120634	1.23313
9.334	-0.459042	1.3784	-2.01507	-1.89516	-0.244664	-0.120637	1.23313
9.347	-0.459915	1.3784	-2.01505	-1.8942	-0.244664	-0.120648	1.23313
9.36	-0.459915	1.3784	-2.01505	-1.8942	-0.244664	-0.120648	1.23313
9.373	-0.460796	1.3784	-2.01503	-1.89325	-0.244664	-0.120658	1.23313
9.386	-0.461635	1.3784	-2.01501	-1.8923	-0.244664	-0.120663	1.23313
9.399	-0.462458	1.3784	-2.01498	-1.89145	-0.244664	-0.120663	1.23313
9.412	-0.463193	1.3784	-2.01497	-1.89061	-0.244664	-0.12066	1.23313
9.425	-0.463895	1.3784	-2.01493	-1.88979	-0.244664	-0.120658	1.23313
9.438	-0.464593	1.3784	-2.01493	-1.88898	-0.244662	-0.120656	1.23313
9.451	-0.465245	1.37839	-2.01491	-1.88823	-0.244662	-0.120656	1.23313
9.464	-0.465862	1.37839	-2.01487	-1.88761	-0.244662	-0.120654	1.23313
9.477	-0.466481	1.37839	-2.01485	-1.88707	-0.244662	-0.120654	1.23313
9.49	-0.467057	1.37839	-2.01483	-1.88653	-0.244662	-0.120654	1.23313
9.503	-0.467057	1.37839	-2.01483	-1.88653	-0.244662	-0.120654	1.23313
9.516	-0.467583	1.37839	-2.01479	-1.88602	-0.24466	-0.120654	1.23313
9.529	-0.468132	1.37839	-2.01476	-1.8856	-0.24466	-0.120653	1.23313
9.542	-0.468703	1.37839	-2.01475	-1.88522	-0.24466	-0.120653	1.23313
9.555	-0.469269	1.37839	-2.0147	-1.88487	-0.24466	-0.120653	1.23313
9.568	-0.469787	1.37839	-2.01465	-1.88458	-0.24466	-0.120653	1.23313
9.581	-0.470266	1.37839	-2.01459	-1.88432	-0.24466	-0.120653	1.23313
9.594	-0.470698	1.37839	-2.01458	-1.88399	-0.24466	-0.120653	1.23313
9.607	-0.471076	1.37839	-2.01457	-1.88365	-0.24466	-0.120653	1.23313
9.62	-0.471385	1.37839	-2.01455	-1.88327	-0.24466	-0.120653	1.23313
9.633	-0.471385	1.37839	-2.01455	-1.88327	-0.24466	-0.120653	1.23313
9.646	-0.471663	1.37839	-2.01454	-1.8829	-0.24466	-0.120653	1.23313
9.659	-0.471927	1.37839	-2.01454	-1.88254	-0.244658	-0.120651	1.23313
9.672	-0.47225	1.37839	-2.01453	-1.88228	-0.24466	-0.120651	1.23313
9.685	-0.472614	1.37839	-2.01453	-1.88206	-0.244658	-0.120651	1.23313
9.698	-0.472995	1.37839	-2.01452	-1.88189	-0.244658	-0.120651	1.23313
9.711	-0.473391	1.37839	-2.01451	-1.88178	-0.244658	-0.120651	1.23313
9.724	-0.473747	1.37839	-2.01449	-1.8817	-0.244658	-0.120651	1.23313
9.737	-0.474111	1.37839	-2.01447	-1.88163	-0.244658	-0.120653	1.23313
9.75	-0.474473	1.37839	-2.01446	-1.88156	-0.244658	-0.120653	1.23313
9.763	-0.47485	1.37839	-2.01445	-1.88147	-0.244656	-0.120651	1.23313
9.776	-0.47485	1.37839	-2.01445	-1.88147	-0.244656	-0.120651	1.23313
9.789	-0.475221	1.37839	-2.01445	-1.88139	-0.244653	-0.120651	1.23313
9.802	-0.47562	1.37839	-2.01445	-1.8813	-0.244651	-0.120651	1.23313
9.815	-0.476035	1.37839	-2.01444	-1.88118	-0.244651	-0.120651	1.23313
9.828	-0.476443	1.37839	-2.01444	-1.88103	-0.244649	-0.120651	1.23313
9.841	-0.476851	1.37839	-2.01444	-1.88091	-0.244649	-0.120651	1.23313
9.854	-0.4772	1.37839	-2.01444	-1.88077	-0.244647	-0.120651	1.23313
9.867	-0.477526	1.37839	-2.01443	-1.88061	-0.244647	-0.120651	1.23313
9.88	-0.4778	1.37839	-2.01443	-1.88043	-0.244647	-0.120651	1.23313
9.893	-0.478027	1.37839	-2.01443	-1.88026	-0.244647	-0.120651	1.23313
9.906	-0.478249	1.37839	-2.01443	-1.88011	-0.244647	-0.120651	1.23313
9.919	-0.478249	1.37839	-2.01443	-1.88011	-0.244647	-0.120651	1.23313
9.932	-0.478445	1.37839	-2.01443	-1.87998	-0.244647	-0.120651	1.23313
9.945	-0.47862	1.37839	-2.01443	-1.87986	-0.244645	-0.120651	1.23313
9.958	-0.478753	1.37839	-2.01443	-1.8797	-0.244645	-0.120651	1.23313
9.971	-0.478869	1.37839	-2.01443	-1.87953	-0.244645	-0.120651	1.23313
9.984	-0.478964	1.37839	-2.01443	-1.87939	-0.244645	-0.120651	1.23313
9.997	-0.479035	1.37839	-2.01442	-1.87925	-0.244645	-0.120649	1.23313
10.01	-0.4791	1.37839	-2.01442	-1.87913	-0.244645	-0.120649	1.23313
10.023	-0.479152	1.37839	-2.01442	-1.87903	-0.244645	-0.120649	1.23313
10.036	-0.479195	1.37839	-2.01442	-1.87894	-0.244645	-0.120649	1.23313
10.049	-0.479195	1.37839	-2.01442	-1.87894	-0.244645	-0.120649	1.23313
10.062	-0.479223	1.37839	-2.01442	-1.87884	-0.244645	-0.120648	1.23313
10.075	-0.479254	1.37839	-2.01442	-1.87876	-0.244645	-0.120648	1.23313
10.088	-0.479302	1.37839	-2.01442	-1.87871	-0.244645	-0.120648	1.23313
10.101	-0.479342	1.37839	-2.01442	-1.87866	-0.244645	-0.120648	1.23313
10.114	-0.479359	1.37839	-2.01442	-1.87859	-0.244645	-0.120646	1.23313
10.127	-0.479364	1.37839	-2.01442	-1.87851	-0.244645	-0.120644	1.23313
10.14	-0.479389	1.37839	-2.01442	-1.87846	-0.244645	-0.120644	1.23313
10.153	-0.479437	1.37839	-2.01442	-1.87845	-0.244645	-0.120642	1.23313
10.166	-0.479488	1.37839	-2.01442	-1.87845	-0.244645	-0.120642	1.23313
10.179	-0.479535	1.37839	-2.01442	-1.87845	-0.244645	-0.120642	1.23313
10.192	-0.479535	1.37839	-2.01442	-1.87845	-0.244645	-0.120642	1.23313
10.205	-0.479559	1.37839	-2.01442	-1.87844	-0.244645	-0.120642	1.23313
10.218	-0.479582	1.37839	-2.01442	-1.87844	-0.244645	-0.120641	1.23313
10.231	-0.479613	1.37839	-2.01441	-1.87843	-0.244645	-0.120641	1.23313
10.244	-0.479644	1.37839	-2.01441	-1.87842	-0.244645	-0.120641	1.23313
10.257	-0.479697	1.37839	-2.01441	-1.87842	-0.244645	-0.120639	1.23313
10.27	-0.479754	1.37839	-2.01441	-1.87842	-0.244645	-0.120639	1.23313
10.283	-0.479823	1.37839	-2.01441	-1.87842	-0.244645	-0.120639	1.23313
10.296	-0.479883	1.37839	-2.01441	-1.87842	-0.244645	-0.120637	1.23313
10.309	-0.479939	1.37839	-2.01441	-1.87842	-0.244643	-0.120637	1.23313
10.322	-0.479939	1.37839	-2.01441	-1.87842	-0.244643	-0.120637	1.23313
10.335	-0.479976	1.37839	-2.01441	-1.87842	-0.244643	-0.120637	1.23313
10.348	-0.479994	1.37839	-2.01441	-1.87842	-0.244643	-0.120637	1.23313
10.361	-0.48002	1.37839	-2.01441	-1.87842	-0.244643	-0.120637	1.23313
10.374	-0.48006	1.37839	-2.01441	-1.87842	-0.244645	-0.120637	1.23313
10.387	-0.480098	1.37839	-2.01441	-1.87842	-0.244643	-0.120637	1.23313
10.4	-0.480113	1.37839	-2.01441	-1.87842	-0.244645	-0.120637	1.23313
10.413	-0.480141	1.37839	-2.01441	-1.87842	-0.244645	-0.120637	1.23313
10.426	-0.480196	1.37839	-2.01441	-1.87842	-0.244645	-0.120637	1.23313
10.439	-0.48025	1.37839	-2.01441	-1.87842	-0.244645	-0.120637	1.23313
10.452	-0.480305	1.37839	-2.01441	-1.87842	-0.244645	-0.120637	1.23313
10.465	-0.480305	1.37839	-2.01441	-1.87842	-0.244645	-0.120637	1.23313
10.478	-0.48036	1.37839	-2.01441	-1.87842	-0.244643	-0.120637	1.23313
10.491	-0.480415	1.37839	-2.01441	-1.87842	-0.244643	-0.120637	1.23313
10.504	-0.480494	1.37839	-2.01441	-1.87842	-0.244643	-0.120636	1.23313
10.517	-0.480568	1.37839	-2.01441	-1.87842	-0.244643	-0.120637	1.23313
10.53	-0.480632	1.37839	-2.01441	-1.87842	-0.244643	-0.120636	1.23313
10.543	-0.480688	1.37839	-2.0144	-1.87842	-0.244643	-0.120636	1.23313
10.556	-0.480743	1.37839	-2.0144	-1.87842	-0.244643	-0.120636	1.23313
10.569	-0.480796	1.37839	-2.0144	-1.87842	-0.244643	-0.120636	1.23313
10.582	-0.480863	1.37839	-2.0144	-1.87842	-0.244643	-0.120636	1.23313
10.595	-0.480863	1.37839	-2.0144	-1.87842	-0.244643	-0.120636	1.23313
10.608	-0.48093	1.37839	-2.0144	-1.87842	-0.244643	-0.120636	1.23313
10.621	-0.480999	1.37839	-2.0144	-1.87842	-0.244643	-0.120636	1.23313
10.634	-0.481079	1.37839	-2.0144	-1.87842	-0.244643	-0.120636	1.23313
10.647	-0.481152	1.37839	-2.0144	-1.87842	-0.244643	-0.120636	1.23313
10.66	-0.481226	1.37839	-2.0144	-1.87842	-0.244643	-0.120636	1.23313
10.673	-0.481281	1.37839	-2.0144	-1.87842	-0.244643	-0.120636	1.23313
10.686	-0.481352	1.37839	-2.0144	-1.87842	-0.244643	-0.120636	1.23313
10.699	-0.481433	1.37839	-2.0144	-1.87842	-0.244643	-0.120636	1.23313
10.712	-0.48151	1.37839	-2.0144	-1.87842	-0.244643	-0.120636	1.23313
10.725	-0.481573	1.37839	-2.0144	-1.87842	-0.244645	-0.120636	1.23313
10.738	-0.481573	1.37839	-2.0144	-1.87842	-0.244645	-0.120636	1.23313
10.751	-0.481624	1.37839	-2.0144	-1.87842	-0.244645	-0.120637	1.23313
10.764	-0.481698	1.37839	-2.0144	-1.87842	-0.244645	-0.120637	1.23313
10.777	-0.481776	1.37839	-2.0144	-1.87842	-0.244645	-0.120637	1.23313
10.79	-0.481839	1.37839	-2.0144	-1.87841	-0.244643	-0.120637	1.23313
10.803	-0.481881	1.37839	-2.0144	-1.8784	-0.244643	-0.120636	1.23313
10.816	-0.48191	1.37839	-2.0144	-1.87839	-0.244643	-0.120636	1.23313
10.829	-0.481938	1.37839	-2.0144	-1.87839	-0.244643	-0.120636	1.23313
10.842	-0.481947	1.37839	-2.0144	-1.87836	-0.244643	-0.120636	1.23313
10.855	-0.481957	1.37839	-2.0144	-1.87835	-0.244643	-0.120636	1.23313
10.868	-0.481957	1.37839	-2.0144	-1.87835	-0.244643	-0.120636	1.23313
10.881	-0.481975	1.37839	-2.0144	-1.87834	-0.244643	-0.120636	1.23313
10.894	-0.481993	1.37839	-2.0144	-1.87834	-0.244643	-0.120636	1.23313
10.907	-0.482011	1.37839	-2.0144	-1.87834	-0.244643	-0.120636	1.23313
10.92	-0.482024	1.37839	-2.0144	-1.87834	-0.244645	-0.120636	1.23313
10.933	-0.482035	1.37839	-2.0144	-1.87833	-0.244645	-0.120636	1.23313
10.946	-0.482056	1.37839	-2.0144	-1.87833	-0.244643	-0.120636	1.23313
10.959	-0.482064	1.37839	-2.0144	-1.87833	-0.244643	-0.120636	1.23313
10.972	-0.482071	1.37839	-2.0144	-1.87832	-0.244643	-0.120636	1.23313
10.985	-0.482088	1.37839	-2.0144	-1.87832	-0.244643	-0.120636	1.23313
10.998	-0.482122	1.37839	-2.0144	-1.87832	-0.244643	-0.120636	1.23313
11.011	-0.482122	1.37839	-2.0144	-1.87832	-0.244643	-0.120636	1.23313
11.024	-0.482158	1.37839	-2.0144	-1.87832	-0.244643	-0.120636	1.23313
11.037	-0.482203	1.37839	-2.0144	-1.87832	-0.244643	-0.120636	1.23313
11.05	-0.482262	1.37839	-2.0144	-1.87831	-0.244643	-0.120636	1.23313
11.063	-0.482315	1.37839	-2.0144	-1.87831	-0.244645	-0.120636	1.23313
11.076	-0.482358	1.37839	-2.0144	-1.87827	-0.244643	-0.120636	1.23313
11.089	-0.482404	1.37839	-2.0144	-1.87823	-0.244643	-0.120636	1.23313
11.102	-0.482451	1.37839	-2.0144	-1.87819	-0.244643	-0.120636	1.23313
11.115	-0.482487	1.37839	-2.0144	-1.87814	-0.244643	-0.120636	1.23313
11.128	-0.482514	1.37839	-2.0144	-1.87808	-0.244643	-0.120636	1.23313
11.141	-0.482514	1.37839	-2.0144	-1.87808	-0.244643	-0.120636	1.23313
11.154	-0.482539	1.37839	-2.0144	-1.87801	-0.244643	-0.120636	1.23313
11.167	-0.482567	1.37839	-2.0144	-1.87796	-0.244643	-0.120636	1.23313
11.18	-0.482608	1.37839	-2.0144	-1.87791	-0.244643	-0.120634	1.23313
11.193	-0.482649	1.37839	-2.0144	-1.87784	-0.244643	-0.120634	1.23313
11.206	-0.48268	1.37839	-2.0144	-1.87776	-0.244643	-0.120634	1.23313
11.219	-0.482713	1.37839	-2.0144	-1.8777	-0.244645	-0.120636	1.23313
11.232	-0.482758	1.37839	-2.0144	-1.87765	-0.244645	-0.120634	1.23313
11.245	-0.482818	1.37839	-2.0144	-1.87758	-0.244645	-0.120634	1.23313
11.258	-0.482888	1.37839	-2.0144	-1.87752	-0.244645	-0.120634	1.23313
11.271	-0.482969	1.37839	-2.0144	-1.87747	-0.244643	-0.120634	1.23313
11.284	-0.482969	1.37839	-2.0144	-1.87747	-0.244643	-0.120634	1.23313
11.297	-0.483052	1.37839	-2.0144	-1.87741	-0.244645	-0.120634	1.23313
11.31	-0.483145	1.37839	-2.0144	-1.87735	-0.244643	-0.120634	1.23313
11.323	-0.483242	1.37839	-2.0144	-1.87727	-0.244643	-0.120632	1.23313
11.336	-0.483347	1.37839	-2.0144	-1.8772	-0.244643	-0.120632	1.23313
11.349	-0.483463	1.37839	-2.0144	-1.87715	-0.244643	-0.120632	1.23313
11.362	-0.483575	1.37839	-2.0144	-1.87711	-0.244643	-0.120632	1.23313
11.375	-0.483683	1.37839	-2.0144	-1.87707	-0.244643	-0.120632	1.23313
11.388	-0.48378	1.37839	-2.0144	-1.87703	-0.244643	-0.120632	1.23313
11.401	-0.483866	1.37839	-2.0144	-1.87698	-0.244643	-0.120632	1.23313
11.414	-0.483866	1.37839	-2.0144	-1.87698	-0.244643	-0.120632	1.23313
11.427	-0.483938	1.37839	-2.0144	-1.87694	-0.244645	-0.120632	1.23313
11.44	-0.483999	1.37839	-2.0144	-1.87688	-0.244643	-0.120632	1.23313
11.453	-0.484072	1.37839	-2.0144	-1.87684	-0.244643	-0.120632	1.23313
11.466	-0.484142	1.37839	-2.0144	-1.87681	-0.244643	-0.120632	1.23313
11.479	-0.48421	1.37839	-2.0144	-1.87678	-0.244643	-0.120632	1.23313
11.492	-0.484275	1.37839	-2.0144	-1.87676	-0.244643	-0.120632	1.23313
11.505	-0.484335	1.37839	-2.0144	-1.87674	-0.244643	-0.120632	1.23313
11.518	-0.484385	1.37839	-2.0144	-1.87673	-0.244643	-0.120632	1.23313
11.531	-0.484425	1.37839	-2.0144	-1.87672	-0.244643	-0.120632	1.23313
11.544	-0.484468	1.37839	-2.0144	-1.87672	-0.244643	-0.120632	1.23313
11.557	-0.484468	1.37839	-2.0144	-1.87672	-0.244643	-0.120632	1.23313
11.57	-0.484531	1.37839	-2.0144	-1.87672	-0.244645	-0.120632	1.23313
11.583	-0.484609	1.37839	-2.0144	-1.87672	-0.244643	-0.120634	1.23313
11.596	-0.484692	1.37839	-2.0144	-1.87671	-0.244643	-0.120632	1.23313
11.609	-0.484757	1.37839	-2.0144	-1.8767	-0.244643	-0.120632	1.23313
11.622	-0.484818	1.37839	-2.0144	-1.87669	-0.244643	-0.120632	1.23313
11.635	-0.484864	1.37839	-2.0144	-1.87667	-0.244643	-0.120632	1.23313
11.648	-0.484903	1.37839	-2.0144	-1.87665	-0.244643	-0.120632	1.23313
11.661	-0.484953	1.37839	-2.0144	-1.87665	-0.244643	-0.120632	1.23313
11.674	-0.484999	1.37839	-2.0144	-1.87665	-0.244643	-0.120631	1.23313
11.687	-0.485034	1.37839	-2.0144	-1.87664	-0.244643	-0.120631	1.23313
11.7	-0.485034	1.37839	-2.0144	-1.87664	-0.244643	-0.120631	1.23313
11.713	-0.485073	1.37839	-2.0144	-1.87662	-0.244643	-0.120631	1.23313
11.726	-0.485114	1.37839	-2.0144	-1.87658	-0.244645	-0.120632	1.23313
11.739	-0.485155	1.37839	-2.0144	-1.87652	-0.244645	-0.120632	1.23313
11.752	-0.485197	1.37839	-2.0144	-1.87647	-0.244645	-0.120632	1.23313
11.765	-0.485245	1.37839	-2.0144	-1.87642	-0.244645	-0.120632	1.23313
11.778	-0.485289	1.37839	-2.0144	-1.87636	-0.244645	-0.120632	1.23313
11.791	-0.485332	1.37839	-2.0144	-1.87631	-0.244645	-0.120632	1.23313
11.804	-0.485372	1.37839	-2.0144	-1.87625	-0.244643	-0.120631	1.23313
11.817	-0.485399	1.37839	-2.0144	-1.87618	-0.244643	-0.120631	1.23313
11.83	-0.485399	1.37839	-2.0144	-1.87618	-0.244643	-0.120631	1.23313
11.843	-0.485406	1.37839	-2.0144	-1.8761	-0.244645	-0.120631	1.23313
11.856	-0.485406	1.37839	-2.0144	-1.87599	-0.244643	-0.120631	1.23313
11.869	-0.485408	1.37839	-2.0144	-1.87587	-0.244643	-0.120629	1.23313
11.882	-0.485406	1.37839	-2.0144	-1.87577	-0.244643	-0.120629	1.23313
11.895	-0.485406	1.37839	-2.0144	-1.87571	-0.244645	-0.120627	1.23313
11.908	-0.485406	1.37839	-2.0144	-1.87565	-0.244645	-0.120627	1.23313
11.921	-0.485406	1.37839	-2.0144	-1.87558	-0.244645	-0.120627	1.23313
11.934	-0.485406	1.37839	-2.0144	-1.87549	-0.244645	-0.120627	1.23313
11.947	-0.485406	1.37839	-2.0144	-1.87541	-0.244645	-0.120625	1.23313
11.96	-0.485406	1.37839	-2.0144	-1.87536	-0.244643	-0.120625	1.23313
11.973	-0.485406	1.37839	-2.0144	-1.87536	-0.244643	-0.120625	1.23313
11.986	-0.485408	1.37839	-2.0144	-1.8753	-0.244645	-0.120625	1.23313
11.999	-0.48541	1.37839	-2.0144	-1.87523	-0.244643	-0.120625	1.23313
12.012	-0.485413	1.37839	-2.0144	-1.87518	-0.244643	-0.120624	1.23313
12.025	-0.485411	1.37839	-2.0144	-1.87514	-0.244645	-0.120622	1.23313
12.038	-0.485411	1.37839	-2.0144	-1.87509	-0.244645	-0.12062	1.23313
12.051	-0.485411	1.37839	-2.0144	-1.87505	-0.244645	-0.12062	1.23313
12.064	-0.485411	1.37839	-2.0144	-1.87503	-0.244645	-0.120619	1.23313
12.077	-0.485411	1.37839	-2.0144	-1.87502	-0.244645	-0.120619	1.23313
12.09	-0.485413	1.37839	-2.0144	-1.87502	-0.244645	-0.120617	1.23313
12.103	-0.485413	1.37839	-2.0144	-1.87502	-0.244645	-0.120617	1.23313
12.116	-0.485419	1.37839	-2.0144	-1.87502	-0.244645	-0.120615	1.23313
12.129	-0.485428	1.37839	-2.0144	-1.87502	-0.244645	-0.120615	1.23313
12.142	-0.485442	1.37839	-2.0144	-1.87502	-0.244645	-0.120613	1.23313
12.155	-0.485468	1.37839	-2.0144	-1.87502	-0.244645	-0.120612	1.23313
12.168	-0.485493	1.37839	-2.0144	-1.87502	-0.244645	-0.12061	1.23313
12.181	-0.485498	1.37839	-2.0144	-1.87502	-0.244645	-0.12061	1.23313
12.194	-0.4855	1.37839	-2.0144	-1.87502	-0.244645	-0.12061	1.23313
12.207	-0.485498	1.37839	-2.0144	-1.87502	-0.244645	-0.12061	1.23313
12.22	-0.485498	1.37839	-2.0144	-1.87498	-0.244645	-0.12061	1.23313
12.233	-0.485498	1.37839	-2.0144	-1.87493	-0.244645	-0.120608	1.23313
12.246	-0.485498	1.37839	-2.0144	-1.87493	-0.244645	-0.120608	1.23313
12.259	-0.485498	1.37839	-2.0144	-1.87489	-0.244645	-0.120608	1.23313
12.272	-0.485501	1.37839	-2.0144	-1.87486	-0.244645	-0.120608	1.23313
12.285	-0.485506	1.37839	-2.0144	-1.87484	-0.244645	-0.120607	1.23313
12.298	-0.485507	1.37839	-2.0144	-1.87483	-0.244645	-0.120607	1.23313
12.311	-0.485509	1.37839	-2.0144	-1.87483	-0.244645	-0.120607	1.23313
12.324	-0.485514	1.37839	-2.0144	-1.87483	-0.244645	-0.120605	1.23313
12.337	-0.485516	1.37839	-2.0144	-1.87483	-0.244645	-0.120605	1.23313
12.35	-0.485515	1.37839	-2.0144	-1.87482	-0.244645	-0.120603	1.23313
12.363	-0.485515	1.37839	-2.0144	-1.87479	-0.244645	-0.120603	1.23313
12.376	-0.485515	1.37839	-2.0144	-1.87479	-0.244645	-0.120603	1.23313
12.389	-0.485515	1.37839	-2.0144	-1.87478	-0.244645	-0.120603	1.23313
12.402	-0.485515	1.37839	-2.0144	-1.87477	-0.244645	-0.120602	1.23313
12.415	-0.485516	1.37839	-2.0144	-1.87473	-0.244645	-0.120602	1.23313
12.428	-0.485516	1.37839	-2.0144	-1.87467	-0.244645	-0.120602	1.23313
12.441	-0.485515	1.37839	-2.0144	-1.8746	-0.244645	-0.120602	1.23313
12.454	-0.485515	1.37839	-2.0144	-1.87454	-0.244645	-0.120602	1.23313
12.467	-0.485515	1.37839	-2.0144	-1.87451	-0.244645	-0.1206	1.23313
12.48	-0.485515	1.37839	-2.0144	-1.87449	-0.244645	-0.120598	1.23313
12.493	-0.485515	1.37839	-2.0144	-1.87443	-0.244645	-0.120598	1.23313
12.506	-0.485515	1.37839	-2.0144	-1.87436	-0.244645	-0.120596	1.23313
12.519	-0.485515	1.37839	-2.0144	-1.87436	-0.244645	-0.120596	1.23313
12.532	-0.485515	1.37839	-2.0144	-1.87431	-0.244645	-0.120596	1.23313
12.545	-0.485515	1.37839	-2.0144	-1.87428	-0.244645	-0.120595	1.23313
12.558	-0.485516	1.37839	-2.0144	-1.87427	-0.244645	-0.120593	1.23313
12.571	-0.485515	1.37839	-2.0144	-1.87426	-0.244645	-0.120591	1.23313
12.584	-0.485515	1.37839	-2.0144	-1.87425	-0.244645	-0.12059	1.23313
12.597	-0.485515	1.37839	-2.0144	-1.87424	-0.244645	-0.120588	1.23313
12.61	-0.485515	1.37839	-2.0144	-1.87422	-0.244645	-0.120586	1.23313
12.623	-0.485515	1.37839	-2.0144	-1.87419	-0.244645	-0.120585	1.23313
12.636	-0.485515	1.37839	-2.0144	-1.87413	-0.244645	-0.120583	1.23313
12.649	-0.485515	1.37839	-2.0144	-1.87413	-0.244645	-0.120583	1.23313
12.662	-0.485515	1.37839	-2.0144	-1.87405	-0.244645	-0.120579	1.23313
12.675	-0.485515	1.37839	-2.0144	-1.87398	-0.244645	-0.120574	1.23313
12.688	-0.485516	1.37839	-2.0144	-1.87388	-0.244645	-0.120571	1.23313
12.701	-0.485515	1.37839	-2.0144	-1.87378	-0.244645	-0.120566	1.23313
12.714	-0.485515	1.37839	-2.0144	-1.87373	-0.244645	-0.120561	1.23313
12.727	-0.48552	1.37839	-2.0144	-1.87372	-0.244645	-0.120556	1.23313
12.74	-0.485541	1.37839	-2.0144	-1.87372	-0.244645	-0.12055	1.23313
12.753	-0.485571	1.37839	-2.0144	-1.87372	-0.244645	-0.120547	1.23313
12.766	-0.485626	1.37839	-2.0144	-1.87371	-0.244645	-0.120545	1.23313
12.779	-0.485706	1.37839	-2.0144	-1.87371	-0.244645	-0.120544	1.23313
12.792	-0.485706	1.37839	-2.0144	-1.87371	-0.244645	-0.120544	1.23313
12.805	-0.485781	1.37839	-2.0144	-1.87371	-0.244645	-0.120542	1.23313
12.818	-0.485841	1.37839	-2.0144	-1.8737	-0.244645	-0.120542	1.23313
12.831	-0.4859	1.37839	-2.0144	-1.8737	-0.244645	-0.12054	1.23313
12.844	-0.485947	1.37839	-2.0144	-1.87369	-0.244645	-0.12054	1.23313
12.857	-0.485984	1.37839	-2.0144	-1.87369	-0.244645	-0.120538	1.23313
12.87	-0.486007	1.37839	-2.0144	-1.87368	-0.244645	-0.120537	1.23313
12.883	-0.486032	1.37839	-2.0144	-1.87367	-0.244645	-0.120535	1.23313
12.896	-0.48604	1.37839	-2.0144	-1.87365	-0.244645	-0.120532	1.23313
12.909	-0.48604	1.37839	-2.0144	-1.87358	-0.244645	-0.120528	1.23313
12.922	-0.48604	1.37839	-2.0144	-1.87358	-0.244645	-0.120528	1.23313
12.935	-0.486042	1.37839	-2.0144	-1.87354	-0.244645	-0.120523	1.23313
12.948	-0.486043	1.37839	-2.0144	-1.87353	-0.244645	-0.12052	1.23313
12.961	-0.486044	1.37839	-2.0144	-1.87352	-0.244645	-0.120515	1.23313
12.974	-0.486047	1.37839	-2.0144	-1.87351	-0.244645	-0.120511	1.23313
12.987	-0.486047	1.37839	-2.0144	-1.8735	-0.244645	-0.120506	1.23313
13	-0.486047	1.37839	-2.0144	-1.8735	-0.244645	-0.120504	1.23313
13.013	-0.486047	1.37839	-2.0144	-1.8735	-0.244645	-0.120501	1.23313
13.026	-0.486048	1.37839	-2.0144	-1.8735	-0.244645	-0.120499	1.23313
13.039	-0.486051	1.37839	-2.0144	-1.87349	-0.244647	-0.120496	1.23313
13.052	-0.486053	1.37839	-2.0144	-1.87349	-0.244647	-0.120494	1.23313
13.065	-0.486053	1.37839	-2.0144	-1.87349	-0.244647	-0.120494	1.23313
13.078	-0.486054	1.37839	-2.0144	-1.87349	-0.244647	-0.120491	1.23313
13.091	-0.486058	1.37839	-2.0144	-1.87349	-0.244647	-0.120487	1.23313
13.104	-0.486061	1.37839	-2.0144	-1.87349	-0.244649	-0.120486	1.23313
13.117	-0.486061	1.37839	-2.0144	-1.87348	-0.244649	-0.120484	1.23313
13.13	-0.486061	1.37839	-2.0144	-1.87348	-0.244647	-0.120482	1.23313
13.143	-0.486061	1.37839	-2.0144	-1.87348	-0.244647	-0.120481	1.23313
13.156	-0.486061	1.37839	-2.0144	-1.87347	-0.244647	-0.120479	1.23313
13.169	-0.486061	1.37839	-2.0144	-1.87346	-0.244647	-0.120477	1.23313
13.182	-0.486061	1.37839	-2.0144	-1.87339	-0.244647	-0.120475	1.23313
13.195	-0.486061	1.37839	-2.0144	-1.87339	-0.244647	-0.120475	1.23313
13.208	-0.486061	1.37839	-2.0144	-1.87325	-0.244647	-0.120474	1.23313
13.221	-0.486061	1.37839	-2.0144	-1.8731	-0.244647	-0.12047	1.23313
13.234	-0.486062	1.37839	-2.0144	-1.87295	-0.244647	-0.120467	1.23313
13.247	-0.486062	1.37839	-2.0144	-1.87284	-0.244647	-0.120462	1.23313
13.26	-0.486062	1.37839	-2.0144	-1.87274	-0.244647	-0.12046	1.23313
13.273	-0.486062	1.37839	-2.0144	-1.87262	-0.244647	-0.120457	1.23313
13.286	-0.486062	1.37839	-2.0144	-1.87253	-0.244647	-0.120455	1.23313
13.299	-0.486062	1.37839	-2.0144	-1.87247	-0.244647	-0.120452	1.23313
13.312	-0.486062	1.37839	-2.0144	-1.87243	-0.244647	-0.120448	1.23313
13.325	-0.486062	1.37839	-2.0144	-1.87243	-0.244647	-0.120446	1.23313
13.338	-0.486062	1.37839	-2.0144	-1.87243	-0.244647	-0.120446	1.23313
13.351	-0.486062	1.37839	-2.0144	-1.87243	-0.244647	-0.120443	1.23313
13.364	-0.486062	1.37839	-2.0144	-1.87243	-0.244647	-0.120443	1.23313
13.377	-0.486062	1.37839	-2.0144	-1.87243	-0.244647	-0.120443	1.23313
13.39	-0.486062	1.37839	-2.0144	-1.87243	-0.244647	-0.120441	1.23313
13.403	-0.486063	1.37839	-2.0144	-1.87244	-0.244647	-0.120438	1.23313
13.416	-0.486065	1.37839	-2.0144	-1.87244	-0.244647	-0.120436	1.23313
13.429	-0.486066	1.37839	-2.0144	-1.87244	-0.244647	-0.120436	1.23313
13.442	-0.486084	1.37839	-2.0144	-1.87245	-0.244647	-0.120435	1.23313
13.455	-0.486152	1.37839	-2.0144	-1.87245	-0.244647	-0.120433	1.23313
13.468	-0.486152	1.37839	-2.0144	-1.87245	-0.244647	-0.120433	1.23313
13.481	-0.486232	1.37839	-2.0144	-1.87246	-0.244647	-0.120431	1.23313
13.494	-0.48632	1.37839	-2.0144	-1.87246	-0.244647	-0.120429	1.23313
13.507	-0.486419	1.37839	-2.0144	-1.87246	-0.244647	-0.120429	1.23313
13.52	-0.486534	1.37839	-2.0144	-1.87248	-0.244647	-0.120428	1.23313
13.533	-0.486646	1.37839	-2.0144	-1.87251	-0.244647	-0.120428	1.23313
13.546	-0.48676	1.37839	-2.0144	-1.87257	-0.244647	-0.120426	1.23313
13.559	-0.486855	1.37839	-2.0144	-1.8726	-0.244649	-0.120428	1.23313
13.572	-0.48693	1.37839	-2.0144	-1.8726	-0.244649	-0.120426	1.23313
13.585	-0.486998	1.37839	-2.0144	-1.87261	-0.244649	-0.120426	1.23313
13.598	-0.487095	1.37839	-2.0144	-1.87267	-0.244649	-0.120426	1.23313
13.611	-0.487095	1.37839	-2.0144	-1.87267	-0.244649	-0.120426	1.23313
13.624	-0.487192	1.37839	-2.0144	-1.87277	-0.244649	-0.120426	1.23313
13.637	-0.4873	1.37839	-2.0144	-1.87288	-0.244649	-0.120424	1.23313
13.65	-0.487421	1.37839	-2.0144	-1.87296	-0.244649	-0.120424	1.23313
13.663	-0.487587	1.37839	-2.0144	-1.87306	-0.244649	-0.120423	1.23313
13.676	-0.487767	1.37839	-2.0144	-1.87312	-0.244649	-0.120423	1.23313
13.689	-0.487914	1.37839	-2.0144	-1.87312	-0.244649	-0.120423	1.23313
13.702	-0.488015	1.37839	-2.0144	-1.87309	-0.244649	-0.120423	1.23313
13.715	-0.488042	1.37839	-2.0144	-1.87308	-0.244649	-0.120423	1.23313
13.728	-0.488042	1.37839	-2.0144	-1.87307	-0.244649	-0.120423	1.23313
13.741	-0.488042	1.37839	-2.0144	-1.87305	-0.244649	-0.120423	1.23313
13.754	-0.488042	1.37839	-2.0144	-1.87305	-0.244649	-0.120423	1.23313
13.767	-0.488044	1.37839	-2.0144	-1.87303	-0.244649	-0.120424	1.23313
13.78	-0.488044	1.37839	-2.0144	-1.87303	-0.244649	-0.120424	1.23313
13.793	-0.488044	1.37839	-2.0144	-1.87303	-0.244649	-0.120424	1.23313
13.806	-0.488044	1.37839	-2.0144	-1.87303	-0.244649	-0.120424	1.23313
13.819	-0.488045	1.37839	-2.0144	-1.87303	-0.244649	-0.120424	1.23313
13.832	-0.488045	1.37839	-2.0144	-1.87303	-0.244649	-0.120424	1.23313
13.845	-0.488045	1.37839	-2.0144	-1.87302	-0.244649	-0.120424	1.23313
13.858	-0.488045	1.37839	-2.0144	-1.87302	-0.244649	-0.120424	1.23313
13.871	-0.488046	1.37839	-2.0144	-1.87302	-0.244649	-0.120424	1.23313
13.884	-0.488046	1.37839	-2.0144	-1.87302	-0.244649	-0.120424	1.23313
13.897	-0.48805	1.37839	-2.0144	-1.87302	-0.244649	-0.120424	1.23313
13.91	-0.488055	1.37839	-2.0144	-1.87302	-0.244649	-0.120424	1.23313
13.923	-0.488056	1.37839	-2.0144	-1.87301	-0.244649	-0.120424	1.23313
13.936	-0.488056	1.37839	-2.0144	-1.873	-0.244649	-0.120424	1.23313
13.949	-0.488056	1.37839	-2.0144	-1.87298	-0.244649	-0.120424	1.23313
13.962	-0.488056	1.37839	-2.0144	-1.87296	-0.244649	-0.120424	1.23313
13.975	-0.488056	1.37839	-2.0144	-1.87292	-0.244649	-0.120424	1.23313
13.988	-0.488056	1.37839	-2.0144	-1.87287	-0.244649	-0.120423	1.23313
14.001	-0.488056	1.37839	-2.0144	-1.87283	-0.244649	-0.120423	1.23313
14.014	-0.488056	1.37839	-2.0144	-1.87278	-0.244649	-0.120423	1.23313
14.027	-0.488056	1.37839	-2.0144	-1.87278	-0.244649	-0.120423	1.23313
14.04	-0.488056	1.37839	-2.0144	-1.87275	-0.244649	-0.120423	1.23313
14.053	-0.488056	1.37839	-2.0144	-1.8727	-0.244649	-0.120423	1.23313
14.066	-0.488056	1.37839	-2.0144	-1.87265	-0.244649	-0.120423	1.23313
14.079	-0.488056	1.37839	-2.0144	-1.87262	-0.244649	-0.120423	1.23313
14.092	-0.488056	1.37839	-2.0144	-1.87261	-0.244649	-0.120423	1.23313
14.105	-0.488056	1.37839	-2.0144	-1.8726	-0.244649	-0.120423	1.23313
14.118	-0.488056	1.37839	-2.0144	-1.8726	-0.244649	-0.120423	1.23313
14.131	-0.488056	1.37839	-2.0144	-1.87259	-0.244649	-0.120423	1.23313
14.144	-0.488056	1.37839	-2.0144	-1.87258	-0.244649	-0.120421	1.23313
14.157	-0.488056	1.37839	-2.0144	-1.87258	-0.244649	-0.120421	1.23313
14.17	-0.488056	1.37839	-2.0144	-1.87255	-0.244649	-0.120421	1.23313
14.183	-0.488056	1.37839	-2.0144	-1.87255	-0.244649	-0.120421	1.23313
14.196	-0.488056	1.37839	-2.0144	-1.87255	-0.244649	-0.120421	1.23313
14.209	-0.488056	1.37839	-2.0144	-1.87255	-0.244649	-0.120421	1.23313
14.222	-0.488056	1.37839	-2.0144	-1.87255	-0.244649	-0.120421	1.23313
14.235	-0.488056	1.37839	-2.0144	-1.87255	-0.244649	-0.120419	1.23313
14.248	-0.488056	1.37839	-2.0144	-1.87255	-0.244649	-0.120419	1.23313
14.261	-0.488056	1.37839	-2.0144	-1.87255	-0.244649	-0.120419	1.23313
14.274	-0.488056	1.37839	-2.0144	-1.87255	-0.244649	-0.120419	1.23313
14.287	-0.488056	1.37839	-2.0144	-1.87255	-0.244649	-0.120419	1.23313
14.3	-0.488056	1.37839	-2.0144	-1.87255	-0.244649	-0.120419	1.23313
14.313	-0.488056	1.37839	-2.0144	-1.87255	-0.244649	-0.120419	1.23313
14.326	-0.488056	1.37839	-2.0144	-1.87255	-0.244649	-0.120419	1.23313
14.339	-0.488056	1.37839	-2.0144	-1.87255	-0.244649	-0.120419	1.23313
14.352	-0.488056	1.37839	-2.0144	-1.87255	-0.244649	-0.120419	1.23313
14.365	-0.488056	1.37839	-2.0144	-1.87255	-0.244649	-0.120419	1.23313
14.378	-0.488056	1.37839	-2.0144	-1.87255	-0.244649	-0.120419	1.23313
14.391	-0.488056	1.37839	-2.0144	-1.87255	-0.244649	-0.120419	1.23313
14.404	-0.488056	1.37839	-2.0144	-1.87255	-0.244649	-0.120419	1.23313
14.417	-0.488056	1.37839	-2.0144	-1.87255	-0.244649	-0.120419	1.23313
14.43	-0.488056	1.37839	-2.0144	-1.87255	-0.244649	-0.120419	1.23313
14.443	-0.488056	1.37839	-2.0144	-1.87255	-0.244649	-0.120419	1.23313
14.456	-0.488058	1.37839	-2.0144	-1.87255	-0.244649	-0.120419	1.23313
14.469	-0.488058	1.37839	-2.0144	-1.87255	-0.244649	-0.120417	1.23313
14.482	-0.488058	1.37839	-2.0144	-1.87255	-0.244649	-0.120417	1.23313
14.495	-0.488058	1.37839	-2.0144	-1.87255	-0.244649	-0.120416	1.23313
14.508	-0.488058	1.37839	-2.0144	-1.87255	-0.244649	-0.120414	1.23313
14.521	-0.488058	1.37839	-2.0144	-1.87255	-0.244649	-0.120414	1.23313
14.534	-0.488058	1.37839	-2.0144	-1.87255	-0.244649	-0.120412	1.23313
14.547	-0.488058	1.37839	-2.0144	-1.87255	-0.244649	-0.120409	1.23313
14.56	-0.488058	1.37839	-2.0144	-1.87255	-0.244649	-0.120407	1.23313
14.573	-0.488058	1.37839	-2.0144	-1.87255	-0.244649	-0.120407	1.23313
14.586	-0.488058	1.37839	-2.0144	-1.87255	-0.244649	-0.120407	1.23313
14.599	-0.488059	1.37839	-2.0144	-1.87255	-0.244649	-0.120407	1.23313
14.612	-0.488059	1.37839	-2.0144	-1.87255	-0.244651	-0.120406	1.23313
14.625	-0.488059	1.37839	-2.0144	-1.87255	-0.244651	-0.120404	1.23313
14.638	-0.488059	1.37839	-2.0144	-1.87255	-0.244651	-0.120402	1.23313
14.651	-0.488059	1.37839	-2.0144	-1.87255	-0.244651	-0.1204	1.23313
14.664	-0.488059	1.37839	-2.0144	-1.87255	-0.244651	-0.120399	1.23313
14.677	-0.488059	1.37839	-2.0144	-1.87255	-0.244649	-0.120399	1.23313
14.69	-0.488059	1.37839	-2.0144	-1.87255	-0.244649	-0.120397	1.23313
14.703	-0.488059	1.37839	-2.0144	-1.87255	-0.244649	-0.120397	1.23313
14.716	-0.488059	1.37839	-2.0144	-1.87255	-0.244649	-0.120395	1.23313
14.729	-0.488059	1.37839	-2.0144	-1.87255	-0.244649	-0.120395	1.23313
14.742	-0.488059	1.37839	-2.0144	-1.87255	-0.244649	-0.120394	1.23313
14.755	-0.488059	1.37839	-2.0144	-1.87255	-0.244649	-0.120394	1.23313
