1
=
6
2
=
        0
   0.0200
   0.0400
   0.0600
   0.0800
   0.1000
   0.1200
   0.1400
   0.1600
   0.1800
   0.2000
   0.2200
   0.2400
   0.2600
   0.2800
   0.3000
   0.3200
   0.3400
   0.3600
   0.3800
   0.4000
   0.4200
   0.4400
   0.4600
   0.4800
   0.5000
   0.5200
   0.5400
   0.5600
   0.5800
   0.6000
   0.6200
   0.6400
   0.6600
   0.6800
   0.7000
   0.7200
   0.7400
   0.7600
   0.7800
   0.8000
   0.8200
   0.8400
   0.8600
   0.8800
   0.9000
   0.9200
   0.9400
   0.9600
   0.9800
   1.0000
   1.0200
   1.0400
   1.0600
   1.0800
   1.1000
   1.1200
   1.1400
   1.1600
   1.1800
   1.2000
   1.2200
   1.2400
   1.2600
   1.2800
   1.3000
   1.3200
   1.3400
   1.3600
   1.3800
   1.4000
   1.4200
   1.4400
   1.4600
   1.4800
   1.5000
   1.5200
   1.5400
   1.5600
   1.5800
   1.6000
   1.6200
   1.6400
   1.6600
   1.6800
   1.7000
   1.7200
   1.7400
   1.7600
   1.7800
   1.8000
   1.8200
   1.8400
   1.8600
   1.8800
   1.9000
   1.9200
   1.9400
   1.9600
   1.9800
   2.0000
   2.0200
   2.0400
   2.0600
   2.0800
   2.1000
   2.1200
   2.1400
   2.1600
   2.1800
   2.2000
   2.2200
   2.2400
   2.2600
   2.2800
   2.3000
   2.3200
   2.3400
   2.3600
   2.3800
   2.4000
   2.4200
   2.4400
   2.4600
   2.4800
   2.5000
   2.5200
   2.5400
   2.5600
   2.5800
   2.6000
   2.6200
   2.6400
   2.6600
   2.6800
   2.7000
   2.7200
   2.7400
   2.7600
   2.7800
   2.8000
   2.8200
   2.8400
   2.8600
   2.8800
   2.9000
   2.9200
   2.9400
   2.9600
   2.9800
   3.0000
   3.0200
   3.0400
   3.0600
   3.0800
   3.1000
   3.1200
   3.1400
   3.1600
   3.1800
   3.2000
   3.2200
   3.2400
   3.2600
   3.2800
   3.3000
   3.3200
   3.3400
   3.3600
   3.3800
   3.4000
   3.4200
   3.4400
   3.4600
   3.4800
   3.5000
   3.5200
   3.5400
   3.5600
   3.5800
   3.6000
   3.6200
   3.6400
   3.6600
   3.6800
   3.7000
   3.7200
   3.7400
   3.7600
   3.7800
   3.8000
   3.8200
   3.8400
   3.8600
   3.8800
   3.9000
   3.9200
   3.9400
   3.9600
   3.9800
   4.0000
   4.0200
   4.0400
   4.0600
   4.0800
   4.1000
   4.1200
   4.1400
   4.1600
   4.1800
   4.2000
   4.2200
   4.2400
   4.2600
   4.2800
   4.3000
   4.3200
   4.3400
   4.3600
   4.3800
   4.4000
   4.4200
   4.4400
   4.4600
   4.4800
   4.5000
   4.5200
   4.5400
   4.5600
   4.5800
   4.6000
   4.6200
   4.6400
   4.6600
   4.6800
   4.7000
   4.7200
   4.7400
   4.7600
   4.7800
   4.8000
   4.8200
   4.8400
   4.8600
   4.8800
   4.9000
   4.9200
   4.9400
   4.9600
   4.9800

=
   2.0009
   2.0489
   2.0966
   2.1442
   2.1914
   2.2384
   2.2851
   2.3315
   2.3775
   2.4230
   2.4681
   2.5127
   2.5569
   2.6004
   2.6434
   2.6858
   2.7276
   2.7686
   2.8090
   2.8486
   2.8875
   2.9256
   2.9628
   2.9992
   3.0347
   3.0693
   3.1030
   3.1358
   3.1675
   3.1983
   3.2280
   3.2567
   3.2843
   3.3108
   3.3363
   3.3606
   3.3838
   3.4058
   3.4267
   3.4465
   3.4650
   3.4824
   3.4986
   3.5136
   3.5274
   3.5400
   3.5514
   3.5616
   3.5706
   3.5784
   3.5850
   3.5905
   3.5947
   3.5978
   3.5998
   3.6006
   3.6003
   3.5988
   3.5963
   3.5927
   3.5880
   3.5823
   3.5755
   3.5678
   3.5590
   3.5493
   3.5387
   3.5272
   3.5148
   3.5016
   3.4875
   3.4726
   3.4570
   3.4406
   3.4236
   3.4058
   3.3874
   3.3684
   3.3489
   3.3287
   3.3081
   3.2870
   3.2655
   3.2435
   3.2211
   3.1984
   3.1754
   3.1522
   3.1286
   3.1049
   3.0809
   3.0568
   3.0326
   3.0083
   2.9840
   2.9596
   2.9352
   2.9108
   2.8865
   2.8623
   2.8382
   2.8143
   2.7905
   2.7668
   2.7434
   2.7203
   2.6973
   2.6747
   2.6524
   2.6304
   2.6087
   2.5873
   2.5664
   2.5458
   2.5257
   2.5059
   2.4866
   2.4678
   2.4494
   2.4314
   2.4140
   2.3970
   2.3805
   2.3645
   2.3491
   2.3341
   2.3197
   2.3058
   2.2924
   2.2796
   2.2672
   2.2555
   2.2442
   2.2335
   2.2233
   2.2137
   2.2046
   2.1960
   2.1880
   2.1804
   2.1734
   2.1669
   2.1609
   2.1555
   2.1505
   2.1460
   2.1420
   2.1385
   2.1354
   2.1329
   2.1308
   2.1291
   2.1279
   2.1271
   2.1267
   2.1268
   2.1272
   2.1281
   2.1294
   2.1310
   2.1330
   2.1354
   2.1381
   2.1412
   2.1446
   2.1484
   2.1525
   2.1569
   2.1616
   2.1665
   2.1718
   2.1774
   2.1832
   2.1892
   2.1956
   2.2021
   2.2089
   2.2160
   2.2232
   2.2307
   2.2384
   2.2462
   2.2543
   2.2625
   2.2709
   2.2795
   2.2883
   2.2972
   2.3062
   2.3154
   2.3248
   2.3342
   2.3438
   2.3535
   2.3634
   2.3733
   2.3834
   2.3935
   2.4038
   2.4141
   2.4246
   2.4351
   2.4457
   2.4564
   2.4671
   2.4779
   2.4888
   2.4998
   2.5108
   2.5218
   2.5330
   2.5441
   2.5553
   2.5666
   2.5779
   2.5893
   2.6007
   2.6121
   2.6235
   2.6350
   2.6466
   2.6581
   2.6697
   2.6813
   2.6929
   2.7046
   2.7163
   2.7280
   2.7397
   2.7514
   2.7632
   2.7750
   2.7868
   2.7986
   2.8104
   2.8222
   2.8340
   2.8459
   2.8577
   2.8696
   2.8815
   2.8934
   2.9053
   2.9172
   2.9291
   2.9410
   2.9529
   2.9649
   2.9768
   2.9887

=
   4.4050e+00
   2.7259e+01
   4.9601e+01
   7.1422e+01
   9.2702e+01
   1.1342e+02
   1.3356e+02
   1.5311e+02
   1.7205e+02
   1.9036e+02
   2.0803e+02
   2.2506e+02
   2.4140e+02
   2.5708e+02
   2.7207e+02
   2.8635e+02
   2.9991e+02
   3.1277e+02
   3.2489e+02
   3.3629e+02
   3.4692e+02
   3.5682e+02
   3.6597e+02
   3.7436e+02
   3.8199e+02
   3.8886e+02
   3.9497e+02
   4.0032e+02
   4.0491e+02
   4.0875e+02
   4.1183e+02
   4.1417e+02
   4.1576e+02
   4.1661e+02
   4.1674e+02
   4.1614e+02
   4.1483e+02
   4.1281e+02
   4.1010e+02
   4.0672e+02
   4.0266e+02
   3.9794e+02
   3.9259e+02
   3.8660e+02
   3.8002e+02
   3.7282e+02
   3.6505e+02
   3.5672e+02
   3.4785e+02
   3.3845e+02
   3.2854e+02
   3.1815e+02
   3.0729e+02
   2.9599e+02
   2.8425e+02
   2.7211e+02
   2.5959e+02
   2.4671e+02
   2.3348e+02
   2.1994e+02
   2.0610e+02
   1.9198e+02
   1.7761e+02
   1.6301e+02
   1.4821e+02
   1.3321e+02
   1.1805e+02
   1.0274e+02
   8.7321e+01
   7.1804e+01
   5.6192e+01
   4.0532e+01
   2.4826e+01
   9.1190e+00
  -6.5984e+00
  -2.2300e+01
  -3.7953e+01
  -5.3538e+01
  -6.9065e+01
  -8.4484e+01
  -9.9791e+01
  -1.1498e+02
  -1.3002e+02
  -1.4489e+02
  -1.5959e+02
  -1.7411e+02
  -1.8842e+02
  -2.0251e+02
  -2.1638e+02
  -2.3000e+02
  -2.4338e+02
  -2.5649e+02
  -2.6934e+02
  -2.8188e+02
  -2.9416e+02
  -3.0613e+02
  -3.1778e+02
  -3.2913e+02
  -3.4017e+02
  -3.5087e+02
  -3.6124e+02
  -3.7129e+02
  -3.8098e+02
  -3.9035e+02
  -3.9936e+02
  -4.0802e+02
  -4.1635e+02
  -4.2432e+02
  -4.3193e+02
  -4.3921e+02
  -4.4611e+02
  -4.5269e+02
  -4.5890e+02
  -4.6477e+02
  -4.7029e+02
  -4.7548e+02
  -4.8031e+02
  -4.8482e+02
  -4.8899e+02
  -4.9283e+02
  -4.9634e+02
  -4.9952e+02
  -5.0239e+02
  -5.0495e+02
  -5.0720e+02
  -5.0914e+02
  -5.1080e+02
  -5.1214e+02
  -5.1322e+02
  -5.1399e+02
  -5.1451e+02
  -5.1474e+02
  -5.1473e+02
  -5.1445e+02
  -5.1391e+02
  -5.1313e+02
  -5.1213e+02
  -5.1087e+02
  -5.0940e+02
  -5.0771e+02
  -5.0580e+02
  -5.0369e+02
  -5.0137e+02
  -4.9887e+02
  -4.9616e+02
  -4.9328e+02
  -4.9022e+02
  -4.8700e+02
  -4.8360e+02
  -4.8005e+02
  -4.7635e+02
  -4.7250e+02
  -4.6850e+02
  -4.6436e+02
  -4.6011e+02
  -4.5571e+02
  -4.5121e+02
  -4.4658e+02
  -4.4184e+02
  -4.3699e+02
  -4.3204e+02
  -4.2699e+02
  -4.2185e+02
  -4.1662e+02
  -4.1131e+02
  -4.0590e+02
  -4.0043e+02
  -3.9488e+02
  -3.8926e+02
  -3.8357e+02
  -3.7781e+02
  -3.7201e+02
  -3.6613e+02
  -3.6021e+02
  -3.5423e+02
  -3.4820e+02
  -3.4213e+02
  -3.3601e+02
  -3.2985e+02
  -3.2365e+02
  -3.1741e+02
  -3.1114e+02
  -3.0484e+02
  -2.9850e+02
  -2.9214e+02
  -2.8574e+02
  -2.7933e+02
  -2.7287e+02
  -2.6642e+02
  -2.5993e+02
  -2.5341e+02
  -2.4689e+02
  -2.4034e+02
  -2.3378e+02
  -2.2721e+02
  -2.2061e+02
  -2.1401e+02
  -2.0739e+02
  -2.0076e+02
  -1.9412e+02
  -1.8747e+02
  -1.8081e+02
  -1.7414e+02
  -1.6746e+02
  -1.6078e+02
  -1.5409e+02
  -1.4739e+02
  -1.4068e+02
  -1.3397e+02
  -1.2725e+02
  -1.2054e+02
  -1.1381e+02
  -1.0709e+02
  -1.0036e+02
  -9.3607e+01
  -8.6885e+01
  -8.0132e+01
  -7.3392e+01
  -6.6644e+01
  -5.9899e+01
  -5.3145e+01
  -4.6394e+01
  -3.9640e+01
  -3.2889e+01
  -2.6123e+01
  -1.9371e+01
  -1.2604e+01
  -5.8519e+00
   9.0862e-01
   7.6787e+00
   1.4435e+01
   2.1200e+01
   2.7963e+01
   3.4730e+01
   4.1494e+01
   4.8262e+01
   5.5028e+01
   6.1787e+01
   6.8566e+01
   7.5321e+01
   8.2096e+01
   8.8859e+01
   9.5626e+01
   1.0240e+02
   1.0916e+02
   1.1593e+02
   1.2270e+02
   1.2947e+02
   1.3595e+02
   1.4269e+02

=
   1.8600e+02
   2.8674e+02
  -2.2393e+02
  -1.9510e+02
  -4.5871e+02
  -5.8056e+02
  -3.5885e+02
  -9.1003e+02
   3.9745e+02
   9.1063e+02
  -4.5085e+02
   2.1798e+02

=
0.910995

=
0.0033905

0.0134865

=
0.928139

=
0.00345431

0.0137403

=
0.945605

=
0.00351931

0.0139989

=
0.9634

=
0.00358554

0.0142623

=
0.981529

=
0.00365302

0.0145307

=
1

=
0.00372176

0.0148041

=
  9.1973e-151   1.4038e-10   4.2452e-95   4.6282e-07   5.3674e-53   2.1200e-04   9.5163e-24   1.4959e-02   1.1306e-06   1.7950e-01   4.0266e-01   4.0266e-01
  1.6306e-149   1.6755e-10   3.9645e-94   5.3043e-07   2.7299e-52   2.3381e-04   2.7215e-23   1.5909e-02   1.8746e-06   1.8444e-01   3.9858e-01   4.0046e-01
  2.8649e-148   2.0062e-10   3.6715e-93   6.0994e-07   1.3777e-51   2.5874e-04   7.7280e-23   1.6977e-02   3.0879e-06   1.9015e-01   3.9221e-01   3.9965e-01
  4.9870e-147   2.4095e-10   3.3711e-92   7.0355e-07   6.8983e-51   2.8723e-04   2.1785e-22   1.8174e-02   5.0528e-06   1.9668e-01   3.8359e-01   4.0015e-01
  8.5993e-146   2.9022e-10   3.0682e-91   8.1385e-07   3.4260e-50   3.1978e-04   6.0950e-22   1.9513e-02   8.2108e-06   2.0405e-01   3.7277e-01   4.0185e-01
  1.4684e-144   3.5043e-10   2.7671e-90   9.4384e-07   1.6872e-49   3.5694e-04   1.6920e-21   2.1005e-02   1.3246e-05   2.1225e-01   3.5986e-01   4.0465e-01
  2.4820e-143   4.2404e-10   2.4722e-89   1.0970e-06   8.2358e-49   3.9931e-04   4.6586e-21   2.2663e-02   2.1209e-05   2.2129e-01   3.4496e-01   4.0843e-01
  4.1514e-142   5.1399e-10   2.1870e-88   1.2772e-06   3.9834e-48   4.4751e-04   1.2717e-20   2.4497e-02   3.3687e-05   2.3114e-01   3.2824e-01   4.1303e-01
  6.8676e-141   6.2380e-10   1.9148e-87   1.4890e-06   1.9081e-47   5.0220e-04   3.4403e-20   2.6516e-02   5.3056e-05   2.4178e-01   3.0988e-01   4.1829e-01
  1.1232e-139   7.5766e-10   1.6585e-86   1.7373e-06   9.0478e-47   5.6405e-04   9.2187e-20   2.8727e-02   8.2819e-05   2.5315e-01   2.9010e-01   4.2402e-01
  1.8150e-138   9.2047e-10   1.4204e-85   2.0276e-06   4.2449e-46   6.3374e-04   2.4456e-19   3.1133e-02   1.2807e-04   2.6515e-01   2.6920e-01   4.3003e-01
  2.8967e-137   1.1180e-09   1.2022e-84   2.3659e-06   1.9694e-45   7.1190e-04   6.4200e-19   3.3737e-02   1.9608e-04   2.7770e-01   2.4747e-01   4.3609e-01
  4.5634e-136   1.3568e-09   1.0051e-83   2.7586e-06   9.0315e-45   7.9915e-04   1.6668e-18   3.6534e-02   2.9708e-04   2.9066e-01   2.2526e-01   4.4198e-01
  7.0930e-135   1.6446e-09   8.2964e-83   3.2126e-06   4.0918e-44   8.9604e-04   4.2781e-18   3.9518e-02   4.4524e-04   3.0390e-01   2.0294e-01   4.4747e-01
  1.0873e-133   1.9900e-09   6.7583e-82   3.7350e-06   1.8307e-43   1.0030e-03   1.0850e-17   4.2679e-02   6.5976e-04   3.1724e-01   1.8086e-01   4.5234e-01
  1.6432e-132   2.4028e-09   5.4311e-81   4.3335e-06   8.0853e-43   1.1206e-03   2.7180e-17   4.6001e-02   9.6624e-04   3.3052e-01   1.5940e-01   4.5640e-01
  2.4472e-131   2.8943e-09   4.3042e-80   5.0159e-06   3.5238e-42   1.2489e-03   6.7232e-17   4.9466e-02   1.3981e-03   3.4358e-01   1.3888e-01   4.5947e-01
  3.5911e-130   3.4769e-09   3.3632e-79   5.7902e-06   1.5152e-41   1.3883e-03   1.6417e-16   5.3056e-02   1.9983e-03   3.5625e-01   1.1959e-01   4.6139e-01
  5.1910e-129   4.1647e-09   2.5904e-78   6.6650e-06   6.4263e-41   1.5389e-03   3.9568e-16   5.6748e-02   2.8206e-03   3.6837e-01   1.0176e-01   4.6207e-01
  7.3910e-128   4.9733e-09   1.9665e-77   7.6490e-06   2.6881e-40   1.7008e-03   9.4111e-16   6.0520e-02   3.9313e-03   3.7981e-01   8.5547e-02   4.6143e-01
  1.0364e-126   5.9204e-09   1.4714e-76   8.7512e-06   1.1089e-39   1.8740e-03   2.2089e-15   6.4348e-02   5.4103e-03   3.9044e-01   7.1050e-02   4.5944e-01
  1.4314e-125   7.0256e-09   1.0850e-75   9.9810e-06   4.5112e-39   2.0585e-03   5.1158e-15   6.8212e-02   7.3516e-03   4.0016e-01   5.8297e-02   4.5611e-01
  1.9470e-124   8.3108e-09   7.8845e-75   1.1348e-05   1.8099e-38   2.2543e-03   1.1692e-14   7.2088e-02   9.8632e-03   4.0890e-01   4.7255e-02   4.5146e-01
  2.6084e-123   9.8003e-09   5.6472e-74   1.2863e-05   7.1609e-38   2.4611e-03   2.6369e-14   7.5954e-02   1.3066e-02   4.1658e-01   3.7842e-02   4.4554e-01
  3.4418e-122   1.1521e-08   3.9866e-73   1.4535e-05   2.7943e-37   2.6787e-03   5.8688e-14   7.9788e-02   1.7091e-02   4.2316e-01   2.9941e-02   4.3842e-01
  4.4735e-121   1.3502e-08   2.7739e-72   1.6374e-05   1.0754e-36   2.9069e-03   1.2891e-13   8.3569e-02   2.2077e-02   4.2858e-01   2.3406e-02   4.3017e-01
  5.7275e-120   1.5775e-08   1.9025e-71   1.8391e-05   4.0825e-36   3.1451e-03   2.7944e-13   8.7271e-02   2.8160e-02   4.3282e-01   1.8079e-02   4.2086e-01
  7.2235e-119   1.8375e-08   1.2862e-70   2.0594e-05   1.5286e-35   3.3928e-03   5.9787e-13   9.0872e-02   3.5473e-02   4.3584e-01   1.3798e-02   4.1059e-01
  8.9745e-118   2.1338e-08   8.5720e-70   2.2993e-05   5.6456e-35   3.6492e-03   1.2625e-12   9.4348e-02   4.4128e-02   4.3762e-01   1.0406e-02   3.9943e-01
  1.0984e-116   2.4706e-08   5.6315e-69   2.5595e-05   2.0568e-34   3.9136e-03   2.6314e-12   9.7675e-02   5.4215e-02   4.3817e-01   7.7542e-03   3.8749e-01
  1.3244e-115   2.8519e-08   3.6473e-68   2.8408e-05   7.3916e-34   4.1850e-03   5.4135e-12   1.0083e-01   6.5783e-02   4.3748e-01   5.7102e-03   3.7486e-01
  1.5734e-114   3.2826e-08   2.3288e-67   3.1439e-05   2.6205e-33   4.4625e-03   1.0993e-11   1.0379e-01   7.8837e-02   4.3558e-01   4.1555e-03   3.6165e-01
  1.8416e-113   3.7674e-08   1.4661e-66   3.4696e-05   9.1660e-33   4.7451e-03   2.2039e-11   1.0655e-01   9.3325e-02   4.3252e-01   2.9888e-03   3.4797e-01
  2.1243e-112   4.3120e-08   9.1015e-66   3.8186e-05   3.1635e-32   5.0323e-03   4.3623e-11   1.0910e-01   1.0914e-01   4.2837e-01   2.1248e-03   3.3397e-01
  2.4150e-111   4.9227e-08   5.5726e-65   4.1922e-05   1.0775e-31   5.3236e-03   8.5265e-11   1.1144e-01   1.2611e-01   4.2324e-01   1.4934e-03   3.1976e-01
  2.7067e-110   5.6067e-08   3.3659e-64   4.5917e-05   3.6228e-31   5.6190e-03   1.6461e-10   1.1357e-01   1.4402e-01   4.1725e-01   1.0379e-03   3.0550e-01
  2.9916e-109   6.3724e-08   2.0062e-63   5.0191e-05   1.2028e-30   5.9190e-03   3.1399e-10   1.1551e-01   1.6259e-01   4.1056e-01   7.1352e-04   2.9132e-01
  3.2617e-108   7.2302e-08   1.1803e-62   5.4769e-05   3.9442e-30   6.2247e-03   5.9195e-10   1.1730e-01   1.8152e-01   4.0334e-01   4.8535e-04   2.7737e-01
  3.5095e-107   8.1921e-08   6.8578e-62   5.9686e-05   1.2780e-29   6.5377e-03   1.1034e-09   1.1897e-01   2.0049e-01   3.9577e-01   3.2679e-04   2.6378e-01
  3.7281e-106   9.2733e-08   3.9363e-61   6.4985e-05   4.0939e-29   6.8605e-03   2.0344e-09   1.2056e-01   2.1917e-01   3.8802e-01   2.1790e-04   2.5066e-01
  3.9117e-105   1.0492e-07   2.2332e-60   7.0721e-05   1.2970e-28   7.1961e-03   3.7120e-09   1.2212e-01   2.3724e-01   3.8030e-01   1.4394e-04   2.3813e-01
  4.0558e-104   1.1870e-07   1.2528e-59   7.6962e-05   4.0655e-28   7.5483e-03   6.7056e-09   1.2372e-01   2.5439e-01   3.7276e-01   9.4247e-05   2.2624e-01
  4.1575e-103   1.3434e-07   6.9527e-59   8.3791e-05   1.2616e-27   7.9216e-03   1.1999e-08   1.2539e-01   2.7034e-01   3.6558e-01   6.1194e-05   2.1508e-01
  4.2152e-102   1.5216e-07   3.8190e-58   9.1304e-05   3.8770e-27   8.3208e-03   2.1275e-08   1.2721e-01   2.8487e-01   3.5889e-01   3.9418e-05   2.0467e-01
  4.2289e-101   1.7257e-07   2.0771e-57   9.9618e-05   1.1805e-26   8.7517e-03   3.7399e-08   1.2923e-01   2.9776e-01   3.5281e-01   2.5200e-05   1.9505e-01
  4.1997e-100   1.9603e-07   1.1190e-56   1.0887e-04   3.5625e-26   9.2204e-03   6.5201e-08   1.3152e-01   3.0885e-01   3.4744e-01   1.5996e-05   1.8621e-01
   4.1299e-99   2.2311e-07   5.9733e-56   1.1921e-04   1.0660e-25   9.7338e-03   1.1277e-07   1.3411e-01   3.1799e-01   3.4287e-01   1.0085e-05   1.7816e-01
   4.0227e-98   2.5449e-07   3.1604e-55   1.3084e-04   3.1633e-25   1.0299e-02   1.9356e-07   1.3708e-01   3.2510e-01   3.3916e-01   6.3165e-06   1.7086e-01
   3.8819e-97   2.9098e-07   1.6577e-54   1.4394e-04   9.3123e-25   1.0925e-02   3.2976e-07   1.4046e-01   3.3009e-01   3.3636e-01   3.9314e-06   1.6428e-01
   3.7119e-96   3.3356e-07   8.6213e-54   1.5878e-04   2.7198e-24   1.1619e-02   5.5772e-07   1.4432e-01   3.3291e-01   3.3448e-01   2.4319e-06   1.5840e-01
   3.5173e-95   3.8339e-07   4.4462e-53   1.7561e-04   7.8823e-24   1.2392e-02   9.3652e-07   1.4869e-01   3.3355e-01   3.3355e-01   1.4952e-06   1.5316e-01
   3.3029e-94   4.4184e-07   2.2739e-52   1.9476e-04   2.2667e-23   1.3252e-02   1.5614e-06   1.5363e-01   3.3200e-01   3.3357e-01   9.1380e-07   1.4851e-01
   3.0736e-93   5.1053e-07   1.1532e-51   2.1657e-04   6.4678e-23   1.4210e-02   2.5845e-06   1.5916e-01   3.2828e-01   3.3451e-01   5.5509e-07   1.4442e-01
   2.8341e-92   5.9138e-07   5.7985e-51   2.4143e-04   1.8310e-22   1.5276e-02   4.2470e-06   1.6533e-01   3.2243e-01   3.3635e-01   3.3511e-07   1.4081e-01
   2.5890e-91   6.8664e-07   2.8905e-50   2.6979e-04   5.1418e-22   1.6462e-02   6.9271e-06   1.7215e-01   3.1450e-01   3.3903e-01   2.0103e-07   1.3764e-01
   2.3426e-90   7.9890e-07   1.4281e-49   3.0213e-04   1.4320e-21   1.7779e-02   1.1212e-05   1.7965e-01   3.0459e-01   3.4251e-01   1.1981e-07   1.3485e-01
   2.0989e-89   9.3119e-07   6.9911e-49   3.3896e-04   3.9542e-21   1.9238e-02   1.8003e-05   1.8784e-01   2.9282e-01   3.4670e-01   7.0914e-08   1.3238e-01
   1.8615e-88   1.0870e-06   3.3900e-48   3.8084e-04   1.0822e-20   2.0848e-02   2.8667e-05   1.9671e-01   2.7934e-01   3.5150e-01   4.1673e-08   1.3016e-01
   1.6336e-87   1.2701e-06   1.6276e-47   4.2838e-04   2.9344e-20   2.2618e-02   4.5256e-05   2.0624e-01   2.6432e-01   3.5680e-01   2.4305e-08   1.2815e-01
   1.4180e-86   1.4851e-06   7.7346e-47   4.8218e-04   7.8799e-20   2.4557e-02   7.0796e-05   2.1640e-01   2.4799e-01   3.6247e-01   1.4062e-08   1.2627e-01
   1.2169e-85   1.7369e-06   3.6362e-46   5.4286e-04   2.0948e-19   2.6669e-02   1.0970e-04   2.2713e-01   2.3060e-01   3.6836e-01   8.0683e-09   1.2446e-01
   1.0321e-84   2.0308e-06   1.6905e-45   6.1106e-04   5.5101e-19   2.8958e-02   1.6830e-04   2.3836e-01   2.1241e-01   3.7432e-01   4.5884e-09   1.2268e-01
   8.6467e-84   2.3728e-06   7.7684e-45   6.8738e-04   1.4336e-18   3.1424e-02   2.5553e-04   2.5001e-01   1.9375e-01   3.8016e-01   2.5853e-09   1.2086e-01
   7.1528e-83   2.7693e-06   3.5272e-44   7.7239e-04   3.6874e-18   3.4065e-02   3.8379e-04   2.6196e-01   1.7493e-01   3.8572e-01   1.4426e-09   1.1895e-01
   5.8402e-82   3.2271e-06   1.5817e-43   8.6663e-04   9.3735e-18   3.6874e-02   5.7002e-04   2.7409e-01   1.5627e-01   3.9083e-01   7.9687e-10   1.1692e-01
   4.7050e-81   3.7536e-06   7.0033e-43   9.7059e-04   2.3540e-17   3.9844e-02   8.3690e-04   2.8629e-01   1.3807e-01   3.9532e-01   4.3561e-10   1.1473e-01
   3.7389e-80   4.3564e-06   3.0605e-42   1.0847e-03   5.8387e-17   4.2962e-02   1.2143e-03   2.9840e-01   1.2062e-01   3.9905e-01   2.3559e-10   1.1235e-01
   2.9300e-79   5.0437e-06   1.3198e-41   1.2093e-03   1.4299e-16   4.6214e-02   1.7406e-03   3.1031e-01   1.0417e-01   4.0190e-01   1.2602e-10   1.0978e-01
   2.2639e-78   5.8240e-06   5.6154e-41   1.3447e-03   3.4572e-16   4.9587e-02   2.4646e-03   3.2188e-01   8.8917e-02   4.0376e-01   6.6661e-11   1.0700e-01
   1.7245e-77   6.7064e-06   2.3569e-40   1.4912e-03   8.2507e-16   5.3061e-02   3.4468e-03   3.3300e-01   7.5004e-02   4.0456e-01   3.4865e-11   1.0403e-01
   1.2949e-76   7.7004e-06   9.7575e-40   1.6490e-03   1.9435e-15   5.6621e-02   4.7605e-03   3.4355e-01   6.2517e-02   4.0427e-01   1.8029e-11   1.0086e-01
   9.5844e-76   8.8157e-06   3.9845e-39   1.8182e-03   4.5182e-15   6.0247e-02   6.4931e-03   3.5344e-01   5.1489e-02   4.0286e-01   9.2169e-12   9.7524e-02
   6.9926e-75   1.0063e-05   1.6049e-38   1.9989e-03   1.0367e-14   6.3921e-02   8.7457e-03   3.6258e-01   4.1901e-02   4.0032e-01   4.6583e-12   9.4036e-02
   5.0287e-74   1.1452e-05   6.3756e-38   2.1912e-03   2.3475e-14   6.7624e-02   1.1633e-02   3.7090e-01   3.3692e-02   3.9668e-01   2.3275e-12   9.0421e-02
   3.5648e-73   1.2995e-05   2.4983e-37   2.3949e-03   5.2466e-14   7.1334e-02   1.5280e-02   3.7832e-01   2.6768e-02   3.9197e-01   1.1497e-12   8.6703e-02
   2.4909e-72   1.4702e-05   9.6560e-37   2.6099e-03   1.1573e-13   7.5031e-02   1.9821e-02   3.8480e-01   2.1015e-02   3.8622e-01   5.6146e-13   8.2907e-02
   1.7158e-71   1.6583e-05   3.6812e-36   2.8359e-03   2.5196e-13   7.8692e-02   2.5392e-02   3.9027e-01   1.6301e-02   3.7949e-01   2.7108e-13   7.9057e-02
   1.1650e-70   1.8650e-05   1.3843e-35   3.0725e-03   5.4139e-13   8.2293e-02   3.2124e-02   3.9469e-01   1.2495e-02   3.7183e-01   1.2939e-13   7.5176e-02
   7.7975e-70   2.0912e-05   5.1347e-35   3.3190e-03   1.1482e-12   8.5809e-02   4.0134e-02   3.9802e-01   9.4636e-03   3.6328e-01   6.1060e-14   7.1285e-02
   5.1446e-69   2.3378e-05   1.8787e-34   3.5747e-03   2.4033e-12   8.9215e-02   4.9519e-02   4.0022e-01   7.0825e-03   3.5393e-01   2.8487e-14   6.7406e-02
   3.3460e-68   2.6058e-05   6.7801e-34   3.8387e-03   4.9652e-12   9.2486e-02   6.0339e-02   4.0128e-01   5.2375e-03   3.4384e-01   1.3140e-14   6.3560e-02
   2.1453e-67   2.8958e-05   2.4137e-33   4.1102e-03   1.0125e-11   9.5601e-02   7.2613e-02   4.0120e-01   3.8274e-03   3.3310e-01   5.9923e-15   5.9767e-02
   1.3561e-66   3.2087e-05   8.4769e-33   4.3884e-03   2.0381e-11   9.8542e-02   8.6307e-02   4.0000e-01   2.7640e-03   3.2181e-01   2.7020e-15   5.6047e-02
   8.4517e-66   3.5455e-05   2.9372e-32   4.6723e-03   4.0500e-11   1.0130e-01   1.0133e-01   3.9772e-01   1.9727e-03   3.1007e-01   1.2048e-15   5.2421e-02
   5.1945e-65   3.9072e-05   1.0042e-31   4.9616e-03   7.9462e-11   1.0386e-01   1.1753e-01   3.9446e-01   1.3918e-03   2.9801e-01   5.3132e-16   4.8908e-02
   3.1490e-64   4.2952e-05   3.3889e-31   5.2561e-03   1.5397e-10   1.0623e-01   1.3471e-01   3.9030e-01   9.7084e-04   2.8576e-01   2.3179e-16   4.5527e-02
   1.8834e-63   4.7113e-05   1.1290e-30   5.5560e-03   2.9472e-10   1.0843e-01   1.5262e-01   3.8538e-01   6.6974e-04   2.7345e-01   1.0005e-16   4.2293e-02
   1.1118e-62   5.1580e-05   3.7145e-30   5.8622e-03   5.5744e-10   1.1047e-01   1.7095e-01   3.7985e-01   4.5707e-04   2.6122e-01   4.2749e-17   3.9223e-02
   6.4794e-62   5.6385e-05   1.2074e-29   6.1761e-03   1.0423e-09   1.1239e-01   1.8940e-01   3.7387e-01   3.0871e-04   2.4919e-01   1.8086e-17   3.6327e-02
   3.7299e-61   6.1569e-05   3.8787e-29   6.4998e-03   1.9273e-09   1.1422e-01   2.0765e-01   3.6762e-01   2.0644e-04   2.3749e-01   7.5800e-18   3.3613e-02
   2.1218e-60   6.7184e-05   1.2321e-28   6.8361e-03   3.5261e-09   1.1601e-01   2.2537e-01   3.6128e-01   1.3674e-04   2.2621e-01   3.1483e-18   3.1087e-02
   1.1932e-59   7.3295e-05   3.8718e-28   7.1886e-03   6.3856e-09   1.1782e-01   2.4226e-01   3.5500e-01   8.9752e-05   2.1546e-01   1.2965e-18   2.8750e-02
   6.6374e-59   7.9980e-05   1.2042e-27   7.5612e-03   1.1452e-08   1.1969e-01   2.5805e-01   3.4895e-01   5.8408e-05   2.0529e-01   5.2965e-19   2.6599e-02
   3.6534e-58   8.7333e-05   3.7084e-27   7.9589e-03   2.0349e-08   1.2168e-01   2.7248e-01   3.4328e-01   3.7702e-05   1.9577e-01   2.1472e-19   2.4630e-02
   1.9908e-57   9.5467e-05   1.1313e-26   8.3869e-03   3.5839e-08   1.2385e-01   2.8535e-01   3.3810e-01   2.4149e-05   1.8692e-01   8.6427e-20   2.2836e-02
   1.0743e-56   1.0451e-04   3.4199e-26   8.8513e-03   6.2588e-08   1.2625e-01   2.9648e-01   3.3353e-01   1.5355e-05   1.7876e-01   3.4552e-20   2.1208e-02
   5.7439e-56   1.1462e-04   1.0249e-25   9.3587e-03   1.0842e-07   1.2894e-01   3.0573e-01   3.2966e-01   9.6956e-06   1.7129e-01   1.3724e-20   1.9735e-02
   3.0433e-55   1.2597e-04   3.0457e-25   9.9162e-03   1.8635e-07   1.3198e-01   3.1300e-01   3.2655e-01   6.0813e-06   1.6450e-01   5.4178e-21   1.8406e-02
   1.5983e-54   1.3876e-04   8.9772e-25   1.0532e-02   3.1787e-07   1.3541e-01   3.1821e-01   3.2425e-01   3.7897e-06   1.5837e-01   2.1261e-21   1.7210e-02
   8.3216e-54   1.5324e-04   2.6249e-24   1.1214e-02   5.3823e-07   1.3928e-01   3.2130e-01   3.2281e-01   2.3469e-06   1.5287e-01   8.2957e-22   1.6134e-02
   4.2960e-53   1.6966e-04   7.6150e-24   1.1971e-02   9.0471e-07   1.4365e-01   3.2224e-01   3.2224e-01   1.4444e-06   1.4796e-01   3.2186e-22   1.5167e-02
   2.1991e-52   1.8833e-04   2.1918e-23   1.2814e-02   1.5097e-06   1.4855e-01   3.2103e-01   3.2255e-01   8.8357e-07   1.4361e-01   1.2418e-22   1.4298e-02
   1.1161e-51   2.0959e-04   6.2592e-23   1.3751e-02   2.5011e-06   1.5403e-01   3.1770e-01   3.2372e-01   5.3716e-07   1.3976e-01   4.7640e-23   1.3516e-02
   5.6165e-51   2.3382e-04   1.7733e-22   1.4794e-02   4.1129e-06   1.6011e-01   3.1226e-01   3.2574e-01   3.2453e-07   1.3637e-01   1.8172e-23   1.2811e-02
   2.8016e-50   2.6146e-04   4.9830e-22   1.5954e-02   6.7128e-06   1.6683e-01   3.0479e-01   3.2856e-01   1.9481e-07   1.3339e-01   6.8913e-24   1.2172e-02
   1.3850e-49   2.9297e-04   1.3886e-21   1.7241e-02   1.0872e-05   1.7421e-01   2.9537e-01   3.3213e-01   1.1617e-07   1.3076e-01   2.5974e-24   1.1591e-02
   6.7840e-49   3.2887e-04   3.8365e-21   1.8665e-02   1.7466e-05   1.8225e-01   2.8411e-01   3.3638e-01   6.8800e-08   1.2844e-01   9.7273e-25   1.1060e-02
   3.2912e-48   3.6970e-04   1.0505e-20   2.0238e-02   2.7827e-05   1.9095e-01   2.7117e-01   3.4121e-01   4.0451e-08   1.2635e-01   3.6186e-25   1.0571e-02
   1.5810e-47   4.1604e-04   2.8499e-20   2.1967e-02   4.3950e-05   2.0030e-01   2.5671e-01   3.4652e-01   2.3603e-08   1.2446e-01   1.3366e-25   1.0115e-02
   7.5161e-47   4.6850e-04   7.6564e-20   2.3860e-02   6.8784e-05   2.1026e-01   2.4096e-01   3.5219e-01   1.3663e-08   1.2268e-01   4.9004e-26   9.6874e-03
   3.5350e-46   5.2769e-04   2.0362e-19   2.5923e-02   1.0663e-04   2.2078e-01   2.2415e-01   3.5806e-01   7.8423e-09   1.2098e-01   1.7825e-26   9.2816e-03
   1.6441e-45   5.9422e-04   5.3583e-19   2.8160e-02   1.6365e-04   2.3179e-01   2.0656e-01   3.6400e-01   4.4617e-09   1.1929e-01   6.4296e-27   8.8923e-03
   7.5582e-45   6.6870e-04   1.3946e-18   3.0570e-02   2.4857e-04   2.4321e-01   1.8849e-01   3.6983e-01   2.5149e-09   1.1757e-01   2.2990e-27   8.5152e-03
   3.4331e-44   7.5169e-04   3.5886e-18   3.3152e-02   3.7349e-04   2.5494e-01   1.7024e-01   3.7538e-01   1.4038e-09   1.1576e-01   8.1450e-28   8.1467e-03
   1.5401e-43   8.4373e-04   9.1257e-18   3.5899e-02   5.5493e-04   2.6685e-01   1.5214e-01   3.8049e-01   7.7576e-10   1.1383e-01   2.8582e-28   7.7840e-03
   6.8215e-43   9.4529e-04   2.2926e-17   3.8805e-02   8.1505e-04   2.7882e-01   1.3447e-01   3.8501e-01   4.2423e-10   1.1174e-01   9.9308e-29   7.4251e-03
   2.9822e-42   1.0568e-03   5.6886e-17   4.1857e-02   1.1830e-03   2.9073e-01   1.1752e-01   3.8879e-01   2.2952e-10   1.0946e-01   3.4154e-29   7.0687e-03
   1.2865e-41   1.1786e-03   1.3937e-16   4.5043e-02   1.6964e-03   3.0245e-01   1.0153e-01   3.9171e-01   1.2282e-10   1.0700e-01   1.1624e-29   6.7146e-03
   5.4757e-41   1.3111e-03   3.3708e-16   4.8347e-02   2.4029e-03   3.1384e-01   8.6696e-02   3.9367e-01   6.4991e-11   1.0433e-01   3.9140e-30   6.3628e-03
   2.2991e-40   1.4545e-03   8.0475e-16   5.1754e-02   3.3618e-03   3.2480e-01   7.3157e-02   3.9460e-01   3.4005e-11   1.0146e-01   1.3038e-30   6.0140e-03
   9.5217e-40   1.6090e-03   1.8963e-15   5.5246e-02   4.6448e-03   3.3521e-01   6.1000e-02   3.9445e-01   1.7590e-11   9.8412e-02   4.2963e-31   5.6692e-03
   3.8896e-39   1.7747e-03   4.4101e-15   5.8805e-02   6.3375e-03   3.4498e-01   5.0257e-02   3.9321e-01   8.9958e-12   9.5189e-02   1.4003e-31   5.3296e-03
   1.5672e-38   1.9518e-03   1.0122e-14   6.2413e-02   8.5392e-03   3.5402e-01   4.0913e-02   3.9087e-01   4.5481e-12   9.1817e-02   4.5144e-32   4.9967e-03
   6.2281e-38   2.1402e-03   2.2929e-14   6.6051e-02   1.1362e-02   3.6227e-01   3.2909e-02   3.8745e-01   2.2732e-12   8.8317e-02   1.4396e-32   4.6716e-03
   2.4413e-37   2.3400e-03   5.1263e-14   6.9698e-02   1.4929e-02   3.6965e-01   2.6155e-02   3.8298e-01   1.1233e-12   8.4714e-02   4.5405e-33   4.3557e-03
   9.4387e-37   2.5509e-03   1.1311e-13   7.3334e-02   1.9373e-02   3.7609e-01   2.0539e-02   3.7749e-01   5.4873e-13   8.1031e-02   1.4166e-33   4.0499e-03
   3.5995e-36   2.7727e-03   2.4633e-13   7.6936e-02   2.4825e-02   3.8156e-01   1.5938e-02   3.7102e-01   2.6501e-13   7.7292e-02   4.3714e-34   3.7552e-03
   1.3540e-35   3.0048e-03   5.2947e-13   8.0481e-02   3.1415e-02   3.8600e-01   1.2220e-02   3.6364e-01   1.2653e-13   7.3520e-02   1.3343e-34   3.4723e-03
   5.0237e-35   3.2468e-03   1.1232e-12   8.3943e-02   3.9261e-02   3.8936e-01   9.2580e-03   3.5539e-01   5.9729e-14   6.9735e-02   4.0288e-35   3.2018e-03
   1.8385e-34   3.4979e-03   2.3517e-12   8.7299e-02   4.8454e-02   3.9162e-01   6.9305e-03   3.4633e-01   2.7874e-14   6.5958e-02   1.2032e-35   2.9442e-03
   6.6369e-34   3.7573e-03   4.8599e-12   9.0523e-02   5.9058e-02   3.9276e-01   5.1265e-03   3.3655e-01   1.2860e-14   6.2211e-02   3.5544e-36   2.6998e-03
   2.3633e-33   4.0240e-03   9.9127e-12   9.3595e-02   7.1088e-02   3.9278e-01   3.7471e-03   3.2611e-01   5.8662e-15   5.8512e-02   1.0386e-36   2.4688e-03
   8.3018e-33   4.2973e-03   1.9958e-11   9.6497e-02   8.4514e-02   3.9169e-01   2.7066e-03   3.1513e-01   2.6458e-15   5.4884e-02   3.0025e-37   2.2515e-03
   2.8772e-32   4.5764e-03   3.9668e-11   9.9215e-02   9.9247e-02   3.8955e-01   1.9322e-03   3.0370e-01   1.1800e-15   5.1344e-02   8.5870e-38   2.0480e-03
   9.8392e-32   4.8607e-03   7.7846e-11   1.0174e-01   1.1514e-01   3.8643e-01   1.3635e-03   2.9195e-01   5.2047e-16   4.7913e-02   2.4301e-38   1.8582e-03
   3.3209e-31   5.1501e-03   1.5087e-10   1.0409e-01   1.3200e-01   3.8243e-01   9.5129e-04   2.8000e-01   2.2710e-16   4.4608e-02   6.8065e-39   1.6823e-03
   1.1066e-30   5.4450e-03   2.8883e-10   1.0626e-01   1.4956e-01   3.7768e-01   6.5636e-04   2.6799e-01   9.8046e-17   4.1448e-02   1.8873e-39   1.5200e-03
   3.6412e-30   5.7459e-03   5.4639e-10   1.0828e-01   1.6756e-01   3.7232e-01   4.4802e-04   2.5604e-01   4.1899e-17   3.8445e-02   5.1826e-40   1.3710e-03
   1.1837e-29   6.0545e-03   1.0218e-09   1.1017e-01   1.8567e-01   3.6651e-01   3.0264e-04   2.4428e-01   1.7729e-17   3.5612e-02   1.4099e-40   1.2350e-03
   3.8033e-29   6.3727e-03   1.8897e-09   1.1199e-01   2.0359e-01   3.6043e-01   2.0240e-04   2.3284e-01   7.4312e-18   3.2956e-02   3.8012e-41   1.1114e-03
   1.2083e-28   6.7033e-03   3.4576e-09   1.1376e-01   2.2099e-01   3.5425e-01   1.3408e-04   2.2182e-01   3.0869e-18   3.0483e-02   1.0162e-41   9.9980e-04
   3.7974e-28   7.0497e-03   6.2623e-09   1.1554e-01   2.3758e-01   3.4814e-01   8.8020e-05   2.1130e-01   1.2714e-18   2.8194e-02   2.6949e-42   8.9935e-04
   1.1812e-27   7.4159e-03   1.1232e-08   1.1739e-01   2.5308e-01   3.4224e-01   5.7287e-05   2.0135e-01   5.1943e-19   2.6088e-02   7.0928e-43   8.0935e-04
   3.6378e-27   7.8066e-03   1.9960e-08   1.1935e-01   2.6726e-01   3.3671e-01   3.6981e-05   1.9203e-01   2.1060e-19   2.4159e-02   1.8535e-43   7.2899e-04
   1.1098e-26   8.2271e-03   3.5156e-08   1.2149e-01   2.7991e-01   3.3166e-01   2.3690e-05   1.8336e-01   8.4774e-20   2.2401e-02   4.8114e-44   6.5747e-04
   3.3553e-26   8.6833e-03   6.1400e-08   1.2385e-01   2.9085e-01   3.2720e-01   1.5064e-05   1.7537e-01   3.3893e-20   2.0805e-02   1.2411e-44   5.9396e-04
   1.0056e-25   9.1817e-03   1.0637e-07   1.2650e-01   2.9995e-01   3.2342e-01   9.5126e-06   1.6805e-01   1.3463e-20   1.9362e-02   3.1825e-45   5.3766e-04
   2.9886e-25   9.7294e-03   1.8284e-07   1.2949e-01   3.0710e-01   3.2039e-01   5.9668e-06   1.6140e-01   5.3152e-21   1.8059e-02   8.1145e-46   4.8782e-04
   8.8094e-25   1.0334e-02   3.1190e-07   1.3286e-01   3.1223e-01   3.1816e-01   3.7186e-06   1.5539e-01   2.0860e-21   1.6886e-02   2.0578e-46   4.4372e-04
   2.5760e-24   1.1004e-02   5.2814e-07   1.3667e-01   3.1528e-01   3.1676e-01   2.3030e-06   1.5000e-01   8.1396e-22   1.5832e-02   5.1911e-47   4.0470e-04
   7.4734e-24   1.1748e-02   8.8781e-07   1.4097e-01   3.1622e-01   3.1622e-01   1.4175e-06   1.4520e-01   3.1582e-22   1.4884e-02   1.3028e-47   3.7013e-04
   2.1512e-23   1.2575e-02   1.4816e-06   1.4578e-01   3.1505e-01   3.1654e-01   8.6713e-07   1.4093e-01   1.2185e-22   1.4032e-02   3.2530e-48   3.3948e-04
   6.1435e-23   1.3496e-02   2.4546e-06   1.5116e-01   3.1179e-01   3.1771e-01   5.2720e-07   1.3716e-01   4.6751e-23   1.3265e-02   8.0809e-49   3.1223e-04
   1.7405e-22   1.4520e-02   4.0367e-06   1.5714e-01   3.0647e-01   3.1970e-01   3.1853e-07   1.3384e-01   1.7834e-23   1.2573e-02   1.9969e-49   2.8794e-04
   4.8913e-22   1.5659e-02   6.5888e-06   1.6375e-01   2.9915e-01   3.2249e-01   1.9122e-07   1.3092e-01   6.7633e-24   1.1947e-02   4.9083e-50   2.6620e-04
   1.3632e-21   1.6923e-02   1.0671e-05   1.7100e-01   2.8992e-01   3.2601e-01   1.1404e-07   1.2835e-01   2.5493e-24   1.1378e-02   1.1997e-50   2.4667e-04
   3.7664e-21   1.8322e-02   1.7145e-05   1.7890e-01   2.7889e-01   3.3020e-01   6.7538e-08   1.2608e-01   9.5477e-25   1.0857e-02   2.9150e-51   2.2903e-04
   1.0314e-20   1.9867e-02   2.7318e-05   1.8746e-01   2.6620e-01   3.3496e-01   3.9712e-08   1.2404e-01   3.5520e-25   1.0377e-02   7.0392e-52   2.1300e-04
   2.7981e-20   2.1566e-02   4.3148e-05   1.9664e-01   2.5203e-01   3.4020e-01   2.3173e-08   1.2218e-01   1.3121e-25   9.9304e-03   1.6887e-52   1.9835e-04
   7.5178e-20   2.3426e-02   6.7534e-05   2.0644e-01   2.3658e-01   3.4578e-01   1.3415e-08   1.2045e-01   4.8108e-26   9.5112e-03   4.0230e-53   1.8487e-04
   1.9995e-19   2.5454e-02   1.0470e-04   2.1678e-01   2.2009e-01   3.5158e-01   7.7005e-09   1.1879e-01   1.7500e-26   9.1134e-03   9.5133e-54   1.7238e-04
   5.2621e-19   2.7652e-02   1.6070e-04   2.2761e-01   2.0284e-01   3.5743e-01   4.3814e-09   1.1714e-01   6.3131e-27   8.7319e-03   2.2321e-54   1.6074e-04
   1.3697e-18   3.0022e-02   2.4411e-04   2.3885e-01   1.8511e-01   3.6319e-01   2.4698e-09   1.1546e-01   2.2575e-27   8.3624e-03   5.1939e-55   1.4981e-04
   3.5248e-18   3.2560e-02   3.6683e-04   2.5038e-01   1.6721e-01   3.6868e-01   1.3788e-09   1.1369e-01   7.9989e-28   8.0013e-03   1.1982e-55   1.3951e-04
   8.9645e-18   3.5263e-02   5.4509e-04   2.6211e-01   1.4944e-01   3.7374e-01   7.6202e-10   1.1181e-01   2.8072e-28   7.6458e-03   2.7390e-56   1.2975e-04
   2.2524e-17   3.8121e-02   8.0068e-04   2.7391e-01   1.3210e-01   3.7822e-01   4.1677e-10   1.0977e-01   9.7548e-29   7.2941e-03   6.2026e-57   1.2047e-04
   5.5894e-17   4.1125e-02   1.1623e-03   2.8564e-01   1.1546e-01   3.8198e-01   2.2551e-10   1.0755e-01   3.3553e-29   6.9450e-03   1.3910e-57   1.1165e-04
   1.3696e-16   4.4261e-02   1.6669e-03   2.9719e-01   9.9769e-02   3.8490e-01   1.2069e-10   1.0514e-01   1.1421e-29   6.5979e-03   3.0887e-58   1.0324e-04
   3.3130e-16   4.7515e-02   2.3616e-03   3.0843e-01   8.5204e-02   3.8689e-01   6.3874e-11   1.0253e-01   3.8463e-30   6.2531e-03   6.7892e-59   9.5244e-05
   7.9108e-16   5.0871e-02   3.3044e-03   3.1925e-01   7.1909e-02   3.8786e-01   3.3426e-11   9.9732e-02   1.2815e-30   5.9113e-03   1.4770e-59   8.7644e-05
   1.8644e-15   5.4312e-02   4.5663e-03   3.2954e-01   5.9970e-02   3.8779e-01   1.7294e-11   9.6748e-02   4.2233e-31   5.5733e-03   3.1802e-60   8.0439e-05
   4.3366e-15   5.7822e-02   6.2316e-03   3.3921e-01   4.9418e-02   3.8664e-01   8.8458e-12   9.3598e-02   1.3768e-31   5.2405e-03   6.7765e-61   7.3630e-05
   9.9555e-15   6.1382e-02   8.3980e-03   3.4817e-01   4.0237e-02   3.8441e-01   4.4731e-12   9.0299e-02   4.4394e-32   4.9140e-03   1.4289e-61   6.7215e-05
   2.2556e-14   6.4972e-02   1.1176e-02   3.5635e-01   3.2372e-02   3.8113e-01   2.2362e-12   8.6875e-02   1.4159e-32   4.5953e-03   2.9819e-62   6.1192e-05
   5.0440e-14   6.8575e-02   1.4689e-02   3.6369e-01   2.5734e-02   3.7681e-01   1.1052e-12   8.3349e-02   4.4669e-33   4.2854e-03   6.1580e-63   5.5558e-05
   1.1132e-13   7.2169e-02   1.9065e-02   3.7012e-01   2.0213e-02   3.7149e-01   5.4003e-13   7.9744e-02   1.3939e-33   3.9855e-03   1.2585e-63   5.0306e-05
   2.4249e-13   7.5732e-02   2.4436e-02   3.7559e-01   1.5689e-02   3.6521e-01   2.6087e-13   7.6082e-02   4.3025e-34   3.6964e-03   2.5454e-64   4.5427e-05
   5.2134e-13   7.9241e-02   3.0931e-02   3.8005e-01   1.2032e-02   3.5803e-01   1.2459e-13   7.2387e-02   1.3136e-34   3.4188e-03   5.0949e-65   4.0909e-05
   1.1063e-12   8.2671e-02   3.8666e-02   3.8346e-01   9.1179e-03   3.5000e-01   5.8826e-14   6.8678e-02   3.9673e-35   3.1533e-03   1.0092e-65   3.6739e-05
   2.3169e-12   8.5999e-02   4.7733e-02   3.8579e-01   6.8275e-03   3.4117e-01   2.7460e-14   6.4976e-02   1.1852e-35   2.9003e-03   1.9784e-66   3.2904e-05
   4.7892e-12   8.9200e-02   5.8194e-02   3.8702e-01   5.0517e-03   3.3163e-01   1.2673e-14   6.1302e-02   3.5020e-36   2.6603e-03   3.8382e-67   2.9389e-05
   9.7712e-12   9.2254e-02   7.0069e-02   3.8715e-01   3.6935e-03   3.2144e-01   5.7824e-15   5.7674e-02   1.0236e-36   2.4334e-03   7.3693e-68   2.6178e-05
   1.9679e-11   9.5142e-02   8.3327e-02   3.8619e-01   2.6687e-03   3.1070e-01   2.6087e-15   5.4113e-02   2.9600e-37   2.2199e-03   1.4004e-68   2.3255e-05
   3.9125e-11   9.7851e-02   9.7883e-02   3.8420e-01   1.9057e-03   2.9953e-01   1.1638e-15   5.0638e-02   8.4681e-38   2.0198e-03   2.6342e-69   2.0606e-05
   7.6803e-11   1.0038e-01   1.1359e-01   3.8123e-01   1.3452e-03   2.8802e-01   5.1350e-16   4.7268e-02   2.3972e-38   1.8332e-03   4.9054e-70   1.8214e-05
   1.4889e-10   1.0272e-01   1.3026e-01   3.7740e-01   9.3882e-04   2.7632e-01   2.2412e-16   4.4022e-02   6.7163e-39   1.6602e-03   9.0454e-71   1.6064e-05
   2.8514e-10   1.0490e-01   1.4764e-01   3.7283e-01   6.4796e-04   2.6455e-01   9.6793e-17   4.0916e-02   1.8629e-39   1.5004e-03   1.6521e-71   1.4140e-05
   5.3958e-10   1.0692e-01   1.6546e-01   3.6766e-01   4.4242e-04   2.5283e-01   4.1377e-17   3.7964e-02   5.1172e-40   1.3538e-03   2.9896e-72   1.2426e-05
   1.0094e-09   1.0883e-01   1.8341e-01   3.6205e-01   2.9896e-04   2.4131e-01   1.7514e-17   3.5178e-02   1.3925e-40   1.2199e-03   5.3622e-73   1.0906e-05
   1.8674e-09   1.1066e-01   2.0117e-01   3.5616e-01   2.0001e-04   2.3008e-01   7.3436e-18   3.2565e-02   3.7558e-41   1.0983e-03   9.5369e-74   9.5636e-06
   3.4180e-09   1.1245e-01   2.1845e-01   3.5018e-01   1.3255e-04   2.1927e-01   3.0516e-18   3.0132e-02   1.0044e-41   9.8830e-04   1.6827e-74   8.3827e-06
   6.1929e-09   1.1426e-01   2.3493e-01   3.4426e-01   8.7044e-05   2.0894e-01   1.2573e-18   2.7880e-02   2.6646e-42   8.8933e-04   2.9465e-75   7.3479e-06
   1.1112e-08   1.1613e-01   2.5036e-01   3.3856e-01   5.6674e-05   1.9919e-01   5.1388e-19   2.5807e-02   7.0158e-43   8.0065e-04   5.1234e-76   6.4439e-06
   1.9754e-08   1.1812e-01   2.6450e-01   3.3323e-01   3.6601e-05   1.9004e-01   2.0844e-19   2.3909e-02   1.8342e-43   7.2146e-04   8.8499e-77   5.6564e-06
   3.4810e-08   1.2029e-01   2.7714e-01   3.2838e-01   2.3456e-05   1.8155e-01   8.3941e-20   2.2180e-02   4.7633e-44   6.5097e-04   1.5193e-77   4.9720e-06
   6.0826e-08   1.2269e-01   2.8812e-01   3.2413e-01   1.4923e-05   1.7372e-01   3.3577e-20   2.0610e-02   1.2293e-44   5.8837e-04   2.5931e-78   4.3780e-06
   1.0543e-07   1.2538e-01   2.9729e-01   3.2055e-01   9.4286e-06   1.6656e-01   1.3345e-20   1.9190e-02   3.1539e-45   5.3289e-04   4.4020e-79   3.8630e-06
   1.8133e-07   1.2842e-01   3.0456e-01   3.1774e-01   5.9176e-06   1.6006e-01   5.2715e-21   1.7910e-02   8.0464e-46   4.8378e-04   7.4346e-80   3.4167e-06
   3.0953e-07   1.3185e-01   3.0984e-01   3.1573e-01   3.6904e-06   1.5421e-01   2.0702e-21   1.6757e-02   2.0418e-46   4.4033e-04   1.2495e-80   3.0299e-06
   5.2451e-07   1.3573e-01   3.1309e-01   3.1457e-01   2.2872e-06   1.4897e-01   8.0838e-22   1.5722e-02   5.1545e-47   4.0189e-04   2.0902e-81   2.6944e-06
   8.8241e-07   1.4010e-01   3.1428e-01   3.1428e-01   1.4089e-06   1.4431e-01   3.1390e-22   1.4793e-02   1.2947e-47   3.6786e-04   3.4805e-82   2.4030e-06
   1.4739e-06   1.4502e-01   3.1340e-01   3.1488e-01   8.6263e-07   1.4019e-01   1.2122e-22   1.3958e-02   3.2356e-48   3.3770e-04   5.7693e-83   2.1495e-06
   2.4443e-06   1.5052e-01   3.1047e-01   3.1636e-01   5.2498e-07   1.3658e-01   4.6555e-23   1.3208e-02   8.0456e-49   3.1090e-04   9.5199e-84   1.9283e-06
   4.0242e-06   1.5665e-01   3.0551e-01   3.1870e-01   3.1754e-07   1.3342e-01   1.7779e-23   1.2534e-02   1.9904e-49   2.8703e-04   1.5636e-84   1.7347e-06
   6.5764e-06   1.6343e-01   2.9858e-01   3.2187e-01   1.9086e-07   1.3067e-01   6.7508e-24   1.1924e-02   4.8983e-50   2.6569e-04   2.5559e-85   1.5648e-06
   1.0666e-05   1.7090e-01   2.8976e-01   3.2583e-01   1.1398e-07   1.2828e-01   2.5480e-24   1.1371e-02   1.1989e-50   2.4653e-04   4.1572e-86   1.4149e-06
   1.7162e-05   1.7907e-01   2.7916e-01   3.3052e-01   6.7607e-08   1.2620e-01   9.5576e-25   1.0867e-02   2.9175e-51   2.2925e-04   6.7262e-87   1.2822e-06
   2.7391e-05   1.8795e-01   2.6690e-01   3.3585e-01   3.9819e-08   1.2437e-01   3.5616e-25   1.0404e-02   7.0570e-52   2.1357e-04   1.0823e-87   1.1641e-06
   4.3344e-05   1.9753e-01   2.5316e-01   3.4173e-01   2.3279e-08   1.2273e-01   1.3181e-25   9.9752e-03   1.6961e-52   1.9925e-04   1.7311e-88   1.0585e-06
   6.7978e-05   2.0779e-01   2.3812e-01   3.4805e-01   1.3503e-08   1.2124e-01   4.8427e-26   9.5735e-03   4.0488e-53   1.8608e-04   2.7514e-89   9.6345e-07
   1.0562e-04   2.1869e-01   2.2202e-01   3.5467e-01   7.7686e-09   1.1983e-01   1.7655e-26   9.1935e-03   9.5956e-54   1.7390e-04   4.3437e-90   8.7754e-07
   1.6251e-04   2.3017e-01   2.0511e-01   3.6144e-01   4.4308e-09   1.1846e-01   6.3843e-27   8.8299e-03   2.2568e-54   1.6254e-04   6.8087e-91   7.9946e-07
   2.4750e-04   2.4216e-01   1.8767e-01   3.6822e-01   2.5042e-09   1.1706e-01   2.2890e-27   8.4783e-03   5.2652e-55   1.5189e-04   1.0592e-91   7.2817e-07
   3.7297e-04   2.5457e-01   1.7000e-01   3.7484e-01   1.4019e-09   1.1559e-01   8.1331e-28   8.1350e-03   1.2180e-55   1.4184e-04   1.6345e-92   6.6281e-07
   5.5587e-04   2.6729e-01   1.5239e-01   3.8112e-01   7.7712e-10   1.1402e-01   2.8629e-28   7.7969e-03   2.7927e-56   1.3231e-04   2.5012e-93   6.0268e-07
   8.1913e-04   2.8021e-01   1.3514e-01   3.8692e-01   4.2638e-10   1.1229e-01   9.9799e-29   7.4619e-03   6.3444e-57   1.2324e-04   3.7942e-94   5.4724e-07
   1.1930e-03   2.9319e-01   1.1852e-01   3.9208e-01   2.3148e-10   1.1039e-01   3.4442e-29   7.1286e-03   1.4276e-57   1.1460e-04   5.7036e-95   4.9604e-07
   1.7171e-03   3.0612e-01   1.0277e-01   3.9647e-01   1.2432e-10   1.0830e-01   1.1765e-29   6.7962e-03   3.1811e-58   1.0634e-04   8.4944e-96   4.4874e-07
   2.4415e-03   3.1887e-01   8.8086e-02   3.9997e-01   6.6039e-11   1.0600e-01   3.9766e-30   6.4647e-03   7.0179e-59   9.8465e-05   1.2531e-96   4.0506e-07
   3.4293e-03   3.3131e-01   7.4624e-02   4.0251e-01   3.4690e-11   1.0350e-01   1.3299e-30   6.1345e-03   1.5326e-59   9.0952e-05   1.8307e-97   3.6477e-07
   4.7574e-03   3.4332e-01   6.2477e-02   4.0400e-01   1.8018e-11   1.0079e-01   4.4002e-31   5.8064e-03   3.3128e-60   8.3802e-05   2.6486e-98   3.2767e-07
   6.5183e-03   3.5481e-01   5.1690e-02   4.0442e-01   9.2532e-12   9.7903e-02   1.4402e-31   5.4815e-03   7.0872e-61   7.7016e-05   3.7944e-99   2.9360e-07
   8.8203e-03   3.6567e-01   4.2260e-02   4.0373e-01   4.6983e-12   9.4838e-02   4.6629e-32   5.1610e-03   1.5006e-61   7.0593e-05  5.3823e-100   2.6239e-07
   1.1787e-02   3.7581e-01   3.4140e-02   4.0194e-01   2.3585e-12   9.1620e-02   1.4933e-32   4.8463e-03   3.1443e-62   6.4534e-05  7.5595e-101   2.3388e-07
   1.5556e-02   3.8515e-01   2.7252e-02   3.9904e-01   1.1705e-12   8.8268e-02   4.7309e-33   4.5384e-03   6.5206e-63   5.8837e-05  1.0512e-101   2.0791e-07
   2.0275e-02   3.9360e-01   2.1496e-02   3.9506e-01   5.7434e-13   8.4804e-02   1.4825e-33   4.2384e-03   1.3382e-63   5.3497e-05  1.4474e-102   1.8434e-07
   2.6096e-02   4.0108e-01   1.6754e-02   3.9001e-01   2.7860e-13   8.1248e-02   4.5950e-34   3.9473e-03   2.7179e-64   4.8510e-05  1.9732e-103   1.6299e-07
   3.3168e-02   4.0752e-01   1.2902e-02   3.8392e-01   1.3361e-13   7.7620e-02   1.4087e-34   3.6660e-03   5.4625e-65   4.3866e-05  2.6631e-104   1.4372e-07
   4.1630e-02   4.1285e-01   9.8167e-03   3.7682e-01   6.3339e-14   7.3942e-02   4.2717e-35   3.3950e-03   1.0864e-65   3.9555e-05  3.5586e-105   1.2638e-07
   5.1596e-02   4.1700e-01   7.3798e-03   3.6877e-01   2.9684e-14   7.0233e-02   1.2811e-35   3.1350e-03   2.1382e-66   3.5566e-05  4.7075e-106   1.1082e-07
   6.3144e-02   4.1993e-01   5.4812e-03   3.5983e-01   1.3751e-14   6.6514e-02   3.8001e-36   2.8865e-03   4.1639e-67   3.1888e-05  6.1650e-107   9.6898e-08
   7.6307e-02   4.2161e-01   4.0223e-03   3.5005e-01   6.2975e-15   6.2808e-02   1.1149e-36   2.6500e-03   8.0241e-68   2.8507e-05  7.9930e-108   8.4484e-08
   9.1061e-02   4.2203e-01   2.9163e-03   3.3954e-01   2.8510e-15   5.9135e-02   3.2349e-37   2.4259e-03   1.5301e-68   2.5413e-05  1.0260e-108   7.3453e-08
   1.0732e-01   4.2123e-01   2.0894e-03   3.2840e-01   1.2761e-15   5.5519e-02   9.2850e-38   2.2145e-03   2.8877e-69   2.2592e-05  1.3039e-109   6.3687e-08
   1.2493e-01   4.1926e-01   1.4794e-03   3.1676e-01   5.6477e-16   5.1984e-02   2.6365e-38   2.0161e-03   5.3940e-70   2.0031e-05  1.6409e-110   5.5076e-08
   1.4367e-01   4.1624e-01   1.0354e-03   3.0476e-01   2.4721e-16   4.8553e-02   7.4081e-39   1.8310e-03   9.9748e-71   1.7717e-05  2.0454e-111   4.7515e-08
   1.6327e-01   4.1230e-01   7.1655e-04   2.9255e-01   1.0705e-16   4.5247e-02   2.0603e-39   1.6593e-03   1.8267e-71   1.5637e-05  2.5260e-112   4.0905e-08
   1.8344e-01   4.0760e-01   4.9048e-04   2.8030e-01   4.5875e-17   4.2088e-02   5.6735e-40   1.5009e-03   3.3138e-72   1.3776e-05  3.0918e-113   3.5151e-08
   2.0381e-01   4.0232e-01   3.3222e-04   2.6815e-01   1.9464e-17   3.9091e-02   1.5476e-40   1.3556e-03   5.9578e-73   1.2119e-05  3.7521e-114   3.0165e-08
   2.2406e-01   3.9669e-01   2.2277e-04   2.5626e-01   8.1797e-18   3.6271e-02   4.1834e-41   1.2232e-03   1.0620e-73   1.0652e-05  4.5168e-115   2.5862e-08
   2.4385e-01   3.9090e-01   1.4796e-04   2.4476e-01   3.4067e-18   3.3636e-02   1.1213e-41   1.1032e-03   1.8780e-74   9.3573e-06  5.3963e-116   2.2164e-08
   2.6284e-01   3.8516e-01   9.7383e-05   2.3376e-01   1.4068e-18   3.1192e-02   2.9814e-42   9.9499e-04   3.2961e-75   8.2207e-06  6.4019e-117   1.8995e-08
   2.8076e-01   3.7967e-01   6.3554e-05   2.2337e-01   5.7632e-19   2.8941e-02   7.8683e-43   8.9787e-04   5.7446e-76   7.2262e-06  7.5455e-118   1.6290e-08
   2.9736e-01   3.7462e-01   4.1148e-05   2.1365e-01   2.3435e-19   2.6880e-02   2.0622e-43   8.1109e-04   9.9478e-77   6.3591e-06  8.8402e-119   1.3985e-08
   3.1243e-01   3.7018e-01   2.6442e-05   2.0466e-01   9.4635e-20   2.5003e-02   5.3702e-44   7.3384e-04   1.7124e-77   5.6048e-06  1.0301e-119   1.2026e-08
   3.2578e-01   3.6649e-01   1.6874e-05   1.9643e-01   3.7969e-20   2.3304e-02   1.3901e-44   6.6528e-04   2.9316e-78   4.9502e-06  1.1942e-120   1.0363e-08
   3.3730e-01   3.6369e-01   1.0697e-05   1.8897e-01   1.5142e-20   2.1773e-02   3.5786e-45   6.0460e-04   4.9936e-79   4.3828e-06  1.3782e-121   8.9522e-09
   3.4687e-01   3.6188e-01   6.7398e-06   1.8230e-01   6.0045e-21   2.0398e-02   9.1651e-46   5.5100e-04   8.4662e-80   3.8914e-06  1.5838e-122   7.7555e-09
   3.5443e-01   3.6116e-01   4.2214e-06   1.7640e-01   2.3683e-21   1.9169e-02   2.3359e-46   5.0370e-04   1.4291e-80   3.4659e-06  1.8130e-123   6.7401e-09
   3.5992e-01   3.6162e-01   2.6293e-06   1.7125e-01   9.2937e-22   1.8074e-02   5.9261e-47   4.6201e-04   2.4025e-81   3.0974e-06  2.0678e-124   5.8776e-09

=
4.98 48 11.75 0.0928447 10 0.018 0.1 0.1
