1
=
6
2
=
        0
   0.0200
   0.0400
   0.0600
   0.0800
   0.1000
   0.1200
   0.1400
   0.1600
   0.1800
   0.2000
   0.2200
   0.2400
   0.2600
   0.2800
   0.3000
   0.3200
   0.3400
   0.3600
   0.3800
   0.4000
   0.4200
   0.4400
   0.4600
   0.4800
   0.5000
   0.5200
   0.5400
   0.5600
   0.5800
   0.6000
   0.6200
   0.6400
   0.6600
   0.6800
   0.7000
   0.7200
   0.7400
   0.7600
   0.7800
   0.8000
   0.8200
   0.8400
   0.8600
   0.8800
   0.9000
   0.9200
   0.9400
   0.9600
   0.9800
   1.0000
   1.0200
   1.0400
   1.0600
   1.0800
   1.1000
   1.1200
   1.1400
   1.1600
   1.1800
   1.2000
   1.2200
   1.2400
   1.2600
   1.2800
   1.3000
   1.3200
   1.3400
   1.3600
   1.3800
   1.4000
   1.4200
   1.4400
   1.4600
   1.4800
   1.5000
   1.5200
   1.5400
   1.5600
   1.5800
   1.6000
   1.6200
   1.6400
   1.6600
   1.6800
   1.7000
   1.7200
   1.7400
   1.7600
   1.7800
   1.8000
   1.8200
   1.8400
   1.8600
   1.8800
   1.9000
   1.9200
   1.9400
   1.9600
   1.9800
   2.0000
   2.0200
   2.0400
   2.0600
   2.0800
   2.1000
   2.1200
   2.1400
   2.1600
   2.1800
   2.2000
   2.2200
   2.2400
   2.2600
   2.2800
   2.3000
   2.3200
   2.3400
   2.3600
   2.3800
   2.4000
   2.4200
   2.4400
   2.4600
   2.4800
   2.5000
   2.5200
   2.5400
   2.5600
   2.5800
   2.6000
   2.6200
   2.6400
   2.6600
   2.6800
   2.7000
   2.7200
   2.7400
   2.7600
   2.7800
   2.8000
   2.8200
   2.8400
   2.8600
   2.8800
   2.9000
   2.9200
   2.9400
   2.9600
   2.9800
   3.0000
   3.0200
   3.0400
   3.0600
   3.0800
   3.1000
   3.1200
   3.1400
   3.1600
   3.1800
   3.2000
   3.2200
   3.2400
   3.2600
   3.2800
   3.3000
   3.3200
   3.3400
   3.3600
   3.3800
   3.4000
   3.4200
   3.4400
   3.4600
   3.4800
   3.5000
   3.5200
   3.5400
   3.5600
   3.5800
   3.6000
   3.6200
   3.6400
   3.6600
   3.6800
   3.7000
   3.7200
   3.7400
   3.7600
   3.7800
   3.8000
   3.8200
   3.8400
   3.8600
   3.8800
   3.9000
   3.9200
   3.9400
   3.9600
   3.9800
   4.0000
   4.0200
   4.0400
   4.0600
   4.0800
   4.1000
   4.1200
   4.1400
   4.1600
   4.1800
   4.2000
   4.2200
   4.2400
   4.2600
   4.2800
   4.3000
   4.3200
   4.3400
   4.3600
   4.3800
   4.4000
   4.4200
   4.4400
   4.4600
   4.4800
   4.5000
   4.5200
   4.5400
   4.5600
   4.5800
   4.6000
   4.6200
   4.6400
   4.6600
   4.6800
   4.7000
   4.7200
   4.7400
   4.7600
   4.7800
   4.8000
   4.8200
   4.8400
   4.8600
   4.8800
   4.9000
   4.9200
   4.9400
   4.9600
   4.9800
   5.0000

=
   3.0069
   3.1135
   3.2209
   3.3290
   3.4378
   3.5473
   3.6573
   3.7679
   3.8791
   3.9906
   4.1025
   4.2148
   4.3273
   4.4400
   4.5528
   4.6657
   4.7786
   4.8915
   5.0041
   5.1166
   5.2288
   5.3407
   5.4521
   5.5630
   5.6734
   5.7830
   5.8920
   6.0001
   6.1074
   6.2137
   6.3189
   6.4231
   6.5260
   6.6277
   6.7280
   6.8269
   6.9243
   7.0201
   7.1143
   7.2068
   7.2975
   7.3863
   7.4732
   7.5582
   7.6410
   7.7218
   7.8004
   7.8768
   7.9509
   8.0226
   8.0920
   8.1589
   8.2234
   8.2853
   8.3446
   8.4014
   8.4555
   8.5070
   8.5557
   8.6018
   8.6451
   8.6856
   8.7234
   8.7584
   8.7906
   8.8200
   8.8466
   8.8704
   8.8914
   8.9096
   8.9251
   8.9378
   8.9477
   8.9550
   8.9595
   8.9614
   8.9606
   8.9573
   8.9514
   8.9429
   8.9320
   8.9186
   8.9029
   8.8848
   8.8644
   8.8418
   8.8170
   8.7902
   8.7612
   8.7303
   8.6975
   8.6628
   8.6263
   8.5881
   8.5483
   8.5069
   8.4640
   8.4197
   8.3740
   8.3271
   8.2789
   8.2297
   8.1794
   8.1281
   8.0760
   8.0230
   7.9694
   7.9150
   7.8601
   7.8047
   7.7488
   7.6926
   7.6361
   7.5795
   7.5226
   7.4657
   7.4088
   7.3520
   7.2953
   7.2388
   7.1825
   7.1266
   7.0711
   7.0159
   6.9613
   6.9073
   6.8538
   6.8010
   6.7489
   6.6975
   6.6469
   6.5971
   6.5483
   6.5003
   6.4532
   6.4072
   6.3621
   6.3181
   6.2752
   6.2333
   6.1926
   6.1530
   6.1145
   6.0772
   6.0411
   6.0063
   5.9726
   5.9401
   5.9089
   5.8790
   5.8502
   5.8227
   5.7965
   5.7715
   5.7478
   5.7253
   5.7040
   5.6840
   5.6652
   5.6477
   5.6313
   5.6162
   5.6022
   5.5894
   5.5778
   5.5673
   5.5580
   5.5498
   5.5427
   5.5367
   5.5318
   5.5279
   5.5250
   5.5232
   5.5223
   5.5225
   5.5235
   5.5256
   5.5285
   5.5323
   5.5370
   5.5426
   5.5490
   5.5562
   5.5642
   5.5729
   5.5825
   5.5927
   5.6036
   5.6153
   5.6276
   5.6405
   5.6541
   5.6682
   5.6830
   5.6983
   5.7142
   5.7306
   5.7475
   5.7650
   5.7828
   5.8012
   5.8200
   5.8392
   5.8589
   5.8789
   5.8993
   5.9201
   5.9412
   5.9627
   5.9844
   6.0065
   6.0289
   6.0516
   6.0746
   6.0978
   6.1212
   6.1449
   6.1688
   6.1930
   6.2173
   6.2419
   6.2666
   6.2915
   6.3166
   6.3418
   6.3672
   6.3928
   6.4185
   6.4443
   6.4702
   6.4963
   6.5225
   6.5488
   6.5751
   6.6016
   6.6282
   6.6549
   6.6816
   6.7084
   6.7353
   6.7623
   6.7893
   6.8164
   6.8435
   6.8707
   6.8980
   6.9253
   6.9526
   6.9800
   7.0075

=
  -9.2803e+02
  -8.6121e+02
  -7.9460e+02
  -7.2826e+02
  -6.6222e+02
  -5.9653e+02
  -5.3126e+02
  -4.6644e+02
  -4.0211e+02
  -3.3835e+02
  -2.7519e+02
  -2.1268e+02
  -1.5088e+02
  -8.9833e+01
  -2.9588e+01
   2.9800e+01
   8.8291e+01
   1.4582e+02
   2.0236e+02
   2.5784e+02
   3.1225e+02
   3.6551e+02
   4.1757e+02
   4.6843e+02
   5.1800e+02
   5.6628e+02
   6.1319e+02
   6.5872e+02
   7.0283e+02
   7.4546e+02
   7.8662e+02
   8.2623e+02
   8.6430e+02
   9.0076e+02
   9.3562e+02
   9.6884e+02
   1.0004e+03
   1.0303e+03
   1.0584e+03
   1.0849e+03
   1.1096e+03
   1.1326e+03
   1.1538e+03
   1.1732e+03
   1.1909e+03
   1.2068e+03
   1.2209e+03
   1.2333e+03
   1.2439e+03
   1.2527e+03
   1.2597e+03
   1.2650e+03
   1.2686e+03
   1.2705e+03
   1.2706e+03
   1.2691e+03
   1.2659e+03
   1.2610e+03
   1.2546e+03
   1.2465e+03
   1.2369e+03
   1.2258e+03
   1.2131e+03
   1.1990e+03
   1.1835e+03
   1.1666e+03
   1.1483e+03
   1.1288e+03
   1.1079e+03
   1.0859e+03
   1.0626e+03
   1.0383e+03
   1.0128e+03
   9.8632e+02
   9.5883e+02
   9.3040e+02
   9.0107e+02
   8.7090e+02
   8.3996e+02
   8.0824e+02
   7.7587e+02
   7.4284e+02
   7.0923e+02
   6.7507e+02
   6.4045e+02
   6.0538e+02
   5.6995e+02
   5.3416e+02
   4.9812e+02
   4.6183e+02
   4.2537e+02
   3.8877e+02
   3.5210e+02
   3.1537e+02
   2.7867e+02
   2.4200e+02
   2.0546e+02
   1.6903e+02
   1.3282e+02
   9.6799e+01
   6.1069e+01
   2.5631e+01
  -9.4683e+00
  -4.4184e+01
  -7.8492e+01
  -1.1235e+02
  -1.4574e+02
  -1.7861e+02
  -2.1095e+02
  -2.4274e+02
  -2.7392e+02
  -3.0450e+02
  -3.3442e+02
  -3.6370e+02
  -3.9229e+02
  -4.2018e+02
  -4.4736e+02
  -4.7380e+02
  -4.9950e+02
  -5.2443e+02
  -5.4859e+02
  -5.7198e+02
  -5.9456e+02
  -6.1634e+02
  -6.3733e+02
  -6.5751e+02
  -6.7685e+02
  -6.9539e+02
  -7.1312e+02
  -7.3001e+02
  -7.4609e+02
  -7.6135e+02
  -7.7579e+02
  -7.8943e+02
  -8.0226e+02
  -8.1428e+02
  -8.2551e+02
  -8.3596e+02
  -8.4561e+02
  -8.5452e+02
  -8.6263e+02
  -8.7002e+02
  -8.7664e+02
  -8.8255e+02
  -8.8773e+02
  -8.9220e+02
  -8.9598e+02
  -8.9908e+02
  -9.0151e+02
  -9.0328e+02
  -9.0441e+02
  -9.0491e+02
  -9.0480e+02
  -9.0408e+02
  -9.0279e+02
  -9.0092e+02
  -8.9849e+02
  -8.9553e+02
  -8.9203e+02
  -8.8803e+02
  -8.8354e+02
  -8.7854e+02
  -8.7310e+02
  -8.6719e+02
  -8.6085e+02
  -8.5408e+02
  -8.4690e+02
  -8.3932e+02
  -8.3136e+02
  -8.2304e+02
  -8.1435e+02
  -8.0531e+02
  -7.9596e+02
  -7.8628e+02
  -7.7629e+02
  -7.6601e+02
  -7.5545e+02
  -7.4462e+02
  -7.3352e+02
  -7.2219e+02
  -7.1060e+02
  -6.9880e+02
  -6.8678e+02
  -6.7454e+02
  -6.6210e+02
  -6.4949e+02
  -6.3668e+02
  -6.2371e+02
  -6.1057e+02
  -5.9728e+02
  -5.8384e+02
  -5.7025e+02
  -5.5653e+02
  -5.4268e+02
  -5.2872e+02
  -5.1464e+02
  -5.0045e+02
  -4.8617e+02
  -4.7177e+02
  -4.5730e+02
  -4.4273e+02
  -4.2808e+02
  -4.1336e+02
  -3.9856e+02
  -3.8370e+02
  -3.6877e+02
  -3.5378e+02
  -3.3874e+02
  -3.2363e+02
  -3.0849e+02
  -2.9330e+02
  -2.7806e+02
  -2.6277e+02
  -2.4746e+02
  -2.3210e+02
  -2.1672e+02
  -2.0129e+02
  -1.8585e+02
  -1.7038e+02
  -1.5487e+02
  -1.3936e+02
  -1.2380e+02
  -1.0824e+02
  -9.2652e+01
  -7.7061e+01
  -6.1432e+01
  -4.5798e+01
  -3.0157e+01
  -1.4496e+01
   1.1771e+00
   1.6857e+01
   3.2556e+01
   4.8248e+01
   6.3970e+01
   7.9680e+01
   9.5406e+01
   1.1114e+02
   1.2687e+02
   1.4262e+02
   1.5837e+02
   1.7411e+02
   1.8989e+02
   2.0564e+02
   2.2141e+02
   2.3717e+02
   2.5294e+02
   2.6872e+02
   2.8448e+02
   3.0027e+02
   3.1368e+02
   3.2915e+02

=
   7.3759e+02
   1.8682e+01
  -6.9976e+02
   3.3661e+02
  -6.5155e+02
  -2.3532e+03
  -1.0507e+02
  -1.8266e+02
   1.3687e+03
   3.4522e+03
  -1.4586e+03
  -2.0044e+03

=
0.912011

=
0.00335379

0.0133413

=
0.928966

=
0.00341614

0.0135894

=
0.946237

=
0.00347965

0.013842

=
0.963829

=
0.00354434

0.0140994

=
0.981748

=
0.00361024

0.0143615

=
1

=
0.00367736

0.0146285

=
  1.3787e-150   1.4443e-10   5.2108e-95   4.6966e-07   5.8484e-53   2.1335e-04   9.7632e-24   1.4989e-02   1.1343e-06   1.7954e-01   4.0263e-01   4.0263e-01
  2.4323e-149   1.7232e-10   4.8512e-94   5.3817e-07   2.9695e-52   2.3528e-04   2.7900e-23   1.5940e-02   1.8804e-06   1.8448e-01   3.9855e-01   4.0043e-01
  4.2525e-148   2.0626e-10   4.4789e-93   6.1871e-07   1.4961e-51   2.6033e-04   7.9168e-23   1.7008e-02   3.0969e-06   1.9019e-01   3.9218e-01   3.9962e-01
  7.3666e-147   2.4765e-10   4.1000e-92   7.1351e-07   7.4788e-51   2.8896e-04   2.2301e-22   1.8207e-02   5.0666e-06   1.9672e-01   3.8356e-01   4.0011e-01
  1.2641e-145   2.9819e-10   3.7204e-91   8.2521e-07   3.7082e-50   3.2167e-04   6.2351e-22   1.9547e-02   8.2319e-06   2.0408e-01   3.7275e-01   4.0182e-01
  2.1483e-144   3.5993e-10   3.3455e-90   9.5682e-07   1.8232e-49   3.5901e-04   1.7297e-21   2.1042e-02   1.3278e-05   2.1228e-01   3.5983e-01   4.0463e-01
  3.6141e-143   4.3540e-10   2.9801e-89   1.1118e-06   8.8858e-49   4.0158e-04   4.7592e-21   2.2701e-02   2.1257e-05   2.2132e-01   3.4494e-01   4.0840e-01
  6.0165e-142   5.2759e-10   2.6286e-88   1.2943e-06   4.2910e-48   4.5000e-04   1.2983e-20   2.4537e-02   3.3758e-05   2.3118e-01   3.2822e-01   4.1300e-01
  9.9069e-141   6.4011e-10   2.2949e-87   1.5086e-06   2.0523e-47   5.0494e-04   3.5100e-20   2.6558e-02   5.3160e-05   2.4182e-01   3.0986e-01   4.1826e-01
  1.6127e-139   7.7722e-10   1.9821e-86   1.7598e-06   9.7167e-47   5.6707e-04   9.3995e-20   2.8771e-02   8.2972e-05   2.5318e-01   2.9009e-01   4.2400e-01
  2.5943e-138   9.4394e-10   1.6928e-85   2.0535e-06   4.5518e-46   6.3706e-04   2.4920e-19   3.1180e-02   1.2829e-04   2.6519e-01   2.6918e-01   4.3000e-01
  4.1215e-137   1.1461e-09   1.4288e-84   2.3956e-06   2.1087e-45   7.1556e-04   6.5378e-19   3.3786e-02   1.9639e-04   2.7773e-01   2.4746e-01   4.3607e-01
  6.4639e-136   1.3905e-09   1.1912e-83   2.7927e-06   9.6562e-45   8.0318e-04   1.6964e-18   3.6585e-02   2.9752e-04   2.9069e-01   2.2525e-01   4.4196e-01
  1.0002e-134   1.6850e-09   9.8060e-83   3.2517e-06   4.3685e-44   9.0046e-04   4.3515e-18   3.9572e-02   4.4585e-04   3.0393e-01   2.0293e-01   4.4745e-01
  1.5265e-133   2.0382e-09   7.9665e-82   3.7798e-06   1.9517e-43   1.0079e-03   1.1030e-17   4.2735e-02   6.6059e-04   3.1727e-01   1.8085e-01   4.5233e-01
  2.2968e-132   2.4604e-09   6.3850e-81   4.3847e-06   8.6079e-43   1.1259e-03   2.7615e-17   4.6060e-02   9.6736e-04   3.3055e-01   1.5939e-01   4.5639e-01
  3.4060e-131   2.9628e-09   5.0469e-80   5.0742e-06   3.7464e-42   1.2547e-03   6.8272e-17   4.9528e-02   1.3996e-03   3.4361e-01   1.3887e-01   4.5945e-01
  4.9765e-130   3.5581e-09   3.9333e-79   5.8565e-06   1.6087e-41   1.3946e-03   1.6663e-16   5.3120e-02   2.0002e-03   3.5628e-01   1.1958e-01   4.6138e-01
  7.1630e-129   4.2607e-09   3.0218e-78   6.7401e-06   6.8139e-41   1.5458e-03   4.0138e-16   5.6814e-02   2.8231e-03   3.6840e-01   1.0175e-01   4.6206e-01
  1.0156e-127   5.0865e-09   2.2882e-77   7.7338e-06   2.8465e-40   1.7082e-03   9.5420e-16   6.0588e-02   3.9346e-03   3.7983e-01   8.5538e-02   4.6142e-01
  1.4182e-126   6.0535e-09   1.7077e-76   8.8466e-06   1.1727e-39   1.8820e-03   2.2385e-15   6.4419e-02   5.4144e-03   3.9046e-01   7.1042e-02   4.5943e-01
  1.9505e-125   7.1815e-09   1.2561e-75   1.0088e-05   4.7648e-39   2.0671e-03   5.1820e-15   6.8284e-02   7.3566e-03   4.0018e-01   5.8289e-02   4.5610e-01
  2.6422e-124   8.4928e-09   9.1059e-75   1.1468e-05   1.9092e-38   2.2635e-03   1.1838e-14   7.2162e-02   9.8692e-03   4.0892e-01   4.7247e-02   4.5146e-01
  3.5253e-123   1.0012e-08   6.5062e-74   1.2997e-05   7.5447e-38   2.4709e-03   2.6685e-14   7.6029e-02   1.3073e-02   4.1660e-01   3.7836e-02   4.4554e-01
  4.6331e-122   1.1767e-08   4.5819e-73   1.4683e-05   2.9405e-37   2.6892e-03   5.9365e-14   7.9865e-02   1.7100e-02   4.2318e-01   2.9935e-02   4.3842e-01
  5.9978e-121   1.3786e-08   3.1806e-72   1.6539e-05   1.1304e-36   2.9180e-03   1.3034e-13   8.3646e-02   2.2087e-02   4.2860e-01   2.3401e-02   4.3017e-01
  7.6487e-120   1.6103e-08   2.1763e-71   1.8573e-05   4.2859e-36   3.1569e-03   2.8243e-13   8.7350e-02   2.8172e-02   4.3283e-01   1.8074e-02   4.2086e-01
  9.6087e-119   1.8752e-08   1.4680e-70   2.0795e-05   1.6029e-35   3.4052e-03   6.0401e-13   9.0951e-02   3.5485e-02   4.3585e-01   1.3794e-02   4.1059e-01
  1.1892e-117   2.1770e-08   9.7608e-70   2.3213e-05   5.9134e-35   3.6623e-03   1.2750e-12   9.4428e-02   4.4142e-02   4.3764e-01   1.0402e-02   3.9944e-01
  1.4499e-116   2.5199e-08   6.3981e-69   2.5836e-05   2.1519e-34   3.9273e-03   2.6563e-12   9.7754e-02   5.4230e-02   4.3819e-01   7.7515e-03   3.8750e-01
  1.7415e-115   2.9082e-08   4.1345e-68   2.8671e-05   7.7250e-34   4.1994e-03   5.4627e-12   1.0091e-01   6.5800e-02   4.3750e-01   5.7079e-03   3.7487e-01
  2.0611e-114   3.3464e-08   2.6341e-67   3.1726e-05   2.7358e-33   4.4775e-03   1.1089e-11   1.0387e-01   7.8854e-02   4.3560e-01   4.1537e-03   3.6166e-01
  2.4035e-113   3.8398e-08   1.6547e-66   3.5007e-05   9.5590e-33   4.7607e-03   2.2224e-11   1.0663e-01   9.3344e-02   4.3254e-01   2.9873e-03   3.4798e-01
  2.7621e-112   4.3937e-08   1.0250e-65   3.8523e-05   3.2957e-32   5.0485e-03   4.3973e-11   1.0918e-01   1.0916e-01   4.2839e-01   2.1237e-03   3.3398e-01
  3.1287e-111   5.0148e-08   6.2626e-65   4.2286e-05   1.1214e-31   5.3404e-03   8.5921e-11   1.1151e-01   1.2613e-01   4.2326e-01   1.4925e-03   3.1977e-01
  3.4939e-110   5.7101e-08   3.7747e-64   4.6310e-05   3.7666e-31   5.6364e-03   1.6583e-10   1.1364e-01   1.4404e-01   4.1728e-01   1.0373e-03   3.0551e-01
  3.8478e-109   6.4885e-08   2.2452e-63   5.0613e-05   1.2493e-30   5.9369e-03   3.1621e-10   1.1559e-01   1.6261e-01   4.1059e-01   7.1302e-04   2.9134e-01
  4.1803e-108   7.3601e-08   1.3183e-62   5.5222e-05   4.0927e-30   6.2431e-03   5.9595e-10   1.1738e-01   1.8155e-01   4.0337e-01   4.8498e-04   2.7739e-01
  4.4820e-107   8.3374e-08   7.6437e-62   6.0171e-05   1.3249e-29   6.5566e-03   1.1105e-09   1.1904e-01   2.0052e-01   3.9580e-01   3.2653e-04   2.6380e-01
  4.7446e-106   9.4355e-08   4.3787e-61   6.5505e-05   4.2401e-29   6.8799e-03   2.0470e-09   1.2063e-01   2.1920e-01   3.8806e-01   2.1770e-04   2.5068e-01
  4.9611e-105   1.0673e-07   2.4792e-60   7.1277e-05   1.3420e-28   7.2161e-03   3.7339e-09   1.2220e-01   2.3726e-01   3.8033e-01   1.4380e-04   2.3814e-01
  5.1263e-104   1.2072e-07   1.3881e-59   7.7558e-05   4.2030e-28   7.5688e-03   6.7434e-09   1.2379e-01   2.5442e-01   3.7280e-01   9.4148e-05   2.2626e-01
  5.2370e-103   1.3659e-07   7.6891e-59   8.4428e-05   1.3031e-27   7.9426e-03   1.2063e-08   1.2546e-01   2.7038e-01   3.6562e-01   6.1124e-05   2.1510e-01
  5.2920e-102   1.5469e-07   4.2155e-58   9.1987e-05   4.0010e-27   8.3424e-03   2.1384e-08   1.2728e-01   2.8490e-01   3.5893e-01   3.9369e-05   2.0469e-01
  5.2916e-101   1.7539e-07   2.2885e-57   1.0035e-04   1.2172e-26   8.7739e-03   3.7582e-08   1.2931e-01   2.9780e-01   3.5285e-01   2.5167e-05   1.9507e-01
  5.2378e-100   1.9919e-07   1.2306e-56   1.0966e-04   3.6703e-26   9.2434e-03   6.5504e-08   1.3159e-01   3.0888e-01   3.4748e-01   1.5973e-05   1.8624e-01
   5.1340e-99   2.2666e-07   6.5571e-56   1.2006e-04   1.0973e-25   9.7575e-03   1.1327e-07   1.3418e-01   3.1803e-01   3.4292e-01   1.0069e-05   1.7818e-01
   4.9846e-98   2.5848e-07   3.4631e-55   1.3175e-04   3.2538e-25   1.0324e-02   1.9437e-07   1.3715e-01   3.2514e-01   3.3921e-01   6.3060e-06   1.7088e-01
   4.7949e-97   2.9548e-07   1.8132e-54   1.4493e-04   9.5709e-25   1.0950e-02   3.3107e-07   1.4053e-01   3.3013e-01   3.3640e-01   3.9244e-06   1.6430e-01
   4.5704e-96   3.3865e-07   9.4137e-54   1.5985e-04   2.7932e-24   1.1646e-02   5.5983e-07   1.4439e-01   3.3296e-01   3.3453e-01   2.4272e-06   1.5841e-01
   4.3173e-95   3.8915e-07   4.8465e-53   1.7677e-04   8.0888e-24   1.2419e-02   9.3989e-07   1.4876e-01   3.3361e-01   3.3361e-01   1.4922e-06   1.5317e-01
   4.0417e-94   4.4838e-07   2.4744e-52   1.9602e-04   2.3243e-23   1.3280e-02   1.5667e-06   1.5370e-01   3.3206e-01   3.3362e-01   9.1181e-07   1.4853e-01
   3.7496e-93   5.1799e-07   1.2527e-51   2.1795e-04   6.6274e-23   1.4240e-02   2.5929e-06   1.5923e-01   3.2834e-01   3.3456e-01   5.5380e-07   1.4443e-01
   3.4470e-92   5.9990e-07   6.2888e-51   2.4295e-04   1.8748e-22   1.5308e-02   4.2600e-06   1.6540e-01   3.2248e-01   3.3640e-01   3.3428e-07   1.4083e-01
   3.1395e-91   6.9638e-07   3.1297e-50   2.7145e-04   5.2612e-22   1.6496e-02   6.9471e-06   1.7222e-01   3.1456e-01   3.3909e-01   2.0050e-07   1.3766e-01
   2.8323e-90   8.1007e-07   1.5438e-49   3.0395e-04   1.4643e-21   1.7814e-02   1.1242e-05   1.7973e-01   3.0465e-01   3.4257e-01   1.1947e-07   1.3486e-01
   2.5302e-89   9.4402e-07   7.5456e-49   3.4097e-04   4.0405e-21   1.9275e-02   1.8049e-05   1.8792e-01   2.9288e-01   3.4676e-01   7.0703e-08   1.3239e-01
   2.2375e-88   1.1017e-06   3.6531e-48   3.8306e-04   1.1051e-20   2.0887e-02   2.8737e-05   1.9679e-01   2.7939e-01   3.5156e-01   4.1542e-08   1.3018e-01
   1.9580e-87   1.2871e-06   1.7513e-47   4.3082e-04   2.9945e-20   2.2659e-02   4.5359e-05   2.0632e-01   2.6437e-01   3.5687e-01   2.4224e-08   1.2816e-01
   1.6947e-86   1.5047e-06   8.3093e-47   4.8488e-04   8.0363e-20   2.4600e-02   7.0948e-05   2.1648e-01   2.4804e-01   3.6254e-01   1.4013e-08   1.2628e-01
   1.4503e-85   1.7594e-06   3.9006e-46   5.4585e-04   2.1350e-19   2.6715e-02   1.0992e-04   2.2722e-01   2.3064e-01   3.6843e-01   8.0382e-09   1.2447e-01
   1.2266e-84   2.0568e-06   1.8107e-45   6.1436e-04   5.6127e-19   2.9007e-02   1.6862e-04   2.3845e-01   2.1246e-01   3.7439e-01   4.5703e-09   1.2269e-01
   1.0248e-83   2.4027e-06   8.3087e-45   6.9102e-04   1.4594e-18   3.1476e-02   2.5598e-04   2.5010e-01   1.9379e-01   3.8024e-01   2.5745e-09   1.2086e-01
   8.4545e-83   2.8037e-06   3.7671e-44   7.7640e-04   3.7516e-18   3.4120e-02   3.8443e-04   2.6205e-01   1.7497e-01   3.8580e-01   1.4363e-09   1.1896e-01
   6.8845e-82   3.2666e-06   1.6869e-43   8.7105e-04   9.5314e-18   3.6932e-02   5.7092e-04   2.7419e-01   1.5630e-01   3.9091e-01   7.9320e-10   1.1693e-01
   5.5316e-81   3.7988e-06   7.4586e-43   9.7544e-04   2.3923e-17   3.9905e-02   8.3813e-04   2.8638e-01   1.3810e-01   3.9540e-01   4.3351e-10   1.1473e-01
   4.3842e-80   4.4080e-06   3.2550e-42   1.0900e-03   5.9305e-17   4.3026e-02   1.2159e-03   2.9850e-01   1.2064e-01   3.9914e-01   2.3439e-10   1.1236e-01
   3.4268e-79   5.1026e-06   1.4018e-41   1.2151e-03   1.4517e-16   4.6282e-02   1.7428e-03   3.1041e-01   1.0419e-01   4.0198e-01   1.2535e-10   1.0978e-01
   2.6410e-78   5.8910e-06   5.9562e-41   1.3510e-03   3.5079e-16   4.9657e-02   2.4676e-03   3.2199e-01   8.8933e-02   4.0385e-01   6.6288e-11   1.0701e-01
   2.0066e-77   6.7824e-06   2.4966e-40   1.4981e-03   8.3676e-16   5.3135e-02   3.4507e-03   3.3311e-01   7.5016e-02   4.0466e-01   3.4661e-11   1.0403e-01
   1.5030e-76   7.7862e-06   1.0323e-39   1.6565e-03   1.9700e-15   5.6697e-02   4.7655e-03   3.4366e-01   6.2527e-02   4.0437e-01   1.7918e-11   1.0086e-01
   1.1097e-75   8.9125e-06   4.2100e-39   1.8263e-03   4.5778e-15   6.0326e-02   6.4995e-03   3.5355e-01   5.1497e-02   4.0295e-01   9.1578e-12   9.7525e-02
   8.0761e-75   1.0172e-05   1.6936e-38   2.0076e-03   1.0498e-14   6.4003e-02   8.7537e-03   3.6269e-01   4.1906e-02   4.0042e-01   4.6270e-12   9.4036e-02
   5.7939e-74   1.1574e-05   6.7197e-38   2.2005e-03   2.3763e-14   6.7708e-02   1.1643e-02   3.7101e-01   3.3695e-02   3.9678e-01   2.3112e-12   9.0420e-02
   4.0974e-73   1.3131e-05   2.6299e-37   2.4049e-03   5.3085e-14   7.1421e-02   1.5292e-02   3.7844e-01   2.6771e-02   3.9207e-01   1.1413e-12   8.6701e-02
   2.8563e-72   1.4853e-05   1.0153e-36   2.6206e-03   1.1705e-13   7.5120e-02   1.9836e-02   3.8491e-01   2.1016e-02   3.8632e-01   5.5717e-13   8.2905e-02
   1.9628e-71   1.6752e-05   3.8660e-36   2.8473e-03   2.5471e-13   7.8783e-02   2.5410e-02   3.9039e-01   1.6302e-02   3.7959e-01   2.6892e-13   7.9054e-02
   1.3297e-70   1.8836e-05   1.4521e-35   3.0845e-03   5.4709e-13   8.2386e-02   3.2144e-02   3.9481e-01   1.2495e-02   3.7192e-01   1.2832e-13   7.5172e-02
   8.8793e-70   2.1118e-05   5.3802e-35   3.3317e-03   1.1598e-12   8.5903e-02   4.0158e-02   3.9813e-01   9.4633e-03   3.6338e-01   6.0532e-14   7.1280e-02
   5.8452e-69   2.3604e-05   1.9663e-34   3.5881e-03   2.4267e-12   8.9310e-02   4.9547e-02   4.0034e-01   7.0820e-03   3.5403e-01   2.8231e-14   6.7401e-02
   3.7932e-68   2.6305e-05   7.0884e-34   3.8529e-03   5.0117e-12   9.2583e-02   6.0371e-02   4.0140e-01   5.2370e-03   3.4394e-01   1.3017e-14   6.3554e-02
   2.4267e-67   2.9229e-05   2.5208e-33   4.1251e-03   1.0216e-11   9.5699e-02   7.2650e-02   4.0131e-01   3.8268e-03   3.3319e-01   5.9339e-15   5.9761e-02
   1.5306e-66   3.2383e-05   8.8434e-33   4.4039e-03   2.0557e-11   9.8640e-02   8.6348e-02   4.0011e-01   2.7634e-03   3.2190e-01   2.6747e-15   5.6041e-02
   9.5189e-66   3.5776e-05   3.0610e-32   4.6886e-03   4.0835e-11   1.0139e-01   1.0138e-01   3.9784e-01   1.9723e-03   3.1016e-01   1.1921e-15   5.2414e-02
   5.8379e-65   3.9420e-05   1.0455e-31   4.9785e-03   8.0093e-11   1.0396e-01   1.1759e-01   3.9458e-01   1.3914e-03   2.9810e-01   5.2552e-16   4.8901e-02
   3.5316e-64   4.3329e-05   3.5246e-31   5.2736e-03   1.5514e-10   1.0633e-01   1.3477e-01   3.9042e-01   9.7051e-04   2.8585e-01   2.2916e-16   4.5519e-02
   2.1079e-63   4.7520e-05   1.1730e-30   5.5741e-03   2.9687e-10   1.0853e-01   1.5268e-01   3.8550e-01   6.6947e-04   2.7353e-01   9.8878e-17   4.2286e-02
   1.2417e-62   5.2019e-05   3.8557e-30   5.8809e-03   5.6134e-10   1.1057e-01   1.7102e-01   3.7997e-01   4.5686e-04   2.6130e-01   4.2229e-17   3.9216e-02
   7.2224e-62   5.6857e-05   1.2521e-29   6.1955e-03   1.0493e-09   1.1249e-01   1.8947e-01   3.7399e-01   3.0854e-04   2.4927e-01   1.7858e-17   3.6320e-02
   4.1493e-61   6.2076e-05   4.0185e-29   6.5198e-03   1.9397e-09   1.1432e-01   2.0773e-01   3.6774e-01   2.0631e-04   2.3756e-01   7.4810e-18   3.3606e-02
   2.3557e-60   6.7728e-05   1.2753e-28   6.8568e-03   3.5478e-09   1.1611e-01   2.2545e-01   3.6139e-01   1.3664e-04   2.2629e-01   3.1058e-18   3.1080e-02
   1.3222e-59   7.3879e-05   4.0041e-28   7.2099e-03   6.4231e-09   1.1792e-01   2.4235e-01   3.5512e-01   8.9684e-05   2.1553e-01   1.2784e-18   2.8743e-02
   7.3408e-59   8.0606e-05   1.2442e-27   7.5832e-03   1.1516e-08   1.1979e-01   2.5814e-01   3.4907e-01   5.8359e-05   2.0536e-01   5.2199e-19   2.6592e-02
   4.0330e-58   8.8006e-05   3.8283e-27   7.9815e-03   2.0458e-08   1.2178e-01   2.7258e-01   3.4339e-01   3.7667e-05   1.9584e-01   2.1151e-19   2.4623e-02
   2.1935e-57   9.6190e-05   1.1669e-26   8.4102e-03   3.6022e-08   1.2394e-01   2.8545e-01   3.3822e-01   2.4124e-05   1.8698e-01   8.5091e-20   2.2830e-02
   1.1816e-56   1.0529e-04   3.5245e-26   8.8754e-03   6.2894e-08   1.2635e-01   2.9659e-01   3.3365e-01   1.5338e-05   1.7882e-01   3.4000e-20   2.1201e-02
   6.3057e-56   1.1546e-04   1.0554e-25   9.3837e-03   1.0892e-07   1.2904e-01   3.0585e-01   3.2978e-01   9.6836e-06   1.7135e-01   1.3498e-20   1.9728e-02
   3.3349e-55   1.2688e-04   3.1338e-25   9.9422e-03   1.8718e-07   1.3208e-01   3.1312e-01   3.2667e-01   6.0730e-06   1.6456e-01   5.3255e-21   1.8400e-02
   1.7483e-54   1.3975e-04   9.2295e-25   1.0559e-02   3.1922e-07   1.3551e-01   3.1833e-01   3.2437e-01   3.7841e-06   1.5843e-01   2.0887e-21   1.7203e-02
   9.0870e-54   1.5430e-04   2.6966e-24   1.1242e-02   5.4040e-07   1.3938e-01   3.2142e-01   3.2293e-01   2.3431e-06   1.5292e-01   8.1452e-22   1.6128e-02
   4.6831e-53   1.7082e-04   7.8170e-24   1.2001e-02   9.0818e-07   1.4375e-01   3.2236e-01   3.2236e-01   1.4419e-06   1.4801e-01   3.1584e-22   1.5161e-02
   2.3931e-52   1.8959e-04   2.2483e-23   1.2845e-02   1.5152e-06   1.4865e-01   3.2116e-01   3.2267e-01   8.8191e-07   1.4366e-01   1.2178e-22   1.4292e-02
   1.2126e-51   2.1097e-04   6.4157e-23   1.3784e-02   2.5097e-06   1.5413e-01   3.1782e-01   3.2385e-01   5.3608e-07   1.3981e-01   4.6693e-23   1.3510e-02
   6.0917e-51   2.3534e-04   1.8163e-22   1.4829e-02   4.1265e-06   1.6022e-01   3.1238e-01   3.2587e-01   3.2383e-07   1.3642e-01   1.7800e-23   1.2804e-02
   3.0337e-50   2.6313e-04   5.1004e-22   1.5990e-02   6.7338e-06   1.6694e-01   3.0491e-01   3.2869e-01   1.9436e-07   1.3344e-01   6.7459e-24   1.2166e-02
   1.4973e-49   2.9481e-04   1.4204e-21   1.7279e-02   1.0904e-05   1.7432e-01   2.9549e-01   3.3227e-01   1.1588e-07   1.3081e-01   2.5409e-24   1.1585e-02
   7.3225e-49   3.3089e-04   3.9215e-21   1.8706e-02   1.7515e-05   1.8237e-01   2.8423e-01   3.3652e-01   6.8617e-08   1.2848e-01   9.5097e-25   1.1054e-02
   3.5470e-48   3.7193e-04   1.0731e-20   2.0280e-02   2.7901e-05   1.9107e-01   2.7128e-01   3.4135e-01   4.0336e-08   1.2640e-01   3.5353e-25   1.0564e-02
   1.7012e-47   4.1851e-04   2.9092e-20   2.2012e-02   4.4061e-05   2.0043e-01   2.5682e-01   3.4667e-01   2.3532e-08   1.2450e-01   1.3050e-25   1.0109e-02
   8.0753e-47   4.7123e-04   7.8108e-20   2.3908e-02   6.8948e-05   2.1039e-01   2.4106e-01   3.5234e-01   1.3619e-08   1.2272e-01   4.7810e-26   9.6808e-03
   3.7923e-46   5.3071e-04   2.0760e-19   2.5974e-02   1.0687e-04   2.2092e-01   2.2424e-01   3.5822e-01   7.8155e-09   1.2102e-01   1.7378e-26   9.2749e-03
   1.7612e-45   5.9756e-04   5.4597e-19   2.8214e-02   1.6400e-04   2.3193e-01   2.0665e-01   3.6416e-01   4.4455e-09   1.1933e-01   6.2640e-27   8.8857e-03
   8.0846e-45   6.7239e-04   1.4202e-18   3.0628e-02   2.4907e-04   2.4336e-01   1.8857e-01   3.6999e-01   2.5052e-09   1.1761e-01   2.2381e-27   8.5086e-03
   3.6669e-44   7.5576e-04   3.6522e-18   3.3213e-02   3.7420e-04   2.5508e-01   1.7031e-01   3.7554e-01   1.3981e-09   1.1580e-01   7.9236e-28   8.1401e-03
   1.6427e-43   8.4822e-04   9.2823e-18   3.5964e-02   5.5593e-04   2.6700e-01   1.5220e-01   3.8066e-01   7.7244e-10   1.1386e-01   2.7784e-28   7.7774e-03
   7.2656e-43   9.5023e-04   2.3307e-17   3.8874e-02   8.1644e-04   2.7898e-01   1.3452e-01   3.8518e-01   4.2232e-10   1.1177e-01   9.6461e-29   7.4185e-03
   3.1720e-42   1.0622e-03   5.7799e-17   4.1930e-02   1.1849e-03   2.9090e-01   1.1757e-01   3.8897e-01   2.2843e-10   1.0950e-01   3.3148e-29   7.0622e-03
   1.3665e-41   1.1846e-03   1.4153e-16   4.5119e-02   1.6990e-03   3.0262e-01   1.0157e-01   3.9189e-01   1.2220e-10   1.0703e-01   1.1273e-29   6.7081e-03
   5.8086e-41   1.3176e-03   3.4213e-16   4.8427e-02   2.4064e-03   3.1401e-01   8.6730e-02   3.9385e-01   6.4649e-11   1.0436e-01   3.7927e-30   6.3564e-03
   2.4356e-40   1.4615e-03   8.1640e-16   5.1838e-02   3.3664e-03   3.2498e-01   7.3184e-02   3.9478e-01   3.3816e-11   1.0149e-01   1.2624e-30   6.0077e-03
   1.0074e-39   1.6166e-03   1.9228e-15   5.5334e-02   4.6508e-03   3.3539e-01   6.1022e-02   3.9464e-01   1.7488e-11   9.8437e-02   4.1562e-31   5.6630e-03
   4.1101e-39   1.7830e-03   4.4696e-15   5.8896e-02   6.3452e-03   3.4517e-01   5.0275e-02   3.9340e-01   8.9410e-12   9.5213e-02   1.3535e-31   5.3236e-03
   1.6539e-38   1.9607e-03   1.0254e-14   6.2508e-02   8.5490e-03   3.5421e-01   4.0926e-02   3.9106e-01   4.5191e-12   9.1839e-02   4.3597e-32   4.9908e-03
   6.5648e-38   2.1498e-03   2.3217e-14   6.6149e-02   1.1374e-02   3.6246e-01   3.2919e-02   3.8764e-01   2.2580e-12   8.8338e-02   1.3890e-32   4.6659e-03
   2.5701e-37   2.3503e-03   5.1883e-14   6.9799e-02   1.4945e-02   3.6984e-01   2.6162e-02   3.8316e-01   1.1154e-12   8.4733e-02   4.3770e-33   4.3502e-03
   9.9250e-37   2.5619e-03   1.1443e-13   7.3438e-02   1.9391e-02   3.7629e-01   2.0545e-02   3.7767e-01   5.4471e-13   8.1048e-02   1.3643e-33   4.0446e-03
   3.7805e-36   2.7844e-03   2.4910e-13   7.7043e-02   2.4848e-02   3.8176e-01   1.5941e-02   3.7120e-01   2.6299e-13   7.7308e-02   4.2063e-34   3.7501e-03
   1.4204e-35   3.0173e-03   5.3520e-13   8.0590e-02   3.1443e-02   3.8620e-01   1.2222e-02   3.6382e-01   1.2552e-13   7.3533e-02   1.2827e-34   3.4675e-03
   5.2642e-35   3.2600e-03   1.1349e-12   8.4055e-02   3.9293e-02   3.8957e-01   9.2594e-03   3.5556e-01   5.9231e-14   6.9746e-02   3.8692e-35   3.1972e-03
   1.9244e-34   3.5119e-03   2.3753e-12   8.7412e-02   4.8493e-02   3.9183e-01   6.9313e-03   3.4650e-01   2.7632e-14   6.5968e-02   1.1544e-35   2.9398e-03
   6.9394e-34   3.7720e-03   4.9067e-12   9.0639e-02   5.9103e-02   3.9297e-01   5.1269e-03   3.3671e-01   1.2744e-14   6.2220e-02   3.4069e-36   2.6956e-03
   2.4684e-33   4.0395e-03   1.0005e-11   9.3712e-02   7.1140e-02   3.9298e-01   3.7473e-03   3.2628e-01   5.8110e-15   5.8520e-02   9.9456e-37   2.4649e-03
   8.6616e-33   4.3135e-03   2.0136e-11   9.6615e-02   8.4574e-02   3.9190e-01   2.7066e-03   3.1529e-01   2.6198e-15   5.4890e-02   2.8721e-37   2.2478e-03
   2.9987e-32   4.5933e-03   4.0008e-11   9.9334e-02   9.9315e-02   3.8976e-01   1.9321e-03   3.0386e-01   1.1680e-15   5.1349e-02   8.2057e-38   2.0445e-03
   1.0244e-31   4.8783e-03   7.8486e-11   1.0186e-01   1.1522e-01   3.8663e-01   1.3633e-03   2.9210e-01   5.1496e-16   4.7917e-02   2.3198e-38   1.8550e-03
   3.4542e-31   5.1685e-03   1.5206e-10   1.0421e-01   1.3208e-01   3.8263e-01   9.5112e-04   2.8015e-01   2.2460e-16   4.4612e-02   6.4906e-39   1.6793e-03
   1.1498e-30   5.4640e-03   2.9102e-10   1.0638e-01   1.4966e-01   3.7788e-01   6.5621e-04   2.6813e-01   9.6927e-17   4.1450e-02   1.7978e-39   1.5172e-03
   3.7800e-30   5.7656e-03   5.5037e-10   1.0840e-01   1.6766e-01   3.7252e-01   4.4788e-04   2.5617e-01   4.1403e-17   3.8447e-02   4.9313e-40   1.3684e-03
   1.2277e-29   6.0749e-03   1.0289e-09   1.1030e-01   1.8578e-01   3.6671e-01   3.0253e-04   2.4441e-01   1.7511e-17   3.5613e-02   1.3400e-40   1.2326e-03
   3.9407e-29   6.3938e-03   1.9023e-09   1.1211e-01   2.0371e-01   3.6063e-01   2.0231e-04   2.3297e-01   7.3367e-18   3.2957e-02   3.6089e-41   1.1092e-03
   1.2508e-28   6.7250e-03   3.4798e-09   1.1388e-01   2.2112e-01   3.5445e-01   1.3401e-04   2.2194e-01   3.0462e-18   3.0483e-02   9.6367e-42   9.9775e-04
   3.9275e-28   7.0721e-03   6.3008e-09   1.1566e-01   2.3772e-01   3.4833e-01   8.7967e-05   2.1141e-01   1.2540e-18   2.8194e-02   2.5526e-42   8.9746e-04
   1.2205e-27   7.4390e-03   1.1298e-08   1.1751e-01   2.5323e-01   3.4244e-01   5.7247e-05   2.0146e-01   5.1209e-19   2.6087e-02   6.7105e-43   8.0760e-04
   3.7558e-27   7.8305e-03   2.0072e-08   1.1947e-01   2.6742e-01   3.3690e-01   3.6953e-05   1.9213e-01   2.0752e-19   2.4158e-02   1.7516e-43   7.2738e-04
   1.1449e-26   8.2519e-03   3.5346e-08   1.2161e-01   2.8008e-01   3.3185e-01   2.3669e-05   1.8346e-01   8.3493e-20   2.2400e-02   4.5413e-44   6.5597e-04
   3.4583e-26   8.7089e-03   6.1717e-08   1.2398e-01   2.9102e-01   3.2739e-01   1.5049e-05   1.7547e-01   3.3364e-20   2.0804e-02   1.1700e-44   5.9257e-04
   1.0356e-25   9.2083e-03   1.0689e-07   1.2663e-01   3.0013e-01   3.2361e-01   9.5022e-06   1.6815e-01   1.3246e-20   1.9360e-02   2.9964e-45   5.3637e-04
   3.0753e-25   9.7570e-03   1.8370e-07   1.2962e-01   3.0729e-01   3.2058e-01   5.9596e-06   1.6149e-01   5.2266e-21   1.8057e-02   7.6304e-46   4.8662e-04
   9.0579e-25   1.0363e-02   3.1331e-07   1.3299e-01   3.1242e-01   3.1835e-01   3.7137e-06   1.5548e-01   2.0501e-21   1.6884e-02   1.9326e-46   4.4260e-04
   2.6466e-24   1.1034e-02   5.3042e-07   1.3680e-01   3.1547e-01   3.1695e-01   2.2997e-06   1.5009e-01   7.9948e-22   1.5829e-02   4.8689e-47   4.0365e-04
   7.6725e-24   1.1779e-02   8.9145e-07   1.4110e-01   3.1641e-01   3.1641e-01   1.4152e-06   1.4528e-01   3.1002e-22   1.4881e-02   1.2203e-47   3.6915e-04
   2.2068e-23   1.2608e-02   1.4874e-06   1.4592e-01   3.1525e-01   3.1673e-01   8.6564e-07   1.4101e-01   1.1955e-22   1.4029e-02   3.0431e-48   3.3855e-04
   6.2978e-23   1.3531e-02   2.4638e-06   1.5130e-01   3.1199e-01   3.1790e-01   5.2621e-07   1.3724e-01   4.5838e-23   1.3262e-02   7.5492e-49   3.1136e-04
   1.7830e-22   1.4557e-02   4.0511e-06   1.5729e-01   3.0666e-01   3.1990e-01   3.1788e-07   1.3392e-01   1.7475e-23   1.2570e-02   1.8630e-49   2.8711e-04
   5.0071e-22   1.5698e-02   6.6111e-06   1.6390e-01   2.9934e-01   3.2269e-01   1.9080e-07   1.3100e-01   6.6230e-24   1.1944e-02   4.5728e-50   2.6542e-04
   1.3945e-21   1.6964e-02   1.0706e-05   1.7115e-01   2.9011e-01   3.2622e-01   1.1377e-07   1.2843e-01   2.4948e-24   1.1374e-02   1.1161e-50   2.4593e-04
   3.8503e-21   1.8366e-02   1.7198e-05   1.7906e-01   2.7907e-01   3.3041e-01   6.7368e-08   1.2615e-01   9.3376e-25   1.0853e-02   2.7081e-51   2.2832e-04
   1.0536e-20   1.9913e-02   2.7398e-05   1.8762e-01   2.6637e-01   3.3518e-01   3.9604e-08   1.2411e-01   3.4715e-25   1.0373e-02   6.5302e-52   2.1233e-04
   2.8567e-20   2.1615e-02   4.3268e-05   1.9681e-01   2.5219e-01   3.4042e-01   2.3106e-08   1.2225e-01   1.2815e-25   9.9263e-03   1.5643e-52   1.9771e-04
   7.6704e-20   2.3479e-02   6.7712e-05   2.0661e-01   2.3673e-01   3.4601e-01   1.3373e-08   1.2052e-01   4.6954e-26   9.5070e-03   3.7212e-53   1.8426e-04
   2.0388e-19   2.5510e-02   1.0496e-04   2.1696e-01   2.2023e-01   3.5181e-01   7.6753e-09   1.1886e-01   1.7068e-26   9.1090e-03   8.7866e-54   1.7180e-04
   5.3624e-19   2.7712e-02   1.6109e-04   2.2780e-01   2.0297e-01   3.5767e-01   4.3661e-09   1.1721e-01   6.1528e-27   8.7274e-03   2.0585e-54   1.6018e-04
   1.3950e-18   3.0085e-02   2.4467e-04   2.3904e-01   1.8523e-01   3.6343e-01   2.4607e-09   1.1552e-01   2.1986e-27   8.3578e-03   4.7827e-55   1.4928e-04
   3.5878e-18   3.2628e-02   3.6762e-04   2.5059e-01   1.6731e-01   3.6893e-01   1.3734e-09   1.1376e-01   7.7844e-28   7.9966e-03   1.1016e-55   1.3900e-04
   9.1195e-18   3.5334e-02   5.4621e-04   2.6232e-01   1.4953e-01   3.7399e-01   7.5886e-10   1.1187e-01   2.7299e-28   7.6411e-03   2.5143e-56   1.2926e-04
   2.2901e-17   3.8197e-02   8.0225e-04   2.7413e-01   1.3218e-01   3.7848e-01   4.1494e-10   1.0982e-01   9.4787e-29   7.2894e-03   5.6847e-57   1.2002e-04
   5.6799e-17   4.1205e-02   1.1645e-03   2.8587e-01   1.1554e-01   3.8224e-01   2.2446e-10   1.0760e-01   3.2577e-29   6.9402e-03   1.2729e-57   1.1121e-04
   1.3910e-16   4.4346e-02   1.6699e-03   2.9743e-01   9.9831e-02   3.8517e-01   1.2010e-10   1.0519e-01   1.1080e-29   6.5931e-03   2.8218e-58   1.0283e-04
   3.3631e-16   4.7604e-02   2.3656e-03   3.0868e-01   8.5257e-02   3.8715e-01   6.3546e-11   1.0258e-01   3.7284e-30   6.2483e-03   6.1922e-59   9.4858e-05
   8.0264e-16   5.0965e-02   3.3097e-03   3.1950e-01   7.1953e-02   3.8813e-01   3.3245e-11   9.9781e-02   1.2412e-30   5.9065e-03   1.3449e-59   8.7281e-05
   1.8907e-15   5.4411e-02   4.5733e-03   3.2980e-01   6.0005e-02   3.8806e-01   1.7195e-11   9.6795e-02   4.0871e-31   5.5686e-03   2.8910e-60   8.0100e-05
   4.3957e-15   5.7925e-02   6.2407e-03   3.3947e-01   4.9446e-02   3.8691e-01   8.7929e-12   9.3642e-02   1.3312e-31   5.2358e-03   6.1496e-61   7.3312e-05
   1.0087e-14   6.1489e-02   8.4098e-03   3.4844e-01   4.0260e-02   3.8468e-01   4.4451e-12   9.0341e-02   4.2888e-32   4.9095e-03   1.2945e-61   6.6919e-05
   2.2843e-14   6.5084e-02   1.1191e-02   3.5663e-01   3.2389e-02   3.8140e-01   2.2215e-12   8.6915e-02   1.3667e-32   4.5908e-03   2.6968e-62   6.0917e-05
   5.1058e-14   6.8690e-02   1.4708e-02   3.6397e-01   2.5747e-02   3.7707e-01   1.0976e-12   8.3386e-02   4.3077e-33   4.2811e-03   5.5594e-63   5.5303e-05
   1.1264e-13   7.2288e-02   1.9088e-02   3.7040e-01   2.0223e-02   3.7175e-01   5.3614e-13   7.9778e-02   1.3430e-33   3.9813e-03   1.1342e-63   5.0070e-05
   2.4525e-13   7.5854e-02   2.4465e-02   3.7587e-01   1.5696e-02   3.6548e-01   2.5891e-13   7.6114e-02   4.1416e-34   3.6923e-03   2.2898e-64   4.5209e-05
   5.2706e-13   7.9366e-02   3.0966e-02   3.8034e-01   1.2037e-02   3.5829e-01   1.2361e-13   7.2416e-02   1.2633e-34   3.4148e-03   4.5750e-65   4.0709e-05
   1.1180e-12   8.2800e-02   3.8708e-02   3.8375e-01   9.1215e-03   3.5025e-01   5.8343e-14   6.8705e-02   3.8117e-35   3.1495e-03   9.0457e-66   3.6556e-05
   2.3404e-12   8.6131e-02   4.7783e-02   3.8608e-01   6.8299e-03   3.4142e-01   2.7225e-14   6.5001e-02   1.1376e-35   2.8967e-03   1.7700e-66   3.2737e-05
   4.8361e-12   8.9335e-02   5.8253e-02   3.8731e-01   5.0533e-03   3.3187e-01   1.2560e-14   6.1324e-02   3.3581e-36   2.6568e-03   3.4274e-67   2.9237e-05
   9.8634e-12   9.2391e-02   7.0138e-02   3.8744e-01   3.6945e-03   3.2168e-01   5.7286e-15   5.7695e-02   9.8059e-37   2.4301e-03   6.5681e-68   2.6039e-05
   1.9857e-11   9.5280e-02   8.3407e-02   3.8648e-01   2.6693e-03   3.1094e-01   2.5835e-15   5.4132e-02   2.8326e-37   2.2168e-03   1.2458e-68   2.3130e-05
   3.9466e-11   9.7991e-02   9.7974e-02   3.8449e-01   1.9061e-03   2.9975e-01   1.1521e-15   5.0655e-02   8.0953e-38   2.0169e-03   2.3388e-69   2.0493e-05
   7.7448e-11   1.0052e-01   1.1370e-01   3.8153e-01   1.3454e-03   2.8824e-01   5.0812e-16   4.7284e-02   2.2893e-38   1.8305e-03   4.3468e-70   1.8112e-05
   1.5009e-10   1.0286e-01   1.3038e-01   3.7769e-01   9.3888e-04   2.7653e-01   2.2168e-16   4.4036e-02   6.4072e-39   1.6576e-03   7.9996e-71   1.5973e-05
   2.8735e-10   1.0504e-01   1.4777e-01   3.7312e-01   6.4796e-04   2.6475e-01   9.5699e-17   4.0928e-02   1.7753e-39   1.4981e-03   1.4581e-71   1.4058e-05
   5.4360e-10   1.0707e-01   1.6560e-01   3.6794e-01   4.4240e-04   2.5303e-01   4.0891e-17   3.7975e-02   4.8711e-40   1.3516e-03   2.6333e-72   1.2353e-05
   1.0166e-09   1.0898e-01   1.8357e-01   3.6233e-01   2.9892e-04   2.4149e-01   1.7301e-17   3.5187e-02   1.3241e-40   1.2178e-03   4.7136e-73   1.0841e-05
   1.8802e-09   1.1081e-01   2.0134e-01   3.5645e-01   1.9997e-04   2.3026e-01   7.2509e-18   3.2574e-02   3.5672e-41   1.0963e-03   8.3662e-74   9.5051e-06
   3.4406e-09   1.1260e-01   2.1863e-01   3.5046e-01   1.3251e-04   2.1944e-01   3.0117e-18   3.0140e-02   9.5288e-42   9.8652e-04   1.4730e-74   8.3305e-06
   6.2321e-09   1.1440e-01   2.3513e-01   3.4454e-01   8.7012e-05   2.0911e-01   1.2403e-18   2.7886e-02   2.5250e-42   8.8769e-04   2.5741e-75   7.3013e-06
   1.1179e-08   1.1628e-01   2.5057e-01   3.3884e-01   5.6648e-05   1.9934e-01   5.0666e-19   2.5813e-02   6.6405e-43   7.9912e-04   4.4663e-76   6.4024e-06
   1.9869e-08   1.1827e-01   2.6472e-01   3.3350e-01   3.6581e-05   1.9020e-01   2.0541e-19   2.3914e-02   1.7340e-43   7.2004e-04   7.6984e-77   5.6193e-06
   3.5004e-08   1.2044e-01   2.7738e-01   3.2865e-01   2.3442e-05   1.8169e-01   8.2680e-20   2.2184e-02   4.4978e-44   6.4965e-04   1.3187e-77   4.9388e-06
   6.1151e-08   1.2284e-01   2.8836e-01   3.2439e-01   1.4912e-05   1.7386e-01   3.3055e-20   2.0613e-02   1.1594e-44   5.8714e-04   2.2459e-78   4.3482e-06
   1.0597e-07   1.2554e-01   2.9754e-01   3.2082e-01   9.4206e-06   1.6670e-01   1.3131e-20   1.9193e-02   2.9708e-45   5.3175e-04   3.8042e-79   3.8363e-06
   1.8222e-07   1.2857e-01   3.0482e-01   3.1801e-01   5.9120e-06   1.6019e-01   5.1841e-21   1.7912e-02   7.5696e-46   4.8271e-04   6.4107e-80   3.3927e-06
   3.1099e-07   1.3201e-01   3.1011e-01   3.1600e-01   3.6864e-06   1.5433e-01   2.0347e-21   1.6759e-02   1.9184e-46   4.3933e-04   1.0750e-80   3.0083e-06
   5.2687e-07   1.3589e-01   3.1336e-01   3.1484e-01   2.2844e-06   1.4909e-01   7.9407e-22   1.5723e-02   4.8367e-47   4.0096e-04   1.7942e-81   2.6749e-06
   8.8620e-07   1.4027e-01   3.1455e-01   3.1455e-01   1.4070e-06   1.4443e-01   3.0817e-22   1.4793e-02   1.2133e-47   3.6698e-04   2.9808e-82   2.3853e-06
   1.4800e-06   1.4519e-01   3.1367e-01   3.1515e-01   8.6135e-07   1.4031e-01   1.1894e-22   1.3959e-02   3.0281e-48   3.3687e-04   4.9295e-83   2.1333e-06
   2.4539e-06   1.5070e-01   3.1074e-01   3.1663e-01   5.2413e-07   1.3669e-01   4.5650e-23   1.3208e-02   7.5195e-49   3.1011e-04   8.1151e-84   1.9135e-06
   4.0393e-06   1.5683e-01   3.0578e-01   3.1898e-01   3.1697e-07   1.3353e-01   1.7423e-23   1.2533e-02   1.8577e-49   2.8628e-04   1.3297e-84   1.7212e-06
   6.6000e-06   1.6362e-01   2.9884e-01   3.2215e-01   1.9049e-07   1.3078e-01   6.6113e-24   1.1924e-02   4.5655e-50   2.6498e-04   2.1684e-85   1.5524e-06
   1.0702e-05   1.7110e-01   2.9002e-01   3.2612e-01   1.1374e-07   1.2839e-01   2.4938e-24   1.1371e-02   1.1159e-50   2.4586e-04   3.5185e-86   1.4036e-06
   1.7219e-05   1.7928e-01   2.7941e-01   3.3081e-01   6.7454e-08   1.2630e-01   9.3481e-25   1.0866e-02   2.7116e-51   2.2860e-04   5.6790e-87   1.2718e-06
   2.7477e-05   1.8816e-01   2.6714e-01   3.3615e-01   3.9722e-08   1.2447e-01   3.4812e-25   1.0403e-02   6.5497e-52   2.1295e-04   9.1152e-88   1.1545e-06
   4.3474e-05   1.9775e-01   2.5339e-01   3.4204e-01   2.3218e-08   1.2284e-01   1.2875e-25   9.9736e-03   1.5719e-52   1.9866e-04   1.4544e-88   1.0495e-06
   6.8173e-05   2.0802e-01   2.3834e-01   3.4836e-01   1.3465e-08   1.2134e-01   4.7269e-26   9.5717e-03   3.7469e-53   1.8552e-04   2.3058e-89   9.5520e-07
   1.0591e-04   2.1893e-01   2.2223e-01   3.5499e-01   7.7452e-09   1.1993e-01   1.7221e-26   9.1914e-03   8.8668e-54   1.7336e-04   3.6311e-90   8.6990e-07
   1.6294e-04   2.3042e-01   2.0530e-01   3.6178e-01   4.4165e-09   1.1856e-01   6.2228e-27   8.8277e-03   2.0823e-54   1.6202e-04   5.6773e-91   7.9240e-07
   2.4812e-04   2.4242e-01   1.8784e-01   3.6857e-01   2.4956e-09   1.1716e-01   2.2294e-27   8.4759e-03   4.8507e-55   1.5139e-04   8.8090e-92   7.2163e-07
   3.7386e-04   2.5485e-01   1.7015e-01   3.7519e-01   1.3968e-09   1.1569e-01   7.9157e-28   8.1324e-03   1.1204e-55   1.4136e-04   1.3559e-92   6.5676e-07
   5.5715e-04   2.6758e-01   1.5253e-01   3.8149e-01   7.7411e-10   1.1411e-01   2.7843e-28   7.7942e-03   2.5648e-56   1.3186e-04   2.0695e-93   5.9710e-07
   8.2093e-04   2.8051e-01   1.3526e-01   3.8729e-01   4.2463e-10   1.1238e-01   9.6983e-29   7.4591e-03   5.8176e-57   1.2281e-04   3.1310e-94   5.4209e-07
   1.1956e-03   2.9351e-01   1.1862e-01   3.9246e-01   2.3048e-10   1.1048e-01   3.3444e-29   7.1256e-03   1.3070e-57   1.1419e-04   4.6941e-95   4.9131e-07
   1.7206e-03   3.0645e-01   1.0286e-01   3.9685e-01   1.2375e-10   1.0838e-01   1.1415e-29   6.7931e-03   2.9076e-58   1.0595e-04   6.9722e-96   4.4439e-07
   2.4463e-03   3.1921e-01   8.8164e-02   4.0036e-01   6.5718e-11   1.0608e-01   3.8552e-30   6.4615e-03   6.4040e-59   9.8096e-05   1.0257e-96   4.0107e-07
   3.4357e-03   3.3166e-01   7.4689e-02   4.0290e-01   3.4512e-11   1.0358e-01   1.2883e-30   6.1312e-03   1.3962e-59   9.0603e-05   1.4945e-97   3.6112e-07
   4.7659e-03   3.4369e-01   6.2531e-02   4.0440e-01   1.7921e-11   1.0087e-01   4.2588e-31   5.8031e-03   3.0130e-60   8.3473e-05   2.1562e-98   3.2435e-07
   6.5296e-03   3.5519e-01   5.1734e-02   4.0482e-01   9.2005e-12   9.7978e-02   1.3927e-31   5.4782e-03   6.4349e-61   7.6707e-05   3.0804e-99   2.9058e-07
   8.8350e-03   3.6606e-01   4.2295e-02   4.0414e-01   4.6702e-12   9.4911e-02   4.5052e-32   5.1577e-03   1.3601e-61   7.0303e-05  4.3573e-100   2.5965e-07
   1.1806e-02   3.7621e-01   3.4167e-02   4.0234e-01   2.3437e-12   9.1689e-02   1.4416e-32   4.8429e-03   2.8451e-62   6.4263e-05  6.1025e-101   2.3140e-07
   1.5580e-02   3.8556e-01   2.7274e-02   3.9945e-01   1.1628e-12   8.8334e-02   4.5628e-33   4.5350e-03   5.8897e-63   5.8584e-05  8.4621e-102   2.0567e-07
   2.0305e-02   3.9402e-01   2.1512e-02   3.9546e-01   5.7037e-13   8.4866e-02   1.4285e-33   4.2351e-03   1.2066e-63   5.3263e-05  1.1618e-102   1.8232e-07
   2.6133e-02   4.0151e-01   1.6766e-02   3.9040e-01   2.7659e-13   8.1306e-02   4.4236e-34   3.9441e-03   2.4462e-64   4.8293e-05  1.5792e-103   1.6118e-07
   3.3215e-02   4.0796e-01   1.2911e-02   3.8431e-01   1.3259e-13   7.7675e-02   1.3549e-34   3.6628e-03   4.9076e-65   4.3665e-05  2.1252e-104   1.4211e-07
   4.1687e-02   4.1329e-01   9.8233e-03   3.7721e-01   6.2837e-14   7.3993e-02   4.1045e-35   3.3919e-03   9.7427e-66   3.9370e-05  2.8313e-105   1.2494e-07
   5.1664e-02   4.1744e-01   7.3844e-03   3.6915e-01   2.9438e-14   7.0281e-02   1.2298e-35   3.1320e-03   1.9139e-66   3.5396e-05  3.7343e-106   1.0954e-07
   6.3226e-02   4.2037e-01   5.4845e-03   3.6020e-01   1.3633e-14   6.6559e-02   3.6443e-36   2.8836e-03   3.7202e-67   3.1732e-05  4.8759e-107   9.5760e-08
   7.6404e-02   4.2205e-01   4.0245e-03   3.5041e-01   6.2408e-15   6.2849e-02   1.0681e-36   2.6472e-03   7.1555e-68   2.8366e-05  6.3025e-108   8.3477e-08
   9.1174e-02   4.2248e-01   2.9178e-03   3.3989e-01   2.8242e-15   5.9173e-02   3.0960e-37   2.4232e-03   1.3619e-68   2.5284e-05  8.0650e-109   7.2565e-08
   1.0745e-01   4.2167e-01   2.0903e-03   3.2874e-01   1.2636e-15   5.5554e-02   8.8771e-38   2.2119e-03   2.5652e-69   2.2475e-05  1.0218e-109   6.2906e-08
   1.2507e-01   4.1971e-01   1.4800e-03   3.1709e-01   5.5901e-16   5.2016e-02   2.5181e-38   2.0137e-03   4.7823e-70   1.9925e-05  1.2820e-110   5.4391e-08
   1.4384e-01   4.1669e-01   1.0358e-03   3.0508e-01   2.4459e-16   4.8582e-02   7.0678e-39   1.8287e-03   8.8262e-71   1.7622e-05  1.5930e-111   4.6916e-08
   1.6346e-01   4.1274e-01   7.1674e-04   2.9286e-01   1.0587e-16   4.5274e-02   1.9635e-39   1.6571e-03   1.6131e-71   1.5551e-05  1.9611e-112   4.0382e-08
   1.8365e-01   4.0803e-01   4.9058e-04   2.8060e-01   4.5350e-17   4.2112e-02   5.4011e-40   1.4988e-03   2.9205e-72   1.3699e-05  2.3927e-113   3.4696e-08
   2.0405e-01   4.0276e-01   3.3226e-04   2.6844e-01   1.9232e-17   3.9113e-02   1.4716e-40   1.3537e-03   5.2400e-73   1.2050e-05  2.8945e-114   2.9769e-08
   2.2432e-01   3.9712e-01   2.2278e-04   2.5654e-01   8.0788e-18   3.6291e-02   3.9737e-41   1.2214e-03   9.3216e-74   1.0590e-05  3.4732e-115   2.5518e-08
   2.4412e-01   3.9132e-01   1.4795e-04   2.4502e-01   3.3631e-18   3.3654e-02   1.0638e-41   1.1015e-03   1.6449e-74   9.3019e-06  4.1360e-116   2.1865e-08
   2.6314e-01   3.8558e-01   9.7373e-05   2.3402e-01   1.3881e-18   3.1208e-02   2.8254e-42   9.9341e-04   2.8809e-75   8.1710e-06  4.8906e-117   1.8736e-08
   2.8108e-01   3.8009e-01   6.3542e-05   2.2361e-01   5.6839e-19   2.8955e-02   7.4479e-43   8.9640e-04   5.0105e-76   7.1818e-06  5.7452e-118   1.6064e-08
   2.9770e-01   3.7504e-01   4.1136e-05   2.1388e-01   2.3101e-19   2.6893e-02   1.9497e-43   8.0971e-04   8.6580e-77   6.3193e-06  6.7087e-119   1.3789e-08
   3.1277e-01   3.7059e-01   2.6432e-05   2.0488e-01   9.3240e-20   2.5015e-02   5.0711e-44   7.3255e-04   1.4872e-77   5.5691e-06  7.7907e-120   1.1855e-08
   3.2615e-01   3.6690e-01   1.6866e-05   1.9664e-01   3.7390e-20   2.3314e-02   1.3111e-44   6.6408e-04   2.5405e-78   4.9180e-06  9.0018e-121   1.0214e-08
   3.3768e-01   3.6410e-01   1.0691e-05   1.8918e-01   1.4903e-20   2.1782e-02   3.3710e-45   6.0347e-04   4.3178e-79   4.3538e-06  1.0353e-121   8.8216e-09
   3.4726e-01   3.6229e-01   6.7349e-06   1.8250e-01   5.9065e-21   2.0406e-02   8.6225e-46   5.4993e-04   7.3041e-80   3.8652e-06  1.1857e-122   7.6409e-09
   3.5483e-01   3.6157e-01   4.2179e-06   1.7659e-01   2.3284e-21   1.9176e-02   2.1948e-46   5.0269e-04   1.2302e-80   3.4422e-06  1.3526e-123   6.6392e-09
   3.6033e-01   3.6203e-01   2.6267e-06   1.7144e-01   9.1318e-22   1.8080e-02   5.5609e-47   4.6105e-04   2.0633e-81   3.0758e-06  1.5373e-124   5.7885e-09
   3.6373e-01   3.6373e-01   1.6269e-06   1.6701e-01   3.5639e-22   1.7106e-02   1.4028e-47   4.2436e-04   3.4471e-82   2.7583e-06  1.7411e-125   5.0649e-09

=
5 48 11.75 0.0921034 10 0.018 0.1 0.1
