   0.0000000e+00   1.6502225e+00
   2.0000000e-02   1.7349534e+00
   4.0000000e-02   1.8209284e+00
   6.0000000e-02   1.9081427e+00
   8.0000000e-02   1.9965897e+00
   1.0000000e-01   2.0862611e+00
   1.2000000e-01   2.1771468e+00
   1.4000000e-01   2.2692349e+00
   1.6000000e-01   2.3625118e+00
   1.8000000e-01   2.4569617e+00
   2.0000000e-01   2.5525673e+00
   2.2000000e-01   2.6493089e+00
   2.4000000e-01   2.7471653e+00
   2.6000000e-01   2.8461128e+00
   2.8000000e-01   2.9461261e+00
   3.0000000e-01   3.0471777e+00
   3.2000000e-01   3.1492379e+00
   3.4000000e-01   3.2522751e+00
   3.6000000e-01   3.3562557e+00
   3.8000000e-01   3.4611438e+00
   4.0000000e-01   3.5669015e+00
   4.2000000e-01   3.6734890e+00
   4.4000000e-01   3.7808642e+00
   4.6000000e-01   3.8889831e+00
   4.8000000e-01   3.9977997e+00
   5.0000000e-01   4.1072658e+00
   5.2000000e-01   4.2173314e+00
   5.4000000e-01   4.3279446e+00
   5.6000000e-01   4.4390514e+00
   5.8000000e-01   4.5505960e+00
   6.0000000e-01   4.6625210e+00
   6.2000000e-01   4.7747669e+00
   6.4000000e-01   4.8872727e+00
   6.6000000e-01   4.9999757e+00
   6.8000000e-01   5.1128116e+00
   7.0000000e-01   5.2257146e+00
   7.2000000e-01   5.3386175e+00
   7.4000000e-01   5.4514517e+00
   7.6000000e-01   5.5641474e+00
   7.8000000e-01   5.6766334e+00
   8.0000000e-01   5.7888377e+00
   8.2000000e-01   5.9006870e+00
   8.4000000e-01   6.0121074e+00
   8.6000000e-01   6.1230241e+00
   8.8000000e-01   6.2333614e+00
   9.0000000e-01   6.3430433e+00
   9.2000000e-01   6.4519932e+00
   9.4000000e-01   6.5601342e+00
   9.6000000e-01   6.6673891e+00
   9.8000000e-01   6.7736807e+00
   1.0000000e+00   6.8789318e+00
   1.0200000e+00   6.9830651e+00
   1.0400000e+00   7.0860040e+00
   1.0600000e+00   7.1876718e+00
   1.0800000e+00   7.2879928e+00
   1.1000000e+00   7.3868915e+00
   1.1200000e+00   7.4842935e+00
   1.1400000e+00   7.5801251e+00
   1.1600000e+00   7.6743139e+00
   1.1800000e+00   7.7667883e+00
   1.2000000e+00   7.8574783e+00
   1.2200000e+00   7.9463152e+00
   1.2400000e+00   8.0332319e+00
   1.2600000e+00   8.1181627e+00
   1.2800000e+00   8.2010442e+00
   1.3000000e+00   8.2818144e+00
   1.3200000e+00   8.3604137e+00
   1.3400000e+00   8.4367843e+00
   1.3600000e+00   8.5108709e+00
   1.3800000e+00   8.5826204e+00
   1.4000000e+00   8.6519824e+00
   1.4200000e+00   8.7189086e+00
   1.4400000e+00   8.7833539e+00
   1.4600000e+00   8.8452754e+00
   1.4800000e+00   8.9046333e+00
   1.5000000e+00   8.9613907e+00
   1.5200000e+00   9.0155136e+00
   1.5400000e+00   9.0669710e+00
   1.5600000e+00   9.1157350e+00
   1.5800000e+00   9.1617810e+00
   1.6000000e+00   9.2050874e+00
   1.6200000e+00   9.2456358e+00
   1.6400000e+00   9.2834113e+00
   1.6600000e+00   9.3184022e+00
   1.6800000e+00   9.3506001e+00
   1.7000000e+00   9.3800000e+00
   1.7200000e+00   9.4066001e+00
   1.7400000e+00   9.4304022e+00
   1.7600000e+00   9.4514113e+00
   1.7800000e+00   9.4696358e+00
   1.8000000e+00   9.4850874e+00
   1.8200000e+00   9.4977810e+00
   1.8400000e+00   9.5077350e+00
   1.8600000e+00   9.5149710e+00
   1.8800000e+00   9.5195136e+00
   1.9000000e+00   9.5213907e+00
   1.9200000e+00   9.5206333e+00
   1.9400000e+00   9.5172754e+00
   1.9600000e+00   9.5113539e+00
   1.9800000e+00   9.5029086e+00
   2.0000000e+00   9.4919824e+00
   2.0200000e+00   9.4786204e+00
   2.0400000e+00   9.4628709e+00
   2.0600000e+00   9.4447843e+00
   2.0800000e+00   9.4244137e+00
   2.1000000e+00   9.4018144e+00
   2.1200000e+00   9.3770442e+00
   2.1400000e+00   9.3501627e+00
   2.1600000e+00   9.3212319e+00
   2.1800000e+00   9.2903152e+00
   2.2000000e+00   9.2574783e+00
   2.2200000e+00   9.2227883e+00
   2.2400000e+00   9.1863139e+00
   2.2600000e+00   9.1481251e+00
   2.2800000e+00   9.1082935e+00
   2.3000000e+00   9.0668915e+00
   2.3200000e+00   9.0239928e+00
   2.3400000e+00   8.9796718e+00
   2.3600000e+00   8.9340040e+00
   2.3800000e+00   8.8870651e+00
   2.4000000e+00   8.8389318e+00
   2.4200000e+00   8.7896807e+00
   2.4400000e+00   8.7393891e+00
   2.4600000e+00   8.6881342e+00
   2.4800000e+00   8.6359932e+00
   2.5000000e+00   8.5830433e+00
   2.5200000e+00   8.5293614e+00
   2.5400000e+00   8.4750241e+00
   2.5600000e+00   8.4201074e+00
   2.5800000e+00   8.3646870e+00
   2.6000000e+00   8.3088377e+00
   2.6200000e+00   8.2526334e+00
   2.6400000e+00   8.1961474e+00
   2.6600000e+00   8.1394517e+00
   2.6800000e+00   8.0826175e+00
   2.7000000e+00   8.0257146e+00
   2.7200000e+00   7.9688116e+00
   2.7400000e+00   7.9119757e+00
   2.7600000e+00   7.8552727e+00
   2.7800000e+00   7.7987669e+00
   2.8000000e+00   7.7425210e+00
   2.8200000e+00   7.6865960e+00
   2.8400000e+00   7.6310514e+00
   2.8600000e+00   7.5759446e+00
   2.8800000e+00   7.5213314e+00
   2.9000000e+00   7.4672658e+00
   2.9200000e+00   7.4137997e+00
   2.9400000e+00   7.3609831e+00
   2.9600000e+00   7.3088642e+00
   2.9800000e+00   7.2574890e+00
   3.0000000e+00   7.2069015e+00
   3.0200000e+00   7.1571438e+00
   3.0400000e+00   7.1082557e+00
   3.0600000e+00   7.0602751e+00
   3.0800000e+00   7.0132379e+00
   3.1000000e+00   6.9671777e+00
   3.1200000e+00   6.9221261e+00
   3.1400000e+00   6.8781128e+00
   3.1600000e+00   6.8351653e+00
   3.1800000e+00   6.7933089e+00
   3.2000000e+00   6.7525673e+00
   3.2200000e+00   6.7129617e+00
   3.2400000e+00   6.6745118e+00
   3.2600000e+00   6.6372349e+00
   3.2800000e+00   6.6011468e+00
   3.3000000e+00   6.5662611e+00
   3.3200000e+00   6.5325897e+00
   3.3400000e+00   6.5001427e+00
   3.3600000e+00   6.4689284e+00
   3.3800000e+00   6.4389534e+00
   3.4000000e+00   6.4102225e+00
   3.4200000e+00   6.3827391e+00
   3.4400000e+00   6.3565048e+00
   3.4600000e+00   6.3315198e+00
   3.4800000e+00   6.3077827e+00
   3.5000000e+00   6.2852909e+00
   3.5200000e+00   6.2640402e+00
   3.5400000e+00   6.2440251e+00
   3.5600000e+00   6.2252391e+00
   3.5800000e+00   6.2076741e+00
   3.6000000e+00   6.1913212e+00
   3.6200000e+00   6.1761702e+00
   3.6400000e+00   6.1622098e+00
   3.6600000e+00   6.1494281e+00
   3.6800000e+00   6.1378118e+00
   3.7000000e+00   6.1273470e+00
   3.7200000e+00   6.1180190e+00
   3.7400000e+00   6.1098122e+00
   3.7600000e+00   6.1027104e+00
   3.7800000e+00   6.0966967e+00
   3.8000000e+00   6.0917537e+00
   3.8200000e+00   6.0878633e+00
   3.8400000e+00   6.0850070e+00
   3.8600000e+00   6.0831659e+00
   3.8800000e+00   6.0823206e+00
   3.9000000e+00   6.0824513e+00
   3.9200000e+00   6.0835381e+00
   3.9400000e+00   6.0855607e+00
   3.9600000e+00   6.0884986e+00
   3.9800000e+00   6.0923311e+00
   4.0000000e+00   6.0970375e+00
   4.0200000e+00   6.1025967e+00
   4.0400000e+00   6.1089879e+00
   4.0600000e+00   6.1161901e+00
   4.0800000e+00   6.1241822e+00
   4.1000000e+00   6.1329433e+00
   4.1200000e+00   6.1424527e+00
   4.1400000e+00   6.1526894e+00
   4.1600000e+00   6.1636329e+00
   4.1800000e+00   6.1752627e+00
   4.2000000e+00   6.1875585e+00
   4.2200000e+00   6.2005002e+00
   4.2400000e+00   6.2140679e+00
   4.2600000e+00   6.2282420e+00
   4.2800000e+00   6.2430031e+00
   4.3000000e+00   6.2583322e+00
   4.3200000e+00   6.2742104e+00
   4.3400000e+00   6.2906192e+00
   4.3600000e+00   6.3075406e+00
   4.3800000e+00   6.3249566e+00
   4.4000000e+00   6.3428499e+00
   4.4200000e+00   6.3612032e+00
   4.4400000e+00   6.3799998e+00
   4.4600000e+00   6.3992234e+00
   4.4800000e+00   6.4188579e+00
   4.5000000e+00   6.4388877e+00
   4.5200000e+00   6.4592975e+00
   4.5400000e+00   6.4800724e+00
   4.5600000e+00   6.5011981e+00
   4.5800000e+00   6.5226603e+00
   4.6000000e+00   6.5444455e+00
   4.6200000e+00   6.5665403e+00
   4.6400000e+00   6.5889318e+00
   4.6600000e+00   6.6116074e+00
   4.6800000e+00   6.6345551e+00
   4.7000000e+00   6.6577630e+00
   4.7200000e+00   6.6812198e+00
   4.7400000e+00   6.7049144e+00
   4.7600000e+00   6.7288363e+00
   4.7800000e+00   6.7529751e+00
   4.8000000e+00   6.7773209e+00
   4.8200000e+00   6.8018642e+00
   4.8400000e+00   6.8265956e+00
   4.8600000e+00   6.8515064e+00
   4.8800000e+00   6.8765880e+00
   4.9000000e+00   6.9018322e+00
   4.9200000e+00   6.9272309e+00
   4.9400000e+00   6.9527767e+00
   4.9600000e+00   6.9784623e+00
   4.9800000e+00   7.0042806e+00
   5.0000000e+00   7.0302249e+00
