   0.0000000e+00   3.0069015e+00
   2.0000000e-02   3.1134890e+00
   4.0000000e-02   3.2208642e+00
   6.0000000e-02   3.3289831e+00
   8.0000000e-02   3.4377997e+00
   1.0000000e-01   3.5472658e+00
   1.2000000e-01   3.6573314e+00
   1.4000000e-01   3.7679446e+00
   1.6000000e-01   3.8790514e+00
   1.8000000e-01   3.9905960e+00
   2.0000000e-01   4.1025210e+00
   2.2000000e-01   4.2147669e+00
   2.4000000e-01   4.3272727e+00
   2.6000000e-01   4.4399757e+00
   2.8000000e-01   4.5528116e+00
   3.0000000e-01   4.6657146e+00
   3.2000000e-01   4.7786175e+00
   3.4000000e-01   4.8914517e+00
   3.6000000e-01   5.0041474e+00
   3.8000000e-01   5.1166334e+00
   4.0000000e-01   5.2288377e+00
   4.2000000e-01   5.3406870e+00
   4.4000000e-01   5.4521074e+00
   4.6000000e-01   5.5630241e+00
   4.8000000e-01   5.6733614e+00
   5.0000000e-01   5.7830433e+00
   5.2000000e-01   5.8919932e+00
   5.4000000e-01   6.0001342e+00
   5.6000000e-01   6.1073891e+00
   5.8000000e-01   6.2136807e+00
   6.0000000e-01   6.3189318e+00
   6.2000000e-01   6.4230651e+00
   6.4000000e-01   6.5260040e+00
   6.6000000e-01   6.6276718e+00
   6.8000000e-01   6.7279928e+00
   7.0000000e-01   6.8268915e+00
   7.2000000e-01   6.9242935e+00
   7.4000000e-01   7.0201251e+00
   7.6000000e-01   7.1143139e+00
   7.8000000e-01   7.2067883e+00
   8.0000000e-01   7.2974783e+00
   8.2000000e-01   7.3863152e+00
   8.4000000e-01   7.4732319e+00
   8.6000000e-01   7.5581627e+00
   8.8000000e-01   7.6410442e+00
   9.0000000e-01   7.7218144e+00
   9.2000000e-01   7.8004137e+00
   9.4000000e-01   7.8767843e+00
   9.6000000e-01   7.9508709e+00
   9.8000000e-01   8.0226204e+00
   1.0000000e+00   8.0919824e+00
   1.0200000e+00   8.1589086e+00
   1.0400000e+00   8.2233539e+00
   1.0600000e+00   8.2852754e+00
   1.0800000e+00   8.3446333e+00
   1.1000000e+00   8.4013907e+00
   1.1200000e+00   8.4555136e+00
   1.1400000e+00   8.5069710e+00
   1.1600000e+00   8.5557350e+00
   1.1800000e+00   8.6017810e+00
   1.2000000e+00   8.6450874e+00
   1.2200000e+00   8.6856358e+00
   1.2400000e+00   8.7234113e+00
   1.2600000e+00   8.7584022e+00
   1.2800000e+00   8.7906001e+00
   1.3000000e+00   8.8200000e+00
   1.3200000e+00   8.8466001e+00
   1.3400000e+00   8.8704022e+00
   1.3600000e+00   8.8914113e+00
   1.3800000e+00   8.9096358e+00
   1.4000000e+00   8.9250874e+00
   1.4200000e+00   8.9377810e+00
   1.4400000e+00   8.9477350e+00
   1.4600000e+00   8.9549710e+00
   1.4800000e+00   8.9595136e+00
   1.5000000e+00   8.9613907e+00
   1.5200000e+00   8.9606333e+00
   1.5400000e+00   8.9572754e+00
   1.5600000e+00   8.9513539e+00
   1.5800000e+00   8.9429086e+00
   1.6000000e+00   8.9319824e+00
   1.6200000e+00   8.9186204e+00
   1.6400000e+00   8.9028709e+00
   1.6600000e+00   8.8847843e+00
   1.6800000e+00   8.8644137e+00
   1.7000000e+00   8.8418144e+00
   1.7200000e+00   8.8170442e+00
   1.7400000e+00   8.7901627e+00
   1.7600000e+00   8.7612319e+00
   1.7800000e+00   8.7303152e+00
   1.8000000e+00   8.6974783e+00
   1.8200000e+00   8.6627883e+00
   1.8400000e+00   8.6263139e+00
   1.8600000e+00   8.5881251e+00
   1.8800000e+00   8.5482935e+00
   1.9000000e+00   8.5068915e+00
   1.9200000e+00   8.4639928e+00
   1.9400000e+00   8.4196718e+00
   1.9600000e+00   8.3740040e+00
   1.9800000e+00   8.3270651e+00
   2.0000000e+00   8.2789318e+00
   2.0200000e+00   8.2296807e+00
   2.0400000e+00   8.1793891e+00
   2.0600000e+00   8.1281342e+00
   2.0800000e+00   8.0759932e+00
   2.1000000e+00   8.0230433e+00
   2.1200000e+00   7.9693614e+00
   2.1400000e+00   7.9150241e+00
   2.1600000e+00   7.8601074e+00
   2.1800000e+00   7.8046870e+00
   2.2000000e+00   7.7488377e+00
   2.2200000e+00   7.6926334e+00
   2.2400000e+00   7.6361474e+00
   2.2600000e+00   7.5794517e+00
   2.2800000e+00   7.5226175e+00
   2.3000000e+00   7.4657146e+00
   2.3200000e+00   7.4088116e+00
   2.3400000e+00   7.3519757e+00
   2.3600000e+00   7.2952727e+00
   2.3800000e+00   7.2387669e+00
   2.4000000e+00   7.1825210e+00
   2.4200000e+00   7.1265960e+00
   2.4400000e+00   7.0710514e+00
   2.4600000e+00   7.0159446e+00
   2.4800000e+00   6.9613314e+00
   2.5000000e+00   6.9072658e+00
   2.5200000e+00   6.8537997e+00
   2.5400000e+00   6.8009831e+00
   2.5600000e+00   6.7488642e+00
   2.5800000e+00   6.6974890e+00
   2.6000000e+00   6.6469015e+00
   2.6200000e+00   6.5971438e+00
   2.6400000e+00   6.5482557e+00
   2.6600000e+00   6.5002751e+00
   2.6800000e+00   6.4532379e+00
   2.7000000e+00   6.4071777e+00
   2.7200000e+00   6.3621261e+00
   2.7400000e+00   6.3181128e+00
   2.7600000e+00   6.2751653e+00
   2.7800000e+00   6.2333089e+00
   2.8000000e+00   6.1925673e+00
   2.8200000e+00   6.1529617e+00
   2.8400000e+00   6.1145118e+00
   2.8600000e+00   6.0772349e+00
   2.8800000e+00   6.0411468e+00
   2.9000000e+00   6.0062611e+00
   2.9200000e+00   5.9725897e+00
   2.9400000e+00   5.9401427e+00
   2.9600000e+00   5.9089284e+00
   2.9800000e+00   5.8789534e+00
   3.0000000e+00   5.8502225e+00
   3.0200000e+00   5.8227391e+00
   3.0400000e+00   5.7965048e+00
   3.0600000e+00   5.7715198e+00
   3.0800000e+00   5.7477827e+00
   3.1000000e+00   5.7252909e+00
   3.1200000e+00   5.7040402e+00
   3.1400000e+00   5.6840251e+00
   3.1600000e+00   5.6652391e+00
   3.1800000e+00   5.6476741e+00
   3.2000000e+00   5.6313212e+00
   3.2200000e+00   5.6161702e+00
   3.2400000e+00   5.6022098e+00
   3.2600000e+00   5.5894281e+00
   3.2800000e+00   5.5778118e+00
   3.3000000e+00   5.5673470e+00
   3.3200000e+00   5.5580190e+00
   3.3400000e+00   5.5498122e+00
   3.3600000e+00   5.5427104e+00
   3.3800000e+00   5.5366967e+00
   3.4000000e+00   5.5317537e+00
   3.4200000e+00   5.5278633e+00
   3.4400000e+00   5.5250070e+00
   3.4600000e+00   5.5231659e+00
   3.4800000e+00   5.5223206e+00
   3.5000000e+00   5.5224513e+00
   3.5200000e+00   5.5235381e+00
   3.5400000e+00   5.5255607e+00
   3.5600000e+00   5.5284986e+00
   3.5800000e+00   5.5323311e+00
   3.6000000e+00   5.5370375e+00
   3.6200000e+00   5.5425967e+00
   3.6400000e+00   5.5489879e+00
   3.6600000e+00   5.5561901e+00
   3.6800000e+00   5.5641822e+00
   3.7000000e+00   5.5729433e+00
   3.7200000e+00   5.5824527e+00
   3.7400000e+00   5.5926894e+00
   3.7600000e+00   5.6036329e+00
   3.7800000e+00   5.6152627e+00
   3.8000000e+00   5.6275585e+00
   3.8200000e+00   5.6405002e+00
   3.8400000e+00   5.6540679e+00
   3.8600000e+00   5.6682420e+00
   3.8800000e+00   5.6830031e+00
   3.9000000e+00   5.6983322e+00
   3.9200000e+00   5.7142104e+00
   3.9400000e+00   5.7306192e+00
   3.9600000e+00   5.7475406e+00
   3.9800000e+00   5.7649566e+00
   4.0000000e+00   5.7828499e+00
   4.0200000e+00   5.8012032e+00
   4.0400000e+00   5.8199998e+00
   4.0600000e+00   5.8392234e+00
   4.0800000e+00   5.8588579e+00
   4.1000000e+00   5.8788877e+00
   4.1200000e+00   5.8992975e+00
   4.1400000e+00   5.9200724e+00
   4.1600000e+00   5.9411981e+00
   4.1800000e+00   5.9626603e+00
   4.2000000e+00   5.9844455e+00
   4.2200000e+00   6.0065403e+00
   4.2400000e+00   6.0289318e+00
   4.2600000e+00   6.0516074e+00
   4.2800000e+00   6.0745551e+00
   4.3000000e+00   6.0977630e+00
   4.3200000e+00   6.1212198e+00
   4.3400000e+00   6.1449144e+00
   4.3600000e+00   6.1688363e+00
   4.3800000e+00   6.1929751e+00
   4.4000000e+00   6.2173209e+00
   4.4200000e+00   6.2418642e+00
   4.4400000e+00   6.2665956e+00
   4.4600000e+00   6.2915064e+00
   4.4800000e+00   6.3165880e+00
   4.5000000e+00   6.3418322e+00
   4.5200000e+00   6.3672309e+00
   4.5400000e+00   6.3927767e+00
   4.5600000e+00   6.4184623e+00
   4.5800000e+00   6.4442806e+00
   4.6000000e+00   6.4702249e+00
   4.6200000e+00   6.4962888e+00
   4.6400000e+00   6.5224661e+00
   4.6600000e+00   6.5487510e+00
   4.6800000e+00   6.5751377e+00
   4.7000000e+00   6.6016210e+00
   4.7200000e+00   6.6281956e+00
   4.7400000e+00   6.6548566e+00
   4.7600000e+00   6.6815994e+00
   4.7800000e+00   6.7084194e+00
   4.8000000e+00   6.7353124e+00
   4.8200000e+00   6.7622744e+00
   4.8400000e+00   6.7893013e+00
   4.8600000e+00   6.8163897e+00
   4.8800000e+00   6.8435359e+00
   4.9000000e+00   6.8707367e+00
   4.9200000e+00   6.8979888e+00
   4.9400000e+00   6.9252893e+00
   4.9600000e+00   6.9526354e+00
   4.9800000e+00   6.9800242e+00
   5.0000000e+00   7.0074534e+00
