   0.0000000e+00   3.0755854e-01
   2.0000000e-02   3.5126274e-01
   4.0000000e-02   3.9563293e-01
   6.0000000e-02   4.4068942e-01
   8.0000000e-02   4.8645268e-01
   1.0000000e-01   5.3294334e-01
   1.2000000e-01   5.8018218e-01
   1.4000000e-01   6.2819005e-01
   1.6000000e-01   6.7698791e-01
   1.8000000e-01   7.2659672e-01
   2.0000000e-01   7.7703748e-01
   2.2000000e-01   8.2833115e-01
   2.4000000e-01   8.8049863e-01
   2.6000000e-01   9.3356074e-01
   2.8000000e-01   9.8753814e-01
   3.0000000e-01   1.0424513e+00
   3.2000000e-01   1.0983206e+00
   3.4000000e-01   1.1551659e+00
   3.6000000e-01   1.2130070e+00
   3.8000000e-01   1.2718633e+00
   4.0000000e-01   1.3317537e+00
   4.2000000e-01   1.3926967e+00
   4.4000000e-01   1.4547104e+00
   4.6000000e-01   1.5178122e+00
   4.8000000e-01   1.5820190e+00
   5.0000000e-01   1.6473470e+00
   5.2000000e-01   1.7138118e+00
   5.4000000e-01   1.7814281e+00
   5.6000000e-01   1.8502098e+00
   5.8000000e-01   1.9201702e+00
   6.0000000e-01   1.9913212e+00
   6.2000000e-01   2.0636741e+00
   6.4000000e-01   2.1372391e+00
   6.6000000e-01   2.2120251e+00
   6.8000000e-01   2.2880402e+00
   7.0000000e-01   2.3652909e+00
   7.2000000e-01   2.4437827e+00
   7.4000000e-01   2.5235198e+00
   7.6000000e-01   2.6045048e+00
   7.8000000e-01   2.6867391e+00
   8.0000000e-01   2.7702225e+00
   8.2000000e-01   2.8549534e+00
   8.4000000e-01   2.9409284e+00
   8.6000000e-01   3.0281427e+00
   8.8000000e-01   3.1165897e+00
   9.0000000e-01   3.2062611e+00
   9.2000000e-01   3.2971468e+00
   9.4000000e-01   3.3892349e+00
   9.6000000e-01   3.4825118e+00
   9.8000000e-01   3.5769617e+00
   1.0000000e+00   3.6725673e+00
   1.0200000e+00   3.7693089e+00
   1.0400000e+00   3.8671653e+00
   1.0600000e+00   3.9661128e+00
   1.0800000e+00   4.0661261e+00
   1.1000000e+00   4.1671777e+00
   1.1200000e+00   4.2692379e+00
   1.1400000e+00   4.3722751e+00
   1.1600000e+00   4.4762557e+00
   1.1800000e+00   4.5811438e+00
   1.2000000e+00   4.6869015e+00
   1.2200000e+00   4.7934890e+00
   1.2400000e+00   4.9008642e+00
   1.2600000e+00   5.0089831e+00
   1.2800000e+00   5.1177997e+00
   1.3000000e+00   5.2272658e+00
   1.3200000e+00   5.3373314e+00
   1.3400000e+00   5.4479446e+00
   1.3600000e+00   5.5590514e+00
   1.3800000e+00   5.6705960e+00
   1.4000000e+00   5.7825210e+00
   1.4200000e+00   5.8947669e+00
   1.4400000e+00   6.0072727e+00
   1.4600000e+00   6.1199757e+00
   1.4800000e+00   6.2328116e+00
   1.5000000e+00   6.3457146e+00
   1.5200000e+00   6.4586175e+00
   1.5400000e+00   6.5714517e+00
   1.5600000e+00   6.6841474e+00
   1.5800000e+00   6.7966334e+00
   1.6000000e+00   6.9088377e+00
   1.6200000e+00   7.0206870e+00
   1.6400000e+00   7.1321074e+00
   1.6600000e+00   7.2430241e+00
   1.6800000e+00   7.3533614e+00
   1.7000000e+00   7.4630433e+00
   1.7200000e+00   7.5719932e+00
   1.7400000e+00   7.6801342e+00
   1.7600000e+00   7.7873891e+00
   1.7800000e+00   7.8936807e+00
   1.8000000e+00   7.9989318e+00
   1.8200000e+00   8.1030651e+00
   1.8400000e+00   8.2060040e+00
   1.8600000e+00   8.3076718e+00
   1.8800000e+00   8.4079928e+00
   1.9000000e+00   8.5068915e+00
   1.9200000e+00   8.6042935e+00
   1.9400000e+00   8.7001251e+00
   1.9600000e+00   8.7943139e+00
   1.9800000e+00   8.8867883e+00
   2.0000000e+00   8.9774783e+00
   2.0200000e+00   9.0663152e+00
   2.0400000e+00   9.1532319e+00
   2.0600000e+00   9.2381627e+00
   2.0800000e+00   9.3210442e+00
   2.1000000e+00   9.4018144e+00
   2.1200000e+00   9.4804137e+00
   2.1400000e+00   9.5567843e+00
   2.1600000e+00   9.6308709e+00
   2.1800000e+00   9.7026204e+00
   2.2000000e+00   9.7719824e+00
   2.2200000e+00   9.8389086e+00
   2.2400000e+00   9.9033539e+00
   2.2600000e+00   9.9652754e+00
   2.2800000e+00   1.0024633e+01
   2.3000000e+00   1.0081391e+01
   2.3200000e+00   1.0135514e+01
   2.3400000e+00   1.0186971e+01
   2.3600000e+00   1.0235735e+01
   2.3800000e+00   1.0281781e+01
   2.4000000e+00   1.0325087e+01
   2.4200000e+00   1.0365636e+01
   2.4400000e+00   1.0403411e+01
   2.4600000e+00   1.0438402e+01
   2.4800000e+00   1.0470600e+01
   2.5000000e+00   1.0500000e+01
   2.5200000e+00   1.0526600e+01
   2.5400000e+00   1.0550402e+01
   2.5600000e+00   1.0571411e+01
   2.5800000e+00   1.0589636e+01
   2.6000000e+00   1.0605087e+01
   2.6200000e+00   1.0617781e+01
   2.6400000e+00   1.0627735e+01
   2.6600000e+00   1.0634971e+01
   2.6800000e+00   1.0639514e+01
   2.7000000e+00   1.0641391e+01
   2.7200000e+00   1.0640633e+01
   2.7400000e+00   1.0637275e+01
   2.7600000e+00   1.0631354e+01
   2.7800000e+00   1.0622909e+01
   2.8000000e+00   1.0611982e+01
   2.8200000e+00   1.0598620e+01
   2.8400000e+00   1.0582871e+01
   2.8600000e+00   1.0564784e+01
   2.8800000e+00   1.0544414e+01
   2.9000000e+00   1.0521814e+01
   2.9200000e+00   1.0497044e+01
   2.9400000e+00   1.0470163e+01
   2.9600000e+00   1.0441232e+01
   2.9800000e+00   1.0410315e+01
   3.0000000e+00   1.0377478e+01
   3.0200000e+00   1.0342788e+01
   3.0400000e+00   1.0306314e+01
   3.0600000e+00   1.0268125e+01
   3.0800000e+00   1.0228293e+01
   3.1000000e+00   1.0186891e+01
   3.1200000e+00   1.0143993e+01
   3.1400000e+00   1.0099672e+01
   3.1600000e+00   1.0054004e+01
   3.1800000e+00   1.0007065e+01
   3.2000000e+00   9.9589318e+00
   3.2200000e+00   9.9096807e+00
   3.2400000e+00   9.8593891e+00
   3.2600000e+00   9.8081342e+00
   3.2800000e+00   9.7559932e+00
   3.3000000e+00   9.7030433e+00
   3.3200000e+00   9.6493614e+00
   3.3400000e+00   9.5950241e+00
   3.3600000e+00   9.5401074e+00
   3.3800000e+00   9.4846870e+00
   3.4000000e+00   9.4288377e+00
   3.4200000e+00   9.3726334e+00
   3.4400000e+00   9.3161474e+00
   3.4600000e+00   9.2594517e+00
   3.4800000e+00   9.2026175e+00
   3.5000000e+00   9.1457146e+00
   3.5200000e+00   9.0888116e+00
   3.5400000e+00   9.0319757e+00
   3.5600000e+00   8.9752727e+00
   3.5800000e+00   8.9187669e+00
   3.6000000e+00   8.8625210e+00
   3.6200000e+00   8.8065960e+00
   3.6400000e+00   8.7510514e+00
   3.6600000e+00   8.6959446e+00
   3.6800000e+00   8.6413314e+00
   3.7000000e+00   8.5872658e+00
   3.7200000e+00   8.5337997e+00
   3.7400000e+00   8.4809831e+00
   3.7600000e+00   8.4288642e+00
   3.7800000e+00   8.3774890e+00
   3.8000000e+00   8.3269015e+00
   3.8200000e+00   8.2771438e+00
   3.8400000e+00   8.2282557e+00
   3.8600000e+00   8.1802751e+00
   3.8800000e+00   8.1332379e+00
   3.9000000e+00   8.0871777e+00
   3.9200000e+00   8.0421261e+00
   3.9400000e+00   7.9981128e+00
   3.9600000e+00   7.9551653e+00
   3.9800000e+00   7.9133089e+00
   4.0000000e+00   7.8725673e+00
   4.0200000e+00   7.8329617e+00
   4.0400000e+00   7.7945118e+00
   4.0600000e+00   7.7572349e+00
   4.0800000e+00   7.7211468e+00
   4.1000000e+00   7.6862611e+00
   4.1200000e+00   7.6525897e+00
   4.1400000e+00   7.6201427e+00
   4.1600000e+00   7.5889284e+00
   4.1800000e+00   7.5589534e+00
   4.2000000e+00   7.5302225e+00
   4.2200000e+00   7.5027391e+00
   4.2400000e+00   7.4765048e+00
   4.2600000e+00   7.4515198e+00
   4.2800000e+00   7.4277827e+00
   4.3000000e+00   7.4052909e+00
   4.3200000e+00   7.3840402e+00
   4.3400000e+00   7.3640251e+00
   4.3600000e+00   7.3452391e+00
   4.3800000e+00   7.3276741e+00
   4.4000000e+00   7.3113212e+00
   4.4200000e+00   7.2961702e+00
   4.4400000e+00   7.2822098e+00
   4.4600000e+00   7.2694281e+00
   4.4800000e+00   7.2578118e+00
   4.5000000e+00   7.2473470e+00
   4.5200000e+00   7.2380190e+00
   4.5400000e+00   7.2298122e+00
   4.5600000e+00   7.2227104e+00
   4.5800000e+00   7.2166967e+00
   4.6000000e+00   7.2117537e+00
   4.6200000e+00   7.2078633e+00
   4.6400000e+00   7.2050070e+00
   4.6600000e+00   7.2031659e+00
   4.6800000e+00   7.2023206e+00
   4.7000000e+00   7.2024513e+00
   4.7200000e+00   7.2035381e+00
   4.7400000e+00   7.2055607e+00
   4.7600000e+00   7.2084986e+00
   4.7800000e+00   7.2123311e+00
   4.8000000e+00   7.2170375e+00
   4.8200000e+00   7.2225967e+00
   4.8400000e+00   7.2289879e+00
   4.8600000e+00   7.2361901e+00
   4.8800000e+00   7.2441822e+00
   4.9000000e+00   7.2529433e+00
   4.9200000e+00   7.2624527e+00
   4.9400000e+00   7.2726894e+00
   4.9600000e+00   7.2836329e+00
   4.9800000e+00   7.2952627e+00
   5.0000000e+00   7.3075585e+00
