   0.0000000e+00   1.3181080e-01
   2.0000000e-02   1.5054117e-01
   4.0000000e-02   1.6955697e-01
   6.0000000e-02   1.8886689e-01
   8.0000000e-02   2.0847972e-01
   1.0000000e-01   2.2840429e-01
   1.2000000e-01   2.4864950e-01
   1.4000000e-01   2.6922431e-01
   1.6000000e-01   2.9013767e-01
   1.8000000e-01   3.1139859e-01
   2.0000000e-01   3.3301606e-01
   2.2000000e-01   3.5499906e-01
   2.4000000e-01   3.7735656e-01
   2.6000000e-01   4.0009746e-01
   2.8000000e-01   4.2323063e-01
   3.0000000e-01   4.4676485e-01
   3.2000000e-01   4.7070882e-01
   3.4000000e-01   4.9507110e-01
   3.6000000e-01   5.1986015e-01
   3.8000000e-01   5.4508427e-01
   4.0000000e-01   5.7075158e-01
   4.2000000e-01   5.9687001e-01
   4.4000000e-01   6.2344730e-01
   4.6000000e-01   6.5049092e-01
   4.8000000e-01   6.7800812e-01
   5.0000000e-01   7.0600585e-01
   5.2000000e-01   7.3449076e-01
   5.4000000e-01   7.6346917e-01
   5.6000000e-01   7.9294707e-01
   5.8000000e-01   8.2293007e-01
   6.0000000e-01   8.5342337e-01
   6.2000000e-01   8.8443177e-01
   6.4000000e-01   9.1595961e-01
   6.6000000e-01   9.4801078e-01
   6.8000000e-01   9.8058865e-01
   7.0000000e-01   1.0136961e+00
   7.2000000e-01   1.0473355e+00
   7.4000000e-01   1.0815085e+00
   7.6000000e-01   1.1162163e+00
   7.8000000e-01   1.1514596e+00
   8.0000000e-01   1.1872382e+00
   8.2000000e-01   1.2235515e+00
   8.4000000e-01   1.2603979e+00
   8.6000000e-01   1.2977755e+00
   8.8000000e-01   1.3356813e+00
   9.0000000e-01   1.3741119e+00
   9.2000000e-01   1.4130629e+00
   9.4000000e-01   1.4525292e+00
   9.6000000e-01   1.4925050e+00
   9.8000000e-01   1.5329836e+00
   1.0000000e+00   1.5739574e+00
   1.0200000e+00   1.6154181e+00
   1.0400000e+00   1.6573565e+00
   1.0600000e+00   1.6997626e+00
   1.0800000e+00   1.7426255e+00
   1.1000000e+00   1.7859333e+00
   1.1200000e+00   1.8296734e+00
   1.1400000e+00   1.8738322e+00
   1.1600000e+00   1.9183953e+00
   1.1800000e+00   1.9633473e+00
   1.2000000e+00   2.0086721e+00
   1.2200000e+00   2.0543524e+00
   1.2400000e+00   2.1003704e+00
   1.2600000e+00   2.1467071e+00
   1.2800000e+00   2.1933427e+00
   1.3000000e+00   2.2402568e+00
   1.3200000e+00   2.2874278e+00
   1.3400000e+00   2.3348334e+00
   1.3600000e+00   2.3824506e+00
   1.3800000e+00   2.4302554e+00
   1.4000000e+00   2.4782233e+00
   1.4200000e+00   2.5263287e+00
   1.4400000e+00   2.5745454e+00
   1.4600000e+00   2.6228467e+00
   1.4800000e+00   2.6712050e+00
   1.5000000e+00   2.7195920e+00
   1.5200000e+00   2.7679789e+00
   1.5400000e+00   2.8163365e+00
   1.5600000e+00   2.8646346e+00
   1.5800000e+00   2.9128429e+00
   1.6000000e+00   2.9609304e+00
   1.6200000e+00   3.0088659e+00
   1.6400000e+00   3.0566175e+00
   1.6600000e+00   3.1041532e+00
   1.6800000e+00   3.1514406e+00
   1.7000000e+00   3.1984471e+00
   1.7200000e+00   3.2451399e+00
   1.7400000e+00   3.2914861e+00
   1.7600000e+00   3.3374525e+00
   1.7800000e+00   3.3830060e+00
   1.8000000e+00   3.4281136e+00
   1.8200000e+00   3.4727422e+00
   1.8400000e+00   3.5168588e+00
   1.8600000e+00   3.5604308e+00
   1.8800000e+00   3.6034255e+00
   1.9000000e+00   3.6458106e+00
   1.9200000e+00   3.6875543e+00
   1.9400000e+00   3.7286251e+00
   1.9600000e+00   3.7689917e+00
   1.9800000e+00   3.8086236e+00
   2.0000000e+00   3.8474907e+00
   2.0200000e+00   3.8855637e+00
   2.0400000e+00   3.9228137e+00
   2.0600000e+00   3.9592126e+00
   2.0800000e+00   3.9947332e+00
   2.1000000e+00   4.0293490e+00
   2.1200000e+00   4.0630344e+00
   2.1400000e+00   4.0957647e+00
   2.1600000e+00   4.1275161e+00
   2.1800000e+00   4.1582659e+00
   2.2000000e+00   4.1879924e+00
   2.2200000e+00   4.2166751e+00
   2.2400000e+00   4.2442945e+00
   2.2600000e+00   4.2708323e+00
   2.2800000e+00   4.2962714e+00
   2.3000000e+00   4.3205960e+00
   2.3200000e+00   4.3437915e+00
   2.3400000e+00   4.3658447e+00
   2.3600000e+00   4.3867436e+00
   2.3800000e+00   4.4064776e+00
   2.4000000e+00   4.4250374e+00
   2.4200000e+00   4.4424153e+00
   2.4400000e+00   4.4586049e+00
   2.4600000e+00   4.4736010e+00
   2.4800000e+00   4.4874001e+00
   2.5000000e+00   4.5000000e+00
   2.5200000e+00   4.5114001e+00
   2.5400000e+00   4.5216010e+00
   2.5600000e+00   4.5306049e+00
   2.5800000e+00   4.5384153e+00
   2.6000000e+00   4.5450374e+00
   2.6200000e+00   4.5504776e+00
   2.6400000e+00   4.5547436e+00
   2.6600000e+00   4.5578447e+00
   2.6800000e+00   4.5597915e+00
   2.7000000e+00   4.5605960e+00
   2.7200000e+00   4.5602714e+00
   2.7400000e+00   4.5588323e+00
   2.7600000e+00   4.5562945e+00
   2.7800000e+00   4.5526751e+00
   2.8000000e+00   4.5479924e+00
   2.8200000e+00   4.5422659e+00
   2.8400000e+00   4.5355161e+00
   2.8600000e+00   4.5277647e+00
   2.8800000e+00   4.5190344e+00
   2.9000000e+00   4.5093490e+00
   2.9200000e+00   4.4987332e+00
   2.9400000e+00   4.4872126e+00
   2.9600000e+00   4.4748137e+00
   2.9800000e+00   4.4615637e+00
   3.0000000e+00   4.4474907e+00
   3.0200000e+00   4.4326236e+00
   3.0400000e+00   4.4169917e+00
   3.0600000e+00   4.4006251e+00
   3.0800000e+00   4.3835543e+00
   3.1000000e+00   4.3658106e+00
   3.1200000e+00   4.3474255e+00
   3.1400000e+00   4.3284308e+00
   3.1600000e+00   4.3088588e+00
   3.1800000e+00   4.2887422e+00
   3.2000000e+00   4.2681136e+00
   3.2200000e+00   4.2470060e+00
   3.2400000e+00   4.2254525e+00
   3.2600000e+00   4.2034861e+00
   3.2800000e+00   4.1811399e+00
   3.3000000e+00   4.1584471e+00
   3.3200000e+00   4.1354406e+00
   3.3400000e+00   4.1121532e+00
   3.3600000e+00   4.0886175e+00
   3.3800000e+00   4.0648659e+00
   3.4000000e+00   4.0409304e+00
   3.4200000e+00   4.0168429e+00
   3.4400000e+00   3.9926346e+00
   3.4600000e+00   3.9683365e+00
   3.4800000e+00   3.9439789e+00
   3.5000000e+00   3.9195920e+00
   3.5200000e+00   3.8952050e+00
   3.5400000e+00   3.8708467e+00
   3.5600000e+00   3.8465454e+00
   3.5800000e+00   3.8223287e+00
   3.6000000e+00   3.7982233e+00
   3.6200000e+00   3.7742554e+00
   3.6400000e+00   3.7504506e+00
   3.6600000e+00   3.7268334e+00
   3.6800000e+00   3.7034278e+00
   3.7000000e+00   3.6802568e+00
   3.7200000e+00   3.6573427e+00
   3.7400000e+00   3.6347071e+00
   3.7600000e+00   3.6123704e+00
   3.7800000e+00   3.5903524e+00
   3.8000000e+00   3.5686721e+00
   3.8200000e+00   3.5473473e+00
   3.8400000e+00   3.5263953e+00
   3.8600000e+00   3.5058322e+00
   3.8800000e+00   3.4856734e+00
   3.9000000e+00   3.4659333e+00
   3.9200000e+00   3.4466255e+00
   3.9400000e+00   3.4277626e+00
   3.9600000e+00   3.4093565e+00
   3.9800000e+00   3.3914181e+00
   4.0000000e+00   3.3739574e+00
   4.0200000e+00   3.3569836e+00
   4.0400000e+00   3.3405050e+00
   4.0600000e+00   3.3245292e+00
   4.0800000e+00   3.3090629e+00
   4.1000000e+00   3.2941119e+00
   4.1200000e+00   3.2796813e+00
   4.1400000e+00   3.2657755e+00
   4.1600000e+00   3.2523979e+00
   4.1800000e+00   3.2395515e+00
   4.2000000e+00   3.2272382e+00
   4.2200000e+00   3.2154596e+00
   4.2400000e+00   3.2042163e+00
   4.2600000e+00   3.1935085e+00
   4.2800000e+00   3.1833355e+00
   4.3000000e+00   3.1736961e+00
   4.3200000e+00   3.1645886e+00
   4.3400000e+00   3.1560108e+00
   4.3600000e+00   3.1479596e+00
   4.3800000e+00   3.1404318e+00
   4.4000000e+00   3.1334234e+00
   4.4200000e+00   3.1269301e+00
   4.4400000e+00   3.1209471e+00
   4.4600000e+00   3.1154692e+00
   4.4800000e+00   3.1104908e+00
   4.5000000e+00   3.1060058e+00
   4.5200000e+00   3.1020081e+00
   4.5400000e+00   3.0984909e+00
   4.5600000e+00   3.0954473e+00
   4.5800000e+00   3.0928700e+00
   4.6000000e+00   3.0907516e+00
   4.6200000e+00   3.0890843e+00
   4.6400000e+00   3.0878602e+00
   4.6600000e+00   3.0870711e+00
   4.6800000e+00   3.0867088e+00
   4.7000000e+00   3.0867649e+00
   4.7200000e+00   3.0872306e+00
   4.7400000e+00   3.0880975e+00
   4.7600000e+00   3.0893566e+00
   4.7800000e+00   3.0909991e+00
   4.8000000e+00   3.0930161e+00
   4.8200000e+00   3.0953986e+00
   4.8400000e+00   3.0981377e+00
   4.8600000e+00   3.1012243e+00
   4.8800000e+00   3.1046495e+00
   4.9000000e+00   3.1084043e+00
   4.9200000e+00   3.1124797e+00
   4.9400000e+00   3.1168669e+00
   4.9600000e+00   3.1215570e+00
   4.9800000e+00   3.1265412e+00
   5.0000000e+00   3.1318108e+00
