   0.0000000e+00   1.2886721e+00
   2.0000000e-02   1.3343524e+00
   4.0000000e-02   1.3803704e+00
   6.0000000e-02   1.4267071e+00
   8.0000000e-02   1.4733427e+00
   1.0000000e-01   1.5202568e+00
   1.2000000e-01   1.5674278e+00
   1.4000000e-01   1.6148334e+00
   1.6000000e-01   1.6624506e+00
   1.8000000e-01   1.7102554e+00
   2.0000000e-01   1.7582233e+00
   2.2000000e-01   1.8063287e+00
   2.4000000e-01   1.8545454e+00
   2.6000000e-01   1.9028467e+00
   2.8000000e-01   1.9512050e+00
   3.0000000e-01   1.9995920e+00
   3.2000000e-01   2.0479789e+00
   3.4000000e-01   2.0963365e+00
   3.6000000e-01   2.1446346e+00
   3.8000000e-01   2.1928429e+00
   4.0000000e-01   2.2409304e+00
   4.2000000e-01   2.2888659e+00
   4.4000000e-01   2.3366175e+00
   4.6000000e-01   2.3841532e+00
   4.8000000e-01   2.4314406e+00
   5.0000000e-01   2.4784471e+00
   5.2000000e-01   2.5251399e+00
   5.4000000e-01   2.5714861e+00
   5.6000000e-01   2.6174525e+00
   5.8000000e-01   2.6630060e+00
   6.0000000e-01   2.7081136e+00
   6.2000000e-01   2.7527422e+00
   6.4000000e-01   2.7968588e+00
   6.6000000e-01   2.8404308e+00
   6.8000000e-01   2.8834255e+00
   7.0000000e-01   2.9258106e+00
   7.2000000e-01   2.9675543e+00
   7.4000000e-01   3.0086251e+00
   7.6000000e-01   3.0489917e+00
   7.8000000e-01   3.0886236e+00
   8.0000000e-01   3.1274907e+00
   8.2000000e-01   3.1655637e+00
   8.4000000e-01   3.2028137e+00
   8.6000000e-01   3.2392126e+00
   8.8000000e-01   3.2747332e+00
   9.0000000e-01   3.3093490e+00
   9.2000000e-01   3.3430344e+00
   9.4000000e-01   3.3757647e+00
   9.6000000e-01   3.4075161e+00
   9.8000000e-01   3.4382659e+00
   1.0000000e+00   3.4679924e+00
   1.0200000e+00   3.4966751e+00
   1.0400000e+00   3.5242945e+00
   1.0600000e+00   3.5508323e+00
   1.0800000e+00   3.5762714e+00
   1.1000000e+00   3.6005960e+00
   1.1200000e+00   3.6237915e+00
   1.1400000e+00   3.6458447e+00
   1.1600000e+00   3.6667436e+00
   1.1800000e+00   3.6864776e+00
   1.2000000e+00   3.7050374e+00
   1.2200000e+00   3.7224153e+00
   1.2400000e+00   3.7386049e+00
   1.2600000e+00   3.7536010e+00
   1.2800000e+00   3.7674001e+00
   1.3000000e+00   3.7800000e+00
   1.3200000e+00   3.7914001e+00
   1.3400000e+00   3.8016010e+00
   1.3600000e+00   3.8106049e+00
   1.3800000e+00   3.8184153e+00
   1.4000000e+00   3.8250374e+00
   1.4200000e+00   3.8304776e+00
   1.4400000e+00   3.8347436e+00
   1.4600000e+00   3.8378447e+00
   1.4800000e+00   3.8397915e+00
   1.5000000e+00   3.8405960e+00
   1.5200000e+00   3.8402714e+00
   1.5400000e+00   3.8388323e+00
   1.5600000e+00   3.8362945e+00
   1.5800000e+00   3.8326751e+00
   1.6000000e+00   3.8279924e+00
   1.6200000e+00   3.8222659e+00
   1.6400000e+00   3.8155161e+00
   1.6600000e+00   3.8077647e+00
   1.6800000e+00   3.7990344e+00
   1.7000000e+00   3.7893490e+00
   1.7200000e+00   3.7787332e+00
   1.7400000e+00   3.7672126e+00
   1.7600000e+00   3.7548137e+00
   1.7800000e+00   3.7415637e+00
   1.8000000e+00   3.7274907e+00
   1.8200000e+00   3.7126236e+00
   1.8400000e+00   3.6969917e+00
   1.8600000e+00   3.6806251e+00
   1.8800000e+00   3.6635543e+00
   1.9000000e+00   3.6458106e+00
   1.9200000e+00   3.6274255e+00
   1.9400000e+00   3.6084308e+00
   1.9600000e+00   3.5888588e+00
   1.9800000e+00   3.5687422e+00
   2.0000000e+00   3.5481136e+00
   2.0200000e+00   3.5270060e+00
   2.0400000e+00   3.5054525e+00
   2.0600000e+00   3.4834861e+00
   2.0800000e+00   3.4611399e+00
   2.1000000e+00   3.4384471e+00
   2.1200000e+00   3.4154406e+00
   2.1400000e+00   3.3921532e+00
   2.1600000e+00   3.3686175e+00
   2.1800000e+00   3.3448659e+00
   2.2000000e+00   3.3209304e+00
   2.2200000e+00   3.2968429e+00
   2.2400000e+00   3.2726346e+00
   2.2600000e+00   3.2483365e+00
   2.2800000e+00   3.2239789e+00
   2.3000000e+00   3.1995920e+00
   2.3200000e+00   3.1752050e+00
   2.3400000e+00   3.1508467e+00
   2.3600000e+00   3.1265454e+00
   2.3800000e+00   3.1023287e+00
   2.4000000e+00   3.0782233e+00
   2.4200000e+00   3.0542554e+00
   2.4400000e+00   3.0304506e+00
   2.4600000e+00   3.0068334e+00
   2.4800000e+00   2.9834278e+00
   2.5000000e+00   2.9602568e+00
   2.5200000e+00   2.9373427e+00
   2.5400000e+00   2.9147071e+00
   2.5600000e+00   2.8923704e+00
   2.5800000e+00   2.8703524e+00
   2.6000000e+00   2.8486721e+00
   2.6200000e+00   2.8273473e+00
   2.6400000e+00   2.8063953e+00
   2.6600000e+00   2.7858322e+00
   2.6800000e+00   2.7656734e+00
   2.7000000e+00   2.7459333e+00
   2.7200000e+00   2.7266255e+00
   2.7400000e+00   2.7077626e+00
   2.7600000e+00   2.6893565e+00
   2.7800000e+00   2.6714181e+00
   2.8000000e+00   2.6539574e+00
   2.8200000e+00   2.6369836e+00
   2.8400000e+00   2.6205050e+00
   2.8600000e+00   2.6045292e+00
   2.8800000e+00   2.5890629e+00
   2.9000000e+00   2.5741119e+00
   2.9200000e+00   2.5596813e+00
   2.9400000e+00   2.5457755e+00
   2.9600000e+00   2.5323979e+00
   2.9800000e+00   2.5195515e+00
   3.0000000e+00   2.5072382e+00
   3.0200000e+00   2.4954596e+00
   3.0400000e+00   2.4842163e+00
   3.0600000e+00   2.4735085e+00
   3.0800000e+00   2.4633355e+00
   3.1000000e+00   2.4536961e+00
   3.1200000e+00   2.4445886e+00
   3.1400000e+00   2.4360108e+00
   3.1600000e+00   2.4279596e+00
   3.1800000e+00   2.4204318e+00
   3.2000000e+00   2.4134234e+00
   3.2200000e+00   2.4069301e+00
   3.2400000e+00   2.4009471e+00
   3.2600000e+00   2.3954692e+00
   3.2800000e+00   2.3904908e+00
   3.3000000e+00   2.3860058e+00
   3.3200000e+00   2.3820081e+00
   3.3400000e+00   2.3784909e+00
   3.3600000e+00   2.3754473e+00
   3.3800000e+00   2.3728700e+00
   3.4000000e+00   2.3707516e+00
   3.4200000e+00   2.3690843e+00
   3.4400000e+00   2.3678602e+00
   3.4600000e+00   2.3670711e+00
   3.4800000e+00   2.3667088e+00
   3.5000000e+00   2.3667649e+00
   3.5200000e+00   2.3672306e+00
   3.5400000e+00   2.3680975e+00
   3.5600000e+00   2.3693566e+00
   3.5800000e+00   2.3709991e+00
   3.6000000e+00   2.3730161e+00
   3.6200000e+00   2.3753986e+00
   3.6400000e+00   2.3781377e+00
   3.6600000e+00   2.3812243e+00
   3.6800000e+00   2.3846495e+00
   3.7000000e+00   2.3884043e+00
   3.7200000e+00   2.3924797e+00
   3.7400000e+00   2.3968669e+00
   3.7600000e+00   2.4015570e+00
   3.7800000e+00   2.4065412e+00
   3.8000000e+00   2.4118108e+00
   3.8200000e+00   2.4173572e+00
   3.8400000e+00   2.4231720e+00
   3.8600000e+00   2.4292466e+00
   3.8800000e+00   2.4355728e+00
   3.9000000e+00   2.4421424e+00
   3.9200000e+00   2.4489473e+00
   3.9400000e+00   2.4559797e+00
   3.9600000e+00   2.4632317e+00
   3.9800000e+00   2.4706957e+00
   4.0000000e+00   2.4783642e+00
   4.0200000e+00   2.4862299e+00
   4.0400000e+00   2.4942856e+00
   4.0600000e+00   2.5025243e+00
   4.0800000e+00   2.5109391e+00
   4.1000000e+00   2.5195233e+00
   4.1200000e+00   2.5282703e+00
   4.1400000e+00   2.5371739e+00
   4.1600000e+00   2.5462277e+00
   4.1800000e+00   2.5554259e+00
   4.2000000e+00   2.5647624e+00
   4.2200000e+00   2.5742315e+00
   4.2400000e+00   2.5838279e+00
   4.2600000e+00   2.5935460e+00
   4.2800000e+00   2.6033807e+00
   4.3000000e+00   2.6133270e+00
   4.3200000e+00   2.6233799e+00
   4.3400000e+00   2.6335348e+00
   4.3600000e+00   2.6437870e+00
   4.3800000e+00   2.6541322e+00
   4.4000000e+00   2.6645661e+00
   4.4200000e+00   2.6750846e+00
   4.4400000e+00   2.6856838e+00
   4.4600000e+00   2.6963599e+00
   4.4800000e+00   2.7071092e+00
   4.5000000e+00   2.7179281e+00
   4.5200000e+00   2.7288133e+00
   4.5400000e+00   2.7397615e+00
   4.5600000e+00   2.7507695e+00
   4.5800000e+00   2.7618345e+00
   4.6000000e+00   2.7729535e+00
   4.6200000e+00   2.7841238e+00
   4.6400000e+00   2.7953426e+00
   4.6600000e+00   2.8066076e+00
   4.6800000e+00   2.8179162e+00
   4.7000000e+00   2.8292661e+00
   4.7200000e+00   2.8406553e+00
   4.7400000e+00   2.8520814e+00
   4.7600000e+00   2.8635426e+00
   4.7800000e+00   2.8750369e+00
   4.8000000e+00   2.8865625e+00
   4.8200000e+00   2.8981176e+00
   4.8400000e+00   2.9097006e+00
   4.8600000e+00   2.9213099e+00
   4.8800000e+00   2.9329440e+00
   4.9000000e+00   2.9446014e+00
   4.9200000e+00   2.9562809e+00
   4.9400000e+00   2.9679811e+00
   4.9600000e+00   2.9797009e+00
   4.9800000e+00   2.9914390e+00
   5.0000000e+00   3.0031943e+00
