   0.0000000e+00   6.1774783e+00
   2.0000000e-02   6.2663152e+00
   4.0000000e-02   6.3532319e+00
   6.0000000e-02   6.4381627e+00
   8.0000000e-02   6.5210442e+00
   1.0000000e-01   6.6018144e+00
   1.2000000e-01   6.6804137e+00
   1.4000000e-01   6.7567843e+00
   1.6000000e-01   6.8308709e+00
   1.8000000e-01   6.9026204e+00
   2.0000000e-01   6.9719824e+00
   2.2000000e-01   7.0389086e+00
   2.4000000e-01   7.1033539e+00
   2.6000000e-01   7.1652754e+00
   2.8000000e-01   7.2246333e+00
   3.0000000e-01   7.2813907e+00
   3.2000000e-01   7.3355136e+00
   3.4000000e-01   7.3869710e+00
   3.6000000e-01   7.4357350e+00
   3.8000000e-01   7.4817810e+00
   4.0000000e-01   7.5250874e+00
   4.2000000e-01   7.5656358e+00
   4.4000000e-01   7.6034113e+00
   4.6000000e-01   7.6384022e+00
   4.8000000e-01   7.6706001e+00
   5.0000000e-01   7.7000000e+00
   5.2000000e-01   7.7266001e+00
   5.4000000e-01   7.7504022e+00
   5.6000000e-01   7.7714113e+00
   5.8000000e-01   7.7896358e+00
   6.0000000e-01   7.8050874e+00
   6.2000000e-01   7.8177810e+00
   6.4000000e-01   7.8277350e+00
   6.6000000e-01   7.8349710e+00
   6.8000000e-01   7.8395136e+00
   7.0000000e-01   7.8413907e+00
   7.2000000e-01   7.8406333e+00
   7.4000000e-01   7.8372754e+00
   7.6000000e-01   7.8313539e+00
   7.8000000e-01   7.8229086e+00
   8.0000000e-01   7.8119824e+00
   8.2000000e-01   7.7986204e+00
   8.4000000e-01   7.7828709e+00
   8.6000000e-01   7.7647843e+00
   8.8000000e-01   7.7444137e+00
   9.0000000e-01   7.7218144e+00
   9.2000000e-01   7.6970442e+00
   9.4000000e-01   7.6701627e+00
   9.6000000e-01   7.6412319e+00
   9.8000000e-01   7.6103152e+00
   1.0000000e+00   7.5774783e+00
   1.0200000e+00   7.5427883e+00
   1.0400000e+00   7.5063139e+00
   1.0600000e+00   7.4681251e+00
   1.0800000e+00   7.4282935e+00
   1.1000000e+00   7.3868915e+00
   1.1200000e+00   7.3439928e+00
   1.1400000e+00   7.2996718e+00
   1.1600000e+00   7.2540040e+00
   1.1800000e+00   7.2070651e+00
   1.2000000e+00   7.1589318e+00
   1.2200000e+00   7.1096807e+00
   1.2400000e+00   7.0593891e+00
   1.2600000e+00   7.0081342e+00
   1.2800000e+00   6.9559932e+00
   1.3000000e+00   6.9030433e+00
   1.3200000e+00   6.8493614e+00
   1.3400000e+00   6.7950241e+00
   1.3600000e+00   6.7401074e+00
   1.3800000e+00   6.6846870e+00
   1.4000000e+00   6.6288377e+00
   1.4200000e+00   6.5726334e+00
   1.4400000e+00   6.5161474e+00
   1.4600000e+00   6.4594517e+00
   1.4800000e+00   6.4026175e+00
   1.5000000e+00   6.3457146e+00
   1.5200000e+00   6.2888116e+00
   1.5400000e+00   6.2319757e+00
   1.5600000e+00   6.1752727e+00
   1.5800000e+00   6.1187669e+00
   1.6000000e+00   6.0625210e+00
   1.6200000e+00   6.0065960e+00
   1.6400000e+00   5.9510514e+00
   1.6600000e+00   5.8959446e+00
   1.6800000e+00   5.8413314e+00
   1.7000000e+00   5.7872658e+00
   1.7200000e+00   5.7337997e+00
   1.7400000e+00   5.6809831e+00
   1.7600000e+00   5.6288642e+00
   1.7800000e+00   5.5774890e+00
   1.8000000e+00   5.5269015e+00
   1.8200000e+00   5.4771438e+00
   1.8400000e+00   5.4282557e+00
   1.8600000e+00   5.3802751e+00
   1.8800000e+00   5.3332379e+00
   1.9000000e+00   5.2871777e+00
   1.9200000e+00   5.2421261e+00
   1.9400000e+00   5.1981128e+00
   1.9600000e+00   5.1551653e+00
   1.9800000e+00   5.1133089e+00
   2.0000000e+00   5.0725673e+00
   2.0200000e+00   5.0329617e+00
   2.0400000e+00   4.9945118e+00
   2.0600000e+00   4.9572349e+00
   2.0800000e+00   4.9211468e+00
   2.1000000e+00   4.8862611e+00
   2.1200000e+00   4.8525897e+00
   2.1400000e+00   4.8201427e+00
   2.1600000e+00   4.7889284e+00
   2.1800000e+00   4.7589534e+00
   2.2000000e+00   4.7302225e+00
   2.2200000e+00   4.7027391e+00
   2.2400000e+00   4.6765048e+00
   2.2600000e+00   4.6515198e+00
   2.2800000e+00   4.6277827e+00
   2.3000000e+00   4.6052909e+00
   2.3200000e+00   4.5840402e+00
   2.3400000e+00   4.5640251e+00
   2.3600000e+00   4.5452391e+00
   2.3800000e+00   4.5276741e+00
   2.4000000e+00   4.5113212e+00
   2.4200000e+00   4.4961702e+00
   2.4400000e+00   4.4822098e+00
   2.4600000e+00   4.4694281e+00
   2.4800000e+00   4.4578118e+00
   2.5000000e+00   4.4473470e+00
   2.5200000e+00   4.4380190e+00
   2.5400000e+00   4.4298122e+00
   2.5600000e+00   4.4227104e+00
   2.5800000e+00   4.4166967e+00
   2.6000000e+00   4.4117537e+00
   2.6200000e+00   4.4078633e+00
   2.6400000e+00   4.4050070e+00
   2.6600000e+00   4.4031659e+00
   2.6800000e+00   4.4023206e+00
   2.7000000e+00   4.4024513e+00
   2.7200000e+00   4.4035381e+00
   2.7400000e+00   4.4055607e+00
   2.7600000e+00   4.4084986e+00
   2.7800000e+00   4.4123311e+00
   2.8000000e+00   4.4170375e+00
   2.8200000e+00   4.4225967e+00
   2.8400000e+00   4.4289879e+00
   2.8600000e+00   4.4361901e+00
   2.8800000e+00   4.4441822e+00
   2.9000000e+00   4.4529433e+00
   2.9200000e+00   4.4624527e+00
   2.9400000e+00   4.4726894e+00
   2.9600000e+00   4.4836329e+00
   2.9800000e+00   4.4952627e+00
   3.0000000e+00   4.5075585e+00
   3.0200000e+00   4.5205002e+00
   3.0400000e+00   4.5340679e+00
   3.0600000e+00   4.5482420e+00
   3.0800000e+00   4.5630031e+00
   3.1000000e+00   4.5783322e+00
   3.1200000e+00   4.5942104e+00
   3.1400000e+00   4.6106192e+00
   3.1600000e+00   4.6275406e+00
   3.1800000e+00   4.6449566e+00
   3.2000000e+00   4.6628499e+00
   3.2200000e+00   4.6812032e+00
   3.2400000e+00   4.6999998e+00
   3.2600000e+00   4.7192234e+00
   3.2800000e+00   4.7388579e+00
   3.3000000e+00   4.7588877e+00
   3.3200000e+00   4.7792975e+00
   3.3400000e+00   4.8000724e+00
   3.3600000e+00   4.8211981e+00
   3.3800000e+00   4.8426603e+00
   3.4000000e+00   4.8644455e+00
   3.4200000e+00   4.8865403e+00
   3.4400000e+00   4.9089318e+00
   3.4600000e+00   4.9316074e+00
   3.4800000e+00   4.9545551e+00
   3.5000000e+00   4.9777630e+00
   3.5200000e+00   5.0012198e+00
   3.5400000e+00   5.0249144e+00
   3.5600000e+00   5.0488363e+00
   3.5800000e+00   5.0729751e+00
   3.6000000e+00   5.0973209e+00
   3.6200000e+00   5.1218642e+00
   3.6400000e+00   5.1465956e+00
   3.6600000e+00   5.1715064e+00
   3.6800000e+00   5.1965880e+00
   3.7000000e+00   5.2218322e+00
   3.7200000e+00   5.2472309e+00
   3.7400000e+00   5.2727767e+00
   3.7600000e+00   5.2984623e+00
   3.7800000e+00   5.3242806e+00
   3.8000000e+00   5.3502249e+00
   3.8200000e+00   5.3762888e+00
   3.8400000e+00   5.4024661e+00
   3.8600000e+00   5.4287510e+00
   3.8800000e+00   5.4551377e+00
   3.9000000e+00   5.4816210e+00
   3.9200000e+00   5.5081956e+00
   3.9400000e+00   5.5348566e+00
   3.9600000e+00   5.5615994e+00
   3.9800000e+00   5.5884194e+00
   4.0000000e+00   5.6153124e+00
   4.0200000e+00   5.6422744e+00
   4.0400000e+00   5.6693013e+00
   4.0600000e+00   5.6963897e+00
   4.0800000e+00   5.7235359e+00
   4.1000000e+00   5.7507367e+00
   4.1200000e+00   5.7779888e+00
   4.1400000e+00   5.8052893e+00
   4.1600000e+00   5.8326354e+00
   4.1800000e+00   5.8600242e+00
   4.2000000e+00   5.8874534e+00
   4.2200000e+00   5.9149203e+00
   4.2400000e+00   5.9424229e+00
   4.2600000e+00   5.9699588e+00
   4.2800000e+00   5.9975260e+00
   4.3000000e+00   6.0251226e+00
   4.3200000e+00   6.0527468e+00
   4.3400000e+00   6.0803967e+00
   4.3600000e+00   6.1080709e+00
   4.3800000e+00   6.1357677e+00
   4.4000000e+00   6.1634857e+00
   4.4200000e+00   6.1912235e+00
   4.4400000e+00   6.2189798e+00
   4.4600000e+00   6.2467535e+00
   4.4800000e+00   6.2745433e+00
   4.5000000e+00   6.3023482e+00
   4.5200000e+00   6.3301673e+00
   4.5400000e+00   6.3579994e+00
   4.5600000e+00   6.3858439e+00
   4.5800000e+00   6.4136997e+00
   4.6000000e+00   6.4415662e+00
   4.6200000e+00   6.4694426e+00
   4.6400000e+00   6.4973283e+00
   4.6600000e+00   6.5252225e+00
   4.6800000e+00   6.5531246e+00
   4.7000000e+00   6.5810342e+00
   4.7200000e+00   6.6089507e+00
   4.7400000e+00   6.6368736e+00
   4.7600000e+00   6.6648024e+00
   4.7800000e+00   6.6927367e+00
   4.8000000e+00   6.7206762e+00
   4.8200000e+00   6.7486203e+00
   4.8400000e+00   6.7765689e+00
   4.8600000e+00   6.8045215e+00
   4.8800000e+00   6.8324778e+00
   4.9000000e+00   6.8604377e+00
   4.9200000e+00   6.8884007e+00
   4.9400000e+00   6.9163667e+00
   4.9600000e+00   6.9443355e+00
   4.9800000e+00   6.9723068e+00
   5.0000000e+00   7.0002805e+00
