   0.0000000e+00   2.1477868e+00
   2.0000000e-02   2.2239207e+00
   4.0000000e-02   2.3006173e+00
   6.0000000e-02   2.3778451e+00
   8.0000000e-02   2.4555712e+00
   1.0000000e-01   2.5337613e+00
   1.2000000e-01   2.6123796e+00
   1.4000000e-01   2.6913890e+00
   1.6000000e-01   2.7707510e+00
   1.8000000e-01   2.8504257e+00
   2.0000000e-01   2.9303721e+00
   2.2000000e-01   3.0105478e+00
   2.4000000e-01   3.0909091e+00
   2.6000000e-01   3.1714112e+00
   2.8000000e-01   3.2520083e+00
   3.0000000e-01   3.3326533e+00
   3.2000000e-01   3.4132982e+00
   3.4000000e-01   3.4938941e+00
   3.6000000e-01   3.5743910e+00
   3.8000000e-01   3.6547382e+00
   4.0000000e-01   3.7348841e+00
   4.2000000e-01   3.8147765e+00
   4.4000000e-01   3.8943625e+00
   4.6000000e-01   3.9735886e+00
   4.8000000e-01   4.0524010e+00
   5.0000000e-01   4.1307452e+00
   5.2000000e-01   4.2085665e+00
   5.4000000e-01   4.2858101e+00
   5.6000000e-01   4.3624208e+00
   5.8000000e-01   4.4383434e+00
   6.0000000e-01   4.5135227e+00
   6.2000000e-01   4.5879037e+00
   6.4000000e-01   4.6614314e+00
   6.6000000e-01   4.7340513e+00
   6.8000000e-01   4.8057091e+00
   7.0000000e-01   4.8763511e+00
   7.2000000e-01   4.9459239e+00
   7.4000000e-01   5.0143751e+00
   7.6000000e-01   5.0816528e+00
   7.8000000e-01   5.1477059e+00
   8.0000000e-01   5.2124845e+00
   8.2000000e-01   5.2759394e+00
   8.4000000e-01   5.3380228e+00
   8.6000000e-01   5.3986877e+00
   8.8000000e-01   5.4578887e+00
   9.0000000e-01   5.5155817e+00
   9.2000000e-01   5.5717240e+00
   9.4000000e-01   5.6262745e+00
   9.6000000e-01   5.6791935e+00
   9.8000000e-01   5.7304432e+00
   1.0000000e+00   5.7799874e+00
   1.0200000e+00   5.8277919e+00
   1.0400000e+00   5.8738242e+00
   1.0600000e+00   5.9180538e+00
   1.0800000e+00   5.9604524e+00
   1.1000000e+00   6.0009934e+00
   1.1200000e+00   6.0396526e+00
   1.1400000e+00   6.0764079e+00
   1.1600000e+00   6.1112393e+00
   1.1800000e+00   6.1441293e+00
   1.2000000e+00   6.1750624e+00
   1.2200000e+00   6.2040256e+00
   1.2400000e+00   6.2310081e+00
   1.2600000e+00   6.2560016e+00
   1.2800000e+00   6.2790001e+00
   1.3000000e+00   6.3000000e+00
   1.3200000e+00   6.3190001e+00
   1.3400000e+00   6.3360016e+00
   1.3600000e+00   6.3510081e+00
   1.3800000e+00   6.3640256e+00
   1.4000000e+00   6.3750624e+00
   1.4200000e+00   6.3841293e+00
   1.4400000e+00   6.3912393e+00
   1.4600000e+00   6.3964079e+00
   1.4800000e+00   6.3996526e+00
   1.5000000e+00   6.4009934e+00
   1.5200000e+00   6.4004524e+00
   1.5400000e+00   6.3980538e+00
   1.5600000e+00   6.3938242e+00
   1.5800000e+00   6.3877919e+00
   1.6000000e+00   6.3799874e+00
   1.6200000e+00   6.3704432e+00
   1.6400000e+00   6.3591935e+00
   1.6600000e+00   6.3462745e+00
   1.6800000e+00   6.3317240e+00
   1.7000000e+00   6.3155817e+00
   1.7200000e+00   6.2978887e+00
   1.7400000e+00   6.2786877e+00
   1.7600000e+00   6.2580228e+00
   1.7800000e+00   6.2359394e+00
   1.8000000e+00   6.2124845e+00
   1.8200000e+00   6.1877059e+00
   1.8400000e+00   6.1616528e+00
   1.8600000e+00   6.1343751e+00
   1.8800000e+00   6.1059239e+00
   1.9000000e+00   6.0763511e+00
   1.9200000e+00   6.0457091e+00
   1.9400000e+00   6.0140513e+00
   1.9600000e+00   5.9814314e+00
   1.9800000e+00   5.9479037e+00
   2.0000000e+00   5.9135227e+00
   2.0200000e+00   5.8783434e+00
   2.0400000e+00   5.8424208e+00
   2.0600000e+00   5.8058101e+00
   2.0800000e+00   5.7685665e+00
   2.1000000e+00   5.7307452e+00
   2.1200000e+00   5.6924010e+00
   2.1400000e+00   5.6535886e+00
   2.1600000e+00   5.6143625e+00
   2.1800000e+00   5.5747765e+00
   2.2000000e+00   5.5348841e+00
   2.2200000e+00   5.4947382e+00
   2.2400000e+00   5.4543910e+00
   2.2600000e+00   5.4138941e+00
   2.2800000e+00   5.3732982e+00
   2.3000000e+00   5.3326533e+00
   2.3200000e+00   5.2920083e+00
   2.3400000e+00   5.2514112e+00
   2.3600000e+00   5.2109091e+00
   2.3800000e+00   5.1705478e+00
   2.4000000e+00   5.1303721e+00
   2.4200000e+00   5.0904257e+00
   2.4400000e+00   5.0507510e+00
   2.4600000e+00   5.0113890e+00
   2.4800000e+00   4.9723796e+00
   2.5000000e+00   4.9337613e+00
   2.5200000e+00   4.8955712e+00
   2.5400000e+00   4.8578451e+00
   2.5600000e+00   4.8206173e+00
   2.5800000e+00   4.7839207e+00
   2.6000000e+00   4.7477868e+00
   2.6200000e+00   4.7122455e+00
   2.6400000e+00   4.6773255e+00
   2.6600000e+00   4.6430537e+00
   2.6800000e+00   4.6094556e+00
   2.7000000e+00   4.5765555e+00
   2.7200000e+00   4.5443758e+00
   2.7400000e+00   4.5129377e+00
   2.7600000e+00   4.4822609e+00
   2.7800000e+00   4.4523635e+00
   2.8000000e+00   4.4232623e+00
   2.8200000e+00   4.3949727e+00
   2.8400000e+00   4.3675084e+00
   2.8600000e+00   4.3408821e+00
   2.8800000e+00   4.3151048e+00
   2.9000000e+00   4.2901865e+00
   2.9200000e+00   4.2661355e+00
   2.9400000e+00   4.2429591e+00
   2.9600000e+00   4.2206632e+00
   2.9800000e+00   4.1992524e+00
   3.0000000e+00   4.1787304e+00
   3.0200000e+00   4.1590994e+00
   3.0400000e+00   4.1403606e+00
   3.0600000e+00   4.1225141e+00
   3.0800000e+00   4.1055591e+00
   3.1000000e+00   4.0894935e+00
   3.1200000e+00   4.0743144e+00
   3.1400000e+00   4.0600180e+00
   3.1600000e+00   4.0465994e+00
   3.1800000e+00   4.0340529e+00
   3.2000000e+00   4.0223723e+00
   3.2200000e+00   4.0115501e+00
   3.2400000e+00   4.0015785e+00
   3.2600000e+00   3.9924486e+00
   3.2800000e+00   3.9841513e+00
   3.3000000e+00   3.9766764e+00
   3.3200000e+00   3.9700135e+00
   3.3400000e+00   3.9641515e+00
   3.3600000e+00   3.9590788e+00
   3.3800000e+00   3.9547834e+00
   3.4000000e+00   3.9512526e+00
   3.4200000e+00   3.9484738e+00
   3.4400000e+00   3.9464336e+00
   3.4600000e+00   3.9451185e+00
   3.4800000e+00   3.9445147e+00
   3.5000000e+00   3.9446081e+00
   3.5200000e+00   3.9453844e+00
   3.5400000e+00   3.9468291e+00
   3.5600000e+00   3.9489276e+00
   3.5800000e+00   3.9516651e+00
   3.6000000e+00   3.9550268e+00
   3.6200000e+00   3.9589977e+00
   3.6400000e+00   3.9635628e+00
   3.6600000e+00   3.9687072e+00
   3.6800000e+00   3.9744158e+00
   3.7000000e+00   3.9806738e+00
   3.7200000e+00   3.9874662e+00
   3.7400000e+00   3.9947782e+00
   3.7600000e+00   4.0025950e+00
   3.7800000e+00   4.0109020e+00
   3.8000000e+00   4.0196847e+00
   3.8200000e+00   4.0289287e+00
   3.8400000e+00   4.0386199e+00
   3.8600000e+00   4.0487443e+00
   3.8800000e+00   4.0592880e+00
   3.9000000e+00   4.0702373e+00
   3.9200000e+00   4.0815788e+00
   3.9400000e+00   4.0932994e+00
   3.9600000e+00   4.1053861e+00
   3.9800000e+00   4.1178262e+00
   4.0000000e+00   4.1306070e+00
   4.0200000e+00   4.1437166e+00
   4.0400000e+00   4.1571427e+00
   4.0600000e+00   4.1708739e+00
   4.0800000e+00   4.1848985e+00
   4.1000000e+00   4.1992055e+00
   4.1200000e+00   4.2137839e+00
   4.1400000e+00   4.2286232e+00
   4.1600000e+00   4.2437129e+00
   4.1800000e+00   4.2590431e+00
   4.2000000e+00   4.2746039e+00
   4.2200000e+00   4.2903859e+00
   4.2400000e+00   4.3063798e+00
   4.2600000e+00   4.3225767e+00
   4.2800000e+00   4.3389679e+00
   4.3000000e+00   4.3555450e+00
   4.3200000e+00   4.3722998e+00
   4.3400000e+00   4.3892246e+00
   4.3600000e+00   4.4063116e+00
   4.3800000e+00   4.4235536e+00
   4.4000000e+00   4.4409435e+00
   4.4200000e+00   4.4584744e+00
   4.4400000e+00   4.4761397e+00
   4.4600000e+00   4.4939332e+00
   4.4800000e+00   4.5118486e+00
   4.5000000e+00   4.5298801e+00
   4.5200000e+00   4.5480221e+00
   4.5400000e+00   4.5662691e+00
   4.5600000e+00   4.5846159e+00
   4.5800000e+00   4.6030575e+00
   4.6000000e+00   4.6215892e+00
   4.6200000e+00   4.6402063e+00
   4.6400000e+00   4.6589044e+00
   4.6600000e+00   4.6776793e+00
   4.6800000e+00   4.6965270e+00
   4.7000000e+00   4.7154436e+00
   4.7200000e+00   4.7344254e+00
   4.7400000e+00   4.7534690e+00
   4.7600000e+00   4.7725710e+00
   4.7800000e+00   4.7917282e+00
   4.8000000e+00   4.8109375e+00
   4.8200000e+00   4.8301960e+00
   4.8400000e+00   4.8495010e+00
   4.8600000e+00   4.8688498e+00
   4.8800000e+00   4.8882399e+00
   4.9000000e+00   4.9076691e+00
   4.9200000e+00   4.9271349e+00
   4.9400000e+00   4.9466352e+00
   4.9600000e+00   4.9661681e+00
   4.9800000e+00   4.9857316e+00
   5.0000000e+00   5.0053238e+00
