   0.0000000e+00   3.3075158e-01
   2.0000000e-02   3.5687001e-01
   4.0000000e-02   3.8344730e-01
   6.0000000e-02   4.1049092e-01
   8.0000000e-02   4.3800812e-01
   1.0000000e-01   4.6600585e-01
   1.2000000e-01   4.9449076e-01
   1.4000000e-01   5.2346917e-01
   1.6000000e-01   5.5294707e-01
   1.8000000e-01   5.8293007e-01
   2.0000000e-01   6.1342337e-01
   2.2000000e-01   6.4443177e-01
   2.4000000e-01   6.7595961e-01
   2.6000000e-01   7.0801078e-01
   2.8000000e-01   7.4058865e-01
   3.0000000e-01   7.7369610e-01
   3.2000000e-01   8.0733545e-01
   3.4000000e-01   8.4150847e-01
   3.6000000e-01   8.7621634e-01
   3.8000000e-01   9.1145961e-01
   4.0000000e-01   9.4723823e-01
   4.2000000e-01   9.8355146e-01
   4.4000000e-01   1.0203979e+00
   4.6000000e-01   1.0577755e+00
   4.8000000e-01   1.0956813e+00
   5.0000000e-01   1.1341119e+00
   5.2000000e-01   1.1730629e+00
   5.4000000e-01   1.2125292e+00
   5.6000000e-01   1.2525050e+00
   5.8000000e-01   1.2929836e+00
   6.0000000e-01   1.3339574e+00
   6.2000000e-01   1.3754181e+00
   6.4000000e-01   1.4173565e+00
   6.6000000e-01   1.4597626e+00
   6.8000000e-01   1.5026255e+00
   7.0000000e-01   1.5459333e+00
   7.2000000e-01   1.5896734e+00
   7.4000000e-01   1.6338322e+00
   7.6000000e-01   1.6783953e+00
   7.8000000e-01   1.7233473e+00
   8.0000000e-01   1.7686721e+00
   8.2000000e-01   1.8143524e+00
   8.4000000e-01   1.8603704e+00
   8.6000000e-01   1.9067071e+00
   8.8000000e-01   1.9533427e+00
   9.0000000e-01   2.0002568e+00
   9.2000000e-01   2.0474278e+00
   9.4000000e-01   2.0948334e+00
   9.6000000e-01   2.1424506e+00
   9.8000000e-01   2.1902554e+00
   1.0000000e+00   2.2382233e+00
   1.0200000e+00   2.2863287e+00
   1.0400000e+00   2.3345454e+00
   1.0600000e+00   2.3828467e+00
   1.0800000e+00   2.4312050e+00
   1.1000000e+00   2.4795920e+00
   1.1200000e+00   2.5279789e+00
   1.1400000e+00   2.5763365e+00
   1.1600000e+00   2.6246346e+00
   1.1800000e+00   2.6728429e+00
   1.2000000e+00   2.7209304e+00
   1.2200000e+00   2.7688659e+00
   1.2400000e+00   2.8166175e+00
   1.2600000e+00   2.8641532e+00
   1.2800000e+00   2.9114406e+00
   1.3000000e+00   2.9584471e+00
   1.3200000e+00   3.0051399e+00
   1.3400000e+00   3.0514861e+00
   1.3600000e+00   3.0974525e+00
   1.3800000e+00   3.1430060e+00
   1.4000000e+00   3.1881136e+00
   1.4200000e+00   3.2327422e+00
   1.4400000e+00   3.2768588e+00
   1.4600000e+00   3.3204308e+00
   1.4800000e+00   3.3634255e+00
   1.5000000e+00   3.4058106e+00
   1.5200000e+00   3.4475543e+00
   1.5400000e+00   3.4886251e+00
   1.5600000e+00   3.5289917e+00
   1.5800000e+00   3.5686236e+00
   1.6000000e+00   3.6074907e+00
   1.6200000e+00   3.6455637e+00
   1.6400000e+00   3.6828137e+00
   1.6600000e+00   3.7192126e+00
   1.6800000e+00   3.7547332e+00
   1.7000000e+00   3.7893490e+00
   1.7200000e+00   3.8230344e+00
   1.7400000e+00   3.8557647e+00
   1.7600000e+00   3.8875161e+00
   1.7800000e+00   3.9182659e+00
   1.8000000e+00   3.9479924e+00
   1.8200000e+00   3.9766751e+00
   1.8400000e+00   4.0042945e+00
   1.8600000e+00   4.0308323e+00
   1.8800000e+00   4.0562714e+00
   1.9000000e+00   4.0805960e+00
   1.9200000e+00   4.1037915e+00
   1.9400000e+00   4.1258447e+00
   1.9600000e+00   4.1467436e+00
   1.9800000e+00   4.1664776e+00
   2.0000000e+00   4.1850374e+00
   2.0200000e+00   4.2024153e+00
   2.0400000e+00   4.2186049e+00
   2.0600000e+00   4.2336010e+00
   2.0800000e+00   4.2474001e+00
   2.1000000e+00   4.2600000e+00
   2.1200000e+00   4.2714001e+00
   2.1400000e+00   4.2816010e+00
   2.1600000e+00   4.2906049e+00
   2.1800000e+00   4.2984153e+00
   2.2000000e+00   4.3050374e+00
   2.2200000e+00   4.3104776e+00
   2.2400000e+00   4.3147436e+00
   2.2600000e+00   4.3178447e+00
   2.2800000e+00   4.3197915e+00
   2.3000000e+00   4.3205960e+00
   2.3200000e+00   4.3202714e+00
   2.3400000e+00   4.3188323e+00
   2.3600000e+00   4.3162945e+00
   2.3800000e+00   4.3126751e+00
   2.4000000e+00   4.3079924e+00
   2.4200000e+00   4.3022659e+00
   2.4400000e+00   4.2955161e+00
   2.4600000e+00   4.2877647e+00
   2.4800000e+00   4.2790344e+00
   2.5000000e+00   4.2693490e+00
   2.5200000e+00   4.2587332e+00
   2.5400000e+00   4.2472126e+00
   2.5600000e+00   4.2348137e+00
   2.5800000e+00   4.2215637e+00
   2.6000000e+00   4.2074907e+00
   2.6200000e+00   4.1926236e+00
   2.6400000e+00   4.1769917e+00
   2.6600000e+00   4.1606251e+00
   2.6800000e+00   4.1435543e+00
   2.7000000e+00   4.1258106e+00
   2.7200000e+00   4.1074255e+00
   2.7400000e+00   4.0884308e+00
   2.7600000e+00   4.0688588e+00
   2.7800000e+00   4.0487422e+00
   2.8000000e+00   4.0281136e+00
   2.8200000e+00   4.0070060e+00
   2.8400000e+00   3.9854525e+00
   2.8600000e+00   3.9634861e+00
   2.8800000e+00   3.9411399e+00
   2.9000000e+00   3.9184471e+00
   2.9200000e+00   3.8954406e+00
   2.9400000e+00   3.8721532e+00
   2.9600000e+00   3.8486175e+00
   2.9800000e+00   3.8248659e+00
   3.0000000e+00   3.8009304e+00
   3.0200000e+00   3.7768429e+00
   3.0400000e+00   3.7526346e+00
   3.0600000e+00   3.7283365e+00
   3.0800000e+00   3.7039789e+00
   3.1000000e+00   3.6795920e+00
   3.1200000e+00   3.6552050e+00
   3.1400000e+00   3.6308467e+00
   3.1600000e+00   3.6065454e+00
   3.1800000e+00   3.5823287e+00
   3.2000000e+00   3.5582233e+00
   3.2200000e+00   3.5342554e+00
   3.2400000e+00   3.5104506e+00
   3.2600000e+00   3.4868334e+00
   3.2800000e+00   3.4634278e+00
   3.3000000e+00   3.4402568e+00
   3.3200000e+00   3.4173427e+00
   3.3400000e+00   3.3947071e+00
   3.3600000e+00   3.3723704e+00
   3.3800000e+00   3.3503524e+00
   3.4000000e+00   3.3286721e+00
   3.4200000e+00   3.3073473e+00
   3.4400000e+00   3.2863953e+00
   3.4600000e+00   3.2658322e+00
   3.4800000e+00   3.2456734e+00
   3.5000000e+00   3.2259333e+00
   3.5200000e+00   3.2066255e+00
   3.5400000e+00   3.1877626e+00
   3.5600000e+00   3.1693565e+00
   3.5800000e+00   3.1514181e+00
   3.6000000e+00   3.1339574e+00
   3.6200000e+00   3.1169836e+00
   3.6400000e+00   3.1005050e+00
   3.6600000e+00   3.0845292e+00
   3.6800000e+00   3.0690629e+00
   3.7000000e+00   3.0541119e+00
   3.7200000e+00   3.0396813e+00
   3.7400000e+00   3.0257755e+00
   3.7600000e+00   3.0123979e+00
   3.7800000e+00   2.9995515e+00
   3.8000000e+00   2.9872382e+00
   3.8200000e+00   2.9754596e+00
   3.8400000e+00   2.9642163e+00
   3.8600000e+00   2.9535085e+00
   3.8800000e+00   2.9433355e+00
   3.9000000e+00   2.9336961e+00
   3.9200000e+00   2.9245886e+00
   3.9400000e+00   2.9160108e+00
   3.9600000e+00   2.9079596e+00
   3.9800000e+00   2.9004318e+00
   4.0000000e+00   2.8934234e+00
   4.0200000e+00   2.8869301e+00
   4.0400000e+00   2.8809471e+00
   4.0600000e+00   2.8754692e+00
   4.0800000e+00   2.8704908e+00
   4.1000000e+00   2.8660058e+00
   4.1200000e+00   2.8620081e+00
   4.1400000e+00   2.8584909e+00
   4.1600000e+00   2.8554473e+00
   4.1800000e+00   2.8528700e+00
   4.2000000e+00   2.8507516e+00
   4.2200000e+00   2.8490843e+00
   4.2400000e+00   2.8478602e+00
   4.2600000e+00   2.8470711e+00
   4.2800000e+00   2.8467088e+00
   4.3000000e+00   2.8467649e+00
   4.3200000e+00   2.8472306e+00
   4.3400000e+00   2.8480975e+00
   4.3600000e+00   2.8493566e+00
   4.3800000e+00   2.8509991e+00
   4.4000000e+00   2.8530161e+00
   4.4200000e+00   2.8553986e+00
   4.4400000e+00   2.8581377e+00
   4.4600000e+00   2.8612243e+00
   4.4800000e+00   2.8646495e+00
   4.5000000e+00   2.8684043e+00
   4.5200000e+00   2.8724797e+00
   4.5400000e+00   2.8768669e+00
   4.5600000e+00   2.8815570e+00
   4.5800000e+00   2.8865412e+00
   4.6000000e+00   2.8918108e+00
   4.6200000e+00   2.8973572e+00
   4.6400000e+00   2.9031720e+00
   4.6600000e+00   2.9092466e+00
   4.6800000e+00   2.9155728e+00
   4.7000000e+00   2.9221424e+00
   4.7200000e+00   2.9289473e+00
   4.7400000e+00   2.9359797e+00
   4.7600000e+00   2.9432317e+00
   4.7800000e+00   2.9506957e+00
   4.8000000e+00   2.9583642e+00
   4.8200000e+00   2.9662299e+00
   4.8400000e+00   2.9742856e+00
   4.8600000e+00   2.9825243e+00
   4.8800000e+00   2.9909391e+00
   4.9000000e+00   2.9995233e+00
   4.9200000e+00   3.0082703e+00
   4.9400000e+00   3.0171739e+00
   4.9600000e+00   3.0262277e+00
   4.9800000e+00   3.0354259e+00
   5.0000000e+00   3.0447624e+00
