   0.0000000e+00   5.5125263e-01
   2.0000000e-02   5.9478335e-01
   4.0000000e-02   6.3907883e-01
   6.0000000e-02   6.8415154e-01
   8.0000000e-02   7.3001354e-01
   1.0000000e-01   7.7667642e-01
   1.2000000e-01   8.2415126e-01
   1.4000000e-01   8.7244862e-01
   1.6000000e-01   9.2157845e-01
   1.8000000e-01   9.7155011e-01
   2.0000000e-01   1.0223723e+00
   2.2000000e-01   1.0740529e+00
   2.4000000e-01   1.1265994e+00
   2.6000000e-01   1.1800180e+00
   2.8000000e-01   1.2343144e+00
   3.0000000e-01   1.2894935e+00
   3.2000000e-01   1.3455591e+00
   3.4000000e-01   1.4025141e+00
   3.6000000e-01   1.4603606e+00
   3.8000000e-01   1.5190994e+00
   4.0000000e-01   1.5787304e+00
   4.2000000e-01   1.6392524e+00
   4.4000000e-01   1.7006632e+00
   4.6000000e-01   1.7629591e+00
   4.8000000e-01   1.8261355e+00
   5.0000000e-01   1.8901865e+00
   5.2000000e-01   1.9551048e+00
   5.4000000e-01   2.0208821e+00
   5.6000000e-01   2.0875084e+00
   5.8000000e-01   2.1549727e+00
   6.0000000e-01   2.2232623e+00
   6.2000000e-01   2.2923635e+00
   6.4000000e-01   2.3622609e+00
   6.6000000e-01   2.4329377e+00
   6.8000000e-01   2.5043758e+00
   7.0000000e-01   2.5765555e+00
   7.2000000e-01   2.6494556e+00
   7.4000000e-01   2.7230537e+00
   7.6000000e-01   2.7973255e+00
   7.8000000e-01   2.8722455e+00
   8.0000000e-01   2.9477868e+00
   8.2000000e-01   3.0239207e+00
   8.4000000e-01   3.1006173e+00
   8.6000000e-01   3.1778451e+00
   8.8000000e-01   3.2555712e+00
   9.0000000e-01   3.3337613e+00
   9.2000000e-01   3.4123796e+00
   9.4000000e-01   3.4913890e+00
   9.6000000e-01   3.5707510e+00
   9.8000000e-01   3.6504257e+00
   1.0000000e+00   3.7303721e+00
   1.0200000e+00   3.8105478e+00
   1.0400000e+00   3.8909091e+00
   1.0600000e+00   3.9714112e+00
   1.0800000e+00   4.0520083e+00
   1.1000000e+00   4.1326533e+00
   1.1200000e+00   4.2132982e+00
   1.1400000e+00   4.2938941e+00
   1.1600000e+00   4.3743910e+00
   1.1800000e+00   4.4547382e+00
   1.2000000e+00   4.5348841e+00
   1.2200000e+00   4.6147765e+00
   1.2400000e+00   4.6943625e+00
   1.2600000e+00   4.7735886e+00
   1.2800000e+00   4.8524010e+00
   1.3000000e+00   4.9307452e+00
   1.3200000e+00   5.0085665e+00
   1.3400000e+00   5.0858101e+00
   1.3600000e+00   5.1624208e+00
   1.3800000e+00   5.2383434e+00
   1.4000000e+00   5.3135227e+00
   1.4200000e+00   5.3879037e+00
   1.4400000e+00   5.4614314e+00
   1.4600000e+00   5.5340513e+00
   1.4800000e+00   5.6057091e+00
   1.5000000e+00   5.6763511e+00
   1.5200000e+00   5.7459239e+00
   1.5400000e+00   5.8143751e+00
   1.5600000e+00   5.8816528e+00
   1.5800000e+00   5.9477059e+00
   1.6000000e+00   6.0124845e+00
   1.6200000e+00   6.0759394e+00
   1.6400000e+00   6.1380228e+00
   1.6600000e+00   6.1986877e+00
   1.6800000e+00   6.2578887e+00
   1.7000000e+00   6.3155817e+00
   1.7200000e+00   6.3717240e+00
   1.7400000e+00   6.4262745e+00
   1.7600000e+00   6.4791935e+00
   1.7800000e+00   6.5304432e+00
   1.8000000e+00   6.5799874e+00
   1.8200000e+00   6.6277919e+00
   1.8400000e+00   6.6738242e+00
   1.8600000e+00   6.7180538e+00
   1.8800000e+00   6.7604524e+00
   1.9000000e+00   6.8009934e+00
   1.9200000e+00   6.8396526e+00
   1.9400000e+00   6.8764079e+00
   1.9600000e+00   6.9112393e+00
   1.9800000e+00   6.9441293e+00
   2.0000000e+00   6.9750624e+00
   2.0200000e+00   7.0040256e+00
   2.0400000e+00   7.0310081e+00
   2.0600000e+00   7.0560016e+00
   2.0800000e+00   7.0790001e+00
   2.1000000e+00   7.1000000e+00
   2.1200000e+00   7.1190001e+00
   2.1400000e+00   7.1360016e+00
   2.1600000e+00   7.1510081e+00
   2.1800000e+00   7.1640256e+00
   2.2000000e+00   7.1750624e+00
   2.2200000e+00   7.1841293e+00
   2.2400000e+00   7.1912393e+00
   2.2600000e+00   7.1964079e+00
   2.2800000e+00   7.1996526e+00
   2.3000000e+00   7.2009934e+00
   2.3200000e+00   7.2004524e+00
   2.3400000e+00   7.1980538e+00
   2.3600000e+00   7.1938242e+00
   2.3800000e+00   7.1877919e+00
   2.4000000e+00   7.1799874e+00
   2.4200000e+00   7.1704432e+00
   2.4400000e+00   7.1591935e+00
   2.4600000e+00   7.1462745e+00
   2.4800000e+00   7.1317240e+00
   2.5000000e+00   7.1155817e+00
   2.5200000e+00   7.0978887e+00
   2.5400000e+00   7.0786877e+00
   2.5600000e+00   7.0580228e+00
   2.5800000e+00   7.0359394e+00
   2.6000000e+00   7.0124845e+00
   2.6200000e+00   6.9877059e+00
   2.6400000e+00   6.9616528e+00
   2.6600000e+00   6.9343751e+00
   2.6800000e+00   6.9059239e+00
   2.7000000e+00   6.8763511e+00
   2.7200000e+00   6.8457091e+00
   2.7400000e+00   6.8140513e+00
   2.7600000e+00   6.7814314e+00
   2.7800000e+00   6.7479037e+00
   2.8000000e+00   6.7135227e+00
   2.8200000e+00   6.6783434e+00
   2.8400000e+00   6.6424208e+00
   2.8600000e+00   6.6058101e+00
   2.8800000e+00   6.5685665e+00
   2.9000000e+00   6.5307452e+00
   2.9200000e+00   6.4924010e+00
   2.9400000e+00   6.4535886e+00
   2.9600000e+00   6.4143625e+00
   2.9800000e+00   6.3747765e+00
   3.0000000e+00   6.3348841e+00
   3.0200000e+00   6.2947382e+00
   3.0400000e+00   6.2543910e+00
   3.0600000e+00   6.2138941e+00
   3.0800000e+00   6.1732982e+00
   3.1000000e+00   6.1326533e+00
   3.1200000e+00   6.0920083e+00
   3.1400000e+00   6.0514112e+00
   3.1600000e+00   6.0109091e+00
   3.1800000e+00   5.9705478e+00
   3.2000000e+00   5.9303721e+00
   3.2200000e+00   5.8904257e+00
   3.2400000e+00   5.8507510e+00
   3.2600000e+00   5.8113890e+00
   3.2800000e+00   5.7723796e+00
   3.3000000e+00   5.7337613e+00
   3.3200000e+00   5.6955712e+00
   3.3400000e+00   5.6578451e+00
   3.3600000e+00   5.6206173e+00
   3.3800000e+00   5.5839207e+00
   3.4000000e+00   5.5477868e+00
   3.4200000e+00   5.5122455e+00
   3.4400000e+00   5.4773255e+00
   3.4600000e+00   5.4430537e+00
   3.4800000e+00   5.4094556e+00
   3.5000000e+00   5.3765555e+00
   3.5200000e+00   5.3443758e+00
   3.5400000e+00   5.3129377e+00
   3.5600000e+00   5.2822609e+00
   3.5800000e+00   5.2523635e+00
   3.6000000e+00   5.2232623e+00
   3.6200000e+00   5.1949727e+00
   3.6400000e+00   5.1675084e+00
   3.6600000e+00   5.1408821e+00
   3.6800000e+00   5.1151048e+00
   3.7000000e+00   5.0901865e+00
   3.7200000e+00   5.0661355e+00
   3.7400000e+00   5.0429591e+00
   3.7600000e+00   5.0206632e+00
   3.7800000e+00   4.9992524e+00
   3.8000000e+00   4.9787304e+00
   3.8200000e+00   4.9590994e+00
   3.8400000e+00   4.9403606e+00
   3.8600000e+00   4.9225141e+00
   3.8800000e+00   4.9055591e+00
   3.9000000e+00   4.8894935e+00
   3.9200000e+00   4.8743144e+00
   3.9400000e+00   4.8600180e+00
   3.9600000e+00   4.8465994e+00
   3.9800000e+00   4.8340529e+00
   4.0000000e+00   4.8223723e+00
   4.0200000e+00   4.8115501e+00
   4.0400000e+00   4.8015785e+00
   4.0600000e+00   4.7924486e+00
   4.0800000e+00   4.7841513e+00
   4.1000000e+00   4.7766764e+00
   4.1200000e+00   4.7700135e+00
   4.1400000e+00   4.7641515e+00
   4.1600000e+00   4.7590788e+00
   4.1800000e+00   4.7547834e+00
   4.2000000e+00   4.7512526e+00
   4.2200000e+00   4.7484738e+00
   4.2400000e+00   4.7464336e+00
   4.2600000e+00   4.7451185e+00
   4.2800000e+00   4.7445147e+00
   4.3000000e+00   4.7446081e+00
   4.3200000e+00   4.7453844e+00
   4.3400000e+00   4.7468291e+00
   4.3600000e+00   4.7489276e+00
   4.3800000e+00   4.7516651e+00
   4.4000000e+00   4.7550268e+00
   4.4200000e+00   4.7589977e+00
   4.4400000e+00   4.7635628e+00
   4.4600000e+00   4.7687072e+00
   4.4800000e+00   4.7744158e+00
   4.5000000e+00   4.7806738e+00
   4.5200000e+00   4.7874662e+00
   4.5400000e+00   4.7947782e+00
   4.5600000e+00   4.8025950e+00
   4.5800000e+00   4.8109020e+00
   4.6000000e+00   4.8196847e+00
   4.6200000e+00   4.8289287e+00
   4.6400000e+00   4.8386199e+00
   4.6600000e+00   4.8487443e+00
   4.6800000e+00   4.8592880e+00
   4.7000000e+00   4.8702373e+00
   4.7200000e+00   4.8815788e+00
   4.7400000e+00   4.8932994e+00
   4.7600000e+00   4.9053861e+00
   4.7800000e+00   4.9178262e+00
   4.8000000e+00   4.9306070e+00
   4.8200000e+00   4.9437166e+00
   4.8400000e+00   4.9571427e+00
   4.8600000e+00   4.9708739e+00
   4.8800000e+00   4.9848985e+00
   4.9000000e+00   4.9992055e+00
   4.9200000e+00   5.0137839e+00
   4.9400000e+00   5.0286232e+00
   4.9600000e+00   5.0437129e+00
   4.9800000e+00   5.0590431e+00
   5.0000000e+00   5.0746039e+00
