   0.0000000e+00   2.1968467e-01
   2.0000000e-02   2.5090196e-01
   4.0000000e-02   2.8259495e-01
   6.0000000e-02   3.1477816e-01
   8.0000000e-02   3.4746620e-01
   1.0000000e-01   3.8067381e-01
   1.2000000e-01   4.1441584e-01
   1.4000000e-01   4.4870718e-01
   1.6000000e-01   4.8356279e-01
   1.8000000e-01   5.1899766e-01
   2.0000000e-01   5.5502677e-01
   2.2000000e-01   5.9166510e-01
   2.4000000e-01   6.2892759e-01
   2.6000000e-01   6.6682910e-01
   2.8000000e-01   7.0538438e-01
   3.0000000e-01   7.4460809e-01
   3.2000000e-01   7.8451469e-01
   3.4000000e-01   8.2511850e-01
   3.6000000e-01   8.6643359e-01
   3.8000000e-01   9.0847378e-01
   4.0000000e-01   9.5125263e-01
   4.2000000e-01   9.9478335e-01
   4.4000000e-01   1.0390788e+00
   4.6000000e-01   1.0841515e+00
   4.8000000e-01   1.1300135e+00
   5.0000000e-01   1.1766764e+00
   5.2000000e-01   1.2241513e+00
   5.4000000e-01   1.2724486e+00
   5.6000000e-01   1.3215785e+00
   5.8000000e-01   1.3715501e+00
   6.0000000e-01   1.4223723e+00
   6.2000000e-01   1.4740529e+00
   6.4000000e-01   1.5265994e+00
   6.6000000e-01   1.5800180e+00
   6.8000000e-01   1.6343144e+00
   7.0000000e-01   1.6894935e+00
   7.2000000e-01   1.7455591e+00
   7.4000000e-01   1.8025141e+00
   7.6000000e-01   1.8603606e+00
   7.8000000e-01   1.9190994e+00
   8.0000000e-01   1.9787304e+00
   8.2000000e-01   2.0392524e+00
   8.4000000e-01   2.1006632e+00
   8.6000000e-01   2.1629591e+00
   8.8000000e-01   2.2261355e+00
   9.0000000e-01   2.2901865e+00
   9.2000000e-01   2.3551048e+00
   9.4000000e-01   2.4208821e+00
   9.6000000e-01   2.4875084e+00
   9.8000000e-01   2.5549727e+00
   1.0000000e+00   2.6232623e+00
   1.0200000e+00   2.6923635e+00
   1.0400000e+00   2.7622609e+00
   1.0600000e+00   2.8329377e+00
   1.0800000e+00   2.9043758e+00
   1.1000000e+00   2.9765555e+00
   1.1200000e+00   3.0494556e+00
   1.1400000e+00   3.1230537e+00
   1.1600000e+00   3.1973255e+00
   1.1800000e+00   3.2722455e+00
   1.2000000e+00   3.3477868e+00
   1.2200000e+00   3.4239207e+00
   1.2400000e+00   3.5006173e+00
   1.2600000e+00   3.5778451e+00
   1.2800000e+00   3.6555712e+00
   1.3000000e+00   3.7337613e+00
   1.3200000e+00   3.8123796e+00
   1.3400000e+00   3.8913890e+00
   1.3600000e+00   3.9707510e+00
   1.3800000e+00   4.0504257e+00
   1.4000000e+00   4.1303721e+00
   1.4200000e+00   4.2105478e+00
   1.4400000e+00   4.2909091e+00
   1.4600000e+00   4.3714112e+00
   1.4800000e+00   4.4520083e+00
   1.5000000e+00   4.5326533e+00
   1.5200000e+00   4.6132982e+00
   1.5400000e+00   4.6938941e+00
   1.5600000e+00   4.7743910e+00
   1.5800000e+00   4.8547382e+00
   1.6000000e+00   4.9348841e+00
   1.6200000e+00   5.0147765e+00
   1.6400000e+00   5.0943625e+00
   1.6600000e+00   5.1735886e+00
   1.6800000e+00   5.2524010e+00
   1.7000000e+00   5.3307452e+00
   1.7200000e+00   5.4085665e+00
   1.7400000e+00   5.4858101e+00
   1.7600000e+00   5.5624208e+00
   1.7800000e+00   5.6383434e+00
   1.8000000e+00   5.7135227e+00
   1.8200000e+00   5.7879037e+00
   1.8400000e+00   5.8614314e+00
   1.8600000e+00   5.9340513e+00
   1.8800000e+00   6.0057091e+00
   1.9000000e+00   6.0763511e+00
   1.9200000e+00   6.1459239e+00
   1.9400000e+00   6.2143751e+00
   1.9600000e+00   6.2816528e+00
   1.9800000e+00   6.3477059e+00
   2.0000000e+00   6.4124845e+00
   2.0200000e+00   6.4759394e+00
   2.0400000e+00   6.5380228e+00
   2.0600000e+00   6.5986877e+00
   2.0800000e+00   6.6578887e+00
   2.1000000e+00   6.7155817e+00
   2.1200000e+00   6.7717240e+00
   2.1400000e+00   6.8262745e+00
   2.1600000e+00   6.8791935e+00
   2.1800000e+00   6.9304432e+00
   2.2000000e+00   6.9799874e+00
   2.2200000e+00   7.0277919e+00
   2.2400000e+00   7.0738242e+00
   2.2600000e+00   7.1180538e+00
   2.2800000e+00   7.1604524e+00
   2.3000000e+00   7.2009934e+00
   2.3200000e+00   7.2396526e+00
   2.3400000e+00   7.2764079e+00
   2.3600000e+00   7.3112393e+00
   2.3800000e+00   7.3441293e+00
   2.4000000e+00   7.3750624e+00
   2.4200000e+00   7.4040256e+00
   2.4400000e+00   7.4310081e+00
   2.4600000e+00   7.4560016e+00
   2.4800000e+00   7.4790001e+00
   2.5000000e+00   7.5000000e+00
   2.5200000e+00   7.5190001e+00
   2.5400000e+00   7.5360016e+00
   2.5600000e+00   7.5510081e+00
   2.5800000e+00   7.5640256e+00
   2.6000000e+00   7.5750624e+00
   2.6200000e+00   7.5841293e+00
   2.6400000e+00   7.5912393e+00
   2.6600000e+00   7.5964079e+00
   2.6800000e+00   7.5996526e+00
   2.7000000e+00   7.6009934e+00
   2.7200000e+00   7.6004524e+00
   2.7400000e+00   7.5980538e+00
   2.7600000e+00   7.5938242e+00
   2.7800000e+00   7.5877919e+00
   2.8000000e+00   7.5799874e+00
   2.8200000e+00   7.5704432e+00
   2.8400000e+00   7.5591935e+00
   2.8600000e+00   7.5462745e+00
   2.8800000e+00   7.5317240e+00
   2.9000000e+00   7.5155817e+00
   2.9200000e+00   7.4978887e+00
   2.9400000e+00   7.4786877e+00
   2.9600000e+00   7.4580228e+00
   2.9800000e+00   7.4359394e+00
   3.0000000e+00   7.4124845e+00
   3.0200000e+00   7.3877059e+00
   3.0400000e+00   7.3616528e+00
   3.0600000e+00   7.3343751e+00
   3.0800000e+00   7.3059239e+00
   3.1000000e+00   7.2763511e+00
   3.1200000e+00   7.2457091e+00
   3.1400000e+00   7.2140513e+00
   3.1600000e+00   7.1814314e+00
   3.1800000e+00   7.1479037e+00
   3.2000000e+00   7.1135227e+00
   3.2200000e+00   7.0783434e+00
   3.2400000e+00   7.0424208e+00
   3.2600000e+00   7.0058101e+00
   3.2800000e+00   6.9685665e+00
   3.3000000e+00   6.9307452e+00
   3.3200000e+00   6.8924010e+00
   3.3400000e+00   6.8535886e+00
   3.3600000e+00   6.8143625e+00
   3.3800000e+00   6.7747765e+00
   3.4000000e+00   6.7348841e+00
   3.4200000e+00   6.6947382e+00
   3.4400000e+00   6.6543910e+00
   3.4600000e+00   6.6138941e+00
   3.4800000e+00   6.5732982e+00
   3.5000000e+00   6.5326533e+00
   3.5200000e+00   6.4920083e+00
   3.5400000e+00   6.4514112e+00
   3.5600000e+00   6.4109091e+00
   3.5800000e+00   6.3705478e+00
   3.6000000e+00   6.3303721e+00
   3.6200000e+00   6.2904257e+00
   3.6400000e+00   6.2507510e+00
   3.6600000e+00   6.2113890e+00
   3.6800000e+00   6.1723796e+00
   3.7000000e+00   6.1337613e+00
   3.7200000e+00   6.0955712e+00
   3.7400000e+00   6.0578451e+00
   3.7600000e+00   6.0206173e+00
   3.7800000e+00   5.9839207e+00
   3.8000000e+00   5.9477868e+00
   3.8200000e+00   5.9122455e+00
   3.8400000e+00   5.8773255e+00
   3.8600000e+00   5.8430537e+00
   3.8800000e+00   5.8094556e+00
   3.9000000e+00   5.7765555e+00
   3.9200000e+00   5.7443758e+00
   3.9400000e+00   5.7129377e+00
   3.9600000e+00   5.6822609e+00
   3.9800000e+00   5.6523635e+00
   4.0000000e+00   5.6232623e+00
   4.0200000e+00   5.5949727e+00
   4.0400000e+00   5.5675084e+00
   4.0600000e+00   5.5408821e+00
   4.0800000e+00   5.5151048e+00
   4.1000000e+00   5.4901865e+00
   4.1200000e+00   5.4661355e+00
   4.1400000e+00   5.4429591e+00
   4.1600000e+00   5.4206632e+00
   4.1800000e+00   5.3992524e+00
   4.2000000e+00   5.3787304e+00
   4.2200000e+00   5.3590994e+00
   4.2400000e+00   5.3403606e+00
   4.2600000e+00   5.3225141e+00
   4.2800000e+00   5.3055591e+00
   4.3000000e+00   5.2894935e+00
   4.3200000e+00   5.2743144e+00
   4.3400000e+00   5.2600180e+00
   4.3600000e+00   5.2465994e+00
   4.3800000e+00   5.2340529e+00
   4.4000000e+00   5.2223723e+00
   4.4200000e+00   5.2115501e+00
   4.4400000e+00   5.2015785e+00
   4.4600000e+00   5.1924486e+00
   4.4800000e+00   5.1841513e+00
   4.5000000e+00   5.1766764e+00
   4.5200000e+00   5.1700135e+00
   4.5400000e+00   5.1641515e+00
   4.5600000e+00   5.1590788e+00
   4.5800000e+00   5.1547834e+00
   4.6000000e+00   5.1512526e+00
   4.6200000e+00   5.1484738e+00
   4.6400000e+00   5.1464336e+00
   4.6600000e+00   5.1451185e+00
   4.6800000e+00   5.1445147e+00
   4.7000000e+00   5.1446081e+00
   4.7200000e+00   5.1453844e+00
   4.7400000e+00   5.1468291e+00
   4.7600000e+00   5.1489276e+00
   4.7800000e+00   5.1516651e+00
   4.8000000e+00   5.1550268e+00
   4.8200000e+00   5.1589977e+00
   4.8400000e+00   5.1635628e+00
   4.8600000e+00   5.1687072e+00
   4.8800000e+00   5.1744158e+00
   4.9000000e+00   5.1806738e+00
   4.9200000e+00   5.1874662e+00
   4.9400000e+00   5.1947782e+00
   4.9600000e+00   5.2025950e+00
   4.9800000e+00   5.2109020e+00
   5.0000000e+00   5.2196847e+00
