   0.0000000e+00   3.3348841e+00
   2.0000000e-02   3.4147765e+00
   4.0000000e-02   3.4943625e+00
   6.0000000e-02   3.5735886e+00
   8.0000000e-02   3.6524010e+00
   1.0000000e-01   3.7307452e+00
   1.2000000e-01   3.8085665e+00
   1.4000000e-01   3.8858101e+00
   1.6000000e-01   3.9624208e+00
   1.8000000e-01   4.0383434e+00
   2.0000000e-01   4.1135227e+00
   2.2000000e-01   4.1879037e+00
   2.4000000e-01   4.2614314e+00
   2.6000000e-01   4.3340513e+00
   2.8000000e-01   4.4057091e+00
   3.0000000e-01   4.4763511e+00
   3.2000000e-01   4.5459239e+00
   3.4000000e-01   4.6143751e+00
   3.6000000e-01   4.6816528e+00
   3.8000000e-01   4.7477059e+00
   4.0000000e-01   4.8124845e+00
   4.2000000e-01   4.8759394e+00
   4.4000000e-01   4.9380228e+00
   4.6000000e-01   4.9986877e+00
   4.8000000e-01   5.0578887e+00
   5.0000000e-01   5.1155817e+00
   5.2000000e-01   5.1717240e+00
   5.4000000e-01   5.2262745e+00
   5.6000000e-01   5.2791935e+00
   5.8000000e-01   5.3304432e+00
   6.0000000e-01   5.3799874e+00
   6.2000000e-01   5.4277919e+00
   6.4000000e-01   5.4738242e+00
   6.6000000e-01   5.5180538e+00
   6.8000000e-01   5.5604524e+00
   7.0000000e-01   5.6009934e+00
   7.2000000e-01   5.6396526e+00
   7.4000000e-01   5.6764079e+00
   7.6000000e-01   5.7112393e+00
   7.8000000e-01   5.7441293e+00
   8.0000000e-01   5.7750624e+00
   8.2000000e-01   5.8040256e+00
   8.4000000e-01   5.8310081e+00
   8.6000000e-01   5.8560016e+00
   8.8000000e-01   5.8790001e+00
   9.0000000e-01   5.9000000e+00
   9.2000000e-01   5.9190001e+00
   9.4000000e-01   5.9360016e+00
   9.6000000e-01   5.9510081e+00
   9.8000000e-01   5.9640256e+00
   1.0000000e+00   5.9750624e+00
   1.0200000e+00   5.9841293e+00
   1.0400000e+00   5.9912393e+00
   1.0600000e+00   5.9964079e+00
   1.0800000e+00   5.9996526e+00
   1.1000000e+00   6.0009934e+00
   1.1200000e+00   6.0004524e+00
   1.1400000e+00   5.9980538e+00
   1.1600000e+00   5.9938242e+00
   1.1800000e+00   5.9877919e+00
   1.2000000e+00   5.9799874e+00
   1.2200000e+00   5.9704432e+00
   1.2400000e+00   5.9591935e+00
   1.2600000e+00   5.9462745e+00
   1.2800000e+00   5.9317240e+00
   1.3000000e+00   5.9155817e+00
   1.3200000e+00   5.8978887e+00
   1.3400000e+00   5.8786877e+00
   1.3600000e+00   5.8580228e+00
   1.3800000e+00   5.8359394e+00
   1.4000000e+00   5.8124845e+00
   1.4200000e+00   5.7877059e+00
   1.4400000e+00   5.7616528e+00
   1.4600000e+00   5.7343751e+00
   1.4800000e+00   5.7059239e+00
   1.5000000e+00   5.6763511e+00
   1.5200000e+00   5.6457091e+00
   1.5400000e+00   5.6140513e+00
   1.5600000e+00   5.5814314e+00
   1.5800000e+00   5.5479037e+00
   1.6000000e+00   5.5135227e+00
   1.6200000e+00   5.4783434e+00
   1.6400000e+00   5.4424208e+00
   1.6600000e+00   5.4058101e+00
   1.6800000e+00   5.3685665e+00
   1.7000000e+00   5.3307452e+00
   1.7200000e+00   5.2924010e+00
   1.7400000e+00   5.2535886e+00
   1.7600000e+00   5.2143625e+00
   1.7800000e+00   5.1747765e+00
   1.8000000e+00   5.1348841e+00
   1.8200000e+00   5.0947382e+00
   1.8400000e+00   5.0543910e+00
   1.8600000e+00   5.0138941e+00
   1.8800000e+00   4.9732982e+00
   1.9000000e+00   4.9326533e+00
   1.9200000e+00   4.8920083e+00
   1.9400000e+00   4.8514112e+00
   1.9600000e+00   4.8109091e+00
   1.9800000e+00   4.7705478e+00
   2.0000000e+00   4.7303721e+00
   2.0200000e+00   4.6904257e+00
   2.0400000e+00   4.6507510e+00
   2.0600000e+00   4.6113890e+00
   2.0800000e+00   4.5723796e+00
   2.1000000e+00   4.5337613e+00
   2.1200000e+00   4.4955712e+00
   2.1400000e+00   4.4578451e+00
   2.1600000e+00   4.4206173e+00
   2.1800000e+00   4.3839207e+00
   2.2000000e+00   4.3477868e+00
   2.2200000e+00   4.3122455e+00
   2.2400000e+00   4.2773255e+00
   2.2600000e+00   4.2430537e+00
   2.2800000e+00   4.2094556e+00
   2.3000000e+00   4.1765555e+00
   2.3200000e+00   4.1443758e+00
   2.3400000e+00   4.1129377e+00
   2.3600000e+00   4.0822609e+00
   2.3800000e+00   4.0523635e+00
   2.4000000e+00   4.0232623e+00
   2.4200000e+00   3.9949727e+00
   2.4400000e+00   3.9675084e+00
   2.4600000e+00   3.9408821e+00
   2.4800000e+00   3.9151048e+00
   2.5000000e+00   3.8901865e+00
   2.5200000e+00   3.8661355e+00
   2.5400000e+00   3.8429591e+00
   2.5600000e+00   3.8206632e+00
   2.5800000e+00   3.7992524e+00
   2.6000000e+00   3.7787304e+00
   2.6200000e+00   3.7590994e+00
   2.6400000e+00   3.7403606e+00
   2.6600000e+00   3.7225141e+00
   2.6800000e+00   3.7055591e+00
   2.7000000e+00   3.6894935e+00
   2.7200000e+00   3.6743144e+00
   2.7400000e+00   3.6600180e+00
   2.7600000e+00   3.6465994e+00
   2.7800000e+00   3.6340529e+00
   2.8000000e+00   3.6223723e+00
   2.8200000e+00   3.6115501e+00
   2.8400000e+00   3.6015785e+00
   2.8600000e+00   3.5924486e+00
   2.8800000e+00   3.5841513e+00
   2.9000000e+00   3.5766764e+00
   2.9200000e+00   3.5700135e+00
   2.9400000e+00   3.5641515e+00
   2.9600000e+00   3.5590788e+00
   2.9800000e+00   3.5547834e+00
   3.0000000e+00   3.5512526e+00
   3.0200000e+00   3.5484738e+00
   3.0400000e+00   3.5464336e+00
   3.0600000e+00   3.5451185e+00
   3.0800000e+00   3.5445147e+00
   3.1000000e+00   3.5446081e+00
   3.1200000e+00   3.5453844e+00
   3.1400000e+00   3.5468291e+00
   3.1600000e+00   3.5489276e+00
   3.1800000e+00   3.5516651e+00
   3.2000000e+00   3.5550268e+00
   3.2200000e+00   3.5589977e+00
   3.2400000e+00   3.5635628e+00
   3.2600000e+00   3.5687072e+00
   3.2800000e+00   3.5744158e+00
   3.3000000e+00   3.5806738e+00
   3.3200000e+00   3.5874662e+00
   3.3400000e+00   3.5947782e+00
   3.3600000e+00   3.6025950e+00
   3.3800000e+00   3.6109020e+00
   3.4000000e+00   3.6196847e+00
   3.4200000e+00   3.6289287e+00
   3.4400000e+00   3.6386199e+00
   3.4600000e+00   3.6487443e+00
   3.4800000e+00   3.6592880e+00
   3.5000000e+00   3.6702373e+00
   3.5200000e+00   3.6815788e+00
   3.5400000e+00   3.6932994e+00
   3.5600000e+00   3.7053861e+00
   3.5800000e+00   3.7178262e+00
   3.6000000e+00   3.7306070e+00
   3.6200000e+00   3.7437166e+00
   3.6400000e+00   3.7571427e+00
   3.6600000e+00   3.7708739e+00
   3.6800000e+00   3.7848985e+00
   3.7000000e+00   3.7992055e+00
   3.7200000e+00   3.8137839e+00
   3.7400000e+00   3.8286232e+00
   3.7600000e+00   3.8437129e+00
   3.7800000e+00   3.8590431e+00
   3.8000000e+00   3.8746039e+00
   3.8200000e+00   3.8903859e+00
   3.8400000e+00   3.9063798e+00
   3.8600000e+00   3.9225767e+00
   3.8800000e+00   3.9389679e+00
   3.9000000e+00   3.9555450e+00
   3.9200000e+00   3.9722998e+00
   3.9400000e+00   3.9892246e+00
   3.9600000e+00   4.0063116e+00
   3.9800000e+00   4.0235536e+00
   4.0000000e+00   4.0409435e+00
   4.0200000e+00   4.0584744e+00
   4.0400000e+00   4.0761397e+00
   4.0600000e+00   4.0939332e+00
   4.0800000e+00   4.1118486e+00
   4.1000000e+00   4.1298801e+00
   4.1200000e+00   4.1480221e+00
   4.1400000e+00   4.1662691e+00
   4.1600000e+00   4.1846159e+00
   4.1800000e+00   4.2030575e+00
   4.2000000e+00   4.2215892e+00
   4.2200000e+00   4.2402063e+00
   4.2400000e+00   4.2589044e+00
   4.2600000e+00   4.2776793e+00
   4.2800000e+00   4.2965270e+00
   4.3000000e+00   4.3154436e+00
   4.3200000e+00   4.3344254e+00
   4.3400000e+00   4.3534690e+00
   4.3600000e+00   4.3725710e+00
   4.3800000e+00   4.3917282e+00
   4.4000000e+00   4.4109375e+00
   4.4200000e+00   4.4301960e+00
   4.4400000e+00   4.4495010e+00
   4.4600000e+00   4.4688498e+00
   4.4800000e+00   4.4882399e+00
   4.5000000e+00   4.5076691e+00
   4.5200000e+00   4.5271349e+00
   4.5400000e+00   4.5466352e+00
   4.5600000e+00   4.5661681e+00
   4.5800000e+00   4.5857316e+00
   4.6000000e+00   4.6053238e+00
   4.6200000e+00   4.6249431e+00
   4.6400000e+00   4.6445878e+00
   4.6600000e+00   4.6642563e+00
   4.6800000e+00   4.6839471e+00
   4.7000000e+00   4.7036590e+00
   4.7200000e+00   4.7233906e+00
   4.7400000e+00   4.7431405e+00
   4.7600000e+00   4.7629078e+00
   4.7800000e+00   4.7826912e+00
   4.8000000e+00   4.8024898e+00
   4.8200000e+00   4.8223025e+00
   4.8400000e+00   4.8421284e+00
   4.8600000e+00   4.8619668e+00
   4.8800000e+00   4.8818166e+00
   4.9000000e+00   4.9016773e+00
   4.9200000e+00   4.9215480e+00
   4.9400000e+00   4.9414282e+00
   4.9600000e+00   4.9613170e+00
   4.9800000e+00   4.9812141e+00
   5.0000000e+00   5.0011187e+00
