   0.0000000e+00   4.4124845e+00
   2.0000000e-02   4.4759394e+00
   4.0000000e-02   4.5380228e+00
   6.0000000e-02   4.5986877e+00
   8.0000000e-02   4.6578887e+00
   1.0000000e-01   4.7155817e+00
   1.2000000e-01   4.7717240e+00
   1.4000000e-01   4.8262745e+00
   1.6000000e-01   4.8791935e+00
   1.8000000e-01   4.9304432e+00
   2.0000000e-01   4.9799874e+00
   2.2000000e-01   5.0277919e+00
   2.4000000e-01   5.0738242e+00
   2.6000000e-01   5.1180538e+00
   2.8000000e-01   5.1604524e+00
   3.0000000e-01   5.2009934e+00
   3.2000000e-01   5.2396526e+00
   3.4000000e-01   5.2764079e+00
   3.6000000e-01   5.3112393e+00
   3.8000000e-01   5.3441293e+00
   4.0000000e-01   5.3750624e+00
   4.2000000e-01   5.4040256e+00
   4.4000000e-01   5.4310081e+00
   4.6000000e-01   5.4560016e+00
   4.8000000e-01   5.4790001e+00
   5.0000000e-01   5.5000000e+00
   5.2000000e-01   5.5190001e+00
   5.4000000e-01   5.5360016e+00
   5.6000000e-01   5.5510081e+00
   5.8000000e-01   5.5640256e+00
   6.0000000e-01   5.5750624e+00
   6.2000000e-01   5.5841293e+00
   6.4000000e-01   5.5912393e+00
   6.6000000e-01   5.5964079e+00
   6.8000000e-01   5.5996526e+00
   7.0000000e-01   5.6009934e+00
   7.2000000e-01   5.6004524e+00
   7.4000000e-01   5.5980538e+00
   7.6000000e-01   5.5938242e+00
   7.8000000e-01   5.5877919e+00
   8.0000000e-01   5.5799874e+00
   8.2000000e-01   5.5704432e+00
   8.4000000e-01   5.5591935e+00
   8.6000000e-01   5.5462745e+00
   8.8000000e-01   5.5317240e+00
   9.0000000e-01   5.5155817e+00
   9.2000000e-01   5.4978887e+00
   9.4000000e-01   5.4786877e+00
   9.6000000e-01   5.4580228e+00
   9.8000000e-01   5.4359394e+00
   1.0000000e+00   5.4124845e+00
   1.0200000e+00   5.3877059e+00
   1.0400000e+00   5.3616528e+00
   1.0600000e+00   5.3343751e+00
   1.0800000e+00   5.3059239e+00
   1.1000000e+00   5.2763511e+00
   1.1200000e+00   5.2457091e+00
   1.1400000e+00   5.2140513e+00
   1.1600000e+00   5.1814314e+00
   1.1800000e+00   5.1479037e+00
   1.2000000e+00   5.1135227e+00
   1.2200000e+00   5.0783434e+00
   1.2400000e+00   5.0424208e+00
   1.2600000e+00   5.0058101e+00
   1.2800000e+00   4.9685665e+00
   1.3000000e+00   4.9307452e+00
   1.3200000e+00   4.8924010e+00
   1.3400000e+00   4.8535886e+00
   1.3600000e+00   4.8143625e+00
   1.3800000e+00   4.7747765e+00
   1.4000000e+00   4.7348841e+00
   1.4200000e+00   4.6947382e+00
   1.4400000e+00   4.6543910e+00
   1.4600000e+00   4.6138941e+00
   1.4800000e+00   4.5732982e+00
   1.5000000e+00   4.5326533e+00
   1.5200000e+00   4.4920083e+00
   1.5400000e+00   4.4514112e+00
   1.5600000e+00   4.4109091e+00
   1.5800000e+00   4.3705478e+00
   1.6000000e+00   4.3303721e+00
   1.6200000e+00   4.2904257e+00
   1.6400000e+00   4.2507510e+00
   1.6600000e+00   4.2113890e+00
   1.6800000e+00   4.1723796e+00
   1.7000000e+00   4.1337613e+00
   1.7200000e+00   4.0955712e+00
   1.7400000e+00   4.0578451e+00
   1.7600000e+00   4.0206173e+00
   1.7800000e+00   3.9839207e+00
   1.8000000e+00   3.9477868e+00
   1.8200000e+00   3.9122455e+00
   1.8400000e+00   3.8773255e+00
   1.8600000e+00   3.8430537e+00
   1.8800000e+00   3.8094556e+00
   1.9000000e+00   3.7765555e+00
   1.9200000e+00   3.7443758e+00
   1.9400000e+00   3.7129377e+00
   1.9600000e+00   3.6822609e+00
   1.9800000e+00   3.6523635e+00
   2.0000000e+00   3.6232623e+00
   2.0200000e+00   3.5949727e+00
   2.0400000e+00   3.5675084e+00
   2.0600000e+00   3.5408821e+00
   2.0800000e+00   3.5151048e+00
   2.1000000e+00   3.4901865e+00
   2.1200000e+00   3.4661355e+00
   2.1400000e+00   3.4429591e+00
   2.1600000e+00   3.4206632e+00
   2.1800000e+00   3.3992524e+00
   2.2000000e+00   3.3787304e+00
   2.2200000e+00   3.3590994e+00
   2.2400000e+00   3.3403606e+00
   2.2600000e+00   3.3225141e+00
   2.2800000e+00   3.3055591e+00
   2.3000000e+00   3.2894935e+00
   2.3200000e+00   3.2743144e+00
   2.3400000e+00   3.2600180e+00
   2.3600000e+00   3.2465994e+00
   2.3800000e+00   3.2340529e+00
   2.4000000e+00   3.2223723e+00
   2.4200000e+00   3.2115501e+00
   2.4400000e+00   3.2015785e+00
   2.4600000e+00   3.1924486e+00
   2.4800000e+00   3.1841513e+00
   2.5000000e+00   3.1766764e+00
   2.5200000e+00   3.1700135e+00
   2.5400000e+00   3.1641515e+00
   2.5600000e+00   3.1590788e+00
   2.5800000e+00   3.1547834e+00
   2.6000000e+00   3.1512526e+00
   2.6200000e+00   3.1484738e+00
   2.6400000e+00   3.1464336e+00
   2.6600000e+00   3.1451185e+00
   2.6800000e+00   3.1445147e+00
   2.7000000e+00   3.1446081e+00
   2.7200000e+00   3.1453844e+00
   2.7400000e+00   3.1468291e+00
   2.7600000e+00   3.1489276e+00
   2.7800000e+00   3.1516651e+00
   2.8000000e+00   3.1550268e+00
   2.8200000e+00   3.1589977e+00
   2.8400000e+00   3.1635628e+00
   2.8600000e+00   3.1687072e+00
   2.8800000e+00   3.1744158e+00
   2.9000000e+00   3.1806738e+00
   2.9200000e+00   3.1874662e+00
   2.9400000e+00   3.1947782e+00
   2.9600000e+00   3.2025950e+00
   2.9800000e+00   3.2109020e+00
   3.0000000e+00   3.2196847e+00
   3.0200000e+00   3.2289287e+00
   3.0400000e+00   3.2386199e+00
   3.0600000e+00   3.2487443e+00
   3.0800000e+00   3.2592880e+00
   3.1000000e+00   3.2702373e+00
   3.1200000e+00   3.2815788e+00
   3.1400000e+00   3.2932994e+00
   3.1600000e+00   3.3053861e+00
   3.1800000e+00   3.3178262e+00
   3.2000000e+00   3.3306070e+00
   3.2200000e+00   3.3437166e+00
   3.2400000e+00   3.3571427e+00
   3.2600000e+00   3.3708739e+00
   3.2800000e+00   3.3848985e+00
   3.3000000e+00   3.3992055e+00
   3.3200000e+00   3.4137839e+00
   3.3400000e+00   3.4286232e+00
   3.3600000e+00   3.4437129e+00
   3.3800000e+00   3.4590431e+00
   3.4000000e+00   3.4746039e+00
   3.4200000e+00   3.4903859e+00
   3.4400000e+00   3.5063798e+00
   3.4600000e+00   3.5225767e+00
   3.4800000e+00   3.5389679e+00
   3.5000000e+00   3.5555450e+00
   3.5200000e+00   3.5722998e+00
   3.5400000e+00   3.5892246e+00
   3.5600000e+00   3.6063116e+00
   3.5800000e+00   3.6235536e+00
   3.6000000e+00   3.6409435e+00
   3.6200000e+00   3.6584744e+00
   3.6400000e+00   3.6761397e+00
   3.6600000e+00   3.6939332e+00
   3.6800000e+00   3.7118486e+00
   3.7000000e+00   3.7298801e+00
   3.7200000e+00   3.7480221e+00
   3.7400000e+00   3.7662691e+00
   3.7600000e+00   3.7846159e+00
   3.7800000e+00   3.8030575e+00
   3.8000000e+00   3.8215892e+00
   3.8200000e+00   3.8402063e+00
   3.8400000e+00   3.8589044e+00
   3.8600000e+00   3.8776793e+00
   3.8800000e+00   3.8965270e+00
   3.9000000e+00   3.9154436e+00
   3.9200000e+00   3.9344254e+00
   3.9400000e+00   3.9534690e+00
   3.9600000e+00   3.9725710e+00
   3.9800000e+00   3.9917282e+00
   4.0000000e+00   4.0109375e+00
   4.0200000e+00   4.0301960e+00
   4.0400000e+00   4.0495010e+00
   4.0600000e+00   4.0688498e+00
   4.0800000e+00   4.0882399e+00
   4.1000000e+00   4.1076691e+00
   4.1200000e+00   4.1271349e+00
   4.1400000e+00   4.1466352e+00
   4.1600000e+00   4.1661681e+00
   4.1800000e+00   4.1857316e+00
   4.2000000e+00   4.2053238e+00
   4.2200000e+00   4.2249431e+00
   4.2400000e+00   4.2445878e+00
   4.2600000e+00   4.2642563e+00
   4.2800000e+00   4.2839471e+00
   4.3000000e+00   4.3036590e+00
   4.3200000e+00   4.3233906e+00
   4.3400000e+00   4.3431405e+00
   4.3600000e+00   4.3629078e+00
   4.3800000e+00   4.3826912e+00
   4.4000000e+00   4.4024898e+00
   4.4200000e+00   4.4223025e+00
   4.4400000e+00   4.4421284e+00
   4.4600000e+00   4.4619668e+00
   4.4800000e+00   4.4818166e+00
   4.5000000e+00   4.5016773e+00
   4.5200000e+00   4.5215480e+00
   4.5400000e+00   4.5414282e+00
   4.5600000e+00   4.5613170e+00
   4.5800000e+00   4.5812141e+00
   4.6000000e+00   4.6011187e+00
   4.6200000e+00   4.6210304e+00
   4.6400000e+00   4.6409488e+00
   4.6600000e+00   4.6608732e+00
   4.6800000e+00   4.6808033e+00
   4.7000000e+00   4.7007387e+00
   4.7200000e+00   4.7206791e+00
   4.7400000e+00   4.7406240e+00
   4.7600000e+00   4.7605732e+00
   4.7800000e+00   4.7805262e+00
   4.8000000e+00   4.8004830e+00
   4.8200000e+00   4.8204431e+00
   4.8400000e+00   4.8404063e+00
   4.8600000e+00   4.8603725e+00
   4.8800000e+00   4.8803413e+00
   4.9000000e+00   4.9003126e+00
   4.9200000e+00   4.9202862e+00
   4.9400000e+00   4.9402619e+00
   4.9600000e+00   4.9602396e+00
   4.9800000e+00   4.9802191e+00
   5.0000000e+00   5.0002003e+00
