   0.0000000e+00   2.0009304e+00
   2.0000000e-02   2.0488659e+00
   4.0000000e-02   2.0966175e+00
   6.0000000e-02   2.1441532e+00
   8.0000000e-02   2.1914406e+00
   1.0000000e-01   2.2384471e+00
   1.2000000e-01   2.2851399e+00
   1.4000000e-01   2.3314861e+00
   1.6000000e-01   2.3774525e+00
   1.8000000e-01   2.4230060e+00
   2.0000000e-01   2.4681136e+00
   2.2000000e-01   2.5127422e+00
   2.4000000e-01   2.5568588e+00
   2.6000000e-01   2.6004308e+00
   2.8000000e-01   2.6434255e+00
   3.0000000e-01   2.6858106e+00
   3.2000000e-01   2.7275543e+00
   3.4000000e-01   2.7686251e+00
   3.6000000e-01   2.8089917e+00
   3.8000000e-01   2.8486236e+00
   4.0000000e-01   2.8874907e+00
   4.2000000e-01   2.9255637e+00
   4.4000000e-01   2.9628137e+00
   4.6000000e-01   2.9992126e+00
   4.8000000e-01   3.0347332e+00
   5.0000000e-01   3.0693490e+00
   5.2000000e-01   3.1030344e+00
   5.4000000e-01   3.1357647e+00
   5.6000000e-01   3.1675161e+00
   5.8000000e-01   3.1982659e+00
   6.0000000e-01   3.2279924e+00
   6.2000000e-01   3.2566751e+00
   6.4000000e-01   3.2842945e+00
   6.6000000e-01   3.3108323e+00
   6.8000000e-01   3.3362714e+00
   7.0000000e-01   3.3605960e+00
   7.2000000e-01   3.3837915e+00
   7.4000000e-01   3.4058447e+00
   7.6000000e-01   3.4267436e+00
   7.8000000e-01   3.4464776e+00
   8.0000000e-01   3.4650374e+00
   8.2000000e-01   3.4824153e+00
   8.4000000e-01   3.4986049e+00
   8.6000000e-01   3.5136010e+00
   8.8000000e-01   3.5274001e+00
   9.0000000e-01   3.5400000e+00
   9.2000000e-01   3.5514001e+00
   9.4000000e-01   3.5616010e+00
   9.6000000e-01   3.5706049e+00
   9.8000000e-01   3.5784153e+00
   1.0000000e+00   3.5850374e+00
   1.0200000e+00   3.5904776e+00
   1.0400000e+00   3.5947436e+00
   1.0600000e+00   3.5978447e+00
   1.0800000e+00   3.5997915e+00
   1.1000000e+00   3.6005960e+00
   1.1200000e+00   3.6002714e+00
   1.1400000e+00   3.5988323e+00
   1.1600000e+00   3.5962945e+00
   1.1800000e+00   3.5926751e+00
   1.2000000e+00   3.5879924e+00
   1.2200000e+00   3.5822659e+00
   1.2400000e+00   3.5755161e+00
   1.2600000e+00   3.5677647e+00
   1.2800000e+00   3.5590344e+00
   1.3000000e+00   3.5493490e+00
   1.3200000e+00   3.5387332e+00
   1.3400000e+00   3.5272126e+00
   1.3600000e+00   3.5148137e+00
   1.3800000e+00   3.5015637e+00
   1.4000000e+00   3.4874907e+00
   1.4200000e+00   3.4726236e+00
   1.4400000e+00   3.4569917e+00
   1.4600000e+00   3.4406251e+00
   1.4800000e+00   3.4235543e+00
   1.5000000e+00   3.4058106e+00
   1.5200000e+00   3.3874255e+00
   1.5400000e+00   3.3684308e+00
   1.5600000e+00   3.3488588e+00
   1.5800000e+00   3.3287422e+00
   1.6000000e+00   3.3081136e+00
   1.6200000e+00   3.2870060e+00
   1.6400000e+00   3.2654525e+00
   1.6600000e+00   3.2434861e+00
   1.6800000e+00   3.2211399e+00
   1.7000000e+00   3.1984471e+00
   1.7200000e+00   3.1754406e+00
   1.7400000e+00   3.1521532e+00
   1.7600000e+00   3.1286175e+00
   1.7800000e+00   3.1048659e+00
   1.8000000e+00   3.0809304e+00
   1.8200000e+00   3.0568429e+00
   1.8400000e+00   3.0326346e+00
   1.8600000e+00   3.0083365e+00
   1.8800000e+00   2.9839789e+00
   1.9000000e+00   2.9595920e+00
   1.9200000e+00   2.9352050e+00
   1.9400000e+00   2.9108467e+00
   1.9600000e+00   2.8865454e+00
   1.9800000e+00   2.8623287e+00
   2.0000000e+00   2.8382233e+00
   2.0200000e+00   2.8142554e+00
   2.0400000e+00   2.7904506e+00
   2.0600000e+00   2.7668334e+00
   2.0800000e+00   2.7434278e+00
   2.1000000e+00   2.7202568e+00
   2.1200000e+00   2.6973427e+00
   2.1400000e+00   2.6747071e+00
   2.1600000e+00   2.6523704e+00
   2.1800000e+00   2.6303524e+00
   2.2000000e+00   2.6086721e+00
   2.2200000e+00   2.5873473e+00
   2.2400000e+00   2.5663953e+00
   2.2600000e+00   2.5458322e+00
   2.2800000e+00   2.5256734e+00
   2.3000000e+00   2.5059333e+00
   2.3200000e+00   2.4866255e+00
   2.3400000e+00   2.4677626e+00
   2.3600000e+00   2.4493565e+00
   2.3800000e+00   2.4314181e+00
   2.4000000e+00   2.4139574e+00
   2.4200000e+00   2.3969836e+00
   2.4400000e+00   2.3805050e+00
   2.4600000e+00   2.3645292e+00
   2.4800000e+00   2.3490629e+00
   2.5000000e+00   2.3341119e+00
   2.5200000e+00   2.3196813e+00
   2.5400000e+00   2.3057755e+00
   2.5600000e+00   2.2923979e+00
   2.5800000e+00   2.2795515e+00
   2.6000000e+00   2.2672382e+00
   2.6200000e+00   2.2554596e+00
   2.6400000e+00   2.2442163e+00
   2.6600000e+00   2.2335085e+00
   2.6800000e+00   2.2233355e+00
   2.7000000e+00   2.2136961e+00
   2.7200000e+00   2.2045886e+00
   2.7400000e+00   2.1960108e+00
   2.7600000e+00   2.1879596e+00
   2.7800000e+00   2.1804318e+00
   2.8000000e+00   2.1734234e+00
   2.8200000e+00   2.1669301e+00
   2.8400000e+00   2.1609471e+00
   2.8600000e+00   2.1554692e+00
   2.8800000e+00   2.1504908e+00
   2.9000000e+00   2.1460058e+00
   2.9200000e+00   2.1420081e+00
   2.9400000e+00   2.1384909e+00
   2.9600000e+00   2.1354473e+00
   2.9800000e+00   2.1328700e+00
   3.0000000e+00   2.1307516e+00
   3.0200000e+00   2.1290843e+00
   3.0400000e+00   2.1278602e+00
   3.0600000e+00   2.1270711e+00
   3.0800000e+00   2.1267088e+00
   3.1000000e+00   2.1267649e+00
   3.1200000e+00   2.1272306e+00
   3.1400000e+00   2.1280975e+00
   3.1600000e+00   2.1293566e+00
   3.1800000e+00   2.1309991e+00
   3.2000000e+00   2.1330161e+00
   3.2200000e+00   2.1353986e+00
   3.2400000e+00   2.1381377e+00
   3.2600000e+00   2.1412243e+00
   3.2800000e+00   2.1446495e+00
   3.3000000e+00   2.1484043e+00
   3.3200000e+00   2.1524797e+00
   3.3400000e+00   2.1568669e+00
   3.3600000e+00   2.1615570e+00
   3.3800000e+00   2.1665412e+00
   3.4000000e+00   2.1718108e+00
   3.4200000e+00   2.1773572e+00
   3.4400000e+00   2.1831720e+00
   3.4600000e+00   2.1892466e+00
   3.4800000e+00   2.1955728e+00
   3.5000000e+00   2.2021424e+00
   3.5200000e+00   2.2089473e+00
   3.5400000e+00   2.2159797e+00
   3.5600000e+00   2.2232317e+00
   3.5800000e+00   2.2306957e+00
   3.6000000e+00   2.2383642e+00
   3.6200000e+00   2.2462299e+00
   3.6400000e+00   2.2542856e+00
   3.6600000e+00   2.2625243e+00
   3.6800000e+00   2.2709391e+00
   3.7000000e+00   2.2795233e+00
   3.7200000e+00   2.2882703e+00
   3.7400000e+00   2.2971739e+00
   3.7600000e+00   2.3062277e+00
   3.7800000e+00   2.3154259e+00
   3.8000000e+00   2.3247624e+00
   3.8200000e+00   2.3342315e+00
   3.8400000e+00   2.3438279e+00
   3.8600000e+00   2.3535460e+00
   3.8800000e+00   2.3633807e+00
   3.9000000e+00   2.3733270e+00
   3.9200000e+00   2.3833799e+00
   3.9400000e+00   2.3935348e+00
   3.9600000e+00   2.4037870e+00
   3.9800000e+00   2.4141322e+00
   4.0000000e+00   2.4245661e+00
   4.0200000e+00   2.4350846e+00
   4.0400000e+00   2.4456838e+00
   4.0600000e+00   2.4563599e+00
   4.0800000e+00   2.4671092e+00
   4.1000000e+00   2.4779281e+00
   4.1200000e+00   2.4888133e+00
   4.1400000e+00   2.4997615e+00
   4.1600000e+00   2.5107695e+00
   4.1800000e+00   2.5218345e+00
   4.2000000e+00   2.5329535e+00
   4.2200000e+00   2.5441238e+00
   4.2400000e+00   2.5553426e+00
   4.2600000e+00   2.5666076e+00
   4.2800000e+00   2.5779162e+00
   4.3000000e+00   2.5892661e+00
   4.3200000e+00   2.6006553e+00
   4.3400000e+00   2.6120814e+00
   4.3600000e+00   2.6235426e+00
   4.3800000e+00   2.6350369e+00
   4.4000000e+00   2.6465625e+00
   4.4200000e+00   2.6581176e+00
   4.4400000e+00   2.6697006e+00
   4.4600000e+00   2.6813099e+00
   4.4800000e+00   2.6929440e+00
   4.5000000e+00   2.7046014e+00
   4.5200000e+00   2.7162809e+00
   4.5400000e+00   2.7279811e+00
   4.5600000e+00   2.7397009e+00
   4.5800000e+00   2.7514390e+00
   4.6000000e+00   2.7631943e+00
   4.6200000e+00   2.7749659e+00
   4.6400000e+00   2.7867527e+00
   4.6600000e+00   2.7985538e+00
   4.6800000e+00   2.8103683e+00
   4.7000000e+00   2.8221954e+00
   4.7200000e+00   2.8340343e+00
   4.7400000e+00   2.8458843e+00
   4.7600000e+00   2.8577447e+00
   4.7800000e+00   2.8696147e+00
   4.8000000e+00   2.8814939e+00
   4.8200000e+00   2.8933815e+00
   4.8400000e+00   2.9052771e+00
   4.8600000e+00   2.9171801e+00
   4.8800000e+00   2.9290900e+00
   4.9000000e+00   2.9410064e+00
   4.9200000e+00   2.9529288e+00
   4.9400000e+00   2.9648569e+00
   4.9600000e+00   2.9767902e+00
   4.9800000e+00   2.9887285e+00
   5.0000000e+00   3.0006712e+00
