   0.0000000e+00   2.6474907e+00
   2.0000000e-02   2.6855637e+00
   4.0000000e-02   2.7228137e+00
   6.0000000e-02   2.7592126e+00
   8.0000000e-02   2.7947332e+00
   1.0000000e-01   2.8293490e+00
   1.2000000e-01   2.8630344e+00
   1.4000000e-01   2.8957647e+00
   1.6000000e-01   2.9275161e+00
   1.8000000e-01   2.9582659e+00
   2.0000000e-01   2.9879924e+00
   2.2000000e-01   3.0166751e+00
   2.4000000e-01   3.0442945e+00
   2.6000000e-01   3.0708323e+00
   2.8000000e-01   3.0962714e+00
   3.0000000e-01   3.1205960e+00
   3.2000000e-01   3.1437915e+00
   3.4000000e-01   3.1658447e+00
   3.6000000e-01   3.1867436e+00
   3.8000000e-01   3.2064776e+00
   4.0000000e-01   3.2250374e+00
   4.2000000e-01   3.2424153e+00
   4.4000000e-01   3.2586049e+00
   4.6000000e-01   3.2736010e+00
   4.8000000e-01   3.2874001e+00
   5.0000000e-01   3.3000000e+00
   5.2000000e-01   3.3114001e+00
   5.4000000e-01   3.3216010e+00
   5.6000000e-01   3.3306049e+00
   5.8000000e-01   3.3384153e+00
   6.0000000e-01   3.3450374e+00
   6.2000000e-01   3.3504776e+00
   6.4000000e-01   3.3547436e+00
   6.6000000e-01   3.3578447e+00
   6.8000000e-01   3.3597915e+00
   7.0000000e-01   3.3605960e+00
   7.2000000e-01   3.3602714e+00
   7.4000000e-01   3.3588323e+00
   7.6000000e-01   3.3562945e+00
   7.8000000e-01   3.3526751e+00
   8.0000000e-01   3.3479924e+00
   8.2000000e-01   3.3422659e+00
   8.4000000e-01   3.3355161e+00
   8.6000000e-01   3.3277647e+00
   8.8000000e-01   3.3190344e+00
   9.0000000e-01   3.3093490e+00
   9.2000000e-01   3.2987332e+00
   9.4000000e-01   3.2872126e+00
   9.6000000e-01   3.2748137e+00
   9.8000000e-01   3.2615637e+00
   1.0000000e+00   3.2474907e+00
   1.0200000e+00   3.2326236e+00
   1.0400000e+00   3.2169917e+00
   1.0600000e+00   3.2006251e+00
   1.0800000e+00   3.1835543e+00
   1.1000000e+00   3.1658106e+00
   1.1200000e+00   3.1474255e+00
   1.1400000e+00   3.1284308e+00
   1.1600000e+00   3.1088588e+00
   1.1800000e+00   3.0887422e+00
   1.2000000e+00   3.0681136e+00
   1.2200000e+00   3.0470060e+00
   1.2400000e+00   3.0254525e+00
   1.2600000e+00   3.0034861e+00
   1.2800000e+00   2.9811399e+00
   1.3000000e+00   2.9584471e+00
   1.3200000e+00   2.9354406e+00
   1.3400000e+00   2.9121532e+00
   1.3600000e+00   2.8886175e+00
   1.3800000e+00   2.8648659e+00
   1.4000000e+00   2.8409304e+00
   1.4200000e+00   2.8168429e+00
   1.4400000e+00   2.7926346e+00
   1.4600000e+00   2.7683365e+00
   1.4800000e+00   2.7439789e+00
   1.5000000e+00   2.7195920e+00
   1.5200000e+00   2.6952050e+00
   1.5400000e+00   2.6708467e+00
   1.5600000e+00   2.6465454e+00
   1.5800000e+00   2.6223287e+00
   1.6000000e+00   2.5982233e+00
   1.6200000e+00   2.5742554e+00
   1.6400000e+00   2.5504506e+00
   1.6600000e+00   2.5268334e+00
   1.6800000e+00   2.5034278e+00
   1.7000000e+00   2.4802568e+00
   1.7200000e+00   2.4573427e+00
   1.7400000e+00   2.4347071e+00
   1.7600000e+00   2.4123704e+00
   1.7800000e+00   2.3903524e+00
   1.8000000e+00   2.3686721e+00
   1.8200000e+00   2.3473473e+00
   1.8400000e+00   2.3263953e+00
   1.8600000e+00   2.3058322e+00
   1.8800000e+00   2.2856734e+00
   1.9000000e+00   2.2659333e+00
   1.9200000e+00   2.2466255e+00
   1.9400000e+00   2.2277626e+00
   1.9600000e+00   2.2093565e+00
   1.9800000e+00   2.1914181e+00
   2.0000000e+00   2.1739574e+00
   2.0200000e+00   2.1569836e+00
   2.0400000e+00   2.1405050e+00
   2.0600000e+00   2.1245292e+00
   2.0800000e+00   2.1090629e+00
   2.1000000e+00   2.0941119e+00
   2.1200000e+00   2.0796813e+00
   2.1400000e+00   2.0657755e+00
   2.1600000e+00   2.0523979e+00
   2.1800000e+00   2.0395515e+00
   2.2000000e+00   2.0272382e+00
   2.2200000e+00   2.0154596e+00
   2.2400000e+00   2.0042163e+00
   2.2600000e+00   1.9935085e+00
   2.2800000e+00   1.9833355e+00
   2.3000000e+00   1.9736961e+00
   2.3200000e+00   1.9645886e+00
   2.3400000e+00   1.9560108e+00
   2.3600000e+00   1.9479596e+00
   2.3800000e+00   1.9404318e+00
   2.4000000e+00   1.9334234e+00
   2.4200000e+00   1.9269301e+00
   2.4400000e+00   1.9209471e+00
   2.4600000e+00   1.9154692e+00
   2.4800000e+00   1.9104908e+00
   2.5000000e+00   1.9060058e+00
   2.5200000e+00   1.9020081e+00
   2.5400000e+00   1.8984909e+00
   2.5600000e+00   1.8954473e+00
   2.5800000e+00   1.8928700e+00
   2.6000000e+00   1.8907516e+00
   2.6200000e+00   1.8890843e+00
   2.6400000e+00   1.8878602e+00
   2.6600000e+00   1.8870711e+00
   2.6800000e+00   1.8867088e+00
   2.7000000e+00   1.8867649e+00
   2.7200000e+00   1.8872306e+00
   2.7400000e+00   1.8880975e+00
   2.7600000e+00   1.8893566e+00
   2.7800000e+00   1.8909991e+00
   2.8000000e+00   1.8930161e+00
   2.8200000e+00   1.8953986e+00
   2.8400000e+00   1.8981377e+00
   2.8600000e+00   1.9012243e+00
   2.8800000e+00   1.9046495e+00
   2.9000000e+00   1.9084043e+00
   2.9200000e+00   1.9124797e+00
   2.9400000e+00   1.9168669e+00
   2.9600000e+00   1.9215570e+00
   2.9800000e+00   1.9265412e+00
   3.0000000e+00   1.9318108e+00
   3.0200000e+00   1.9373572e+00
   3.0400000e+00   1.9431720e+00
   3.0600000e+00   1.9492466e+00
   3.0800000e+00   1.9555728e+00
   3.1000000e+00   1.9621424e+00
   3.1200000e+00   1.9689473e+00
   3.1400000e+00   1.9759797e+00
   3.1600000e+00   1.9832317e+00
   3.1800000e+00   1.9906957e+00
   3.2000000e+00   1.9983642e+00
   3.2200000e+00   2.0062299e+00
   3.2400000e+00   2.0142856e+00
   3.2600000e+00   2.0225243e+00
   3.2800000e+00   2.0309391e+00
   3.3000000e+00   2.0395233e+00
   3.3200000e+00   2.0482703e+00
   3.3400000e+00   2.0571739e+00
   3.3600000e+00   2.0662277e+00
   3.3800000e+00   2.0754259e+00
   3.4000000e+00   2.0847624e+00
   3.4200000e+00   2.0942315e+00
   3.4400000e+00   2.1038279e+00
   3.4600000e+00   2.1135460e+00
   3.4800000e+00   2.1233807e+00
   3.5000000e+00   2.1333270e+00
   3.5200000e+00   2.1433799e+00
   3.5400000e+00   2.1535348e+00
   3.5600000e+00   2.1637870e+00
   3.5800000e+00   2.1741322e+00
   3.6000000e+00   2.1845661e+00
   3.6200000e+00   2.1950846e+00
   3.6400000e+00   2.2056838e+00
   3.6600000e+00   2.2163599e+00
   3.6800000e+00   2.2271092e+00
   3.7000000e+00   2.2379281e+00
   3.7200000e+00   2.2488133e+00
   3.7400000e+00   2.2597615e+00
   3.7600000e+00   2.2707695e+00
   3.7800000e+00   2.2818345e+00
   3.8000000e+00   2.2929535e+00
   3.8200000e+00   2.3041238e+00
   3.8400000e+00   2.3153426e+00
   3.8600000e+00   2.3266076e+00
   3.8800000e+00   2.3379162e+00
   3.9000000e+00   2.3492661e+00
   3.9200000e+00   2.3606553e+00
   3.9400000e+00   2.3720814e+00
   3.9600000e+00   2.3835426e+00
   3.9800000e+00   2.3950369e+00
   4.0000000e+00   2.4065625e+00
   4.0200000e+00   2.4181176e+00
   4.0400000e+00   2.4297006e+00
   4.0600000e+00   2.4413099e+00
   4.0800000e+00   2.4529440e+00
   4.1000000e+00   2.4646014e+00
   4.1200000e+00   2.4762809e+00
   4.1400000e+00   2.4879811e+00
   4.1600000e+00   2.4997009e+00
   4.1800000e+00   2.5114390e+00
   4.2000000e+00   2.5231943e+00
   4.2200000e+00   2.5349659e+00
   4.2400000e+00   2.5467527e+00
   4.2600000e+00   2.5585538e+00
   4.2800000e+00   2.5703683e+00
   4.3000000e+00   2.5821954e+00
   4.3200000e+00   2.5940343e+00
   4.3400000e+00   2.6058843e+00
   4.3600000e+00   2.6177447e+00
   4.3800000e+00   2.6296147e+00
   4.4000000e+00   2.6414939e+00
   4.4200000e+00   2.6533815e+00
   4.4400000e+00   2.6652771e+00
   4.4600000e+00   2.6771801e+00
   4.4800000e+00   2.6890900e+00
   4.5000000e+00   2.7010064e+00
   4.5200000e+00   2.7129288e+00
   4.5400000e+00   2.7248569e+00
   4.5600000e+00   2.7367902e+00
   4.5800000e+00   2.7487285e+00
   4.6000000e+00   2.7606712e+00
   4.6200000e+00   2.7726183e+00
   4.6400000e+00   2.7845693e+00
   4.6600000e+00   2.7965239e+00
   4.6800000e+00   2.8084820e+00
   4.7000000e+00   2.8204432e+00
   4.7200000e+00   2.8324075e+00
   4.7400000e+00   2.8443744e+00
   4.7600000e+00   2.8563439e+00
   4.7800000e+00   2.8683157e+00
   4.8000000e+00   2.8802898e+00
   4.8200000e+00   2.8922658e+00
   4.8400000e+00   2.9042438e+00
   4.8600000e+00   2.9162235e+00
   4.8800000e+00   2.9282048e+00
   4.9000000e+00   2.9401876e+00
   4.9200000e+00   2.9521717e+00
   4.9400000e+00   2.9641572e+00
   4.9600000e+00   2.9761438e+00
   4.9800000e+00   2.9881315e+00
   5.0000000e+00   3.0001202e+00
