   0.0000000e+00   7.0723823e-01
   2.0000000e-02   7.4355146e-01
   4.0000000e-02   7.8039791e-01
   6.0000000e-02   8.1777546e-01
   8.0000000e-02   8.5568131e-01
   1.0000000e-01   8.9411190e-01
   1.2000000e-01   9.3306291e-01
   1.4000000e-01   9.7252925e-01
   1.6000000e-01   1.0125050e+00
   1.8000000e-01   1.0529836e+00
   2.0000000e-01   1.0939574e+00
   2.2000000e-01   1.1354181e+00
   2.4000000e-01   1.1773565e+00
   2.6000000e-01   1.2197626e+00
   2.8000000e-01   1.2626255e+00
   3.0000000e-01   1.3059333e+00
   3.2000000e-01   1.3496734e+00
   3.4000000e-01   1.3938322e+00
   3.6000000e-01   1.4383953e+00
   3.8000000e-01   1.4833473e+00
   4.0000000e-01   1.5286721e+00
   4.2000000e-01   1.5743524e+00
   4.4000000e-01   1.6203704e+00
   4.6000000e-01   1.6667071e+00
   4.8000000e-01   1.7133427e+00
   5.0000000e-01   1.7602568e+00
   5.2000000e-01   1.8074278e+00
   5.4000000e-01   1.8548334e+00
   5.6000000e-01   1.9024506e+00
   5.8000000e-01   1.9502554e+00
   6.0000000e-01   1.9982233e+00
   6.2000000e-01   2.0463287e+00
   6.4000000e-01   2.0945454e+00
   6.6000000e-01   2.1428467e+00
   6.8000000e-01   2.1912050e+00
   7.0000000e-01   2.2395920e+00
   7.2000000e-01   2.2879789e+00
   7.4000000e-01   2.3363365e+00
   7.6000000e-01   2.3846346e+00
   7.8000000e-01   2.4328429e+00
   8.0000000e-01   2.4809304e+00
   8.2000000e-01   2.5288659e+00
   8.4000000e-01   2.5766175e+00
   8.6000000e-01   2.6241532e+00
   8.8000000e-01   2.6714406e+00
   9.0000000e-01   2.7184471e+00
   9.2000000e-01   2.7651399e+00
   9.4000000e-01   2.8114861e+00
   9.6000000e-01   2.8574525e+00
   9.8000000e-01   2.9030060e+00
   1.0000000e+00   2.9481136e+00
   1.0200000e+00   2.9927422e+00
   1.0400000e+00   3.0368588e+00
   1.0600000e+00   3.0804308e+00
   1.0800000e+00   3.1234255e+00
   1.1000000e+00   3.1658106e+00
   1.1200000e+00   3.2075543e+00
   1.1400000e+00   3.2486251e+00
   1.1600000e+00   3.2889917e+00
   1.1800000e+00   3.3286236e+00
   1.2000000e+00   3.3674907e+00
   1.2200000e+00   3.4055637e+00
   1.2400000e+00   3.4428137e+00
   1.2600000e+00   3.4792126e+00
   1.2800000e+00   3.5147332e+00
   1.3000000e+00   3.5493490e+00
   1.3200000e+00   3.5830344e+00
   1.3400000e+00   3.6157647e+00
   1.3600000e+00   3.6475161e+00
   1.3800000e+00   3.6782659e+00
   1.4000000e+00   3.7079924e+00
   1.4200000e+00   3.7366751e+00
   1.4400000e+00   3.7642945e+00
   1.4600000e+00   3.7908323e+00
   1.4800000e+00   3.8162714e+00
   1.5000000e+00   3.8405960e+00
   1.5200000e+00   3.8637915e+00
   1.5400000e+00   3.8858447e+00
   1.5600000e+00   3.9067436e+00
   1.5800000e+00   3.9264776e+00
   1.6000000e+00   3.9450374e+00
   1.6200000e+00   3.9624153e+00
   1.6400000e+00   3.9786049e+00
   1.6600000e+00   3.9936010e+00
   1.6800000e+00   4.0074001e+00
   1.7000000e+00   4.0200000e+00
   1.7200000e+00   4.0314001e+00
   1.7400000e+00   4.0416010e+00
   1.7600000e+00   4.0506049e+00
   1.7800000e+00   4.0584153e+00
   1.8000000e+00   4.0650374e+00
   1.8200000e+00   4.0704776e+00
   1.8400000e+00   4.0747436e+00
   1.8600000e+00   4.0778447e+00
   1.8800000e+00   4.0797915e+00
   1.9000000e+00   4.0805960e+00
   1.9200000e+00   4.0802714e+00
   1.9400000e+00   4.0788323e+00
   1.9600000e+00   4.0762945e+00
   1.9800000e+00   4.0726751e+00
   2.0000000e+00   4.0679924e+00
   2.0200000e+00   4.0622659e+00
   2.0400000e+00   4.0555161e+00
   2.0600000e+00   4.0477647e+00
   2.0800000e+00   4.0390344e+00
   2.1000000e+00   4.0293490e+00
   2.1200000e+00   4.0187332e+00
   2.1400000e+00   4.0072126e+00
   2.1600000e+00   3.9948137e+00
   2.1800000e+00   3.9815637e+00
   2.2000000e+00   3.9674907e+00
   2.2200000e+00   3.9526236e+00
   2.2400000e+00   3.9369917e+00
   2.2600000e+00   3.9206251e+00
   2.2800000e+00   3.9035543e+00
   2.3000000e+00   3.8858106e+00
   2.3200000e+00   3.8674255e+00
   2.3400000e+00   3.8484308e+00
   2.3600000e+00   3.8288588e+00
   2.3800000e+00   3.8087422e+00
   2.4000000e+00   3.7881136e+00
   2.4200000e+00   3.7670060e+00
   2.4400000e+00   3.7454525e+00
   2.4600000e+00   3.7234861e+00
   2.4800000e+00   3.7011399e+00
   2.5000000e+00   3.6784471e+00
   2.5200000e+00   3.6554406e+00
   2.5400000e+00   3.6321532e+00
   2.5600000e+00   3.6086175e+00
   2.5800000e+00   3.5848659e+00
   2.6000000e+00   3.5609304e+00
   2.6200000e+00   3.5368429e+00
   2.6400000e+00   3.5126346e+00
   2.6600000e+00   3.4883365e+00
   2.6800000e+00   3.4639789e+00
   2.7000000e+00   3.4395920e+00
   2.7200000e+00   3.4152050e+00
   2.7400000e+00   3.3908467e+00
   2.7600000e+00   3.3665454e+00
   2.7800000e+00   3.3423287e+00
   2.8000000e+00   3.3182233e+00
   2.8200000e+00   3.2942554e+00
   2.8400000e+00   3.2704506e+00
   2.8600000e+00   3.2468334e+00
   2.8800000e+00   3.2234278e+00
   2.9000000e+00   3.2002568e+00
   2.9200000e+00   3.1773427e+00
   2.9400000e+00   3.1547071e+00
   2.9600000e+00   3.1323704e+00
   2.9800000e+00   3.1103524e+00
   3.0000000e+00   3.0886721e+00
   3.0200000e+00   3.0673473e+00
   3.0400000e+00   3.0463953e+00
   3.0600000e+00   3.0258322e+00
   3.0800000e+00   3.0056734e+00
   3.1000000e+00   2.9859333e+00
   3.1200000e+00   2.9666255e+00
   3.1400000e+00   2.9477626e+00
   3.1600000e+00   2.9293565e+00
   3.1800000e+00   2.9114181e+00
   3.2000000e+00   2.8939574e+00
   3.2200000e+00   2.8769836e+00
   3.2400000e+00   2.8605050e+00
   3.2600000e+00   2.8445292e+00
   3.2800000e+00   2.8290629e+00
   3.3000000e+00   2.8141119e+00
   3.3200000e+00   2.7996813e+00
   3.3400000e+00   2.7857755e+00
   3.3600000e+00   2.7723979e+00
   3.3800000e+00   2.7595515e+00
   3.4000000e+00   2.7472382e+00
   3.4200000e+00   2.7354596e+00
   3.4400000e+00   2.7242163e+00
   3.4600000e+00   2.7135085e+00
   3.4800000e+00   2.7033355e+00
   3.5000000e+00   2.6936961e+00
   3.5200000e+00   2.6845886e+00
   3.5400000e+00   2.6760108e+00
   3.5600000e+00   2.6679596e+00
   3.5800000e+00   2.6604318e+00
   3.6000000e+00   2.6534234e+00
   3.6200000e+00   2.6469301e+00
   3.6400000e+00   2.6409471e+00
   3.6600000e+00   2.6354692e+00
   3.6800000e+00   2.6304908e+00
   3.7000000e+00   2.6260058e+00
   3.7200000e+00   2.6220081e+00
   3.7400000e+00   2.6184909e+00
   3.7600000e+00   2.6154473e+00
   3.7800000e+00   2.6128700e+00
   3.8000000e+00   2.6107516e+00
   3.8200000e+00   2.6090843e+00
   3.8400000e+00   2.6078602e+00
   3.8600000e+00   2.6070711e+00
   3.8800000e+00   2.6067088e+00
   3.9000000e+00   2.6067649e+00
   3.9200000e+00   2.6072306e+00
   3.9400000e+00   2.6080975e+00
   3.9600000e+00   2.6093566e+00
   3.9800000e+00   2.6109991e+00
   4.0000000e+00   2.6130161e+00
   4.0200000e+00   2.6153986e+00
   4.0400000e+00   2.6181377e+00
   4.0600000e+00   2.6212243e+00
   4.0800000e+00   2.6246495e+00
   4.1000000e+00   2.6284043e+00
   4.1200000e+00   2.6324797e+00
   4.1400000e+00   2.6368669e+00
   4.1600000e+00   2.6415570e+00
   4.1800000e+00   2.6465412e+00
   4.2000000e+00   2.6518108e+00
   4.2200000e+00   2.6573572e+00
   4.2400000e+00   2.6631720e+00
   4.2600000e+00   2.6692466e+00
   4.2800000e+00   2.6755728e+00
   4.3000000e+00   2.6821424e+00
   4.3200000e+00   2.6889473e+00
   4.3400000e+00   2.6959797e+00
   4.3600000e+00   2.7032317e+00
   4.3800000e+00   2.7106957e+00
   4.4000000e+00   2.7183642e+00
   4.4200000e+00   2.7262299e+00
   4.4400000e+00   2.7342856e+00
   4.4600000e+00   2.7425243e+00
   4.4800000e+00   2.7509391e+00
   4.5000000e+00   2.7595233e+00
   4.5200000e+00   2.7682703e+00
   4.5400000e+00   2.7771739e+00
   4.5600000e+00   2.7862277e+00
   4.5800000e+00   2.7954259e+00
   4.6000000e+00   2.8047624e+00
   4.6200000e+00   2.8142315e+00
   4.6400000e+00   2.8238279e+00
   4.6600000e+00   2.8335460e+00
   4.6800000e+00   2.8433807e+00
   4.7000000e+00   2.8533270e+00
   4.7200000e+00   2.8633799e+00
   4.7400000e+00   2.8735348e+00
   4.7600000e+00   2.8837870e+00
   4.7800000e+00   2.8941322e+00
   4.8000000e+00   2.9045661e+00
   4.8200000e+00   2.9150846e+00
   4.8400000e+00   2.9256838e+00
   4.8600000e+00   2.9363599e+00
   4.8800000e+00   2.9471092e+00
   4.9000000e+00   2.9579281e+00
   4.9200000e+00   2.9688133e+00
   4.9400000e+00   2.9797615e+00
   4.9600000e+00   2.9907695e+00
   4.9800000e+00   3.0018345e+00
   5.0000000e+00   3.0129535e+00
