0	2.52181	-1.16018	-0.327372	-1.48106	-2.7841	-0.00524281	0.000320425
0.013	2.52181	-1.16018	-0.327372	-1.48106	-2.7841	-0.00524281	0.000320424
0.026	2.52181	-1.16018	-0.327372	-1.48106	-2.7841	-0.0052428	0.000320282
0.039	2.52181	-1.16018	-0.327372	-1.48106	-2.7841	-0.0052428	0.000320278
0.052	2.52181	-1.16018	-0.327372	-1.48106	-2.7841	-0.0052428	0.000320278
0.065	2.52181	-1.16018	-0.327372	-1.48106	-2.7841	-0.0052428	0.000320278
0.078	2.52181	-1.16018	-0.327372	-1.48106	-2.7841	-0.0052428	0.000320278
0.091	2.52181	-1.16018	-0.327372	-1.48106	-2.7841	-0.0052428	0.000320278
0.104	2.52181	-1.16018	-0.327372	-1.48106	-2.7841	-0.0052428	0.000320278
0.117	2.52181	-1.16018	-0.327372	-1.48106	-2.7841	-0.0052428	0.000320278
0.13	2.52181	-1.16018	-0.327372	-1.48106	-2.7841	-0.0052428	0.000320278
0.143	2.52181	-1.16018	-0.327372	-1.48106	-2.7841	-0.0052428	0.000320278
0.156	2.52181	-1.16018	-0.327372	-1.48106	-2.7841	-0.0052428	0.000320278
0.169	2.52181	-1.16018	-0.327372	-1.48106	-2.7841	-0.0052428	0.000320278
0.182	2.52181	-1.16018	-0.327372	-1.48107	-2.7841	-0.0052428	0.000320278
0.195	2.52181	-1.16017	-0.327372	-1.48107	-2.7841	-0.00524278	0.000320278
0.208	2.52181	-1.16016	-0.327372	-1.48108	-2.7841	-0.00524265	0.000320278
0.221	2.52182	-1.16015	-0.327372	-1.4811	-2.7841	-0.00524265	0.000320278
0.234	2.52182	-1.16013	-0.327372	-1.48113	-2.7841	-0.00524252	0.000320278
0.247	2.52182	-1.16011	-0.327372	-1.48116	-2.7841	-0.00524241	0.000320186
0.26	2.52182	-1.16008	-0.327372	-1.4812	-2.7841	-0.0052422	0.000320129
0.273	2.52182	-1.16005	-0.327372	-1.48125	-2.7841	-0.00524206	0.000320129
0.286	2.52182	-1.16001	-0.327372	-1.4813	-2.7841	-0.00524181	0.000320129
0.299	2.52182	-1.15997	-0.327372	-1.48136	-2.7841	-0.00524156	0.000320082
0.312	2.52182	-1.15992	-0.327372	-1.48143	-2.7841	-0.00524131	0.000319979
0.325	2.52182	-1.15986	-0.327372	-1.48151	-2.7841	-0.00524096	0.000319979
0.338	2.52182	-1.1598	-0.327372	-1.4816	-2.7841	-0.00524061	0.000319932
0.351	2.52182	-1.15974	-0.327373	-1.48169	-2.7841	-0.00524024	0.000319829
0.364	2.52182	-1.15967	-0.327373	-1.48179	-2.7841	-0.00523986	0.000319737
0.377	2.52182	-1.1596	-0.327373	-1.48189	-2.7841	-0.00523942	0.000319679
0.39	2.52182	-1.15952	-0.327373	-1.48201	-2.7841	-0.00523892	0.000319551
0.403	2.52182	-1.15943	-0.327373	-1.48213	-2.7841	-0.00523842	0.000319528
0.416	2.52182	-1.15934	-0.327373	-1.48226	-2.7841	-0.00523792	0.000319383
0.429	2.52182	-1.15924	-0.327374	-1.48239	-2.7841	-0.00523729	0.000319364
0.442	2.52182	-1.15914	-0.327374	-1.48254	-2.7841	-0.00523677	0.000319229
0.455	2.52182	-1.15904	-0.327374	-1.48269	-2.7841	-0.00523612	0.000319083
0.468	2.52182	-1.15893	-0.327374	-1.48285	-2.7841	-0.00523548	0.000318952
0.481	2.52182	-1.15881	-0.327375	-1.48301	-2.7841	-0.00523482	0.000318929
0.494	2.52182	-1.15869	-0.327375	-1.48318	-2.7841	-0.00523413	0.000318784
0.507	2.52182	-1.15857	-0.327375	-1.48336	-2.7841	-0.00523338	0.000318653
0.52	2.52182	-1.15845	-0.327375	-1.48353	-2.7841	-0.00523263	0.000318538
0.533	2.52182	-1.15833	-0.327375	-1.4837	-2.7841	-0.00523203	0.000318434
0.546	2.52182	-1.15821	-0.327376	-1.48387	-2.7841	-0.0052313	0.000318315
0.559	2.52182	-1.1581	-0.327376	-1.48403	-2.7841	-0.00523068	0.00031818
0.572	2.52182	-1.15799	-0.327376	-1.48418	-2.7841	-0.00522998	0.000318035
0.585	2.52182	-1.15789	-0.327376	-1.48432	-2.7841	-0.00522946	0.000317904
0.598	2.52182	-1.15779	-0.327376	-1.48446	-2.7841	-0.00522883	0.00031788
0.611	2.52182	-1.1577	-0.327377	-1.48459	-2.7841	-0.00522833	0.000317735
0.624	2.52182	-1.15762	-0.327377	-1.48471	-2.7841	-0.00522783	0.000317716
0.637	2.52182	-1.15753	-0.327377	-1.48483	-2.7841	-0.00522733	0.000317582
0.65	2.52182	-1.15746	-0.327377	-1.48493	-2.7841	-0.00522698	0.000317535
0.663	2.52182	-1.15739	-0.327377	-1.48503	-2.7841	-0.0052265	0.000317432
0.676	2.52182	-1.15732	-0.327377	-1.48513	-2.7841	-0.00522613	0.00031734
0.689	2.52182	-1.15726	-0.327378	-1.48521	-2.7841	-0.00522583	0.000317282
0.702	2.52182	-1.15721	-0.327378	-1.48529	-2.7841	-0.00522545	0.000317282
0.715	2.52182	-1.15716	-0.327378	-1.48536	-2.7841	-0.00522518	0.00031719
0.728	2.52182	-1.15712	-0.327378	-1.48542	-2.7841	-0.00522493	0.000317133
0.741	2.52182	-1.15708	-0.327378	-1.48548	-2.7841	-0.00522468	0.000317133
0.754	2.52182	-1.15704	-0.327378	-1.48553	-2.7841	-0.00522452	0.000317133
0.767	2.52182	-1.15701	-0.327378	-1.48557	-2.7841	-0.00522433	0.000317086
0.78	2.52182	-1.15699	-0.327378	-1.4856	-2.7841	-0.00522421	0.000316983
0.793	2.52182	-1.15697	-0.327378	-1.48562	-2.7841	-0.00522407	0.000316983
0.806	2.52182	-1.15696	-0.327378	-1.48564	-2.7841	-0.00522407	0.000316983
0.819	2.52182	-1.15695	-0.327378	-1.48566	-2.7841	-0.00522395	0.000316983
0.832	2.52182	-1.15695	-0.327378	-1.48566	-2.7841	-0.00522392	0.000316983
0.845	2.52182	-1.15694	-0.327378	-1.48567	-2.7841	-0.00522392	0.000316983
0.858	2.52182	-1.15694	-0.327378	-1.48567	-2.7841	-0.00522392	0.000316983
0.871	2.52182	-1.15694	-0.327378	-1.48567	-2.7841	-0.00522392	0.000316983
0.884	2.52182	-1.15694	-0.327378	-1.48567	-2.7841	-0.00522392	0.000316983
0.897	2.52182	-1.15694	-0.327378	-1.48567	-2.7841	-0.00522392	0.000316983
0.91	2.52182	-1.15694	-0.327378	-1.48567	-2.7841	-0.00522392	0.000316983
0.923	2.52182	-1.15694	-0.327378	-1.48567	-2.7841	-0.00522392	0.000316983
0.936	2.52182	-1.15694	-0.327378	-1.48566	-2.7841	-0.00522392	0.000316983
0.949	2.52182	-1.15693	-0.327378	-1.48566	-2.7841	-0.00522392	0.000316983
0.962	2.52182	-1.15692	-0.327378	-1.48565	-2.7841	-0.00522392	0.000316983
0.975	2.52183	-1.1569	-0.327378	-1.48563	-2.7841	-0.00522392	0.000316983
0.988	2.52183	-1.15688	-0.327378	-1.48561	-2.7841	-0.00522392	0.000316983
1.001	2.52184	-1.15686	-0.327378	-1.48558	-2.7841	-0.00522392	0.000316983
1.014	2.52184	-1.15683	-0.327378	-1.48555	-2.7841	-0.00522392	0.000316983
1.027	2.52185	-1.15679	-0.327378	-1.48551	-2.7841	-0.00522392	0.000316983
1.04	2.52186	-1.15675	-0.327379	-1.48547	-2.7841	-0.00522392	0.000316983
1.053	2.52187	-1.1567	-0.327379	-1.48542	-2.7841	-0.00522392	0.000316983
1.066	2.52188	-1.15665	-0.327379	-1.48537	-2.7841	-0.00522392	0.000316983
1.079	2.52189	-1.15659	-0.327379	-1.48531	-2.7841	-0.00522392	0.000316983
1.092	2.5219	-1.15653	-0.327379	-1.48524	-2.7841	-0.00522392	0.000316983
1.105	2.52192	-1.15646	-0.327379	-1.48517	-2.7841	-0.00522392	0.000316983
1.118	2.52193	-1.15638	-0.327379	-1.48509	-2.7841	-0.00522392	0.000316983
1.131	2.52195	-1.1563	-0.32738	-1.48501	-2.7841	-0.00522392	0.000316983
1.144	2.52196	-1.15622	-0.32738	-1.48492	-2.7841	-0.00522392	0.000316983
1.157	2.52198	-1.15612	-0.32738	-1.48483	-2.7841	-0.00522392	0.000316983
1.17	2.522	-1.15603	-0.32738	-1.48473	-2.7841	-0.00522392	0.000316983
1.183	2.52202	-1.15593	-0.32738	-1.48462	-2.7841	-0.00522392	0.000316983
1.196	2.52204	-1.15582	-0.327381	-1.48451	-2.7841	-0.00522392	0.000316983
1.209	2.52206	-1.15571	-0.327381	-1.4844	-2.7841	-0.00522392	0.000316983
1.222	2.52209	-1.15559	-0.327381	-1.48427	-2.7841	-0.00522392	0.000316983
1.235	2.52211	-1.15547	-0.327381	-1.48415	-2.7841	-0.00522392	0.000316983
1.248	2.52214	-1.15534	-0.327382	-1.48401	-2.7841	-0.00522392	0.000316983
1.261	2.52216	-1.1552	-0.327382	-1.48388	-2.7841	-0.00522392	0.000316983
1.274	2.52219	-1.15506	-0.327382	-1.48373	-2.7841	-0.00522392	0.000316983
1.287	2.52222	-1.15492	-0.327383	-1.48358	-2.7841	-0.00522392	0.000316983
1.3	2.52225	-1.15477	-0.327383	-1.48343	-2.7841	-0.00522392	0.000316983
1.313	2.52228	-1.15461	-0.327383	-1.48327	-2.7841	-0.00522392	0.000316983
1.326	2.52231	-1.15445	-0.327384	-1.4831	-2.7841	-0.00522392	0.000316983
1.339	2.52235	-1.15428	-0.327384	-1.48293	-2.7841	-0.00522392	0.000316983
1.352	2.52238	-1.15411	-0.327384	-1.48275	-2.7841	-0.00522392	0.000316983
1.365	2.52242	-1.15393	-0.327385	-1.48257	-2.7841	-0.00522392	0.000316983
1.378	2.52245	-1.15375	-0.327385	-1.48238	-2.7841	-0.00522392	0.000316983
1.391	2.52249	-1.15356	-0.327386	-1.48219	-2.7841	-0.00522392	0.000316983
1.404	2.52253	-1.15337	-0.327386	-1.48199	-2.7841	-0.00522392	0.000316983
1.417	2.52257	-1.15317	-0.327386	-1.48178	-2.7841	-0.00522392	0.000316983
1.43	2.52261	-1.15296	-0.327387	-1.48157	-2.7841	-0.00522392	0.000316983
1.443	2.52265	-1.15275	-0.327387	-1.48135	-2.7841	-0.00522392	0.000316983
1.456	2.52269	-1.15254	-0.327388	-1.48113	-2.7841	-0.00522392	0.000316983
1.469	2.52274	-1.15231	-0.327388	-1.4809	-2.7841	-0.00522392	0.000316983
1.482	2.52278	-1.15209	-0.327389	-1.48067	-2.7841	-0.00522392	0.000316983
1.495	2.52283	-1.15186	-0.327389	-1.48043	-2.7841	-0.00522392	0.000316983
1.508	2.52287	-1.15162	-0.32739	-1.48019	-2.7841	-0.00522392	0.000316983
1.521	2.52292	-1.15138	-0.32739	-1.47994	-2.7841	-0.00522392	0.000316983
1.534	2.52297	-1.15113	-0.327391	-1.47968	-2.7841	-0.00522392	0.000316983
1.547	2.52302	-1.15087	-0.327391	-1.47942	-2.7841	-0.00522392	0.000316983
1.56	2.52307	-1.15061	-0.327392	-1.47915	-2.7841	-0.00522392	0.000316983
1.573	2.52313	-1.15035	-0.327393	-1.47888	-2.7841	-0.00522392	0.000316983
1.586	2.52318	-1.15008	-0.327393	-1.4786	-2.7841	-0.00522392	0.000316983
1.599	2.52323	-1.1498	-0.327394	-1.47832	-2.7841	-0.00522392	0.000316983
1.612	2.52329	-1.14952	-0.327394	-1.47803	-2.7841	-0.00522392	0.000316983
1.625	2.52335	-1.14924	-0.327395	-1.47773	-2.7841	-0.00522392	0.000316983
1.638	2.5234	-1.14895	-0.327396	-1.47743	-2.7841	-0.00522392	0.000316983
1.651	2.52346	-1.14865	-0.327396	-1.47713	-2.7841	-0.00522392	0.000316983
1.664	2.52352	-1.14835	-0.327397	-1.47682	-2.7841	-0.00522392	0.000316983
1.677	2.52358	-1.14804	-0.327397	-1.4765	-2.7841	-0.00522392	0.000316983
1.69	2.52365	-1.14773	-0.327398	-1.47618	-2.7841	-0.00522392	0.000316983
1.703	2.52371	-1.14741	-0.327399	-1.47585	-2.78411	-0.00522392	0.000316983
1.716	2.52377	-1.14708	-0.3274	-1.47551	-2.78411	-0.00522392	0.000316983
1.729	2.52384	-1.14675	-0.3274	-1.47517	-2.78411	-0.00522392	0.000316983
1.742	2.5239	-1.14642	-0.327401	-1.47483	-2.78411	-0.00522392	0.000316983
1.755	2.52397	-1.14608	-0.327402	-1.47448	-2.78411	-0.00522392	0.000316983
1.768	2.52404	-1.14573	-0.327403	-1.47412	-2.78411	-0.00522392	0.000316983
1.781	2.52411	-1.14538	-0.327403	-1.47376	-2.78411	-0.00522392	0.000316983
1.794	2.52418	-1.14502	-0.327404	-1.47339	-2.78411	-0.00522392	0.000316983
1.807	2.52425	-1.14466	-0.327405	-1.47302	-2.78411	-0.00522392	0.000316983
1.82	2.52433	-1.14429	-0.327406	-1.47264	-2.78411	-0.00522392	0.000316983
1.833	2.5244	-1.14392	-0.327406	-1.47226	-2.78411	-0.00522392	0.000316983
1.846	2.52447	-1.14354	-0.327407	-1.47187	-2.78411	-0.00522392	0.000316983
1.859	2.52455	-1.14316	-0.327408	-1.47147	-2.78411	-0.00522392	0.000316983
1.872	2.52463	-1.14277	-0.327409	-1.47107	-2.78411	-0.00522392	0.000316983
1.885	2.52471	-1.14238	-0.32741	-1.47067	-2.78411	-0.00522392	0.000316983
1.898	2.52478	-1.14198	-0.327411	-1.47026	-2.78411	-0.00522392	0.000316983
1.911	2.52486	-1.14158	-0.327412	-1.46985	-2.78411	-0.00522392	0.000316983
1.924	2.52494	-1.14118	-0.327412	-1.46943	-2.78411	-0.00522392	0.000316983
1.937	2.52502	-1.14078	-0.327413	-1.46903	-2.78411	-0.00522392	0.000316983
1.95	2.5251	-1.14039	-0.327414	-1.46862	-2.78411	-0.00522392	0.000316983
1.963	2.52518	-1.14	-0.327415	-1.46822	-2.78411	-0.00522392	0.000316983
1.976	2.52525	-1.13962	-0.327416	-1.46783	-2.78411	-0.00522392	0.000316983
1.989	2.52533	-1.13925	-0.327417	-1.46744	-2.78411	-0.00522392	0.000316983
2.002	2.5254	-1.13887	-0.327417	-1.46706	-2.78411	-0.00522392	0.000316983
2.015	2.52547	-1.13851	-0.327418	-1.46668	-2.78411	-0.00522392	0.000316983
2.028	2.52554	-1.13815	-0.327419	-1.46631	-2.78411	-0.00522392	0.000316983
2.041	2.52561	-1.13779	-0.32742	-1.46595	-2.78411	-0.00522392	0.000316983
2.054	2.52568	-1.13744	-0.327421	-1.46559	-2.78411	-0.00522392	0.000316983
2.067	2.52575	-1.1371	-0.327421	-1.46523	-2.78411	-0.00522392	0.000316983
2.08	2.52582	-1.13676	-0.327422	-1.46488	-2.78411	-0.00522392	0.000316983
2.093	2.52588	-1.13643	-0.327423	-1.46454	-2.78411	-0.00522392	0.000316983
2.106	2.52595	-1.1361	-0.327424	-1.4642	-2.78411	-0.00522392	0.000316983
2.119	2.52601	-1.13578	-0.327424	-1.46387	-2.78411	-0.00522392	0.000316983
2.132	2.52608	-1.13546	-0.327425	-1.46354	-2.78411	-0.00522392	0.000316983
2.145	2.52614	-1.13515	-0.327426	-1.46322	-2.78411	-0.00522392	0.000316983
2.158	2.5262	-1.13484	-0.327426	-1.46291	-2.78411	-0.00522392	0.000316983
2.171	2.52626	-1.13454	-0.327427	-1.4626	-2.78411	-0.00522392	0.000316983
2.184	2.52632	-1.13425	-0.327427	-1.46229	-2.78411	-0.00522392	0.000316983
2.197	2.52637	-1.13396	-0.327428	-1.46199	-2.78411	-0.00522392	0.000316983
2.21	2.52643	-1.13367	-0.327429	-1.4617	-2.78411	-0.00522392	0.000316983
2.223	2.52649	-1.13339	-0.327429	-1.46141	-2.78411	-0.00522392	0.000316983
2.236	2.52654	-1.13312	-0.32743	-1.46113	-2.78411	-0.00522392	0.000316983
2.249	2.52659	-1.13285	-0.327431	-1.46086	-2.78411	-0.00522392	0.000316983
2.262	2.52665	-1.13259	-0.327431	-1.46059	-2.78411	-0.00522392	0.000316983
2.275	2.5267	-1.13233	-0.327432	-1.46032	-2.78411	-0.00522392	0.000316983
2.288	2.52675	-1.13208	-0.327432	-1.46006	-2.78411	-0.00522392	0.000316983
2.301	2.5268	-1.13183	-0.327433	-1.45981	-2.78411	-0.00522392	0.000316983
2.314	2.52684	-1.13159	-0.327433	-1.45956	-2.78411	-0.00522392	0.000316983
2.327	2.52689	-1.13136	-0.327434	-1.45932	-2.78411	-0.00522392	0.000316983
2.34	2.52694	-1.13113	-0.327434	-1.45908	-2.78411	-0.00522392	0.000316983
2.353	2.52698	-1.1309	-0.327435	-1.45885	-2.78411	-0.00522392	0.000316983
2.366	2.52702	-1.13068	-0.327435	-1.45862	-2.78411	-0.00522392	0.000316983
2.379	2.52707	-1.13047	-0.327436	-1.4584	-2.78411	-0.00522392	0.000316983
2.392	2.52711	-1.13026	-0.327436	-1.45819	-2.78411	-0.00522392	0.000316983
2.405	2.52715	-1.13006	-0.327437	-1.45798	-2.78411	-0.00522392	0.000316983
2.418	2.52719	-1.12986	-0.327437	-1.45777	-2.78411	-0.00522392	0.000316983
2.431	2.52722	-1.12967	-0.327437	-1.45758	-2.78411	-0.00522392	0.000316983
2.444	2.52726	-1.12948	-0.327438	-1.45738	-2.78411	-0.00522392	0.000316983
2.457	2.5273	-1.1293	-0.327438	-1.4572	-2.78411	-0.00522392	0.000316983
2.47	2.52733	-1.12912	-0.327439	-1.45702	-2.78411	-0.00522392	0.000316983
2.483	2.52737	-1.12895	-0.327439	-1.45684	-2.78411	-0.00522392	0.000316983
2.496	2.5274	-1.12879	-0.327439	-1.45667	-2.78411	-0.00522392	0.000316983
2.509	2.52743	-1.12863	-0.32744	-1.45651	-2.78411	-0.00522392	0.000316983
2.522	2.52746	-1.12847	-0.32744	-1.45635	-2.78411	-0.00522392	0.000316983
2.535	2.52749	-1.12832	-0.32744	-1.45619	-2.78411	-0.00522392	0.000316983
2.548	2.52752	-1.12818	-0.327441	-1.45605	-2.78411	-0.00522392	0.000316983
2.561	2.52755	-1.12804	-0.327441	-1.4559	-2.78411	-0.00522392	0.000316983
2.574	2.52757	-1.12791	-0.327441	-1.45577	-2.78411	-0.00522392	0.000316983
2.587	2.5276	-1.12778	-0.327442	-1.45564	-2.78411	-0.00522392	0.000316983
2.6	2.52762	-1.12766	-0.327442	-1.45551	-2.78411	-0.00522392	0.000316983
2.613	2.52765	-1.12755	-0.327442	-1.45539	-2.78411	-0.00522392	0.000316983
2.626	2.52767	-1.12743	-0.327442	-1.45528	-2.78411	-0.00522392	0.000316983
2.639	2.52769	-1.12733	-0.327442	-1.45517	-2.78411	-0.00522392	0.000316983
2.652	2.52771	-1.12723	-0.327443	-1.45506	-2.78411	-0.00522392	0.000316983
2.665	2.52773	-1.12713	-0.327443	-1.45497	-2.78411	-0.00522392	0.000316983
2.678	2.52774	-1.12705	-0.327443	-1.45487	-2.78411	-0.00522392	0.000316983
2.691	2.52776	-1.12696	-0.327443	-1.45479	-2.78411	-0.00522392	0.000316983
2.704	2.52778	-1.12688	-0.327443	-1.45471	-2.78411	-0.00522392	0.000316983
2.717	2.52779	-1.12681	-0.327444	-1.45463	-2.78411	-0.00522392	0.000316983
2.73	2.5278	-1.12674	-0.327444	-1.45456	-2.78411	-0.00522392	0.000316983
2.743	2.52782	-1.12668	-0.327444	-1.4545	-2.78411	-0.00522392	0.000316983
2.756	2.52783	-1.12662	-0.327444	-1.45444	-2.78411	-0.00522392	0.000316983
2.769	2.52784	-1.12657	-0.327444	-1.45439	-2.78411	-0.00522392	0.000316983
2.782	2.52785	-1.12653	-0.327444	-1.45434	-2.78411	-0.00522392	0.000316983
2.795	2.52785	-1.12649	-0.327444	-1.4543	-2.78411	-0.00522392	0.000316983
2.808	2.52786	-1.12645	-0.327444	-1.45426	-2.78411	-0.00522392	0.000316983
2.821	2.52787	-1.12642	-0.327445	-1.45423	-2.78411	-0.00522392	0.000316983
2.834	2.52787	-1.1264	-0.327445	-1.45421	-2.78411	-0.00522392	0.000316983
2.847	2.52788	-1.12638	-0.327445	-1.45419	-2.78411	-0.00522392	0.000316983
2.86	2.52788	-1.12637	-0.327445	-1.45417	-2.78411	-0.00522392	0.000316983
2.873	2.52788	-1.12636	-0.327445	-1.45417	-2.78411	-0.00522392	0.000316983
2.886	2.52788	-1.12635	-0.327445	-1.45416	-2.78411	-0.00522392	0.000316983
2.899	2.52788	-1.12635	-0.327445	-1.45416	-2.78411	-0.00522392	0.000316983
2.912	2.52788	-1.12635	-0.327445	-1.45416	-2.78411	-0.00522392	0.000316983
2.925	2.52788	-1.12635	-0.327445	-1.45416	-2.78411	-0.00522392	0.000316983
2.938	2.52788	-1.12635	-0.327445	-1.45416	-2.78411	-0.00522392	0.000316983
2.951	2.52788	-1.12635	-0.327445	-1.45416	-2.78411	-0.00522392	0.000316983
2.964	2.52788	-1.12635	-0.327445	-1.45416	-2.78411	-0.00522391	0.000316983
2.977	2.52788	-1.12634	-0.327445	-1.45415	-2.78411	-0.00522377	0.000316983
2.99	2.52788	-1.12634	-0.327445	-1.45415	-2.78411	-0.00522358	0.000316983
3.003	2.52789	-1.12633	-0.327446	-1.45414	-2.78411	-0.00522319	0.000316983
3.016	2.52789	-1.12632	-0.327447	-1.45413	-2.78411	-0.00522259	0.000316983
3.029	2.5279	-1.12631	-0.327449	-1.45411	-2.78411	-0.00522165	0.000316983
3.042	2.5279	-1.12628	-0.327452	-1.45408	-2.78412	-0.00522049	0.000316983
3.055	2.52791	-1.12626	-0.327455	-1.45405	-2.78412	-0.00521902	0.000316983
3.068	2.52792	-1.12622	-0.327459	-1.45401	-2.78412	-0.00521728	0.000316983
3.081	2.52793	-1.12619	-0.327463	-1.45397	-2.78413	-0.00521525	0.000316983
3.094	2.52794	-1.12614	-0.327468	-1.45392	-2.78413	-0.0052128	0.000316983
3.107	2.52796	-1.1261	-0.327474	-1.45386	-2.78413	-0.00521021	0.000316983
3.12	2.52798	-1.12604	-0.32748	-1.4538	-2.78414	-0.00520722	0.000316983
3.133	2.52799	-1.12598	-0.327487	-1.45373	-2.78414	-0.00520404	0.000316983
3.146	2.52801	-1.12592	-0.327494	-1.45366	-2.78415	-0.0052005	0.000316983
3.159	2.52804	-1.12585	-0.327502	-1.45357	-2.78416	-0.00519661	0.000316983
3.172	2.52806	-1.12577	-0.327511	-1.45349	-2.78416	-0.00519252	0.000316983
3.185	2.52808	-1.12569	-0.32752	-1.45339	-2.78417	-0.00518808	0.000316983
3.198	2.52811	-1.1256	-0.32753	-1.45329	-2.78418	-0.00518343	0.000316983
3.211	2.52814	-1.12551	-0.32754	-1.45318	-2.78419	-0.00517836	0.000316983
3.224	2.52817	-1.12541	-0.327552	-1.45307	-2.78419	-0.00517308	0.000316983
3.237	2.5282	-1.12531	-0.327563	-1.45295	-2.7842	-0.00516744	0.000316983
3.25	2.52823	-1.1252	-0.327576	-1.45283	-2.78421	-0.0051616	0.000316983
3.263	2.52827	-1.12509	-0.327589	-1.45269	-2.78422	-0.00515537	0.000316983
3.276	2.52831	-1.12497	-0.327603	-1.45255	-2.78423	-0.00514887	0.000316983
3.289	2.52834	-1.12484	-0.327617	-1.45241	-2.78425	-0.00514206	0.000316983
3.302	2.52838	-1.12471	-0.327632	-1.45226	-2.78426	-0.00513502	0.000316983
3.315	2.52843	-1.12458	-0.327647	-1.4521	-2.78427	-0.00512762	0.000316983
3.328	2.52847	-1.12444	-0.327663	-1.45194	-2.78428	-0.0051199	0.000316983
3.341	2.52851	-1.12429	-0.32768	-1.45177	-2.7843	-0.00511197	0.000316983
3.354	2.52856	-1.12414	-0.327697	-1.45159	-2.78431	-0.00510369	0.000316983
3.367	2.52861	-1.12398	-0.327715	-1.45141	-2.78432	-0.00509511	0.000316983
3.38	2.52866	-1.12382	-0.327734	-1.45122	-2.78434	-0.00508633	0.000316983
3.393	2.52871	-1.12365	-0.327753	-1.45102	-2.78435	-0.00507718	0.000316983
3.406	2.52876	-1.12348	-0.327773	-1.45082	-2.78437	-0.00506772	0.000316983
3.419	2.52882	-1.1233	-0.327794	-1.45061	-2.78438	-0.00505799	0.000316983
3.432	2.52887	-1.12312	-0.327815	-1.4504	-2.7844	-0.00504786	0.000316983
3.445	2.52893	-1.12293	-0.327837	-1.45018	-2.78442	-0.00503753	0.000316983
3.458	2.52899	-1.12273	-0.327859	-1.44995	-2.78444	-0.00502695	0.000316983
3.471	2.52905	-1.12253	-0.327882	-1.44972	-2.78445	-0.00501597	0.000316983
3.484	2.52912	-1.12232	-0.327905	-1.44948	-2.78447	-0.0050048	0.000316983
3.497	2.52918	-1.12211	-0.32793	-1.44924	-2.78449	-0.00499327	0.000316983
3.51	2.52925	-1.1219	-0.327954	-1.44898	-2.78451	-0.0049815	0.000316983
3.523	2.52932	-1.12167	-0.32798	-1.44873	-2.78453	-0.00496932	0.000316983
3.536	2.52939	-1.12145	-0.328006	-1.44846	-2.78455	-0.00495699	0.000316983
3.549	2.52946	-1.12121	-0.328033	-1.44819	-2.78457	-0.00494424	0.000316983
3.562	2.52953	-1.12098	-0.32806	-1.44791	-2.78459	-0.00493128	0.000316983
3.575	2.52961	-1.12073	-0.328088	-1.44763	-2.78462	-0.00491806	0.000316983
3.588	2.52968	-1.12048	-0.328116	-1.44734	-2.78464	-0.00490444	0.000316983
3.601	2.52976	-1.12023	-0.328146	-1.44704	-2.78466	-0.00489061	0.000316983
3.614	2.52984	-1.11997	-0.328175	-1.44674	-2.78468	-0.00487639	0.000316983
3.627	2.52992	-1.1197	-0.328206	-1.44643	-2.78471	-0.0048619	0.000316983
3.64	2.53001	-1.11943	-0.328237	-1.44612	-2.78473	-0.00484709	0.000316983
3.653	2.53009	-1.11915	-0.328269	-1.4458	-2.78476	-0.00483207	0.000316983
3.666	2.53018	-1.11887	-0.328301	-1.44547	-2.78478	-0.0048167	0.000316983
3.679	2.53027	-1.11858	-0.328334	-1.44513	-2.78481	-0.00480112	0.000316983
3.692	2.53036	-1.11829	-0.328367	-1.44479	-2.78483	-0.00478515	0.000316983
3.705	2.53045	-1.11799	-0.328402	-1.44445	-2.78486	-0.00476891	0.000316983
3.718	2.53054	-1.11769	-0.328436	-1.4441	-2.78489	-0.00475236	0.000316983
3.731	2.53063	-1.11738	-0.328472	-1.44374	-2.78492	-0.00473559	0.000316983
3.744	2.53073	-1.11707	-0.328508	-1.44337	-2.78494	-0.00471845	0.000316983
3.757	2.53083	-1.11675	-0.328544	-1.443	-2.78497	-0.004701	0.000316983
3.77	2.53093	-1.11642	-0.328582	-1.44262	-2.785	-0.00468328	0.000316983
3.783	2.53103	-1.11609	-0.328619	-1.44224	-2.78503	-0.00466529	0.000316983
3.796	2.53113	-1.11576	-0.328658	-1.44185	-2.78506	-0.00464699	0.000316983
3.809	2.53124	-1.11541	-0.328697	-1.44145	-2.78509	-0.00462833	0.000316983
3.822	2.53135	-1.11507	-0.328737	-1.44105	-2.78512	-0.00460944	0.000316983
3.835	2.53145	-1.11471	-0.328777	-1.44064	-2.78516	-0.00459024	0.000316983
3.848	2.53156	-1.11436	-0.328818	-1.44022	-2.78519	-0.00457077	0.000316983
3.861	2.53167	-1.11399	-0.32886	-1.4398	-2.78522	-0.00455091	0.000316983
3.874	2.53179	-1.11362	-0.328902	-1.43937	-2.78525	-0.00453084	0.000316983
3.887	2.5319	-1.11325	-0.328945	-1.43893	-2.78529	-0.00451053	0.000316983
3.9	2.53202	-1.11287	-0.328988	-1.43849	-2.78532	-0.00448981	0.000316983
3.913	2.53214	-1.11249	-0.329032	-1.43805	-2.78536	-0.0044689	0.000316983
3.926	2.53226	-1.1121	-0.329077	-1.43759	-2.78539	-0.00444763	0.000316983
3.939	2.53238	-1.1117	-0.329122	-1.43713	-2.78543	-0.00442602	0.000316983
3.952	2.5325	-1.1113	-0.329168	-1.43667	-2.78546	-0.0044042	0.000316983
3.965	2.53263	-1.11089	-0.329215	-1.43619	-2.7855	-0.00438204	0.000316983
3.978	2.53275	-1.11048	-0.329262	-1.43572	-2.78554	-0.00435966	0.000316983
3.991	2.53288	-1.11006	-0.32931	-1.43523	-2.78557	-0.00433687	0.000316983
4.004	2.53301	-1.10964	-0.329358	-1.43474	-2.78561	-0.00431385	0.000316983
4.017	2.53314	-1.10921	-0.329407	-1.43424	-2.78565	-0.00429049	0.000316983
4.03	2.53328	-1.10878	-0.329457	-1.43374	-2.78569	-0.00426693	0.000316983
4.043	2.53341	-1.10834	-0.329507	-1.43323	-2.78573	-0.00424297	0.000316983
4.056	2.53355	-1.10789	-0.329558	-1.43271	-2.78577	-0.00421874	0.000316983
4.069	2.53368	-1.10744	-0.32961	-1.43219	-2.78581	-0.0041942	0.000316983
4.082	2.53382	-1.10699	-0.329662	-1.43166	-2.78585	-0.00416943	0.000316983
4.095	2.53397	-1.10653	-0.329715	-1.43112	-2.78589	-0.00414431	0.000316983
4.108	2.53411	-1.10606	-0.329768	-1.43058	-2.78593	-0.00411886	0.000316983
4.121	2.53425	-1.10559	-0.329822	-1.43003	-2.78598	-0.00409321	0.000316983
4.134	2.5344	-1.10511	-0.329877	-1.42948	-2.78602	-0.0040672	0.000316983
4.147	2.53455	-1.10463	-0.329932	-1.42892	-2.78606	-0.00404089	0.000316983
4.16	2.5347	-1.10414	-0.329988	-1.42835	-2.78611	-0.00401438	0.000316983
4.173	2.53485	-1.10365	-0.330045	-1.42778	-2.78615	-0.00398751	0.000316983
4.186	2.535	-1.10315	-0.330102	-1.4272	-2.78619	-0.00396032	0.000316983
4.199	2.53516	-1.10265	-0.330159	-1.42661	-2.78624	-0.00393286	0.000316983
4.212	2.53531	-1.10214	-0.330218	-1.42602	-2.78629	-0.00390512	0.000316983
4.225	2.53547	-1.10162	-0.330277	-1.42542	-2.78633	-0.00387704	0.000316983
4.238	2.53563	-1.1011	-0.330336	-1.42481	-2.78638	-0.0038487	0.000316983
4.251	2.53579	-1.10058	-0.330397	-1.4242	-2.78643	-0.00382007	0.000316983
4.264	2.53596	-1.10004	-0.330458	-1.42359	-2.78647	-0.00379113	0.000316983
4.277	2.53612	-1.09951	-0.330519	-1.42296	-2.78652	-0.00376183	0.000316983
4.29	2.53629	-1.09897	-0.330581	-1.42233	-2.78657	-0.00373233	0.000316983
4.303	2.53646	-1.09842	-0.330644	-1.4217	-2.78662	-0.00370253	0.000316983
4.316	2.53663	-1.09786	-0.330707	-1.42105	-2.78667	-0.00367237	0.000316983
4.329	2.5368	-1.09731	-0.330771	-1.4204	-2.78672	-0.003642	0.000316983
4.342	2.53697	-1.09674	-0.330836	-1.41975	-2.78677	-0.00361122	0.000316983
4.355	2.53714	-1.09617	-0.330901	-1.41909	-2.78682	-0.00358022	0.000316983
4.368	2.53732	-1.0956	-0.330967	-1.41842	-2.78687	-0.00354887	0.000316983
4.381	2.5375	-1.09502	-0.331033	-1.41774	-2.78692	-0.00351731	0.000316983
4.394	2.53768	-1.09443	-0.3311	-1.41706	-2.78698	-0.00348541	0.000316983
4.407	2.53786	-1.09384	-0.331168	-1.41638	-2.78703	-0.00345318	0.000316983
4.42	2.53804	-1.09325	-0.331236	-1.41568	-2.78708	-0.00342077	0.000316983
4.433	2.53823	-1.09264	-0.331305	-1.41498	-2.78714	-0.00338797	0.000316983
4.446	2.53841	-1.09204	-0.331375	-1.41428	-2.78719	-0.00335488	0.000316983
4.459	2.5386	-1.09142	-0.331445	-1.41357	-2.78725	-0.00332146	0.000316983
4.472	2.53879	-1.09081	-0.331516	-1.41285	-2.7873	-0.00328782	0.000316983
4.485	2.53898	-1.09018	-0.331587	-1.41212	-2.78736	-0.00325382	0.000316983
4.498	2.53918	-1.08955	-0.331659	-1.41139	-2.78742	-0.00321962	0.000316983
4.511	2.53937	-1.08892	-0.331732	-1.41066	-2.78747	-0.00318503	0.000316983
4.524	2.53957	-1.08828	-0.331805	-1.40991	-2.78753	-0.00315018	0.000316983
4.537	2.53977	-1.08763	-0.331879	-1.40916	-2.78759	-0.00311504	0.000316983
4.55	2.53997	-1.08698	-0.331954	-1.40841	-2.78765	-0.00307958	0.000316983
4.563	2.54017	-1.08633	-0.332029	-1.40764	-2.78771	-0.00304384	0.000316983
4.576	2.54037	-1.08567	-0.332105	-1.40687	-2.78777	-0.0030078	0.000316983
4.589	2.54057	-1.085	-0.332181	-1.4061	-2.78782	-0.0029715	0.000316983
4.602	2.54078	-1.08433	-0.332258	-1.40532	-2.78789	-0.00293492	0.000316983
4.615	2.54099	-1.08365	-0.332336	-1.40453	-2.78795	-0.00289792	0.000316983
4.628	2.5412	-1.08297	-0.332414	-1.40374	-2.78801	-0.00286072	0.000316983
4.641	2.54141	-1.08228	-0.332493	-1.40294	-2.78807	-0.00282323	0.000316983
4.654	2.54162	-1.08158	-0.332572	-1.40213	-2.78813	-0.00278543	0.000316983
4.667	2.54184	-1.08088	-0.332652	-1.40132	-2.78819	-0.00274729	0.000316983
4.68	2.54205	-1.08018	-0.332733	-1.4005	-2.78826	-0.00270893	0.000316983
4.693	2.54227	-1.07947	-0.332814	-1.39967	-2.78832	-0.00267025	0.000316983
4.706	2.54249	-1.07875	-0.332897	-1.39884	-2.78839	-0.00263121	0.000316983
4.719	2.54271	-1.07803	-0.332979	-1.398	-2.78845	-0.00259198	0.000316983
4.732	2.54294	-1.07731	-0.333062	-1.39716	-2.78852	-0.00255243	0.000316983
4.745	2.54316	-1.07658	-0.333146	-1.39631	-2.78858	-0.00251259	0.000316983
4.758	2.54339	-1.07584	-0.33323	-1.39546	-2.78865	-0.00247275	0.000316983
4.771	2.54361	-1.07511	-0.333314	-1.39461	-2.78871	-0.0024328	0.000316983
4.784	2.54383	-1.07438	-0.333398	-1.39376	-2.78878	-0.002393	0.000316983
4.797	2.54406	-1.07365	-0.333481	-1.39291	-2.78884	-0.00235334	0.000316983
4.81	2.54428	-1.07293	-0.333564	-1.39207	-2.78891	-0.00231389	0.000316983
4.823	2.5445	-1.07221	-0.333646	-1.39124	-2.78897	-0.00227483	0.000316983
4.836	2.54472	-1.0715	-0.333727	-1.39041	-2.78904	-0.00223604	0.000316983
4.849	2.54494	-1.07079	-0.333808	-1.38959	-2.7891	-0.00219757	0.000316983
4.862	2.54515	-1.07009	-0.333889	-1.38877	-2.78916	-0.00215931	0.000316983
4.875	2.54536	-1.06939	-0.333969	-1.38796	-2.78923	-0.0021214	0.000316983
4.888	2.54558	-1.0687	-0.334048	-1.38716	-2.78929	-0.00208379	0.000316983
4.901	2.54579	-1.06802	-0.334126	-1.38636	-2.78935	-0.00204644	0.000316983
4.914	2.546	-1.06734	-0.334204	-1.38557	-2.78941	-0.00200948	0.000316983
4.927	2.5462	-1.06666	-0.334281	-1.38479	-2.78947	-0.00197272	0.000316983
4.94	2.54641	-1.066	-0.334358	-1.38401	-2.78953	-0.00193631	0.000316983
4.953	2.54661	-1.06533	-0.334434	-1.38324	-2.78959	-0.00190012	0.000316983
4.966	2.54681	-1.06467	-0.334509	-1.38248	-2.78965	-0.00186424	0.000316983
4.979	2.54701	-1.06402	-0.334584	-1.38172	-2.78971	-0.00182873	0.000316983
4.992	2.54721	-1.06337	-0.334658	-1.38097	-2.78977	-0.00179344	0.000316983
5.005	2.54741	-1.06273	-0.334732	-1.38022	-2.78982	-0.00175855	0.000316983
5.018	2.5476	-1.0621	-0.334804	-1.37948	-2.78988	-0.0017239	0.000316983
5.031	2.5478	-1.06147	-0.334877	-1.37875	-2.78994	-0.00168947	0.000316983
5.044	2.54799	-1.06084	-0.334948	-1.37802	-2.78999	-0.00165547	0.000316983
5.057	2.54818	-1.06022	-0.335019	-1.3773	-2.79005	-0.00162161	0.000316983
5.07	2.54837	-1.0596	-0.33509	-1.37659	-2.79011	-0.00158816	0.000316983
5.083	2.54856	-1.059	-0.33516	-1.37588	-2.79016	-0.00155494	0.000316983
5.096	2.54874	-1.05839	-0.335229	-1.37518	-2.79022	-0.00152212	0.000316983
5.109	2.54893	-1.05779	-0.335297	-1.37448	-2.79027	-0.00148944	0.000316983
5.122	2.54911	-1.0572	-0.335365	-1.37379	-2.79032	-0.00145719	0.000316983
5.135	2.54929	-1.05661	-0.335432	-1.37311	-2.79037	-0.00142517	0.000316983
5.148	2.54947	-1.05603	-0.335499	-1.37243	-2.79043	-0.0013935	0.000316983
5.161	2.54964	-1.05545	-0.335565	-1.37176	-2.79048	-0.00136205	0.000316983
5.174	2.54982	-1.05488	-0.335631	-1.3711	-2.79053	-0.00133097	0.000316983
5.187	2.54999	-1.05432	-0.335696	-1.37044	-2.79058	-0.00130016	0.000316983
5.2	2.55016	-1.05376	-0.33576	-1.36979	-2.79063	-0.00126954	0.000316983
5.213	2.55033	-1.0532	-0.335823	-1.36914	-2.79068	-0.00123932	0.000316983
5.226	2.5505	-1.05265	-0.335886	-1.3685	-2.79073	-0.00120937	0.000316983
5.239	2.55067	-1.05211	-0.335949	-1.36787	-2.79078	-0.00117974	0.000316983
5.252	2.55084	-1.05157	-0.33601	-1.36725	-2.79083	-0.00115047	0.000316983
5.265	2.551	-1.05104	-0.336071	-1.36663	-2.79088	-0.0011214	0.000316983
5.278	2.55116	-1.05051	-0.336132	-1.36601	-2.79092	-0.00109262	0.000316983
5.291	2.55132	-1.04999	-0.336192	-1.36541	-2.79097	-0.00106416	0.000316983
5.304	2.55148	-1.04947	-0.336251	-1.3648	-2.79102	-0.00103599	0.000316983
5.317	2.55164	-1.04896	-0.336309	-1.36421	-2.79106	-0.00100812	0.000316983
5.33	2.55179	-1.04845	-0.336367	-1.36362	-2.79111	-0.000980597	0.000316983
5.343	2.55195	-1.04795	-0.336425	-1.36304	-2.79115	-0.000953292	0.000316983
5.356	2.5521	-1.04745	-0.336482	-1.36246	-2.7912	-0.000926307	0.000316983
5.369	2.55225	-1.04697	-0.336538	-1.36189	-2.79124	-0.000899582	0.000316983
5.382	2.5524	-1.04648	-0.336593	-1.36133	-2.79129	-0.000873257	0.000316983
5.395	2.55254	-1.046	-0.336648	-1.36077	-2.79133	-0.000847135	0.000316983
5.408	2.55269	-1.04553	-0.336702	-1.36022	-2.79137	-0.000821263	0.000316983
5.421	2.55283	-1.04506	-0.336756	-1.35968	-2.79141	-0.000795806	0.000316983
5.434	2.55298	-1.0446	-0.336809	-1.35914	-2.79145	-0.000770569	0.000316983
5.447	2.55312	-1.04414	-0.336861	-1.35861	-2.7915	-0.000745737	0.000316983
5.46	2.55326	-1.04369	-0.336913	-1.35809	-2.79154	-0.000721051	0.000316983
5.473	2.55339	-1.04324	-0.336964	-1.35757	-2.79158	-0.000696789	0.000316983
5.486	2.55353	-1.0428	-0.337015	-1.35705	-2.79162	-0.000672665	0.000316983
5.499	2.55366	-1.04236	-0.337065	-1.35655	-2.79165	-0.000648955	0.000316983
5.512	2.55379	-1.04193	-0.337114	-1.35605	-2.79169	-0.000625558	0.000316983
5.525	2.55392	-1.04151	-0.337163	-1.35555	-2.79173	-0.000602385	0.000316983
5.538	2.55405	-1.04109	-0.337211	-1.35507	-2.79177	-0.000579556	0.000316983
5.551	2.55418	-1.04068	-0.337258	-1.35458	-2.79181	-0.000556931	0.000316983
5.564	2.55431	-1.04027	-0.337305	-1.35411	-2.79184	-0.000534699	0.000316983
5.577	2.55443	-1.03986	-0.337351	-1.35364	-2.79188	-0.000512741	0.000316983
5.59	2.55455	-1.03947	-0.337397	-1.35318	-2.79191	-0.000491091	0.000316983
5.603	2.55467	-1.03907	-0.337442	-1.35272	-2.79195	-0.000469713	0.000316983
5.616	2.55479	-1.03869	-0.337486	-1.35227	-2.79199	-0.000448622	0.000316983
5.629	2.55491	-1.03831	-0.33753	-1.35183	-2.79202	-0.000427857	0.000316983
5.642	2.55502	-1.03793	-0.337573	-1.35139	-2.79205	-0.000407373	0.000316983
5.655	2.55514	-1.03756	-0.337615	-1.35096	-2.79209	-0.000387162	0.000316983
5.668	2.55525	-1.03719	-0.337657	-1.35054	-2.79212	-0.000367261	0.000316983
5.681	2.55536	-1.03683	-0.337698	-1.35012	-2.79215	-0.00034773	0.000316983
5.694	2.55547	-1.03648	-0.337739	-1.34971	-2.79218	-0.000328415	0.000316983
5.707	2.55557	-1.03613	-0.337779	-1.3493	-2.79221	-0.000309419	0.000316983
5.72	2.55568	-1.03579	-0.337818	-1.3489	-2.79225	-0.000290683	0.000316983
5.733	2.55578	-1.03545	-0.337857	-1.34851	-2.79228	-0.000272236	0.000316983
5.746	2.55589	-1.03512	-0.337895	-1.34812	-2.79231	-0.000254215	0.000316983
5.759	2.55599	-1.03479	-0.337932	-1.34774	-2.79234	-0.000236333	0.000316983
5.772	2.55609	-1.03447	-0.337969	-1.34737	-2.79236	-0.000218849	0.000316983
5.785	2.55618	-1.03415	-0.338005	-1.347	-2.79239	-0.00020156	0.000316983
5.798	2.55628	-1.03384	-0.338041	-1.34664	-2.79242	-0.000184629	0.000316983
5.811	2.55637	-1.03353	-0.338076	-1.34629	-2.79245	-0.000168041	0.000316983
5.824	2.55646	-1.03323	-0.33811	-1.34594	-2.79247	-0.000151658	0.000316983
5.837	2.55655	-1.03294	-0.338144	-1.34559	-2.7925	-0.000135621	0.000316983
5.85	2.55664	-1.03265	-0.338177	-1.34526	-2.79253	-0.000119802	0.000316983
5.863	2.55673	-1.03237	-0.33821	-1.34493	-2.79255	-0.000104394	0.000316983
5.876	2.55682	-1.03209	-0.338242	-1.3446	-2.79258	-8.92108e-05	0.000316983
5.889	2.5569	-1.03182	-0.338273	-1.34429	-2.7926	-7.43709e-05	0.000316983
5.902	2.55698	-1.03155	-0.338304	-1.34398	-2.79263	-5.9735e-05	0.000316983
5.915	2.55706	-1.03129	-0.338334	-1.34367	-2.79265	-4.54934e-05	0.000316983
5.928	2.55714	-1.03103	-0.338363	-1.34337	-2.79267	-3.15243e-05	0.000316983
5.941	2.55722	-1.03078	-0.338392	-1.34308	-2.7927	-1.77727e-05	0.000316983
5.954	2.55729	-1.03053	-0.33842	-1.3428	-2.79272	-4.42542e-06	0.000316983
5.967	2.55737	-1.03029	-0.338448	-1.34252	-2.79274	8.6636e-06	0.000316983
5.98	2.55744	-1.03006	-0.338474	-1.34224	-2.79276	2.15517e-05	0.000316983
5.993	2.55751	-1.02983	-0.338501	-1.34198	-2.79278	3.40457e-05	0.000316983
6.006	2.55758	-1.0296	-0.338526	-1.34172	-2.7928	4.62671e-05	0.000316983
6.019	2.55765	-1.02938	-0.338551	-1.34146	-2.79282	5.81785e-05	0.000316983
6.032	2.55771	-1.02917	-0.338576	-1.34121	-2.79284	6.97207e-05	0.000316983
6.045	2.55778	-1.02896	-0.3386	-1.34097	-2.79286	8.1062e-05	0.000316983
6.058	2.55784	-1.02876	-0.338623	-1.34074	-2.79288	9.211e-05	0.000316983
6.071	2.5579	-1.02856	-0.338646	-1.34051	-2.79289	0.000102799	0.000316983
6.084	2.55796	-1.02837	-0.338667	-1.34028	-2.79291	0.000113273	0.000316983
6.097	2.55801	-1.02819	-0.338689	-1.34007	-2.79293	0.000123436	0.000316983
6.11	2.55807	-1.028	-0.338709	-1.33986	-2.79294	0.000133231	0.000316983
6.123	2.55812	-1.02783	-0.33873	-1.33965	-2.79296	0.000142809	0.000316983
6.136	2.55818	-1.02766	-0.338749	-1.33946	-2.79298	0.000152067	0.000316983
6.149	2.55823	-1.02749	-0.338768	-1.33927	-2.79299	0.000161066	0.000316983
6.162	2.55827	-1.02734	-0.338786	-1.33908	-2.793	0.000169664	0.000316983
6.175	2.55832	-1.02718	-0.338804	-1.3389	-2.79302	0.000178059	0.000316983
6.188	2.55837	-1.02703	-0.338821	-1.33873	-2.79303	0.000186205	0.000316983
6.201	2.55841	-1.02689	-0.338837	-1.33856	-2.79304	0.000193935	0.000316983
6.214	2.55845	-1.02675	-0.338853	-1.3384	-2.79306	0.000201445	0.000316983
6.227	2.55849	-1.02662	-0.338868	-1.33825	-2.79307	0.000208597	0.000316983
6.24	2.55853	-1.02649	-0.338882	-1.3381	-2.79308	0.000215532	0.000316983
6.253	2.55857	-1.02637	-0.338896	-1.33796	-2.79309	0.000222045	0.000316983
6.266	2.55861	-1.02626	-0.33891	-1.33783	-2.7931	0.000228443	0.000316983
6.279	2.55864	-1.02615	-0.338922	-1.3377	-2.79311	0.000234426	0.000316983
6.292	2.55867	-1.02604	-0.338934	-1.33758	-2.79312	0.000240096	0.000316983
6.305	2.5587	-1.02594	-0.338946	-1.33746	-2.79313	0.000245542	0.000316983
6.318	2.55873	-1.02585	-0.338956	-1.33735	-2.79314	0.000250645	0.000316983
6.331	2.55876	-1.02576	-0.338967	-1.33725	-2.79315	0.000255544	0.000316983
6.344	2.55878	-1.02568	-0.338976	-1.33715	-2.79315	0.000260048	0.000316983
6.357	2.55881	-1.0256	-0.338985	-1.33706	-2.79316	0.00026428	0.000316983
6.37	2.55883	-1.02553	-0.338993	-1.33698	-2.79317	0.000268203	0.000316983
6.383	2.55885	-1.02546	-0.339001	-1.3369	-2.79317	0.000271901	0.000316983
6.396	2.55887	-1.0254	-0.339008	-1.33683	-2.79318	0.000275241	0.000316983
6.409	2.55889	-1.02534	-0.339014	-1.33676	-2.79318	0.000278258	0.000316983
6.422	2.5589	-1.02529	-0.33902	-1.33671	-2.79319	0.000281014	0.000316983
6.435	2.55892	-1.02525	-0.339025	-1.33665	-2.79319	0.000283499	0.000316983
6.448	2.55893	-1.02521	-0.33903	-1.33661	-2.7932	0.000285673	0.000316983
6.461	2.55894	-1.02517	-0.339034	-1.33657	-2.7932	0.000287478	0.000316983
6.474	2.55895	-1.02514	-0.339037	-1.33653	-2.7932	0.000289082	0.000316983
6.487	2.55895	-1.02512	-0.33904	-1.33651	-2.7932	0.000290393	0.000316983
6.5	2.55896	-1.0251	-0.339042	-1.33648	-2.79321	0.000291345	0.000316983
6.513	2.55896	-1.02509	-0.339043	-1.33647	-2.79321	0.000292081	0.000316983
6.526	2.55897	-1.02508	-0.339044	-1.33646	-2.79321	0.00029251	0.000316983
6.539	2.55897	-1.02508	-0.339045	-1.33645	-2.79321	0.000292858	0.000316983
6.552	2.55897	-1.02507	-0.339045	-1.33645	-2.79321	0.000292992	0.000316983
6.565	2.55897	-1.02507	-0.339045	-1.33645	-2.79321	0.000293014	0.000316983
6.578	2.55897	-1.02507	-0.339045	-1.33645	-2.79321	0.000293014	0.000316983
6.591	2.55897	-1.02507	-0.339045	-1.33645	-2.79321	0.000293014	0.000316983
6.604	2.55897	-1.02507	-0.339045	-1.33645	-2.79321	0.000293015	0.000316983
6.617	2.55897	-1.02507	-0.339045	-1.33645	-2.79321	0.000293208	0.000316983
6.63	2.55897	-1.02507	-0.339045	-1.33645	-2.7932	0.000293745	0.000316983
6.643	2.55897	-1.02507	-0.339045	-1.33645	-2.79318	0.000294776	0.000316983
6.656	2.55897	-1.02507	-0.339044	-1.33645	-2.79316	0.000296607	0.000316983
6.669	2.55897	-1.02507	-0.339043	-1.33645	-2.79312	0.000299428	0.000316983
6.682	2.55898	-1.02507	-0.339042	-1.33645	-2.79306	0.000303392	0.000316983
6.695	2.55898	-1.02507	-0.33904	-1.33645	-2.79299	0.000308604	0.000316983
6.708	2.55898	-1.02507	-0.339038	-1.33645	-2.79289	0.000315064	0.000316983
6.721	2.55899	-1.02507	-0.339036	-1.33645	-2.79278	0.00032268	0.000316983
6.734	2.559	-1.02508	-0.339033	-1.33645	-2.79266	0.00033158	0.000316983
6.747	2.559	-1.02508	-0.339029	-1.33645	-2.79251	0.000341785	0.000316983
6.76	2.55901	-1.02508	-0.339026	-1.33645	-2.79235	0.000353239	0.000316983
6.773	2.55902	-1.02508	-0.339022	-1.33645	-2.79217	0.000365941	0.000316983
6.786	2.55903	-1.02508	-0.339017	-1.33645	-2.79197	0.000379891	0.000316983
6.799	2.55904	-1.02508	-0.339012	-1.33646	-2.79175	0.000395089	0.000316983
6.812	2.55905	-1.02508	-0.339007	-1.33646	-2.79152	0.00041139	0.000316983
6.825	2.55907	-1.02508	-0.339001	-1.33646	-2.79126	0.000429082	0.000316983
6.838	2.55908	-1.02509	-0.338995	-1.33646	-2.79099	0.000448026	0.000316983
6.851	2.55909	-1.02509	-0.338988	-1.33646	-2.79071	0.000468218	0.000316983
6.864	2.55911	-1.02509	-0.338981	-1.33646	-2.7904	0.000489531	0.000316983
6.877	2.55913	-1.02509	-0.338974	-1.33646	-2.79008	0.000512198	0.000316983
6.89	2.55914	-1.02509	-0.338966	-1.33646	-2.78973	0.000536135	0.000316983
6.903	2.55916	-1.0251	-0.338958	-1.33647	-2.78938	0.000561193	0.000316983
6.916	2.55918	-1.0251	-0.33895	-1.33647	-2.789	0.000587605	0.000316983
6.929	2.5592	-1.0251	-0.338941	-1.33647	-2.7886	0.000615287	0.000316983
6.942	2.55922	-1.0251	-0.338931	-1.33647	-2.78819	0.00064409	0.000316983
6.955	2.55924	-1.02511	-0.338921	-1.33647	-2.78776	0.000674247	0.000316983
6.968	2.55926	-1.02511	-0.338911	-1.33648	-2.78731	0.000705628	0.000316983
6.981	2.55929	-1.02511	-0.338901	-1.33648	-2.78685	0.000738201	0.000316983
6.994	2.55931	-1.02511	-0.338889	-1.33648	-2.78636	0.000772123	0.000316983
7.007	2.55934	-1.02512	-0.338878	-1.33648	-2.78586	0.000807151	0.000316983
7.02	2.55936	-1.02512	-0.338866	-1.33648	-2.78534	0.000843568	0.000316983
7.033	2.55939	-1.02512	-0.338854	-1.33649	-2.78481	0.000881145	0.000316983
7.046	2.55942	-1.02513	-0.338841	-1.33649	-2.78425	0.000920005	0.000316983
7.059	2.55945	-1.02513	-0.338828	-1.33649	-2.78368	0.000960043	0.000316983
7.072	2.55948	-1.02513	-0.338815	-1.33649	-2.78309	0.00100143	0.000316983
7.085	2.55951	-1.02514	-0.338801	-1.3365	-2.78248	0.00104395	0.000316983
7.098	2.55954	-1.02514	-0.338787	-1.3365	-2.78185	0.00108784	0.000316983
7.111	2.55957	-1.02515	-0.338772	-1.3365	-2.78121	0.00113287	0.000316983
7.124	2.5596	-1.02515	-0.338757	-1.33651	-2.78055	0.00117923	0.000316983
7.137	2.55964	-1.02515	-0.338741	-1.33651	-2.77987	0.00122678	0.000316983
7.15	2.55967	-1.02516	-0.338726	-1.33651	-2.77917	0.00127559	0.000316983
7.163	2.55971	-1.02516	-0.338709	-1.33651	-2.77845	0.00132564	0.000316983
7.176	2.55974	-1.02517	-0.338693	-1.33652	-2.77772	0.00137694	0.000316983
7.189	2.55978	-1.02517	-0.338676	-1.33652	-2.77697	0.0014295	0.000316983
7.202	2.55982	-1.02518	-0.338658	-1.33652	-2.7762	0.00148329	0.000316983
7.215	2.55986	-1.02518	-0.33864	-1.33653	-2.77542	0.00153832	0.000316983
7.228	2.5599	-1.02519	-0.338622	-1.33653	-2.77461	0.00159458	0.000316983
7.241	2.55994	-1.02519	-0.338603	-1.33653	-2.77379	0.00165218	0.000316983
7.254	2.55998	-1.0252	-0.338584	-1.33654	-2.77295	0.00171095	0.000316983
7.267	2.56003	-1.0252	-0.338564	-1.33654	-2.77209	0.00177095	0.000316983
7.28	2.56007	-1.02521	-0.338544	-1.33655	-2.77122	0.00183219	0.000316983
7.293	2.56012	-1.02521	-0.338524	-1.33655	-2.77032	0.0018947	0.000316983
7.306	2.56016	-1.02522	-0.338503	-1.33655	-2.76941	0.00195847	0.000316983
7.319	2.56021	-1.02522	-0.338482	-1.33656	-2.76848	0.0020235	0.000316983
7.332	2.56025	-1.02523	-0.338461	-1.33656	-2.76754	0.00208976	0.000316983
7.345	2.5603	-1.02524	-0.338439	-1.33657	-2.76657	0.00215726	0.000316983
7.358	2.56035	-1.02524	-0.338416	-1.33657	-2.76559	0.00222599	0.000316983
7.371	2.5604	-1.02525	-0.338393	-1.33658	-2.76459	0.00229598	0.000316983
7.384	2.56045	-1.02525	-0.33837	-1.33658	-2.76357	0.00236724	0.000316983
7.397	2.56051	-1.02526	-0.338347	-1.33658	-2.76254	0.00243976	0.000316983
7.41	2.56056	-1.02527	-0.338323	-1.33659	-2.76148	0.0025134	0.000316983
7.423	2.56061	-1.02527	-0.338298	-1.33659	-2.76041	0.00258841	0.000316983
7.436	2.56067	-1.02528	-0.338273	-1.3366	-2.75932	0.00266467	0.000316983
7.449	2.56072	-1.02529	-0.338248	-1.3366	-2.75822	0.00274206	0.000316983
7.462	2.56078	-1.02529	-0.338223	-1.33661	-2.75709	0.00282081	0.000316983
7.475	2.56084	-1.0253	-0.338197	-1.33661	-2.75595	0.00290082	0.000316983
7.488	2.56089	-1.02531	-0.33817	-1.33662	-2.75479	0.00298195	0.000316983
7.501	2.56095	-1.02532	-0.338143	-1.33662	-2.75361	0.00306444	0.000316983
7.514	2.56101	-1.02532	-0.338116	-1.33663	-2.75241	0.0031481	0.000316983
7.527	2.56107	-1.02533	-0.338088	-1.33663	-2.7512	0.00323308	0.000316983
7.54	2.56113	-1.02534	-0.33806	-1.33664	-2.74997	0.00331932	0.000316983
7.553	2.5612	-1.02535	-0.338032	-1.33664	-2.74872	0.00340672	0.000316983
7.566	2.56126	-1.02535	-0.338003	-1.33665	-2.74745	0.00349542	0.000316983
7.579	2.56132	-1.02536	-0.337974	-1.33666	-2.74617	0.00358527	0.000316983
7.592	2.56139	-1.02537	-0.337944	-1.33666	-2.74486	0.00367652	0.000316983
7.605	2.56146	-1.02538	-0.337914	-1.33667	-2.74354	0.00376888	0.000316983
7.618	2.56152	-1.02539	-0.337883	-1.33667	-2.74221	0.00386261	0.000316983
7.631	2.56159	-1.02539	-0.337853	-1.33668	-2.74085	0.00395746	0.000316983
7.644	2.56166	-1.0254	-0.337821	-1.33669	-2.73948	0.00405368	0.000316983
7.657	2.56173	-1.02541	-0.33779	-1.33669	-2.73808	0.00415104	0.000316983
7.67	2.5618	-1.02542	-0.337757	-1.3367	-2.73668	0.00424968	0.000316983
7.683	2.56187	-1.02543	-0.337725	-1.3367	-2.73525	0.00434962	0.000316983
7.696	2.56194	-1.02544	-0.337692	-1.33671	-2.7338	0.0044507	0.000316983
7.709	2.56202	-1.02545	-0.337659	-1.33672	-2.73234	0.00455318	0.000316983
7.722	2.56209	-1.02545	-0.337625	-1.33672	-2.73086	0.00465677	0.000316983
7.735	2.56217	-1.02546	-0.337591	-1.33673	-2.72936	0.0047616	0.000316983
7.748	2.56224	-1.02547	-0.337556	-1.33674	-2.72784	0.00486782	0.000316983
7.761	2.56232	-1.02548	-0.337521	-1.33674	-2.72631	0.00497515	0.000316983
7.774	2.5624	-1.02549	-0.337486	-1.33675	-2.72476	0.00508373	0.000316983
7.787	2.56248	-1.0255	-0.33745	-1.33676	-2.72319	0.00519355	0.000316983
7.8	2.56256	-1.02551	-0.337414	-1.33676	-2.7216	0.00530476	0.000316983
7.813	2.56264	-1.02552	-0.337377	-1.33677	-2.72	0.0054171	0.000316983
7.826	2.56272	-1.02553	-0.33734	-1.33678	-2.71837	0.00553067	0.000316983
7.839	2.5628	-1.02554	-0.337303	-1.33678	-2.71673	0.00564548	0.000316983
7.852	2.56288	-1.02555	-0.337265	-1.33679	-2.71507	0.00576155	0.000316983
7.865	2.56297	-1.02556	-0.337227	-1.3368	-2.7134	0.00587901	0.000316983
7.878	2.56305	-1.02557	-0.337189	-1.33681	-2.7117	0.00599758	0.000316983
7.891	2.56314	-1.02558	-0.337149	-1.33681	-2.70999	0.00611739	0.000316983
7.904	2.56322	-1.02559	-0.33711	-1.33682	-2.70826	0.00623845	0.000316983
7.917	2.56331	-1.0256	-0.33707	-1.33683	-2.70651	0.00636076	0.000316983
7.93	2.5634	-1.02562	-0.33703	-1.33684	-2.70475	0.00648431	0.000316983
7.943	2.56349	-1.02563	-0.336989	-1.33685	-2.70296	0.00660912	0.000316983
7.956	2.56358	-1.02564	-0.336948	-1.33685	-2.70116	0.00673517	0.000316983
7.969	2.56367	-1.02565	-0.336907	-1.33686	-2.69934	0.00686247	0.000316983
7.982	2.56376	-1.02566	-0.336865	-1.33687	-2.69751	0.00699102	0.000316983
7.995	2.56385	-1.02567	-0.336823	-1.33688	-2.69565	0.00712082	0.000316983
8.008	2.56395	-1.02568	-0.33678	-1.33689	-2.69378	0.00725186	0.000316983
8.021	2.56404	-1.02569	-0.336737	-1.33689	-2.69189	0.00738416	0.000316983
8.034	2.56414	-1.02571	-0.336694	-1.3369	-2.68998	0.0075177	0.000316983
8.047	2.56424	-1.02572	-0.33665	-1.33691	-2.68806	0.00765249	0.000316983
8.06	2.56433	-1.02573	-0.336605	-1.33692	-2.68611	0.00778853	0.000316983
8.073	2.56443	-1.02574	-0.336561	-1.33693	-2.68415	0.00792582	0.000316983
8.086	2.56453	-1.02575	-0.336516	-1.33694	-2.68217	0.00806436	0.000316983
8.099	2.56463	-1.02577	-0.33647	-1.33695	-2.68017	0.00820414	0.000316983
8.112	2.56473	-1.02578	-0.336424	-1.33695	-2.67816	0.00834517	0.000316983
8.125	2.56483	-1.02579	-0.336378	-1.33696	-2.67613	0.00848736	0.000316983
8.138	2.56494	-1.0258	-0.336331	-1.33697	-2.67408	0.00863084	0.000316983
8.151	2.56504	-1.02582	-0.336284	-1.33698	-2.67201	0.00877561	0.000316983
8.164	2.56514	-1.02583	-0.336237	-1.33699	-2.66992	0.00892164	0.000316983
8.177	2.56525	-1.02584	-0.336189	-1.337	-2.66782	0.00906892	0.000316983
8.19	2.56535	-1.02586	-0.33614	-1.33701	-2.6657	0.00921742	0.000316983
8.203	2.56546	-1.02587	-0.336092	-1.33702	-2.66356	0.00936706	0.000316983
8.216	2.56557	-1.02588	-0.336042	-1.33703	-2.6614	0.00951808	0.000316983
8.229	2.56568	-1.02589	-0.335993	-1.33704	-2.65923	0.00967035	0.000316983
8.242	2.56579	-1.02591	-0.335943	-1.33705	-2.65703	0.00982377	0.000316983
8.255	2.5659	-1.02592	-0.335893	-1.33706	-2.65482	0.00997848	0.000316983
8.268	2.56601	-1.02594	-0.335842	-1.33707	-2.65259	0.0101345	0.000316983
8.281	2.56612	-1.02595	-0.335791	-1.33708	-2.65035	0.0102917	0.000316983
8.294	2.56624	-1.02596	-0.335739	-1.33709	-2.64808	0.0104501	0.000316983
8.307	2.56635	-1.02598	-0.335687	-1.3371	-2.6458	0.0106099	0.000316983
8.32	2.56647	-1.02599	-0.335635	-1.33711	-2.6435	0.0107707	0.000316983
8.333	2.56658	-1.02601	-0.335582	-1.33712	-2.64118	0.010933	0.000316983
8.346	2.5667	-1.02602	-0.335529	-1.33713	-2.63885	0.0110964	0.000316983
8.359	2.56682	-1.02603	-0.335475	-1.33714	-2.6365	0.0112611	0.000316983
8.372	2.56694	-1.02605	-0.335421	-1.33715	-2.63413	0.011427	0.000316983
8.385	2.56706	-1.02606	-0.335367	-1.33716	-2.63174	0.0115942	0.000316983
8.398	2.56718	-1.02608	-0.335312	-1.33717	-2.62933	0.0117626	0.000316983
8.411	2.5673	-1.02609	-0.335257	-1.33718	-2.62691	0.0119323	0.000316983
8.424	2.56742	-1.02611	-0.335201	-1.33719	-2.62446	0.0121033	0.000316983
8.437	2.56754	-1.02612	-0.335145	-1.3372	-2.622	0.0122754	0.000316983
8.45	2.56767	-1.02614	-0.335088	-1.33721	-2.61953	0.0124488	0.000316983
8.463	2.56779	-1.02615	-0.335032	-1.33722	-2.61703	0.0126234	0.000316983
8.476	2.56792	-1.02617	-0.334974	-1.33723	-2.61452	0.0127993	0.000316983
8.489	2.56804	-1.02618	-0.334917	-1.33724	-2.61199	0.0129765	0.000316983
8.502	2.56817	-1.0262	-0.334859	-1.33726	-2.60944	0.0131549	0.000316983
8.515	2.5683	-1.02622	-0.3348	-1.33727	-2.60687	0.0133345	0.000316983
8.528	2.56843	-1.02623	-0.334741	-1.33728	-2.60429	0.0135154	0.000316983
8.541	2.56856	-1.02625	-0.334682	-1.33729	-2.60168	0.0136975	0.000316983
8.554	2.56869	-1.02626	-0.334622	-1.3373	-2.59906	0.0138809	0.000316983
8.567	2.56882	-1.02628	-0.334562	-1.33731	-2.59643	0.0140655	0.000316983
8.58	2.56896	-1.0263	-0.334502	-1.33732	-2.59377	0.0142514	0.000316983
8.593	2.56909	-1.02631	-0.334441	-1.33734	-2.5911	0.0144385	0.000316983
8.606	2.56923	-1.02633	-0.334379	-1.33735	-2.58841	0.0146269	0.000316983
8.619	2.56936	-1.02635	-0.334318	-1.33736	-2.5857	0.0148165	0.000316983
8.632	2.5695	-1.02636	-0.334256	-1.33737	-2.58297	0.0150073	0.000316983
8.645	2.56964	-1.02638	-0.334193	-1.33738	-2.58023	0.0151994	0.000316983
8.658	2.56977	-1.0264	-0.33413	-1.3374	-2.57746	0.0153927	0.000316983
8.671	2.56991	-1.02641	-0.334067	-1.33741	-2.57468	0.0155873	0.000316983
8.684	2.57005	-1.02643	-0.334003	-1.33742	-2.57188	0.0157832	0.000316983
8.697	2.57019	-1.02645	-0.333939	-1.33743	-2.56907	0.0159803	0.000316983
8.71	2.57034	-1.02647	-0.333874	-1.33744	-2.56624	0.0161786	0.000316983
8.723	2.57048	-1.02648	-0.333809	-1.33746	-2.56338	0.0163781	0.000316983
8.736	2.57062	-1.0265	-0.333744	-1.33747	-2.56051	0.016579	0.000316983
8.749	2.57077	-1.02652	-0.333678	-1.33748	-2.55763	0.016781	0.000316983
8.762	2.57091	-1.02654	-0.333612	-1.3375	-2.55472	0.0169844	0.000316983
8.775	2.57106	-1.02655	-0.333545	-1.33751	-2.5518	0.0171889	0.000316983
8.788	2.57121	-1.02657	-0.333478	-1.33752	-2.54886	0.0173947	0.000316983
8.801	2.57135	-1.02659	-0.333411	-1.33753	-2.5459	0.0176018	0.000316983
8.814	2.5715	-1.02661	-0.333343	-1.33755	-2.54292	0.01781	0.000316983
8.827	2.57165	-1.02663	-0.333275	-1.33756	-2.53993	0.0180196	0.000316983
8.84	2.5718	-1.02665	-0.333206	-1.33757	-2.53692	0.0182304	0.000316983
8.853	2.57196	-1.02666	-0.333137	-1.33759	-2.53389	0.0184424	0.000316983
8.866	2.57211	-1.02668	-0.333068	-1.3376	-2.53084	0.0186557	0.000316983
8.879	2.57226	-1.0267	-0.332998	-1.33761	-2.52778	0.0188697	0.000316983
8.892	2.57242	-1.02672	-0.332928	-1.33763	-2.52472	0.0190843	0.000316983
8.905	2.57257	-1.02674	-0.332859	-1.33764	-2.52165	0.019299	0.000316983
8.918	2.57272	-1.02676	-0.332789	-1.33765	-2.51859	0.0195133	0.000316983
8.931	2.57287	-1.02678	-0.332719	-1.33767	-2.51554	0.0197269	0.000316983
8.944	2.57303	-1.0268	-0.33265	-1.33768	-2.5125	0.0199394	0.000316983
8.957	2.57318	-1.02681	-0.332581	-1.33769	-2.50948	0.0201505	0.000316983
8.97	2.57333	-1.02683	-0.332513	-1.33771	-2.50648	0.0203606	0.000316983
8.983	2.57348	-1.02685	-0.332445	-1.33772	-2.5035	0.0205693	0.000316983
8.996	2.57363	-1.02687	-0.332378	-1.33773	-2.50054	0.0207768	0.000316983
9.009	2.57377	-1.02689	-0.33231	-1.33775	-2.49759	0.0209829	0.000316983
9.022	2.57392	-1.02691	-0.332244	-1.33776	-2.49466	0.0211879	0.000316983
9.035	2.57407	-1.02692	-0.332177	-1.33777	-2.49175	0.0213917	0.000316983
9.048	2.57421	-1.02694	-0.332111	-1.33778	-2.48886	0.0215942	0.000316983
9.061	2.57436	-1.02696	-0.332046	-1.3378	-2.48598	0.0217955	0.000316983
9.074	2.5745	-1.02698	-0.331981	-1.33781	-2.48312	0.0219955	0.000316983
9.087	2.57464	-1.02699	-0.331916	-1.33782	-2.48028	0.0221943	0.000316983
9.1	2.57478	-1.02701	-0.331852	-1.33783	-2.47746	0.0223916	0.000316983
9.113	2.57492	-1.02703	-0.331788	-1.33785	-2.47466	0.0225879	0.000316983
9.126	2.57506	-1.02705	-0.331724	-1.33786	-2.47187	0.0227829	0.000316983
9.139	2.5752	-1.02706	-0.331661	-1.33787	-2.4691	0.0229767	0.000316983
9.152	2.57534	-1.02708	-0.331599	-1.33788	-2.46635	0.0231692	0.000316983
9.165	2.57547	-1.0271	-0.331536	-1.33789	-2.46362	0.0233605	0.000316983
9.178	2.57561	-1.02711	-0.331475	-1.33791	-2.4609	0.0235506	0.000316983
9.191	2.57575	-1.02713	-0.331413	-1.33792	-2.45821	0.0237393	0.000316983
9.204	2.57588	-1.02715	-0.331352	-1.33793	-2.45553	0.0239269	0.000316983
9.217	2.57601	-1.02716	-0.331291	-1.33794	-2.45287	0.0241132	0.000316983
9.23	2.57615	-1.02718	-0.331231	-1.33795	-2.45022	0.0242982	0.000316983
9.243	2.57628	-1.02719	-0.331171	-1.33796	-2.4476	0.024482	0.000316983
9.256	2.57641	-1.02721	-0.331112	-1.33798	-2.44499	0.0246645	0.000316983
9.269	2.57654	-1.02723	-0.331053	-1.33799	-2.4424	0.024846	0.000316983
9.282	2.57667	-1.02724	-0.330994	-1.338	-2.43982	0.025026	0.000316983
9.295	2.57679	-1.02726	-0.330936	-1.33801	-2.43727	0.0252048	0.000316983
9.308	2.57692	-1.02727	-0.330878	-1.33802	-2.43473	0.0253824	0.000316983
9.321	2.57705	-1.02729	-0.330821	-1.33803	-2.43221	0.0255587	0.000316983
9.334	2.57717	-1.0273	-0.330764	-1.33804	-2.42971	0.0257337	0.000316983
9.347	2.5773	-1.02732	-0.330707	-1.33805	-2.42723	0.0259076	0.000316983
9.36	2.57742	-1.02733	-0.330651	-1.33806	-2.42476	0.0260802	0.000316983
9.373	2.57754	-1.02735	-0.330595	-1.33808	-2.42231	0.0262515	0.000316983
9.386	2.57767	-1.02736	-0.33054	-1.33809	-2.41988	0.0264216	0.000316983
9.399	2.57779	-1.02738	-0.330485	-1.3381	-2.41747	0.0265904	0.000316983
9.412	2.57791	-1.02739	-0.330431	-1.33811	-2.41508	0.0267581	0.000316983
9.425	2.57802	-1.02741	-0.330376	-1.33812	-2.4127	0.0269244	0.000316983
9.438	2.57814	-1.02742	-0.330323	-1.33813	-2.41034	0.0270895	0.000316983
9.451	2.57826	-1.02744	-0.330269	-1.33814	-2.408	0.0272534	0.000316983
9.464	2.57838	-1.02745	-0.330216	-1.33815	-2.40567	0.027416	0.000316983
9.477	2.57849	-1.02747	-0.330164	-1.33816	-2.40337	0.0275773	0.000316983
9.49	2.57861	-1.02748	-0.330112	-1.33817	-2.40108	0.0277375	0.000316983
9.503	2.57872	-1.02749	-0.33006	-1.33818	-2.39881	0.0278964	0.000316983
9.516	2.57883	-1.02751	-0.330009	-1.33819	-2.39656	0.0280541	0.000316983
9.529	2.57895	-1.02752	-0.329958	-1.3382	-2.39432	0.0282104	0.000316983
9.542	2.57906	-1.02753	-0.329907	-1.33821	-2.39211	0.0283655	0.000316983
9.555	2.57917	-1.02755	-0.329857	-1.33822	-2.38991	0.0285195	0.000316983
9.568	2.57928	-1.02756	-0.329807	-1.33823	-2.38773	0.0286721	0.000316983
9.581	2.57938	-1.02758	-0.329758	-1.33824	-2.38556	0.0288235	0.000316983
9.594	2.57949	-1.02759	-0.329709	-1.33825	-2.38342	0.0289736	0.000316983
9.607	2.5796	-1.0276	-0.329661	-1.33826	-2.38129	0.0291226	0.000316983
9.62	2.5797	-1.02761	-0.329613	-1.33826	-2.37918	0.0292702	0.000316983
9.633	2.57981	-1.02763	-0.329565	-1.33827	-2.37709	0.0294167	0.000316983
9.646	2.57991	-1.02764	-0.329518	-1.33828	-2.37502	0.0295619	0.000316983
9.659	2.58002	-1.02765	-0.329471	-1.33829	-2.37296	0.0297058	0.000316983
9.672	2.58012	-1.02766	-0.329424	-1.3383	-2.37092	0.0298485	0.000316983
9.685	2.58022	-1.02768	-0.329378	-1.33831	-2.3689	0.0299898	0.000316983
9.698	2.58032	-1.02769	-0.329333	-1.33832	-2.3669	0.0301301	0.000316983
9.711	2.58042	-1.0277	-0.329288	-1.33833	-2.36491	0.0302691	0.000316983
9.724	2.58052	-1.02771	-0.329243	-1.33834	-2.36294	0.0304067	0.000316983
9.737	2.58061	-1.02773	-0.329198	-1.33834	-2.36099	0.0305432	0.000316983
9.75	2.58071	-1.02774	-0.329154	-1.33835	-2.35906	0.0306784	0.000316983
9.763	2.58081	-1.02775	-0.329111	-1.33836	-2.35715	0.0308123	0.000316983
9.776	2.5809	-1.02776	-0.329068	-1.33837	-2.35525	0.0309451	0.000316983
9.789	2.581	-1.02777	-0.329025	-1.33838	-2.35337	0.0310765	0.000316983
9.802	2.58109	-1.02778	-0.328982	-1.33839	-2.35151	0.0312068	0.000316983
9.815	2.58118	-1.0278	-0.32894	-1.33839	-2.34967	0.0313357	0.000316983
9.828	2.58127	-1.02781	-0.328899	-1.3384	-2.34784	0.0314635	0.000316983
9.841	2.58136	-1.02782	-0.328858	-1.33841	-2.34604	0.03159	0.000316983
9.854	2.58145	-1.02783	-0.328817	-1.33842	-2.34425	0.0317152	0.000316983
9.867	2.58154	-1.02784	-0.328777	-1.33843	-2.34248	0.0318392	0.000316983
9.88	2.58163	-1.02785	-0.328737	-1.33843	-2.34072	0.031962	0.000316983
9.893	2.58172	-1.02786	-0.328697	-1.33844	-2.33899	0.0320834	0.000316983
9.906	2.5818	-1.02787	-0.328658	-1.33845	-2.33727	0.0322037	0.000316983
9.919	2.58189	-1.02788	-0.328619	-1.33846	-2.33557	0.0323227	0.000316983
9.932	2.58197	-1.02789	-0.328581	-1.33846	-2.33389	0.0324405	0.000316983
9.945	2.58206	-1.0279	-0.328543	-1.33847	-2.33222	0.032557	0.000316983
9.958	2.58214	-1.02791	-0.328505	-1.33848	-2.33057	0.0326723	0.000316983
9.971	2.58222	-1.02792	-0.328468	-1.33848	-2.32894	0.0327863	0.000316983
9.984	2.5823	-1.02793	-0.328431	-1.33849	-2.32733	0.0328991	0.000316983
9.997	2.58238	-1.02794	-0.328395	-1.3385	-2.32574	0.0330106	0.000316983
10.01	2.58246	-1.02795	-0.328359	-1.33851	-2.32416	0.0331209	0.000316983
10.023	2.58254	-1.02796	-0.328324	-1.33851	-2.32261	0.0332299	0.000316983
10.036	2.58261	-1.02797	-0.328289	-1.33852	-2.32107	0.0333377	0.000316983
10.049	2.58269	-1.02798	-0.328254	-1.33853	-2.31954	0.0334443	0.000316983
10.062	2.58277	-1.02799	-0.32822	-1.33853	-2.31804	0.0335496	0.000316983
10.075	2.58284	-1.028	-0.328186	-1.33854	-2.31655	0.0336536	0.000316983
10.088	2.58291	-1.02801	-0.328152	-1.33855	-2.31508	0.0337564	0.000316983
10.101	2.58299	-1.02802	-0.328119	-1.33855	-2.31363	0.033858	0.000316983
10.114	2.58306	-1.02803	-0.328087	-1.33856	-2.3122	0.0339583	0.000316983
10.127	2.58313	-1.02803	-0.328054	-1.33856	-2.31078	0.0340573	0.000316983
10.14	2.5832	-1.02804	-0.328023	-1.33857	-2.30938	0.0341552	0.000316983
10.153	2.58327	-1.02805	-0.327991	-1.33858	-2.308	0.0342518	0.000316983
10.166	2.58334	-1.02806	-0.32796	-1.33858	-2.30664	0.0343472	0.000316983
10.179	2.5834	-1.02807	-0.327929	-1.33859	-2.3053	0.0344412	0.000316983
10.192	2.58347	-1.02808	-0.327899	-1.33859	-2.30397	0.0345341	0.000316983
10.205	2.58354	-1.02808	-0.327869	-1.3386	-2.30266	0.0346257	0.000316983
10.218	2.5836	-1.02809	-0.32784	-1.33861	-2.30137	0.034716	0.000316983
10.231	2.58366	-1.0281	-0.327811	-1.33861	-2.3001	0.0348052	0.000316983
10.244	2.58373	-1.02811	-0.327782	-1.33862	-2.29884	0.034893	0.000316983
10.257	2.58379	-1.02812	-0.327754	-1.33862	-2.29761	0.0349796	0.000316983
10.27	2.58385	-1.02812	-0.327726	-1.33863	-2.29639	0.035065	0.000316983
10.283	2.58391	-1.02813	-0.327699	-1.33863	-2.29518	0.0351491	0.000316983
10.296	2.58397	-1.02814	-0.327672	-1.33864	-2.294	0.035232	0.000316983
10.309	2.58403	-1.02814	-0.327646	-1.33864	-2.29283	0.0353136	0.000316983
10.322	2.58409	-1.02815	-0.327619	-1.33865	-2.29169	0.0353941	0.000316983
10.335	2.58414	-1.02816	-0.327594	-1.33865	-2.29055	0.0354731	0.000316983
10.348	2.5842	-1.02817	-0.327568	-1.33866	-2.28944	0.035551	0.000316983
10.361	2.58425	-1.02817	-0.327543	-1.33866	-2.28835	0.0356277	0.000316983
10.374	2.58431	-1.02818	-0.327519	-1.33867	-2.28727	0.0357031	0.000316983
10.387	2.58436	-1.02819	-0.327495	-1.33867	-2.28621	0.0357772	0.000316983
10.4	2.58441	-1.02819	-0.327471	-1.33868	-2.28517	0.0358501	0.000316983
10.413	2.58446	-1.0282	-0.327448	-1.33868	-2.28414	0.0359218	0.000316983
10.426	2.58451	-1.0282	-0.327425	-1.33869	-2.28314	0.0359922	0.000316983
10.439	2.58456	-1.02821	-0.327402	-1.33869	-2.28215	0.0360614	0.000316983
10.452	2.58461	-1.02822	-0.32738	-1.33869	-2.28118	0.0361294	0.000316983
10.465	2.58466	-1.02822	-0.327358	-1.3387	-2.28023	0.036196	0.000316983
10.478	2.58471	-1.02823	-0.327337	-1.3387	-2.27929	0.0362615	0.000316983
10.491	2.58475	-1.02823	-0.327316	-1.33871	-2.27837	0.0363257	0.000316983
10.504	2.5848	-1.02824	-0.327296	-1.33871	-2.27747	0.0363886	0.000316983
10.517	2.58484	-1.02824	-0.327276	-1.33871	-2.27659	0.0364502	0.000316983
10.53	2.58488	-1.02825	-0.327256	-1.33872	-2.27573	0.0365106	0.000316983
10.543	2.58493	-1.02825	-0.327237	-1.33872	-2.27488	0.0365698	0.000316983
10.556	2.58497	-1.02826	-0.327218	-1.33873	-2.27406	0.0366278	0.000316983
10.569	2.58501	-1.02826	-0.327199	-1.33873	-2.27325	0.0366847	0.000316983
10.582	2.58505	-1.02827	-0.327181	-1.33873	-2.27245	0.0367401	0.000316983
10.595	2.58509	-1.02827	-0.327163	-1.33874	-2.27168	0.0367943	0.000316983
10.608	2.58513	-1.02828	-0.327146	-1.33874	-2.27092	0.0368473	0.000316983
10.621	2.58516	-1.02828	-0.327129	-1.33874	-2.27018	0.036899	0.000316983
10.634	2.5852	-1.02829	-0.327113	-1.33875	-2.26946	0.0369495	0.000316983
10.647	2.58523	-1.02829	-0.327097	-1.33875	-2.26876	0.0369987	0.000316983
10.66	2.58527	-1.0283	-0.327081	-1.33875	-2.26807	0.0370466	0.000316983
10.673	2.5853	-1.0283	-0.327066	-1.33875	-2.2674	0.0370934	0.000316983
10.686	2.58533	-1.0283	-0.327051	-1.33876	-2.26675	0.037139	0.000316983
10.699	2.58537	-1.02831	-0.327037	-1.33876	-2.26612	0.0371832	0.000316983
10.712	2.5854	-1.02831	-0.327023	-1.33876	-2.26551	0.0372262	0.000316983
10.725	2.58543	-1.02832	-0.327009	-1.33877	-2.26491	0.0372679	0.000316983
10.738	2.58546	-1.02832	-0.326996	-1.33877	-2.26433	0.0373084	0.000316983
10.751	2.58548	-1.02832	-0.326983	-1.33877	-2.26377	0.0373478	0.000316983
10.764	2.58551	-1.02833	-0.326971	-1.33877	-2.26323	0.0373857	0.000316983
10.777	2.58554	-1.02833	-0.326959	-1.33878	-2.2627	0.0374225	0.000316983
10.79	2.58556	-1.02833	-0.326947	-1.33878	-2.26219	0.037458	0.000316983
10.803	2.58559	-1.02834	-0.326936	-1.33878	-2.2617	0.0374923	0.000316983
10.816	2.58561	-1.02834	-0.326926	-1.33878	-2.26123	0.0375253	0.000316983
10.829	2.58563	-1.02834	-0.326915	-1.33878	-2.26078	0.0375571	0.000316983
10.842	2.58565	-1.02834	-0.326905	-1.33879	-2.26034	0.0375877	0.000316983
10.855	2.58568	-1.02835	-0.326896	-1.33879	-2.25992	0.037617	0.000316983
10.868	2.5857	-1.02835	-0.326887	-1.33879	-2.25952	0.0376451	0.000316983
10.881	2.58572	-1.02835	-0.326878	-1.33879	-2.25914	0.0376719	0.000316983
10.894	2.58573	-1.02835	-0.326869	-1.33879	-2.25877	0.0376974	0.000316983
10.907	2.58575	-1.02836	-0.326862	-1.33879	-2.25843	0.0377217	0.000316983
10.92	2.58577	-1.02836	-0.326854	-1.3388	-2.2581	0.0377448	0.000316983
10.933	2.58578	-1.02836	-0.326847	-1.3388	-2.25779	0.0377667	0.000316983
10.946	2.5858	-1.02836	-0.32684	-1.3388	-2.25749	0.0377872	0.000316983
10.959	2.58581	-1.02836	-0.326834	-1.3388	-2.25721	0.0378066	0.000316983
10.972	2.58582	-1.02836	-0.326828	-1.3388	-2.25696	0.0378247	0.000316983
10.985	2.58584	-1.02837	-0.326823	-1.3388	-2.25672	0.0378415	0.000316983
10.998	2.58585	-1.02837	-0.326818	-1.3388	-2.25649	0.0378571	0.000316983
11.011	2.58586	-1.02837	-0.326813	-1.3388	-2.25629	0.0378714	0.000316983
11.024	2.58587	-1.02837	-0.326809	-1.3388	-2.2561	0.0378846	0.000316983
11.037	2.58588	-1.02837	-0.326805	-1.3388	-2.25593	0.0378963	0.000316983
11.05	2.58588	-1.02837	-0.326801	-1.33881	-2.25578	0.037907	0.000316983
11.063	2.58589	-1.02837	-0.326798	-1.33881	-2.25565	0.0379163	0.000316983
11.076	2.5859	-1.02837	-0.326796	-1.33881	-2.25553	0.0379245	0.000316983
11.089	2.5859	-1.02837	-0.326793	-1.33881	-2.25543	0.0379314	0.000316983
11.102	2.5859	-1.02837	-0.326792	-1.33881	-2.25535	0.0379369	0.000316983
11.115	2.58591	-1.02837	-0.32679	-1.33881	-2.25529	0.0379413	0.000316983
11.128	2.58591	-1.02838	-0.326789	-1.33881	-2.25524	0.0379446	0.000316983
11.141	2.58591	-1.02838	-0.326788	-1.33881	-2.25521	0.0379467	0.000316983
11.154	2.58591	-1.02838	-0.326788	-1.33881	-2.25519	0.037948	0.000316983
11.167	2.58591	-1.02838	-0.326788	-1.33881	-2.25518	0.0379487	0.000316983
11.18	2.58591	-1.02838	-0.326788	-1.33881	-2.25518	0.0379489	0.000316983
11.193	2.58591	-1.02838	-0.326788	-1.33881	-2.25518	0.0379489	0.000316983
11.206	2.58591	-1.02838	-0.326788	-1.33881	-2.25518	0.0379489	0.000316983
11.219	2.58591	-1.02838	-0.326788	-1.33881	-2.25518	0.0379489	0.000316983
11.232	2.58591	-1.02838	-0.326788	-1.33881	-2.25518	0.0379489	0.000316983
11.245	2.58591	-1.02838	-0.326788	-1.33881	-2.25517	0.0379487	0.000316983
11.258	2.58591	-1.02838	-0.326788	-1.33881	-2.25516	0.0379483	0.000316983
11.271	2.58591	-1.02837	-0.326789	-1.33881	-2.25514	0.0379475	0.000316983
11.284	2.58591	-1.02837	-0.326789	-1.33881	-2.2551	0.0379463	0.000316983
11.297	2.58591	-1.02837	-0.32679	-1.33881	-2.25505	0.0379445	0.000316983
11.31	2.5859	-1.02837	-0.326792	-1.33881	-2.25497	0.0379423	0.000316983
11.323	2.5859	-1.02837	-0.326793	-1.33881	-2.25489	0.0379393	0.000316983
11.336	2.58589	-1.02837	-0.326795	-1.33881	-2.25478	0.0379359	0.000316983
11.349	2.58589	-1.02836	-0.326798	-1.33881	-2.25466	0.0379318	0.000316983
11.362	2.58588	-1.02836	-0.3268	-1.33881	-2.25451	0.0379272	0.000316983
11.375	2.58587	-1.02836	-0.326804	-1.33881	-2.25435	0.0379219	0.000316983
11.388	2.58586	-1.02835	-0.326807	-1.33881	-2.25418	0.0379161	0.000316983
11.401	2.58585	-1.02835	-0.326811	-1.33881	-2.25398	0.0379097	0.000316983
11.414	2.58584	-1.02835	-0.326815	-1.33881	-2.25377	0.0379027	0.000316983
11.427	2.58583	-1.02834	-0.326819	-1.33881	-2.25354	0.0378952	0.000316983
11.44	2.58581	-1.02834	-0.326824	-1.33881	-2.25329	0.0378871	0.000316983
11.453	2.5858	-1.02833	-0.326829	-1.33881	-2.25302	0.0378784	0.000316983
11.466	2.58578	-1.02832	-0.326835	-1.33881	-2.25274	0.0378691	0.000316983
11.479	2.58577	-1.02832	-0.32684	-1.33881	-2.25243	0.0378592	0.000316983
11.492	2.58575	-1.02831	-0.326847	-1.33882	-2.25211	0.0378488	0.000316983
11.505	2.58573	-1.0283	-0.326853	-1.33882	-2.25178	0.0378378	0.000316983
11.518	2.58571	-1.0283	-0.32686	-1.33882	-2.25142	0.0378261	0.000316983
11.531	2.58569	-1.02829	-0.326867	-1.33882	-2.25105	0.0378139	0.000316983
11.544	2.58567	-1.02828	-0.326875	-1.33882	-2.25066	0.0378011	0.000316983
11.557	2.58565	-1.02827	-0.326882	-1.33882	-2.25025	0.0377878	0.000316983
11.57	2.58563	-1.02826	-0.326891	-1.33882	-2.24982	0.0377738	0.000316983
11.583	2.5856	-1.02825	-0.326899	-1.33882	-2.24938	0.0377593	0.000316983
11.596	2.58558	-1.02824	-0.326908	-1.33882	-2.24891	0.0377441	0.000316983
11.609	2.58555	-1.02823	-0.326917	-1.33883	-2.24843	0.0377285	0.000316983
11.622	2.58552	-1.02822	-0.326927	-1.33883	-2.24794	0.0377122	0.000316983
11.635	2.5855	-1.02821	-0.326937	-1.33883	-2.24742	0.0376953	0.000316983
11.648	2.58547	-1.0282	-0.326947	-1.33883	-2.24689	0.0376779	0.000316983
11.661	2.58544	-1.02819	-0.326958	-1.33883	-2.24633	0.0376599	0.000316983
11.674	2.58541	-1.02817	-0.326969	-1.33883	-2.24577	0.0376413	0.000316983
11.687	2.58538	-1.02816	-0.32698	-1.33883	-2.24518	0.0376221	0.000316983
11.7	2.58534	-1.02815	-0.326992	-1.33883	-2.24457	0.0376023	0.000316983
11.713	2.58531	-1.02814	-0.327004	-1.33884	-2.24395	0.037582	0.000316983
11.726	2.58528	-1.02812	-0.327016	-1.33884	-2.24331	0.0375611	0.000316983
11.739	2.58524	-1.02811	-0.327029	-1.33884	-2.24265	0.0375396	0.000316983
11.752	2.5852	-1.02809	-0.327042	-1.33884	-2.24198	0.0375175	0.000316983
11.765	2.58517	-1.02808	-0.327055	-1.33884	-2.24128	0.0374948	0.000316983
11.778	2.58513	-1.02806	-0.327069	-1.33884	-2.24057	0.0374715	0.000316983
11.791	2.58509	-1.02805	-0.327083	-1.33885	-2.23984	0.0374477	0.000316983
11.804	2.58505	-1.02803	-0.327097	-1.33885	-2.23909	0.0374233	0.000316983
11.817	2.58501	-1.02802	-0.327112	-1.33885	-2.23833	0.0373983	0.000316983
11.83	2.58497	-1.028	-0.327127	-1.33885	-2.23755	0.0373727	0.000316983
11.843	2.58492	-1.02798	-0.327142	-1.33885	-2.23675	0.0373465	0.000316983
11.856	2.58488	-1.02796	-0.327158	-1.33886	-2.23593	0.0373198	0.000316983
11.869	2.58484	-1.02795	-0.327174	-1.33886	-2.23509	0.0372925	0.000316983
11.882	2.58479	-1.02793	-0.32719	-1.33886	-2.23424	0.0372645	0.000316983
11.895	2.58474	-1.02791	-0.327207	-1.33886	-2.23336	0.037236	0.000316983
11.908	2.58469	-1.02789	-0.327224	-1.33887	-2.23248	0.037207	0.000316983
11.921	2.58465	-1.02787	-0.327242	-1.33887	-2.23157	0.0371773	0.000316983
11.934	2.5846	-1.02785	-0.32726	-1.33887	-2.23064	0.037147	0.000316983
11.947	2.58455	-1.02783	-0.327278	-1.33887	-2.2297	0.0371163	0.000316983
11.96	2.58449	-1.02781	-0.327296	-1.33887	-2.22874	0.0370849	0.000316983
11.973	2.58444	-1.02779	-0.327315	-1.33888	-2.22776	0.0370529	0.000316983
11.986	2.58439	-1.02777	-0.327334	-1.33888	-2.22676	0.0370203	0.000316983
11.999	2.58433	-1.02775	-0.327354	-1.33888	-2.22575	0.0369872	0.000316983
12.012	2.58428	-1.02772	-0.327374	-1.33888	-2.22472	0.0369534	0.000316983
12.025	2.58422	-1.0277	-0.327394	-1.33889	-2.22367	0.0369192	0.000316983
12.038	2.58416	-1.02768	-0.327414	-1.33889	-2.2226	0.0368843	0.000316983
12.051	2.58411	-1.02766	-0.327435	-1.33889	-2.22151	0.0368488	0.000316983
12.064	2.58405	-1.02763	-0.327456	-1.3389	-2.22041	0.0368127	0.000316983
12.077	2.58399	-1.02761	-0.327478	-1.3389	-2.21929	0.0367761	0.000316983
12.09	2.58393	-1.02758	-0.3275	-1.3389	-2.21815	0.0367389	0.000316983
12.103	2.58386	-1.02756	-0.327522	-1.3389	-2.21699	0.0367011	0.000316983
12.116	2.5838	-1.02753	-0.327545	-1.33891	-2.21582	0.0366627	0.000316983
12.129	2.58374	-1.02751	-0.327568	-1.33891	-2.21463	0.0366237	0.000316983
12.142	2.58367	-1.02748	-0.327591	-1.33891	-2.21342	0.0365842	0.000316983
12.155	2.58361	-1.02746	-0.327615	-1.33892	-2.21219	0.0365441	0.000316983
12.168	2.58354	-1.02743	-0.327639	-1.33892	-2.21094	0.0365033	0.000316983
12.181	2.58347	-1.0274	-0.327663	-1.33892	-2.20968	0.036462	0.000316983
12.194	2.5834	-1.02738	-0.327688	-1.33893	-2.2084	0.0364202	0.000316983
12.207	2.58333	-1.02735	-0.327713	-1.33893	-2.2071	0.0363777	0.000316983
12.22	2.58326	-1.02732	-0.327738	-1.33893	-2.20578	0.0363347	0.000316983
12.233	2.58319	-1.02729	-0.327763	-1.33894	-2.20445	0.036291	0.000316983
12.246	2.58312	-1.02726	-0.327789	-1.33894	-2.20309	0.0362469	0.000316983
12.259	2.58304	-1.02723	-0.327816	-1.33894	-2.20172	0.0362021	0.000316983
12.272	2.58297	-1.0272	-0.327842	-1.33895	-2.20034	0.0361568	0.000316983
12.285	2.58289	-1.02717	-0.32787	-1.33895	-2.19893	0.0361108	0.000316983
12.298	2.58282	-1.02714	-0.327897	-1.33895	-2.19751	0.0360643	0.000316983
12.311	2.58274	-1.02711	-0.327925	-1.33896	-2.19607	0.0360172	0.000316983
12.324	2.58266	-1.02708	-0.327953	-1.33896	-2.19461	0.0359694	0.000316983
12.337	2.58258	-1.02705	-0.327981	-1.33896	-2.19313	0.0359212	0.000316983
12.35	2.5825	-1.02702	-0.32801	-1.33897	-2.19163	0.0358723	0.000316983
12.363	2.58242	-1.02699	-0.328039	-1.33897	-2.19012	0.035823	0.000316983
12.376	2.58234	-1.02695	-0.328068	-1.33898	-2.18859	0.0357729	0.000316983
12.389	2.58226	-1.02692	-0.328098	-1.33898	-2.18704	0.0357223	0.000316983
12.402	2.58217	-1.02689	-0.328128	-1.33898	-2.18548	0.0356711	0.000316983
12.415	2.58209	-1.02685	-0.328159	-1.33899	-2.18389	0.0356194	0.000316983
12.428	2.582	-1.02682	-0.32819	-1.33899	-2.18229	0.035567	0.000316983
12.441	2.58191	-1.02678	-0.328221	-1.339	-2.18067	0.0355141	0.000316983
12.454	2.58183	-1.02675	-0.328252	-1.339	-2.17903	0.0354606	0.000316983
12.467	2.58174	-1.02671	-0.328284	-1.339	-2.17738	0.0354065	0.000316983
12.48	2.58165	-1.02668	-0.328316	-1.33901	-2.17571	0.0353518	0.000316983
12.493	2.58156	-1.02664	-0.328349	-1.33901	-2.17401	0.0352966	0.000316983
12.506	2.58147	-1.0266	-0.328382	-1.33902	-2.17231	0.0352407	0.000316983
12.519	2.58137	-1.02657	-0.328415	-1.33902	-2.17058	0.0351844	0.000316983
12.532	2.58128	-1.02653	-0.328448	-1.33902	-2.16884	0.0351273	0.000316983
12.545	2.58118	-1.02649	-0.328482	-1.33903	-2.16707	0.0350698	0.000316983
12.558	2.58109	-1.02645	-0.328517	-1.33903	-2.16529	0.0350116	0.000316983
12.571	2.58099	-1.02642	-0.328551	-1.33904	-2.1635	0.0349528	0.000316983
12.584	2.58089	-1.02638	-0.328586	-1.33904	-2.16168	0.0348935	0.000316983
12.597	2.5808	-1.02634	-0.328621	-1.33905	-2.15985	0.0348336	0.000316983
12.61	2.5807	-1.0263	-0.328657	-1.33905	-2.158	0.0347731	0.000316983
12.623	2.5806	-1.02626	-0.328693	-1.33906	-2.15613	0.034712	0.000316983
12.636	2.5805	-1.02622	-0.328729	-1.33906	-2.15424	0.0346505	0.000316983
12.649	2.58039	-1.02618	-0.328766	-1.33907	-2.15234	0.0345882	0.000316983
12.662	2.58029	-1.02614	-0.328803	-1.33907	-2.15041	0.0345254	0.000316983
12.675	2.58019	-1.0261	-0.32884	-1.33908	-2.14847	0.0344619	0.000316983
12.688	2.58008	-1.02605	-0.328878	-1.33908	-2.14652	0.034398	0.000316983
12.701	2.57997	-1.02601	-0.328916	-1.33909	-2.14454	0.0343335	0.000316983
12.714	2.57987	-1.02597	-0.328954	-1.33909	-2.14255	0.0342683	0.000316983
12.727	2.57976	-1.02593	-0.328993	-1.3391	-2.14054	0.0342025	0.00031689
12.74	2.57965	-1.02588	-0.329032	-1.3391	-2.13851	0.0341363	0.000316833
12.753	2.57954	-1.02584	-0.329071	-1.33911	-2.13646	0.0340693	0.000316833
12.766	2.57943	-1.02579	-0.329111	-1.33911	-2.1344	0.0340019	0.000316833
12.779	2.57932	-1.02575	-0.329151	-1.33912	-2.13231	0.0339338	0.000316833
12.792	2.57921	-1.0257	-0.329191	-1.33912	-2.13021	0.0338652	0.000316833
12.805	2.57909	-1.02566	-0.329232	-1.33913	-2.12809	0.033796	0.000316833
12.818	2.57898	-1.02561	-0.329273	-1.33913	-2.12596	0.0337262	0.000316833
12.831	2.57886	-1.02557	-0.329315	-1.33914	-2.12381	0.0336558	0.000316833
12.844	2.57875	-1.02552	-0.329356	-1.33914	-2.12163	0.0335849	0.000316833
12.857	2.57863	-1.02547	-0.329398	-1.33915	-2.11944	0.0335133	0.000316833
12.87	2.57851	-1.02543	-0.329441	-1.33915	-2.11724	0.0334412	0.000316833
12.883	2.57839	-1.02538	-0.329484	-1.33916	-2.11501	0.0333685	0.000316833
12.896	2.57827	-1.02533	-0.329527	-1.33917	-2.11277	0.0332952	0.000316833
12.909	2.57815	-1.02528	-0.32957	-1.33917	-2.11051	0.0332213	0.000316833
12.922	2.57803	-1.02524	-0.329614	-1.33918	-2.10823	0.0331469	0.000316833
12.935	2.5779	-1.02519	-0.329658	-1.33918	-2.10594	0.0330718	0.000316833
12.948	2.57778	-1.02514	-0.329703	-1.33919	-2.10362	0.0329962	0.000316833
12.961	2.57765	-1.02509	-0.329748	-1.33919	-2.10129	0.03292	0.000316833
12.974	2.57753	-1.02504	-0.329793	-1.3392	-2.09894	0.0328433	0.000316833
12.987	2.5774	-1.02499	-0.329838	-1.33921	-2.09657	0.0327659	0.000316833
13	2.57727	-1.02493	-0.329884	-1.33921	-2.09419	0.0326879	0.000316833
13.013	2.57714	-1.02488	-0.32993	-1.33922	-2.09179	0.0326095	0.000316833
13.026	2.57701	-1.02483	-0.329977	-1.33922	-2.08936	0.0325303	0.000316833
13.039	2.57688	-1.02478	-0.330024	-1.33923	-2.08693	0.0324507	0.000316833
13.052	2.57675	-1.02473	-0.330071	-1.33924	-2.08447	0.0323704	0.000316833
13.065	2.57662	-1.02467	-0.330119	-1.33924	-2.082	0.0322896	0.000316833
13.078	2.57648	-1.02462	-0.330167	-1.33925	-2.0795	0.0322081	0.000316833
13.091	2.57635	-1.02457	-0.330215	-1.33926	-2.07699	0.0321261	0.000316833
13.104	2.57621	-1.02451	-0.330264	-1.33926	-2.07447	0.0320435	0.000316833
13.117	2.57608	-1.02446	-0.330313	-1.33927	-2.07192	0.0319603	0.000316833
13.13	2.57594	-1.0244	-0.330362	-1.33927	-2.06936	0.0318766	0.000316833
13.143	2.5758	-1.02435	-0.330411	-1.33928	-2.06678	0.0317922	0.000316833
13.156	2.57566	-1.02429	-0.330461	-1.33929	-2.06418	0.0317073	0.000316833
13.169	2.57552	-1.02424	-0.330512	-1.33929	-2.06156	0.0316218	0.000316833
13.182	2.57538	-1.02418	-0.330562	-1.3393	-2.05893	0.0315358	0.000316833
13.195	2.57524	-1.02412	-0.330613	-1.33931	-2.05628	0.0314491	0.000316833
13.208	2.57509	-1.02407	-0.330665	-1.33931	-2.05361	0.0313618	0.000316833
13.221	2.57495	-1.02401	-0.330716	-1.33932	-2.05092	0.031274	0.000316833
13.234	2.5748	-1.02395	-0.330768	-1.33933	-2.04821	0.0311855	0.000316833
13.247	2.57466	-1.02389	-0.330821	-1.33933	-2.04549	0.0310966	0.000316833
13.26	2.57451	-1.02384	-0.330874	-1.33934	-2.04275	0.031007	0.000316833
13.273	2.57436	-1.02378	-0.330927	-1.33935	-2.03999	0.0309169	0.000316833
13.286	2.57421	-1.02372	-0.33098	-1.33936	-2.03721	0.0308261	0.000316833
13.299	2.57406	-1.02366	-0.331034	-1.33936	-2.03442	0.0307348	0.000316833
13.312	2.57391	-1.0236	-0.331088	-1.33937	-2.03161	0.0306429	0.000316833
13.325	2.57376	-1.02354	-0.331142	-1.33938	-2.02878	0.0305504	0.000316833
13.338	2.57361	-1.02348	-0.331197	-1.33938	-2.02593	0.0304574	0.000316833
13.351	2.57345	-1.02341	-0.331252	-1.33939	-2.02306	0.0303637	0.000316833
13.364	2.5733	-1.02335	-0.331308	-1.3394	-2.02018	0.0302695	0.000316833
13.377	2.57314	-1.02329	-0.331363	-1.33941	-2.01728	0.0301746	0.000316833
13.39	2.57299	-1.02323	-0.33142	-1.33941	-2.01436	0.0300793	0.000316833
13.403	2.57283	-1.02317	-0.331476	-1.33942	-2.01142	0.0299832	0.000316833
13.416	2.57267	-1.0231	-0.331533	-1.33943	-2.00847	0.0298867	0.000316833
13.429	2.57251	-1.02304	-0.33159	-1.33943	-2.00549	0.0297895	0.000316833
13.442	2.57235	-1.02298	-0.331648	-1.33944	-2.0025	0.0296919	0.000316833
13.455	2.57219	-1.02291	-0.331706	-1.33945	-1.9995	0.0295936	0.000316833
13.468	2.57203	-1.02285	-0.331764	-1.33946	-1.99647	0.0294947	0.000316833
13.481	2.57186	-1.02278	-0.331822	-1.33947	-1.99343	0.0293953	0.000316833
13.494	2.5717	-1.02272	-0.331881	-1.33947	-1.99036	0.0292952	0.000316833
13.507	2.57153	-1.02265	-0.33194	-1.33948	-1.98728	0.0291945	0.000316833
13.52	2.57137	-1.02258	-0.332	-1.33949	-1.98419	0.0290934	0.000316833
13.533	2.5712	-1.02252	-0.33206	-1.3395	-1.98107	0.0289915	0.000316833
13.546	2.57103	-1.02245	-0.33212	-1.3395	-1.97794	0.0288892	0.000316833
13.559	2.57086	-1.02238	-0.332181	-1.33951	-1.97479	0.0287862	0.000316833
13.572	2.57069	-1.02232	-0.332242	-1.33952	-1.97162	0.0286826	0.000316833
13.585	2.57052	-1.02225	-0.332303	-1.33953	-1.96843	0.0285786	0.000316833
13.598	2.57035	-1.02218	-0.332365	-1.33954	-1.96523	0.0284738	0.000316833
13.611	2.57018	-1.02211	-0.332427	-1.33954	-1.96201	0.0283686	0.000316833
13.624	2.57	-1.02204	-0.332489	-1.33955	-1.95877	0.0282628	0.000316833
13.637	2.56983	-1.02197	-0.332552	-1.33956	-1.95551	0.0281562	0.000316833
13.65	2.56965	-1.0219	-0.332615	-1.33957	-1.95224	0.0280492	0.000316833
13.663	2.56948	-1.02183	-0.332678	-1.33958	-1.94894	0.0279417	0.000316833
13.676	2.5693	-1.02176	-0.332741	-1.33959	-1.94563	0.0278334	0.000316833
13.689	2.56912	-1.02169	-0.332806	-1.33959	-1.9423	0.0277246	0.000316833
13.702	2.56894	-1.02162	-0.33287	-1.3396	-1.93896	0.0276153	0.000316833
13.715	2.56876	-1.02155	-0.332935	-1.33961	-1.93559	0.0275054	0.000316833
13.728	2.56858	-1.02147	-0.333	-1.33962	-1.93221	0.0273948	0.000316833
13.741	2.5684	-1.0214	-0.333065	-1.33963	-1.92881	0.0272838	0.000316833
13.754	2.56821	-1.02133	-0.333131	-1.33964	-1.92539	0.027172	0.000316833
13.767	2.56803	-1.02125	-0.333197	-1.33964	-1.92196	0.0270599	0.000316833
13.78	2.56784	-1.02118	-0.333263	-1.33965	-1.91851	0.026947	0.000316833
13.793	2.56766	-1.02111	-0.33333	-1.33966	-1.91503	0.0268336	0.000316833
13.806	2.56747	-1.02103	-0.333397	-1.33967	-1.91155	0.0267196	0.000316817
13.819	2.56728	-1.02096	-0.333465	-1.33968	-1.90804	0.0266049	0.000316683
13.832	2.56709	-1.02088	-0.333532	-1.33969	-1.90451	0.0264898	0.000316683
13.845	2.5669	-1.02081	-0.333601	-1.3397	-1.90097	0.026374	0.000316683
13.858	2.56671	-1.02073	-0.333669	-1.33971	-1.89741	0.0262576	0.000316683
13.871	2.56652	-1.02065	-0.333738	-1.33972	-1.89383	0.0261407	0.000316683
13.884	2.56633	-1.02058	-0.333807	-1.33972	-1.89024	0.0260232	0.000316683
13.897	2.56613	-1.0205	-0.333877	-1.33973	-1.88663	0.0259052	0.000316683
13.91	2.56594	-1.02042	-0.333946	-1.33974	-1.88299	0.0257865	0.000316683
13.923	2.56574	-1.02034	-0.334017	-1.33975	-1.87935	0.0256673	0.000316683
13.936	2.56554	-1.02026	-0.334087	-1.33976	-1.87568	0.0255474	0.000316683
13.949	2.56535	-1.02019	-0.334158	-1.33977	-1.87199	0.025427	0.000316683
13.962	2.56515	-1.02011	-0.334229	-1.33978	-1.86829	0.025306	0.000316683
13.975	2.56495	-1.02003	-0.334301	-1.33979	-1.86457	0.0251844	0.000316683
13.988	2.56475	-1.01995	-0.334373	-1.3398	-1.86083	0.0250623	0.000316683
14.001	2.56455	-1.01987	-0.334445	-1.33981	-1.85708	0.0249395	0.000316683
14.014	2.56434	-1.01979	-0.334517	-1.33982	-1.8533	0.0248163	0.000316683
14.027	2.56414	-1.01971	-0.33459	-1.33983	-1.84951	0.0246924	0.000316683
14.04	2.56393	-1.01962	-0.334664	-1.33984	-1.8457	0.0245679	0.000316683
14.053	2.56373	-1.01954	-0.334737	-1.33985	-1.84188	0.0244428	0.000316683
14.066	2.56352	-1.01946	-0.334811	-1.33986	-1.83803	0.0243171	0.000316683
14.079	2.56332	-1.01938	-0.334885	-1.33986	-1.83417	0.0241909	0.000316683
14.092	2.56311	-1.01929	-0.33496	-1.33987	-1.83029	0.0240642	0.000316683
14.105	2.5629	-1.01921	-0.335035	-1.33988	-1.82639	0.0239368	0.000316683
14.118	2.56269	-1.01913	-0.33511	-1.33989	-1.82247	0.0238088	0.000316683
14.131	2.56248	-1.01904	-0.335186	-1.3399	-1.81854	0.0236802	0.000316683
14.144	2.56226	-1.01896	-0.335262	-1.33991	-1.81459	0.0235511	0.000316683
14.157	2.56205	-1.01887	-0.335338	-1.33992	-1.81062	0.0234214	0.000316683
14.17	2.56184	-1.01879	-0.335415	-1.33993	-1.80663	0.0232911	0.000316683
14.183	2.56162	-1.0187	-0.335492	-1.33994	-1.80263	0.0231602	0.000316683
14.196	2.56141	-1.01862	-0.33557	-1.33995	-1.7986	0.0230287	0.000316683
14.209	2.56119	-1.01853	-0.335647	-1.33996	-1.79456	0.0228967	0.000316683
14.222	2.56097	-1.01844	-0.335725	-1.33997	-1.7905	0.0227641	0.000316683
14.235	2.56075	-1.01836	-0.335804	-1.33998	-1.78643	0.0226309	0.000316683
14.248	2.56053	-1.01827	-0.335883	-1.33999	-1.78233	0.0224971	0.000316683
14.261	2.56031	-1.01818	-0.335962	-1.34001	-1.77822	0.0223627	0.000316683
14.274	2.56009	-1.01809	-0.336041	-1.34002	-1.77409	0.0222278	0.000316683
14.287	2.55987	-1.01801	-0.336121	-1.34003	-1.76994	0.0220922	0.000316683
14.3	2.55964	-1.01792	-0.336201	-1.34004	-1.76578	0.0219561	0.000316683
14.313	2.55942	-1.01783	-0.336281	-1.34005	-1.7616	0.0218194	0.000316683
14.326	2.5592	-1.01774	-0.336362	-1.34006	-1.7574	0.0216821	0.000316683
14.339	2.55897	-1.01765	-0.336443	-1.34007	-1.75318	0.0215442	0.000316683
14.352	2.55874	-1.01756	-0.336525	-1.34008	-1.74894	0.0214058	0.000316683
14.365	2.55851	-1.01747	-0.336607	-1.34009	-1.74469	0.0212668	0.000316683
14.378	2.55828	-1.01737	-0.336689	-1.3401	-1.74041	0.0211272	0.000316683
14.391	2.55805	-1.01728	-0.336771	-1.34011	-1.73612	0.020987	0.000316683
14.404	2.55782	-1.01719	-0.336854	-1.34012	-1.73182	0.0208462	0.000316683
14.417	2.55759	-1.0171	-0.336937	-1.34013	-1.72749	0.0207049	0.000316683
14.43	2.55736	-1.01701	-0.337021	-1.34014	-1.72315	0.0205629	0.000316683
14.443	2.55712	-1.01691	-0.337105	-1.34015	-1.71879	0.0204204	0.000316683
14.456	2.55689	-1.01682	-0.337189	-1.34017	-1.71441	0.0202773	0.000316683
14.469	2.55665	-1.01672	-0.337274	-1.34018	-1.71001	0.0201336	0.000316683
14.482	2.55641	-1.01663	-0.337359	-1.34019	-1.7056	0.0199894	0.000316683
14.495	2.55618	-1.01654	-0.337444	-1.3402	-1.70116	0.0198446	0.000316683
14.508	2.55594	-1.01644	-0.337529	-1.34021	-1.69671	0.0196991	0.000316683
14.521	2.5557	-1.01634	-0.337615	-1.34022	-1.69225	0.0195531	0.000316683
14.534	2.55546	-1.01625	-0.337702	-1.34023	-1.68776	0.0194065	0.000316683
14.547	2.55522	-1.01615	-0.337788	-1.34024	-1.68326	0.0192593	0.000316683
14.56	2.55497	-1.01606	-0.337875	-1.34025	-1.67873	0.0191116	0.000316591
14.573	2.55473	-1.01596	-0.337963	-1.34027	-1.6742	0.0189633	0.000316533
14.586	2.55448	-1.01586	-0.33805	-1.34028	-1.66964	0.0188144	0.000316533
14.599	2.55424	-1.01576	-0.338138	-1.34029	-1.66506	0.0186648	0.000316533
14.612	2.55399	-1.01567	-0.338226	-1.3403	-1.66047	0.0185148	0.000316533
14.625	2.55375	-1.01557	-0.338315	-1.34031	-1.65586	0.0183642	0.000316533
14.638	2.5535	-1.01547	-0.338404	-1.34032	-1.65123	0.0182129	0.000316533
14.651	2.55325	-1.01537	-0.338493	-1.34034	-1.64659	0.0180611	0.000316533
14.664	2.553	-1.01527	-0.338583	-1.34035	-1.64192	0.0179087	0.000316533
14.677	2.55275	-1.01517	-0.338673	-1.34036	-1.63724	0.0177557	0.000316533
14.69	2.55249	-1.01507	-0.338764	-1.34037	-1.63254	0.0176021	0.000316533
14.703	2.55224	-1.01497	-0.338854	-1.34038	-1.62782	0.0174479	0.000316533
14.716	2.55199	-1.01487	-0.338945	-1.34039	-1.62309	0.0172932	0.000316533
14.729	2.55173	-1.01477	-0.339037	-1.34041	-1.61834	0.0171379	0.000316533
14.742	2.55148	-1.01466	-0.339129	-1.34042	-1.61357	0.0169821	0.000316533
14.755	2.55122	-1.01456	-0.339221	-1.34043	-1.60878	0.0168256	0.000316533
14.768	2.55096	-1.01446	-0.339313	-1.34044	-1.60397	0.0166685	0.000316533
14.781	2.5507	-1.01436	-0.339406	-1.34045	-1.59915	0.0165108	0.000316533
14.794	2.55044	-1.01425	-0.339499	-1.34047	-1.59431	0.0163526	0.000316533
14.807	2.55018	-1.01415	-0.339593	-1.34048	-1.58945	0.0161938	0.000316533
14.82	2.54992	-1.01404	-0.339686	-1.34049	-1.58457	0.0160345	0.000316533
14.833	2.54966	-1.01394	-0.339781	-1.3405	-1.57967	0.0158745	0.000316533
14.846	2.54939	-1.01383	-0.339875	-1.34052	-1.57476	0.0157139	0.000316533
14.859	2.54913	-1.01373	-0.33997	-1.34053	-1.56983	0.0155528	0.000316533
14.872	2.54886	-1.01362	-0.340065	-1.34054	-1.56488	0.0153911	0.000316533
14.885	2.5486	-1.01352	-0.340161	-1.34055	-1.55991	0.0152288	0.000316533
14.898	2.54833	-1.01341	-0.340256	-1.34057	-1.55493	0.0150659	0.000316533
14.911	2.54806	-1.0133	-0.340353	-1.34058	-1.54993	0.0149025	0.000316533
14.924	2.54779	-1.0132	-0.340449	-1.34059	-1.54491	0.0147385	0.000316533
14.937	2.54752	-1.01309	-0.340546	-1.3406	-1.53987	0.0145738	0.000316533
14.95	2.54725	-1.01298	-0.340643	-1.34062	-1.53482	0.0144086	0.000316533
14.963	2.54698	-1.01287	-0.340741	-1.34063	-1.52974	0.0142428	0.000316533
14.976	2.5467	-1.01276	-0.340839	-1.34064	-1.52465	0.0140765	0.000316533
14.989	2.54643	-1.01265	-0.340937	-1.34065	-1.51954	0.0139095	0.000316533
15.002	2.54615	-1.01254	-0.341036	-1.34067	-1.51442	0.013742	0.000316533
15.015	2.54588	-1.01243	-0.341135	-1.34068	-1.50927	0.0135739	0.000316533
15.028	2.5456	-1.01232	-0.341234	-1.34069	-1.50411	0.0134052	0.000316533
15.041	2.54532	-1.01221	-0.341334	-1.34071	-1.49893	0.0132359	0.000316533
15.054	2.54504	-1.0121	-0.341434	-1.34072	-1.49373	0.013066	0.000316533
15.067	2.54476	-1.01199	-0.341534	-1.34073	-1.48852	0.0128955	0.000316533
15.08	2.54448	-1.01188	-0.341635	-1.34075	-1.48328	0.0127245	0.000316533
15.093	2.5442	-1.01177	-0.341736	-1.34076	-1.47803	0.012553	0.000316533
15.106	2.54392	-1.01165	-0.341837	-1.34077	-1.47276	0.0123808	0.000316533
15.119	2.54363	-1.01154	-0.341939	-1.34079	-1.46748	0.012208	0.000316533
15.132	2.54335	-1.01143	-0.342041	-1.3408	-1.46217	0.0120347	0.000316533
15.145	2.54306	-1.01131	-0.342143	-1.34081	-1.45685	0.0118607	0.000316533
15.158	2.54278	-1.0112	-0.342246	-1.34083	-1.45151	0.0116862	0.000316486
15.171	2.54249	-1.01109	-0.342349	-1.34084	-1.44615	0.0115112	0.000316384
15.184	2.5422	-1.01097	-0.342452	-1.34085	-1.44077	0.0113355	0.000316384
15.197	2.54191	-1.01086	-0.342556	-1.34087	-1.43538	0.0111592	0.000316384
15.21	2.54162	-1.01074	-0.34266	-1.34088	-1.42997	0.0109824	0.000316384
15.223	2.54133	-1.01062	-0.342764	-1.34089	-1.42454	0.010805	0.000316384
15.236	2.54104	-1.01051	-0.342869	-1.34091	-1.41909	0.010627	0.000316384
15.249	2.54074	-1.01039	-0.342974	-1.34092	-1.41363	0.0104484	0.000316384
15.262	2.54045	-1.01027	-0.34308	-1.34093	-1.40814	0.0102692	0.000316384
15.275	2.54015	-1.01016	-0.343186	-1.34095	-1.40264	0.0100895	0.000316384
15.288	2.53986	-1.01004	-0.343292	-1.34096	-1.39713	0.00990916	0.000316384
15.301	2.53956	-1.00992	-0.343398	-1.34098	-1.39159	0.00972823	0.000316384
15.314	2.53926	-1.0098	-0.343505	-1.34099	-1.38604	0.00954673	0.000316384
15.327	2.53896	-1.00968	-0.343612	-1.341	-1.38046	0.00936467	0.000316384
15.34	2.53866	-1.00956	-0.34372	-1.34102	-1.37487	0.00918199	0.000316384
15.353	2.53836	-1.00944	-0.343828	-1.34103	-1.36927	0.00899875	0.000316384
15.366	2.53806	-1.00932	-0.343936	-1.34105	-1.36364	0.00881494	0.000316384
15.379	2.53776	-1.0092	-0.344044	-1.34106	-1.358	0.00863051	0.000316384
15.392	2.53745	-1.00908	-0.344153	-1.34107	-1.35234	0.00844552	0.000316384
15.405	2.53715	-1.00896	-0.344262	-1.34109	-1.34666	0.00825996	0.000316384
15.418	2.53684	-1.00884	-0.344372	-1.3411	-1.34096	0.00807379	0.000316384
15.431	2.53654	-1.00872	-0.344482	-1.34112	-1.33525	0.00788705	0.000316384
15.444	2.53623	-1.00859	-0.344592	-1.34113	-1.32952	0.00769974	0.000316384
15.457	2.53592	-1.00847	-0.344703	-1.34115	-1.32377	0.00751192	0.000316384
15.47	2.53561	-1.00835	-0.344814	-1.34116	-1.318	0.00732343	0.000316384
15.483	2.5353	-1.00822	-0.344925	-1.34117	-1.31222	0.00713441	0.000316384
15.496	2.53499	-1.0081	-0.345036	-1.34119	-1.30641	0.00694476	0.000316384
15.509	2.53468	-1.00797	-0.345149	-1.3412	-1.30059	0.00675452	0.000316384
15.522	2.53436	-1.00785	-0.345261	-1.34122	-1.29475	0.00656373	0.000316384
15.535	2.53405	-1.00772	-0.345373	-1.34123	-1.2889	0.00637231	0.000316384
15.548	2.53373	-1.0076	-0.345486	-1.34125	-1.28302	0.00618032	0.000316384
15.561	2.53342	-1.00747	-0.3456	-1.34126	-1.27713	0.00598778	0.000316384
15.574	2.5331	-1.00735	-0.345713	-1.34128	-1.27122	0.00579471	0.000316384
15.587	2.53278	-1.00722	-0.345827	-1.34129	-1.26529	0.00560103	0.000316384
15.6	2.53246	-1.00709	-0.345942	-1.34131	-1.25935	0.00540674	0.000316384
15.613	2.53214	-1.00697	-0.346057	-1.34132	-1.25338	0.00521183	0.000316384
15.626	2.53182	-1.00684	-0.346171	-1.34134	-1.2474	0.00501634	0.000316384
15.639	2.5315	-1.00671	-0.346287	-1.34135	-1.2414	0.0048203	0.000316384
15.652	2.53118	-1.00658	-0.346403	-1.34137	-1.23539	0.00462374	0.000316384
15.665	2.53085	-1.00645	-0.346519	-1.34138	-1.22935	0.00442656	0.000316384
15.678	2.53053	-1.00632	-0.346635	-1.3414	-1.2233	0.00422877	0.000316368
15.691	2.5302	-1.00619	-0.346752	-1.34141	-1.21723	0.00403037	0.000316234
15.704	2.52987	-1.00606	-0.346869	-1.34143	-1.21114	0.00383139	0.000316234
15.717	2.52955	-1.00593	-0.346986	-1.34144	-1.20504	0.00363185	0.000316234
15.73	2.52922	-1.0058	-0.347104	-1.34146	-1.19891	0.00343179	0.000316234
15.743	2.52889	-1.00567	-0.347222	-1.34147	-1.19277	0.00323112	0.000316234
15.756	2.52856	-1.00554	-0.347341	-1.34149	-1.18661	0.00302984	0.000316234
15.769	2.52823	-1.00541	-0.34746	-1.34151	-1.18043	0.00282794	0.000316234
15.782	2.52789	-1.00527	-0.347579	-1.34152	-1.17424	0.00262557	0.000316234
15.795	2.52756	-1.00514	-0.347698	-1.34154	-1.16803	0.00242256	0.000316234
15.808	2.52723	-1.00501	-0.347818	-1.34155	-1.1618	0.00221893	0.000316234
15.821	2.52689	-1.00487	-0.347938	-1.34157	-1.15555	0.00201471	0.000316234
15.834	2.52655	-1.00474	-0.348059	-1.34158	-1.14928	0.00180993	0.000316234
15.847	2.52622	-1.00461	-0.34818	-1.3416	-1.143	0.00160463	0.000316234
15.86	2.52588	-1.00447	-0.348301	-1.34162	-1.1367	0.00139872	0.000316234
15.873	2.52554	-1.00434	-0.348422	-1.34163	-1.13038	0.00119219	0.000316234
15.886	2.5252	-1.0042	-0.348544	-1.34165	-1.12404	0.000985138	0.000316234
15.899	2.52486	-1.00407	-0.348667	-1.34166	-1.11769	0.00077748	0.000316234
15.912	2.52452	-1.00393	-0.348789	-1.34168	-1.11131	0.000569204	0.000316234
15.925	2.52417	-1.00379	-0.348912	-1.3417	-1.10492	0.000360404	0.000316234
15.938	2.52383	-1.00366	-0.349035	-1.34171	-1.09851	0.000150951	0.000316234
15.951	2.52348	-1.00352	-0.349159	-1.34173	-1.09209	-5.90475e-05	0.000316234
15.964	2.52314	-1.00338	-0.349283	-1.34174	-1.08564	-0.000269664	0.000316234
15.977	2.52279	-1.00324	-0.349407	-1.34176	-1.07918	-0.000480777	0.000316234
15.99	2.52244	-1.0031	-0.349532	-1.34178	-1.0727	-0.00069252	0.000316234
16.003	2.5221	-1.00297	-0.349657	-1.34179	-1.0662	-0.000904884	0.000316234
16.016	2.52175	-1.00283	-0.349782	-1.34181	-1.05969	-0.00111774	0.000316234
16.029	2.5214	-1.00269	-0.349908	-1.34183	-1.05316	-0.00133124	0.000316234
16.042	2.52104	-1.00255	-0.350034	-1.34184	-1.04661	-0.00154535	0.000316234
16.055	2.52069	-1.00241	-0.35016	-1.34186	-1.04004	-0.00175996	0.000316234
16.068	2.52034	-1.00227	-0.350287	-1.34187	-1.03345	-0.00197519	0.000316234
16.081	2.51998	-1.00212	-0.350414	-1.34189	-1.02685	-0.00219105	0.000316234
16.094	2.51963	-1.00198	-0.350541	-1.34191	-1.02022	-0.00240741	0.000316234
16.107	2.51927	-1.00184	-0.350669	-1.34192	-1.01358	-0.0026244	0.000316234
16.12	2.51891	-1.0017	-0.350797	-1.34194	-1.00693	-0.002842	0.000316234
16.133	2.51856	-1.00156	-0.350925	-1.34196	-1.00025	-0.00306006	0.000316234
16.146	2.5182	-1.00141	-0.351054	-1.34197	-0.993558	-0.00327882	0.000316218
16.159	2.51784	-1.00127	-0.351183	-1.34199	-0.986847	-0.0034981	0.000316084
16.172	2.51747	-1.00113	-0.351313	-1.34201	-0.980118	-0.003718	0.000316084
16.185	2.51711	-1.00098	-0.351442	-1.34203	-0.973372	-0.00393851	0.000316084
16.198	2.51675	-1.00084	-0.351572	-1.34204	-0.966607	-0.00415954	0.000316084
16.211	2.51639	-1.00069	-0.351703	-1.34206	-0.959825	-0.00438118	0.000316084
16.224	2.51602	-1.00055	-0.351834	-1.34208	-0.953025	-0.00460344	0.000316084
16.237	2.51565	-1.0004	-0.351965	-1.34209	-0.946207	-0.00482622	0.000316084
16.25	2.51529	-1.00025	-0.352096	-1.34211	-0.939371	-0.00504961	0.000316084
16.263	2.51492	-1.00011	-0.352228	-1.34213	-0.932518	-0.00527348	0.000316084
16.276	2.51455	-0.999962	-0.35236	-1.34215	-0.925646	-0.00549808	0.000316084
16.289	2.51418	-0.999814	-0.352493	-1.34216	-0.918758	-0.00572318	0.000316084
16.302	2.51381	-0.999667	-0.352626	-1.34218	-0.911851	-0.0059489	0.000316084
16.315	2.51344	-0.999519	-0.352759	-1.3422	-0.904926	-0.00617516	0.000316084
16.328	2.51307	-0.99937	-0.352892	-1.34221	-0.897983	-0.00640204	0.000316084
16.341	2.51269	-0.999222	-0.353026	-1.34223	-0.891024	-0.00662952	0.000316084
16.354	2.51232	-0.999073	-0.35316	-1.34225	-0.884051	-0.00685732	0.000316084
16.367	2.51194	-0.998923	-0.353295	-1.34227	-0.87707	-0.00708546	0.000316084
16.38	2.51157	-0.998774	-0.353429	-1.34228	-0.870088	-0.00731364	0.000316084
16.393	2.51119	-0.998625	-0.353563	-1.3423	-0.86311	-0.00754162	0.000316084
16.406	2.51082	-0.998476	-0.353697	-1.34232	-0.856142	-0.00776933	0.000316084
16.419	2.51045	-0.998328	-0.353831	-1.34234	-0.849191	-0.00799648	0.000316084
16.432	2.51008	-0.998179	-0.353964	-1.34235	-0.842256	-0.0082231	0.000316084
16.445	2.5097	-0.998032	-0.354097	-1.34237	-0.83534	-0.00844913	0.000316084
16.458	2.50933	-0.997884	-0.35423	-1.34239	-0.828441	-0.00867453	0.000316084
16.471	2.50896	-0.997737	-0.354362	-1.34241	-0.82156	-0.00889941	0.000316084
16.484	2.5086	-0.99759	-0.354494	-1.34242	-0.814697	-0.00912368	0.000316084
16.497	2.50823	-0.997444	-0.354626	-1.34244	-0.807852	-0.00934735	0.000316084
16.51	2.50786	-0.997298	-0.354757	-1.34246	-0.801025	-0.00957053	0.000316084
16.523	2.5075	-0.997153	-0.354888	-1.34247	-0.794215	-0.00979299	0.000316084
16.536	2.50713	-0.997008	-0.355019	-1.34249	-0.787423	-0.010015	0.000316084
16.549	2.50677	-0.996863	-0.355149	-1.34251	-0.78065	-0.0102363	0.000316084
16.562	2.50641	-0.996718	-0.355279	-1.34253	-0.773893	-0.0104571	0.000316084
16.575	2.50604	-0.996574	-0.355409	-1.34254	-0.767155	-0.0106774	0.000316084
16.588	2.50568	-0.996431	-0.355538	-1.34256	-0.760434	-0.0108969	0.000315991
16.601	2.50532	-0.996288	-0.355667	-1.34258	-0.753731	-0.011116	0.000315934
16.614	2.50496	-0.996145	-0.355796	-1.34259	-0.747047	-0.0113345	0.000315934
16.627	2.50461	-0.996002	-0.355924	-1.34261	-0.740379	-0.0115523	0.000315934
16.64	2.50425	-0.99586	-0.356052	-1.34263	-0.73373	-0.0117696	0.000315934
16.653	2.50389	-0.995718	-0.356179	-1.34264	-0.727099	-0.0119863	0.000315934
16.666	2.50354	-0.995577	-0.356306	-1.34266	-0.720485	-0.0122024	0.000315934
16.679	2.50319	-0.995436	-0.356433	-1.34268	-0.713889	-0.012418	0.000315934
16.692	2.50283	-0.995295	-0.35656	-1.34269	-0.70731	-0.0126329	0.000315934
16.705	2.50248	-0.995155	-0.356686	-1.34271	-0.70075	-0.0128473	0.000315934
16.718	2.50213	-0.995015	-0.356812	-1.34273	-0.694208	-0.0130611	0.000315934
16.731	2.50178	-0.994876	-0.356937	-1.34274	-0.687683	-0.0132744	0.000315934
16.744	2.50143	-0.994737	-0.357063	-1.34276	-0.681176	-0.013487	0.000315934
16.757	2.50108	-0.994598	-0.357187	-1.34277	-0.674687	-0.0136991	0.000315934
16.77	2.50073	-0.99446	-0.357312	-1.34279	-0.668215	-0.0139105	0.000315934
16.783	2.50039	-0.994322	-0.357436	-1.34281	-0.661762	-0.0141214	0.000315934
16.796	2.50004	-0.994184	-0.35756	-1.34282	-0.655326	-0.0143317	0.000315934
16.809	2.4997	-0.994047	-0.357683	-1.34284	-0.648908	-0.0145415	0.000315934
16.822	2.49935	-0.99391	-0.357806	-1.34286	-0.642508	-0.0147506	0.000315934
16.835	2.49901	-0.993774	-0.357929	-1.34287	-0.636126	-0.0149592	0.000315934
16.848	2.49867	-0.993638	-0.358051	-1.34289	-0.629761	-0.0151671	0.000315934
16.861	2.49833	-0.993502	-0.358174	-1.3429	-0.623414	-0.0153745	0.000315934
16.874	2.49799	-0.993367	-0.358295	-1.34292	-0.617085	-0.0155813	0.000315934
16.887	2.49765	-0.993232	-0.358417	-1.34294	-0.610774	-0.0157876	0.000315934
16.9	2.49731	-0.993098	-0.358538	-1.34295	-0.604481	-0.0159933	0.000315934
16.913	2.49698	-0.992964	-0.358658	-1.34297	-0.598205	-0.0161984	0.000315934
16.926	2.49664	-0.99283	-0.358779	-1.34298	-0.591948	-0.0164028	0.000315934
16.939	2.4963	-0.992697	-0.358899	-1.343	-0.585708	-0.0166067	0.000315934
16.952	2.49597	-0.992564	-0.359018	-1.34301	-0.579486	-0.01681	0.000315934
16.965	2.49564	-0.992431	-0.359138	-1.34303	-0.573281	-0.0170128	0.000315934
16.978	2.49531	-0.992299	-0.359257	-1.34305	-0.567095	-0.017215	0.000315934
16.991	2.49497	-0.992167	-0.359375	-1.34306	-0.560926	-0.0174165	0.000315934
17.004	2.49464	-0.992036	-0.359494	-1.34308	-0.554775	-0.0176176	0.000315934
17.017	2.49432	-0.991904	-0.359612	-1.34309	-0.548642	-0.017818	0.000315934
17.03	2.49399	-0.991774	-0.359729	-1.34311	-0.542527	-0.0180178	0.000315934
17.043	2.49366	-0.991643	-0.359847	-1.34312	-0.536429	-0.018217	0.000315934
17.056	2.49333	-0.991513	-0.359964	-1.34314	-0.530349	-0.0184157	0.000315842
17.069	2.49301	-0.991384	-0.36008	-1.34315	-0.524288	-0.0186139	0.000315784
17.082	2.49268	-0.991255	-0.360196	-1.34317	-0.518243	-0.0188113	0.000315784
17.095	2.49236	-0.991126	-0.360312	-1.34318	-0.512217	-0.0190083	0.000315784
17.108	2.49204	-0.990998	-0.360428	-1.3432	-0.506209	-0.0192046	0.000315784
17.121	2.49172	-0.99087	-0.360543	-1.34321	-0.500218	-0.0194004	0.000315784
17.134	2.4914	-0.990742	-0.360658	-1.34323	-0.494245	-0.0195956	0.000315784
17.147	2.49108	-0.990615	-0.360772	-1.34324	-0.48829	-0.0197901	0.000315784
17.16	2.49076	-0.990488	-0.360887	-1.34326	-0.482353	-0.0199842	0.000315784
17.173	2.49044	-0.990361	-0.361001	-1.34327	-0.476433	-0.0201776	0.000315784
17.186	2.49012	-0.990235	-0.361114	-1.34329	-0.470532	-0.0203705	0.000315784
17.199	2.48981	-0.990109	-0.361227	-1.3433	-0.464648	-0.0205628	0.000315784
17.212	2.48949	-0.989984	-0.36134	-1.34332	-0.458782	-0.0207545	0.000315784
17.225	2.48918	-0.989859	-0.361453	-1.34333	-0.452933	-0.0209456	0.000315784
17.238	2.48887	-0.989734	-0.361565	-1.34335	-0.447103	-0.0211361	0.000315784
17.251	2.48855	-0.98961	-0.361676	-1.34336	-0.44129	-0.0213261	0.000315784
17.264	2.48824	-0.989486	-0.361788	-1.34338	-0.435495	-0.0215154	0.000315784
17.277	2.48793	-0.989363	-0.361899	-1.34339	-0.429718	-0.0217042	0.000315784
17.29	2.48762	-0.98924	-0.36201	-1.3434	-0.423959	-0.0218924	0.000315784
17.303	2.48731	-0.989117	-0.36212	-1.34342	-0.418218	-0.02208	0.000315784
17.316	2.48701	-0.988995	-0.36223	-1.34343	-0.412494	-0.0222671	0.000315784
17.329	2.4867	-0.988873	-0.36234	-1.34345	-0.406788	-0.0224535	0.000315784
17.342	2.4864	-0.988751	-0.36245	-1.34346	-0.4011	-0.0226394	0.000315784
17.355	2.48609	-0.98863	-0.362559	-1.34348	-0.39543	-0.0228247	0.000315784
17.368	2.48579	-0.988509	-0.362667	-1.34349	-0.389777	-0.0230094	0.000315784
17.381	2.48549	-0.988389	-0.362776	-1.3435	-0.384143	-0.0231936	0.000315784
17.394	2.48518	-0.988269	-0.362884	-1.34352	-0.378526	-0.0233771	0.000315784
