0	2.34328	-0.988897	-0.356826	-1.40873	-2.68226	0.0643215	0.0117043
0.013	2.34326	-0.988919	-0.356634	-1.40873	-2.68226	0.0643232	0.0117043
0.026	2.34324	-0.988929	-0.356512	-1.40873	-2.68226	0.0643232	0.0117043
0.039	2.34315	-0.98893	-0.356477	-1.40873	-2.68227	0.0643215	0.0117043
0.052	2.34308	-0.98893	-0.356524	-1.40873	-2.68226	0.0643215	0.0117043
0.065	2.34308	-0.988932	-0.356546	-1.40873	-2.68226	0.0643198	0.0117043
0.078	2.34308	-0.98893	-0.356544	-1.40873	-2.68226	0.0643198	0.0117043
0.091	2.34307	-0.98893	-0.356544	-1.40873	-2.68226	0.0643198	0.0117043
0.104	2.34308	-0.98893	-0.356546	-1.40873	-2.68226	0.0643181	0.0117043
0.117	2.34308	-0.988932	-0.356546	-1.40873	-2.68226	0.0643164	0.0117043
0.13	2.34308	-0.98893	-0.356546	-1.40873	-2.68226	0.0643147	0.0117043
0.143	2.34308	-0.98893	-0.356544	-1.40873	-2.68226	0.064313	0.0117043
0.156	2.34308	-0.98893	-0.356546	-1.40873	-2.68226	0.064313	0.0117043
0.169	2.34308	-0.988932	-0.356546	-1.40873	-2.68226	0.064313	0.0117043
0.182	2.34308	-0.988932	-0.356546	-1.40873	-2.68226	0.064313	0.0117043
0.195	2.34308	-0.98893	-0.356546	-1.40873	-2.68226	0.0643113	0.0117043
0.208	2.34308	-0.98893	-0.356546	-1.40873	-2.68226	0.0643113	0.0117043
0.221	2.34308	-0.988932	-0.356546	-1.40873	-2.68226	0.0643096	0.011706
0.234	2.34308	-0.988932	-0.356546	-1.40873	-2.68226	0.0643096	0.0117043
0.247	2.34308	-0.988932	-0.356546	-1.40873	-2.68226	0.0643096	0.0117043
0.26	2.34308	-0.988932	-0.356546	-1.40873	-2.68226	0.0643096	0.0117043
0.273	2.34308	-0.988932	-0.356546	-1.40873	-2.68226	0.0643078	0.0117043
0.286	2.34308	-0.988932	-0.356546	-1.40873	-2.68226	0.0643078	0.0117043
0.299	2.34308	-0.988932	-0.356546	-1.40873	-2.68226	0.0643078	0.0117043
0.312	2.34308	-0.988932	-0.356546	-1.40873	-2.68226	0.0643078	0.011706
0.325	2.34308	-0.988932	-0.356546	-1.40873	-2.68226	0.0643078	0.011706
0.338	2.34308	-0.988932	-0.356546	-1.40873	-2.68226	0.0643078	0.011706
0.351	2.34308	-0.988932	-0.356546	-1.40873	-2.68226	0.0643078	0.011706
0.364	2.34308	-0.988932	-0.356546	-1.40873	-2.68226	0.0643061	0.0117043
0.377	2.34308	-0.988932	-0.356546	-1.40873	-2.68226	0.0643061	0.011706
0.39	2.34308	-0.988932	-0.356546	-1.40873	-2.68227	0.0643061	0.011706
0.403	2.34308	-0.988932	-0.356546	-1.40873	-2.68227	0.0643061	0.011706
0.416	2.34308	-0.988932	-0.356546	-1.40873	-2.68227	0.0643061	0.011706
0.429	2.34308	-0.988932	-0.356546	-1.40873	-2.68226	0.0643044	0.011706
0.442	2.34308	-0.988932	-0.356546	-1.40873	-2.68226	0.0643044	0.011706
0.455	2.34308	-0.988932	-0.356546	-1.40873	-2.68226	0.0643044	0.011706
0.468	2.34308	-0.988932	-0.356546	-1.40873	-2.68226	0.0643044	0.011706
0.481	2.34308	-0.988932	-0.356546	-1.40873	-2.68226	0.0643044	0.011706
0.494	2.34308	-0.988932	-0.356546	-1.40873	-2.68226	0.0643027	0.011706
0.507	2.34308	-0.988932	-0.356546	-1.40873	-2.68227	0.0643027	0.011706
0.52	2.34308	-0.988932	-0.356546	-1.40873	-2.68226	0.064301	0.011706
0.533	2.34308	-0.988932	-0.356546	-1.40873	-2.68226	0.0643027	0.011706
0.546	2.34308	-0.988932	-0.356546	-1.40873	-2.68227	0.0643027	0.0117043
0.559	2.34308	-0.988932	-0.356546	-1.40873	-2.68227	0.0643027	0.011706
0.572	2.34308	-0.988932	-0.356546	-1.40873	-2.68226	0.064301	0.011706
0.585	2.34308	-0.988932	-0.356546	-1.40873	-2.68226	0.064301	0.011706
0.598	2.34308	-0.988932	-0.356546	-1.40873	-2.68226	0.064301	0.0117043
0.611	2.34308	-0.988932	-0.356546	-1.40873	-2.68226	0.064301	0.0117043
0.624	2.34308	-0.988932	-0.356546	-1.40873	-2.68227	0.064301	0.0117043
0.637	2.34308	-0.988932	-0.356546	-1.40873	-2.68226	0.064301	0.011706
0.65	2.34308	-0.988932	-0.356546	-1.40873	-2.68227	0.064301	0.011706
0.663	2.34308	-0.988932	-0.356546	-1.40873	-2.68227	0.0642993	0.011706
0.676	2.34308	-0.988932	-0.356546	-1.40873	-2.68226	0.0642993	0.011706
0.689	2.34308	-0.988932	-0.356546	-1.40873	-2.68226	0.064301	0.011706
0.702	2.34308	-0.988932	-0.356546	-1.40873	-2.68226	0.0642993	0.011706
0.715	2.34308	-0.988932	-0.356546	-1.40873	-2.68227	0.0642993	0.011706
0.728	2.34308	-0.988932	-0.356546	-1.40873	-2.68226	0.0642993	0.011706
0.741	2.34308	-0.988932	-0.356546	-1.40873	-2.68227	0.0642993	0.011706
0.754	2.34308	-0.988932	-0.356546	-1.40873	-2.68226	0.0642993	0.011706
0.767	2.34308	-0.988932	-0.356546	-1.40873	-2.68226	0.0642993	0.011706
0.78	2.34308	-0.988932	-0.356546	-1.40873	-2.68226	0.0642993	0.011706
0.793	2.34308	-0.988932	-0.356546	-1.40873	-2.68227	0.0642993	0.011706
0.806	2.34308	-0.988932	-0.356546	-1.40873	-2.68226	0.0642993	0.011706
0.819	2.34308	-0.988932	-0.356547	-1.40873	-2.68226	0.0642993	0.011706
0.832	2.34308	-0.988932	-0.356548	-1.40873	-2.68226	0.0642993	0.011706
0.845	2.34308	-0.988933	-0.356548	-1.40873	-2.68226	0.0642976	0.011706
0.858	2.34308	-0.988933	-0.356548	-1.40873	-2.68227	0.0642976	0.011706
0.871	2.34308	-0.988932	-0.356548	-1.40873	-2.68226	0.0642976	0.0117043
0.884	2.34308	-0.988932	-0.356551	-1.40873	-2.68226	0.0642976	0.011706
0.897	2.34308	-0.988933	-0.356552	-1.40873	-2.68226	0.0642976	0.011706
0.91	2.34308	-0.988933	-0.356552	-1.40873	-2.68226	0.0642976	0.011706
0.923	2.34308	-0.988932	-0.356552	-1.40873	-2.68227	0.0642976	0.011706
0.936	2.34308	-0.988933	-0.356552	-1.40873	-2.68226	0.0642976	0.011706
0.949	2.34308	-0.988933	-0.356552	-1.40873	-2.68226	0.0642976	0.011706
0.962	2.34308	-0.988933	-0.356552	-1.40873	-2.68226	0.0642976	0.011706
0.975	2.34308	-0.988932	-0.356552	-1.40873	-2.68227	0.0642959	0.011706
0.988	2.34308	-0.988933	-0.356552	-1.40873	-2.68227	0.0642959	0.011706
1.001	2.34308	-0.988933	-0.356553	-1.40873	-2.68227	0.0642959	0.011706
1.014	2.34308	-0.988932	-0.356553	-1.40873	-2.68227	0.0642959	0.011706
1.027	2.34308	-0.988932	-0.356553	-1.40873	-2.68227	0.0642959	0.011706
1.04	2.34308	-0.988932	-0.356553	-1.40873	-2.68227	0.0642959	0.011706
1.053	2.34308	-0.988933	-0.356553	-1.40873	-2.68227	0.0642959	0.011706
1.066	2.34308	-0.988932	-0.356553	-1.40873	-2.68227	0.0642959	0.011706
1.079	2.34308	-0.988932	-0.356553	-1.40873	-2.68226	0.0642959	0.011706
1.092	2.34308	-0.988933	-0.356553	-1.40873	-2.68226	0.0642959	0.011706
1.105	2.34308	-0.988932	-0.356553	-1.40873	-2.68227	0.0642959	0.0117043
1.118	2.34308	-0.988932	-0.356553	-1.40873	-2.68227	0.0642959	0.0117043
1.131	2.34308	-0.988933	-0.356553	-1.40873	-2.68227	0.0642959	0.011706
1.144	2.34308	-0.988932	-0.356553	-1.40873	-2.68227	0.0642959	0.011706
1.157	2.34308	-0.988932	-0.356553	-1.40873	-2.68227	0.0642959	0.011706
1.17	2.34308	-0.988932	-0.356553	-1.40873	-2.68227	0.0642959	0.011706
1.183	2.34308	-0.988932	-0.356556	-1.40873	-2.68226	0.0642959	0.011706
1.196	2.34308	-0.988932	-0.356556	-1.40873	-2.68227	0.0642976	0.011706
1.209	2.34308	-0.988932	-0.356555	-1.40873	-2.68227	0.0642959	0.011706
1.222	2.34308	-0.988932	-0.356556	-1.40873	-2.68227	0.0642959	0.011706
1.235	2.34308	-0.988932	-0.356561	-1.40873	-2.68226	0.0642959	0.011706
1.248	2.34308	-0.988932	-0.356561	-1.40873	-2.68227	0.0642976	0.011706
1.261	2.34308	-0.98893	-0.356561	-1.40873	-2.68226	0.0642976	0.011706
1.274	2.34308	-0.98893	-0.356562	-1.40873	-2.68226	0.0642976	0.011706
1.287	2.34308	-0.988932	-0.356566	-1.40873	-2.68226	0.0642959	0.011706
1.3	2.34308	-0.988932	-0.356567	-1.40873	-2.68226	0.0642959	0.011706
1.313	2.34308	-0.988932	-0.356567	-1.40873	-2.68226	0.0642959	0.011706
1.326	2.34308	-0.988932	-0.356567	-1.40873	-2.68226	0.0642959	0.011706
1.339	2.34308	-0.988932	-0.356571	-1.40873	-2.68226	0.0642942	0.011706
1.352	2.34309	-0.988932	-0.356572	-1.40872	-2.68226	0.0642925	0.011706
1.365	2.34309	-0.988932	-0.356572	-1.4087	-2.68226	0.0642908	0.011706
1.378	2.34309	-0.98893	-0.356572	-1.40868	-2.68226	0.0642908	0.011706
1.391	2.3431	-0.988927	-0.356574	-1.40865	-2.68226	0.0642908	0.011706
1.404	2.34315	-0.988927	-0.356575	-1.40863	-2.68226	0.0642908	0.011706
1.417	2.34324	-0.988925	-0.356574	-1.40861	-2.68226	0.0642908	0.011706
1.43	2.34332	-0.988924	-0.356574	-1.40855	-2.68226	0.0642908	0.011706
1.443	2.34346	-0.988923	-0.356575	-1.40851	-2.68226	0.0642908	0.011706
1.456	2.34364	-0.988923	-0.356575	-1.40848	-2.68226	0.0642908	0.011706
1.469	2.34383	-0.988923	-0.356575	-1.40842	-2.68226	0.0642908	0.011706
1.482	2.34406	-0.988923	-0.356575	-1.40835	-2.68225	0.0642908	0.011706
1.495	2.34435	-0.988925	-0.356575	-1.40827	-2.68225	0.0642908	0.011706
1.508	2.34467	-0.988928	-0.356575	-1.4082	-2.68225	0.0642908	0.011706
1.521	2.34496	-0.988929	-0.356576	-1.40812	-2.68224	0.0642908	0.011706
1.534	2.34526	-0.98893	-0.356576	-1.40802	-2.68223	0.0642925	0.011706
1.547	2.34557	-0.98893	-0.356576	-1.4079	-2.68218	0.0642925	0.011706
1.56	2.34591	-0.98893	-0.356576	-1.40781	-2.68202	0.0642925	0.011706
1.573	2.34627	-0.988932	-0.356576	-1.40773	-2.68173	0.0642925	0.0117043
1.586	2.34662	-0.988935	-0.356578	-1.40762	-2.68135	0.0642925	0.0117043
1.599	2.34698	-0.988938	-0.356578	-1.40749	-2.68092	0.0642908	0.0117043
1.612	2.34731	-0.988938	-0.356576	-1.40737	-2.68048	0.0642891	0.0117043
1.625	2.34765	-0.988939	-0.356575	-1.4073	-2.68004	0.0642908	0.0117043
1.638	2.34795	-0.988942	-0.356575	-1.40723	-2.67966	0.0642908	0.0117043
1.651	2.34827	-0.988947	-0.356575	-1.40714	-2.67934	0.0642908	0.0117043
1.664	2.34854	-0.988948	-0.356574	-1.40704	-2.67905	0.0642908	0.0117043
1.677	2.34872	-0.988948	-0.356569	-1.40695	-2.67859	0.0642908	0.0117043
1.69	2.34887	-0.98895	-0.356552	-1.4069	-2.67757	0.0642891	0.0117043
1.703	2.34898	-0.98895	-0.35652	-1.4069	-2.6759	0.0642891	0.0117043
1.716	2.34903	-0.988952	-0.356446	-1.4069	-2.67339	0.0642891	0.0117043
1.729	2.34904	-0.988952	-0.356344	-1.40688	-2.6702	0.0642891	0.0117043
1.742	2.34904	-0.988953	-0.356222	-1.40685	-2.66611	0.0642891	0.0117043
1.755	2.34904	-0.988953	-0.356105	-1.4068	-2.66139	0.0642874	0.0117043
1.768	2.34904	-0.988953	-0.356009	-1.40675	-2.65599	0.0642669	0.0117043
1.781	2.34903	-0.988953	-0.355901	-1.40671	-2.65021	0.0641902	0.011706
1.794	2.34903	-0.988953	-0.355791	-1.40667	-2.64442	0.0641204	0.0117043
1.807	2.34903	-0.988953	-0.355694	-1.40663	-2.63874	0.0640692	0.0117043
1.82	2.34903	-0.988953	-0.355591	-1.40657	-2.63324	0.0639891	0.0117043
1.833	2.34903	-0.988953	-0.355459	-1.4065	-2.62791	0.0638903	0.0117043
1.846	2.34903	-0.988953	-0.355349	-1.40643	-2.62298	0.0637744	0.0117043
1.859	2.34903	-0.988953	-0.355285	-1.40636	-2.61872	0.0636806	0.0117043
1.872	2.34903	-0.988953	-0.355214	-1.40628	-2.61519	0.0635511	0.0117043
1.885	2.34903	-0.988953	-0.355159	-1.40621	-2.61239	0.0633653	0.0117043
1.898	2.34903	-0.988953	-0.355141	-1.40615	-2.60984	0.063217	0.0117043
1.911	2.34903	-0.988953	-0.355128	-1.4061	-2.60773	0.0631199	0.011706
1.924	2.34903	-0.988953	-0.355092	-1.40605	-2.60542	0.0630466	0.0117043
1.937	2.34903	-0.988953	-0.355033	-1.40603	-2.60271	0.0629886	0.0117043
1.95	2.34903	-0.988955	-0.354966	-1.40602	-2.59955	0.0629579	0.0117043
1.963	2.34903	-0.988955	-0.35487	-1.406	-2.59562	0.062963	0.0117043
1.976	2.34903	-0.988955	-0.354753	-1.40597	-2.59106	0.0629665	0.0117043
1.989	2.34903	-0.988955	-0.354651	-1.40596	-2.58621	0.0629665	0.0117043
2.002	2.34903	-0.988955	-0.354571	-1.40593	-2.5812	0.0629665	0.0117043
2.015	2.34903	-0.988955	-0.35447	-1.4059	-2.57597	0.0629665	0.0117043
2.028	2.34903	-0.988955	-0.354349	-1.40589	-2.57059	0.0629648	0.0117043
2.041	2.34903	-0.988955	-0.354225	-1.40587	-2.56512	0.0629648	0.0117043
2.054	2.34903	-0.988955	-0.354078	-1.40583	-2.55979	0.0629665	0.011706
2.067	2.34903	-0.988955	-0.353929	-1.4058	-2.55487	0.0629665	0.0117043
2.08	2.34903	-0.988955	-0.353809	-1.40577	-2.5504	0.0629682	0.0117043
2.093	2.34903	-0.988955	-0.353721	-1.40575	-2.54617	0.0629665	0.0117043
2.106	2.34903	-0.988955	-0.353664	-1.40573	-2.54206	0.0629665	0.0117043
2.119	2.34903	-0.988955	-0.353613	-1.40571	-2.53781	0.0629648	0.0117043
2.132	2.34903	-0.988955	-0.353531	-1.40569	-2.53325	0.062963	0.0117043
2.145	2.34903	-0.988955	-0.35342	-1.40564	-2.52856	0.0629614	0.011706
2.158	2.34903	-0.988953	-0.353305	-1.40557	-2.52395	0.0629477	0.011706
2.171	2.34903	-0.988955	-0.353198	-1.40553	-2.51929	0.0628898	0.0117043
2.184	2.34903	-0.988955	-0.353111	-1.40549	-2.51438	0.0627773	0.0117043
2.197	2.34903	-0.988955	-0.353042	-1.40542	-2.50917	0.0626205	0.011706
2.21	2.34903	-0.988955	-0.353002	-1.40528	-2.50366	0.0623461	0.0117043
2.223	2.34903	-0.988955	-0.352998	-1.40508	-2.49792	0.0618518	0.0117043
2.236	2.34903	-0.988956	-0.353007	-1.4048	-2.49232	0.0612177	0.0117043
2.249	2.34903	-0.988955	-0.353009	-1.40455	-2.48695	0.060807	0.0117043
2.262	2.34903	-0.988956	-0.35301	-1.40439	-2.48168	0.0604371	0.0117043
2.275	2.34903	-0.988961	-0.35301	-1.40427	-2.47632	0.0601218	0.0117043
2.288	2.34903	-0.988962	-0.35301	-1.40416	-2.47081	0.0598286	0.011706
2.301	2.34903	-0.988961	-0.353007	-1.40402	-2.46534	0.059648	0.011706
2.314	2.34903	-0.988961	-0.353001	-1.40389	-2.46006	0.0594042	0.0117043
2.327	2.34903	-0.988962	-0.352993	-1.40377	-2.45491	0.059002	0.0117043
2.34	2.34903	-0.988962	-0.352969	-1.40358	-2.44964	0.0584804	0.0117043
2.353	2.34903	-0.988962	-0.352966	-1.40328	-2.44411	0.057872	0.0117043
2.366	2.34903	-0.988964	-0.352987	-1.40293	-2.43832	0.0572038	0.0117043
2.379	2.34903	-0.988964	-0.352988	-1.4027	-2.43257	0.0568101	0.0117043
2.392	2.34903	-0.988964	-0.352991	-1.40259	-2.42712	0.0564777	0.011706
2.405	2.34903	-0.988965	-0.352989	-1.40255	-2.42191	0.0563209	0.011706
2.418	2.34903	-0.988965	-0.352988	-1.40252	-2.41678	0.0562919	0.0117043
2.431	2.34903	-0.988965	-0.352974	-1.40247	-2.41159	0.0562698	0.0117043
2.444	2.34903	-0.988964	-0.352916	-1.40238	-2.40636	0.0561948	0.0117043
2.457	2.34903	-0.988962	-0.352824	-1.40228	-2.40116	0.0560431	0.0117043
2.47	2.34903	-0.988962	-0.352715	-1.40222	-2.39607	0.0559579	0.011706
2.483	2.34903	-0.988964	-0.352594	-1.40217	-2.39111	0.0559357	0.0117043
2.496	2.34903	-0.988962	-0.352511	-1.40213	-2.38605	0.0559306	0.0117043
2.509	2.34903	-0.988962	-0.352458	-1.40207	-2.38074	0.0559187	0.011706
2.522	2.34903	-0.988962	-0.352391	-1.40202	-2.37526	0.0558778	0.011706
2.535	2.34903	-0.988962	-0.352294	-1.40196	-2.36991	0.055813	0.011706
2.548	2.34903	-0.988962	-0.352196	-1.40188	-2.36489	0.0557039	0.0117043
2.561	2.34903	-0.988962	-0.352135	-1.40181	-2.36017	0.0555284	0.0117043
2.574	2.34903	-0.988964	-0.352103	-1.40173	-2.35533	0.0554125	0.0117043
2.587	2.34903	-0.988962	-0.35208	-1.40165	-2.35014	0.055317	0.0117043
2.6	2.34903	-0.988962	-0.352015	-1.40158	-2.34451	0.0552301	0.0117043
2.613	2.34903	-0.988961	-0.351905	-1.4015	-2.33871	0.055167	0.0117043
2.626	2.34903	-0.988961	-0.351801	-1.40144	-2.33303	0.0551517	0.011706
2.639	2.34903	-0.988961	-0.35172	-1.40138	-2.32734	0.0551432	0.011706
2.652	2.34903	-0.988961	-0.351609	-1.40135	-2.32133	0.0551295	0.0117043
2.665	2.34903	-0.988961	-0.351486	-1.4013	-2.315	0.0551295	0.0117043
2.678	2.34903	-0.98896	-0.351406	-1.40123	-2.30872	0.0551295	0.0117043
2.691	2.34903	-0.988961	-0.351347	-1.40116	-2.30287	0.0551023	0.0117043
2.704	2.34903	-0.988961	-0.351278	-1.40109	-2.29736	0.055	0.0117043
2.717	2.34903	-0.988961	-0.351161	-1.40103	-2.29185	0.0549165	0.011706
2.73	2.34903	-0.988961	-0.351062	-1.40098	-2.2862	0.0549062	0.0117043
2.743	2.34903	-0.98896	-0.350963	-1.40091	-2.2804	0.0549114	0.0117043
2.756	2.34903	-0.98896	-0.350876	-1.40086	-2.27469	0.0549131	0.0117043
2.769	2.34903	-0.988958	-0.350801	-1.40084	-2.26921	0.0549131	0.0117043
2.782	2.34903	-0.988958	-0.350736	-1.4008	-2.26389	0.0549131	0.0117043
2.795	2.34903	-0.98896	-0.350644	-1.40075	-2.25854	0.0549114	0.0117043
2.808	2.34903	-0.988958	-0.350513	-1.40069	-2.25299	0.0549114	0.0117043
2.821	2.34903	-0.988958	-0.350388	-1.40062	-2.24737	0.0549131	0.0117043
2.834	2.34903	-0.988957	-0.350304	-1.40055	-2.24202	0.0549131	0.011706
2.847	2.34903	-0.988957	-0.350258	-1.40051	-2.2371	0.0549114	0.0117043
2.86	2.34903	-0.988957	-0.350205	-1.40049	-2.2324	0.0549114	0.0117043
2.873	2.34903	-0.988957	-0.350128	-1.40046	-2.22773	0.054908	0.0117043
2.886	2.34903	-0.988956	-0.350022	-1.4004	-2.22298	0.0549011	0.0117043
2.899	2.34903	-0.988957	-0.349907	-1.40032	-2.21815	0.0548977	0.0117043
2.912	2.34903	-0.988956	-0.349797	-1.40024	-2.21343	0.0548994	0.0117043
2.925	2.34903	-0.988955	-0.349736	-1.40021	-2.20898	0.0549011	0.0117043
2.938	2.34903	-0.988955	-0.349709	-1.40019	-2.20472	0.0549028	0.0117043
2.951	2.34903	-0.988955	-0.349668	-1.40015	-2.20027	0.0549011	0.0117043
2.964	2.34903	-0.988953	-0.349594	-1.4001	-2.19546	0.0548977	0.0117043
2.977	2.34903	-0.988953	-0.349484	-1.40002	-2.19034	0.0548875	0.0117043
2.99	2.34903	-0.988952	-0.349397	-1.39996	-2.18507	0.0548807	0.0117043
3.003	2.34903	-0.988951	-0.349335	-1.39988	-2.17997	0.0548671	0.0117043
3.016	2.34903	-0.988948	-0.349271	-1.39981	-2.17513	0.0547989	0.0117043
3.029	2.34903	-0.988948	-0.34922	-1.39975	-2.17031	0.0546591	0.011706
3.042	2.34903	-0.988948	-0.349161	-1.39967	-2.16524	0.05455	0.0117043
3.055	2.34903	-0.988948	-0.349073	-1.39958	-2.15966	0.0544955	0.0117043
3.068	2.34903	-0.988947	-0.349013	-1.3995	-2.15367	0.0544631	0.011706
3.081	2.34903	-0.988947	-0.348981	-1.39944	-2.14763	0.0543949	0.0117043
3.094	2.34903	-0.988946	-0.348946	-1.39934	-2.14164	0.0542893	0.0117043
3.107	2.34903	-0.988946	-0.348927	-1.39923	-2.13548	0.0540302	0.0117043
3.12	2.34903	-0.988946	-0.348927	-1.39908	-2.12905	0.053691	0.0117043
3.133	2.34903	-0.988944	-0.348927	-1.39892	-2.12256	0.0534711	0.0117043
3.146	2.34903	-0.988943	-0.348927	-1.3988	-2.11644	0.0533024	0.0117043
3.159	2.34903	-0.988943	-0.348926	-1.39871	-2.11088	0.0532052	0.0117043
3.172	2.34903	-0.988942	-0.348886	-1.39865	-2.1057	0.0531047	0.0117043
3.185	2.34903	-0.988942	-0.348804	-1.39858	-2.10069	0.0530501	0.0117043
3.198	2.34903	-0.988942	-0.348702	-1.39849	-2.09575	0.0530467	0.0117043
3.211	2.34903	-0.988941	-0.348598	-1.39843	-2.09087	0.0530467	0.0117043
3.224	2.34903	-0.988939	-0.348516	-1.39838	-2.08622	0.0530484	0.0117043
3.237	2.34903	-0.988939	-0.348463	-1.39834	-2.08175	0.0530467	0.0117043
3.25	2.34903	-0.988939	-0.348418	-1.39831	-2.0773	0.0530467	0.0117043
3.263	2.34903	-0.988939	-0.348346	-1.39827	-2.07254	0.0530484	0.0117043
3.276	2.34904	-0.988938	-0.348266	-1.3982	-2.06745	0.0530484	0.0117043
3.289	2.34904	-0.988938	-0.348192	-1.39812	-2.0622	0.0530484	0.0117043
3.302	2.34904	-0.988937	-0.348125	-1.39805	-2.05706	0.0530484	0.0117043
3.315	2.34905	-0.988937	-0.348054	-1.39801	-2.05208	0.0530484	0.0117043
3.328	2.34908	-0.988937	-0.347978	-1.39797	-2.04709	0.0530484	0.0117043
3.341	2.34911	-0.988937	-0.347895	-1.39791	-2.04183	0.0530484	0.0117043
3.354	2.34915	-0.988935	-0.347827	-1.39784	-2.03618	0.0530484	0.0117043
3.367	2.34921	-0.988935	-0.347748	-1.39777	-2.03013	0.0530484	0.0117043
3.38	2.34925	-0.988935	-0.347661	-1.39769	-2.02402	0.0530484	0.0117043
3.393	2.34928	-0.988935	-0.347597	-1.39761	-2.01799	0.0530484	0.0117043
3.406	2.34931	-0.988934	-0.347523	-1.39753	-2.01192	0.0530484	0.0117043
3.419	2.34933	-0.988934	-0.347418	-1.39745	-2.00564	0.0530484	0.0117043
3.432	2.34934	-0.988934	-0.347298	-1.39735	-1.99922	0.0530484	0.0117043
3.445	2.34934	-0.988933	-0.347179	-1.39726	-1.99292	0.0530484	0.0117043
3.458	2.34934	-0.988933	-0.347105	-1.3972	-1.98691	0.0530501	0.0117043
3.471	2.34934	-0.988933	-0.34706	-1.39715	-1.98087	0.0530484	0.0117043
3.484	2.34935	-0.988933	-0.34698	-1.39709	-1.97442	0.0530484	0.0117043
3.497	2.34936	-0.988933	-0.346862	-1.39701	-1.96755	0.0530501	0.0117043
3.51	2.34936	-0.988933	-0.346755	-1.39693	-1.96056	0.0530501	0.0117043
3.523	2.34936	-0.988933	-0.34669	-1.39685	-1.9535	0.0530501	0.0117043
3.536	2.34936	-0.988933	-0.34664	-1.39676	-1.94616	0.0530501	0.0117043
3.549	2.34936	-0.988933	-0.346524	-1.39665	-1.93861	0.0530501	0.0117043
3.562	2.34936	-0.988933	-0.346387	-1.39654	-1.93121	0.0530501	0.0117043
3.575	2.34936	-0.988933	-0.346279	-1.39646	-1.92415	0.0530501	0.0117043
3.588	2.34936	-0.988933	-0.346203	-1.39638	-1.91712	0.0530501	0.0117043
3.601	2.34936	-0.988932	-0.346115	-1.39631	-1.90992	0.0530501	0.0117043
3.614	2.34936	-0.988933	-0.346021	-1.39624	-1.90273	0.0530518	0.0117043
3.627	2.34935	-0.988933	-0.345941	-1.39615	-1.89583	0.0530501	0.0117043
3.64	2.34935	-0.988933	-0.345865	-1.39605	-1.8891	0.0530518	0.0117043
3.653	2.34935	-0.988932	-0.345768	-1.39594	-1.88228	0.0530518	0.0117043
3.666	2.34935	-0.988932	-0.345642	-1.39582	-1.87556	0.0530518	0.0117043
3.679	2.34935	-0.988933	-0.345557	-1.39572	-1.86927	0.0530518	0.0117043
3.692	2.34935	-0.988933	-0.345505	-1.39563	-1.86348	0.0530518	0.0117043
3.705	2.34935	-0.988933	-0.345431	-1.39556	-1.85787	0.0530518	0.0117043
3.718	2.34935	-0.988933	-0.345353	-1.39549	-1.85214	0.0530518	0.0117043
3.731	2.34935	-0.988933	-0.345287	-1.3954	-1.84629	0.0530518	0.011706
3.744	2.34935	-0.988933	-0.345201	-1.39529	-1.84036	0.0530518	0.0117043
3.757	2.34935	-0.988933	-0.345106	-1.39521	-1.83439	0.0530535	0.0117043
3.77	2.34935	-0.988933	-0.345034	-1.39514	-1.8283	0.0530535	0.0117043
3.783	2.34935	-0.988933	-0.344988	-1.39508	-1.8219	0.0530535	0.0117043
3.796	2.34935	-0.988934	-0.344949	-1.39499	-1.81524	0.0530518	0.0117043
3.809	2.34935	-0.988933	-0.344887	-1.39489	-1.80863	0.0530518	0.0117043
3.822	2.34935	-0.988934	-0.344807	-1.39477	-1.80234	0.0530518	0.0117043
3.835	2.34935	-0.988934	-0.34472	-1.39465	-1.7964	0.0530518	0.0117043
3.848	2.34935	-0.988933	-0.344616	-1.39454	-1.79044	0.0530535	0.0117043
3.861	2.34935	-0.988933	-0.344522	-1.39443	-1.78444	0.0530535	0.0117043
3.874	2.34935	-0.988933	-0.344468	-1.39433	-1.77852	0.0530535	0.0117043
3.887	2.34935	-0.988933	-0.344418	-1.39427	-1.77284	0.0530535	0.0117043
3.9	2.34935	-0.988933	-0.344366	-1.39421	-1.76727	0.0530535	0.0117043
3.913	2.34935	-0.988933	-0.344316	-1.39416	-1.76155	0.0530535	0.0117043
3.926	2.34935	-0.988934	-0.344234	-1.3941	-1.75565	0.0530553	0.0117043
3.939	2.34935	-0.988934	-0.344146	-1.39402	-1.74971	0.0530553	0.0117043
3.952	2.34935	-0.988934	-0.344082	-1.39394	-1.74392	0.0530553	0.0117043
3.965	2.34935	-0.988935	-0.344032	-1.39385	-1.73846	0.0530553	0.0117043
3.978	2.34935	-0.988935	-0.343984	-1.39376	-1.73318	0.0530553	0.0117043
3.991	2.34935	-0.988935	-0.343947	-1.3937	-1.72773	0.0530553	0.0117043
4.004	2.34935	-0.988935	-0.343884	-1.39364	-1.72209	0.0530553	0.0117043
4.017	2.34935	-0.988935	-0.343814	-1.39355	-1.71641	0.0530553	0.0117043
4.03	2.34935	-0.988935	-0.343787	-1.39347	-1.71084	0.0530553	0.0117043
4.043	2.34935	-0.988935	-0.343756	-1.39339	-1.70531	0.0530535	0.0117043
4.056	2.34935	-0.988937	-0.343683	-1.39332	-1.69953	0.0530535	0.0117043
4.069	2.34935	-0.988937	-0.343618	-1.39323	-1.69342	0.0530553	0.0117043
4.082	2.34935	-0.988935	-0.343567	-1.39311	-1.6872	0.0530553	0.0117043
4.095	2.34935	-0.988935	-0.3435	-1.393	-1.68115	0.0530553	0.0117043
4.108	2.34935	-0.988935	-0.343452	-1.39292	-1.67534	0.0530553	0.0117043
4.121	2.34935	-0.988937	-0.34342	-1.39284	-1.66964	0.0530535	0.0117043
4.134	2.34935	-0.988937	-0.343369	-1.39275	-1.66382	0.0530535	0.0117043
4.147	2.34935	-0.988935	-0.343305	-1.39265	-1.65785	0.0530535	0.0117043
4.16	2.34935	-0.988937	-0.343234	-1.39255	-1.65186	0.0530535	0.0117043
4.173	2.34935	-0.988937	-0.343182	-1.39246	-1.64603	0.0530535	0.0117043
4.186	2.34935	-0.988937	-0.343148	-1.3924	-1.64025	0.0530535	0.0117043
4.199	2.34935	-0.988935	-0.343118	-1.39233	-1.63435	0.0530535	0.0117043
4.212	2.34935	-0.988935	-0.343073	-1.39225	-1.62844	0.0530518	0.0117043
4.225	2.34935	-0.988935	-0.343034	-1.39214	-1.62282	0.0530518	0.0117043
4.238	2.34935	-0.988935	-0.34299	-1.39207	-1.61781	0.0530518	0.0117043
4.251	2.34935	-0.988935	-0.342948	-1.39203	-1.61349	0.0530518	0.0117043
4.264	2.34935	-0.988937	-0.342924	-1.39199	-1.60962	0.0530518	0.0117043
4.277	2.34935	-0.988937	-0.342909	-1.39192	-1.60602	0.0530518	0.0117043
4.29	2.34935	-0.988937	-0.342886	-1.39187	-1.60267	0.0530501	0.0117043
4.303	2.34935	-0.988937	-0.342857	-1.39185	-1.59948	0.0530501	0.0117043
4.316	2.34935	-0.988935	-0.342845	-1.39185	-1.59667	0.0530501	0.0117043
4.329	2.34935	-0.988935	-0.342845	-1.39185	-1.59412	0.0530501	0.0117043
4.342	2.34935	-0.988935	-0.342846	-1.39183	-1.5918	0.0530501	0.0117043
4.355	2.34935	-0.988935	-0.342846	-1.39179	-1.58984	0.0530501	0.0117043
4.368	2.34935	-0.988935	-0.342834	-1.39178	-1.58784	0.0530501	0.0117043
4.381	2.34935	-0.988935	-0.342767	-1.39178	-1.58567	0.0530501	0.0117043
4.394	2.34935	-0.988934	-0.342747	-1.39178	-1.58371	0.0530518	0.0117043
4.407	2.34935	-0.988934	-0.342751	-1.39178	-1.58153	0.0530518	0.0117043
4.42	2.34935	-0.988934	-0.342751	-1.39178	-1.57915	0.0530518	0.0117043
4.433	2.34935	-0.988934	-0.34275	-1.39178	-1.57663	0.0530518	0.0117043
4.446	2.34935	-0.988934	-0.34275	-1.39176	-1.57367	0.0530518	0.0117043
4.459	2.34935	-0.988934	-0.34275	-1.39172	-1.57062	0.0530501	0.0117043
4.472	2.34935	-0.988934	-0.34275	-1.39166	-1.56723	0.0530501	0.0117043
4.485	2.34935	-0.988933	-0.342747	-1.39157	-1.56388	0.0530501	0.0117043
4.498	2.34935	-0.988932	-0.342724	-1.39148	-1.56048	0.0530501	0.011706
4.511	2.34935	-0.988932	-0.342673	-1.39141	-1.5574	0.0530501	0.0117043
4.524	2.34935	-0.988933	-0.342629	-1.39139	-1.5544	0.0530501	0.0117043
4.537	2.34935	-0.988933	-0.342594	-1.39138	-1.55178	0.0530501	0.0117043
4.55	2.34935	-0.988932	-0.34258	-1.39134	-1.54916	0.0530501	0.0117043
4.563	2.34935	-0.988932	-0.34258	-1.39132	-1.54659	0.0530501	0.0117043
4.576	2.34935	-0.988932	-0.34258	-1.39131	-1.54372	0.0530501	0.0117043
4.589	2.34935	-0.988932	-0.34258	-1.39128	-1.54051	0.0530501	0.0117043
4.602	2.34935	-0.988932	-0.34258	-1.39121	-1.53711	0.0530501	0.0117043
4.615	2.34935	-0.988932	-0.34258	-1.39115	-1.53347	0.0530484	0.0117043
4.628	2.34935	-0.988932	-0.342568	-1.39109	-1.52954	0.0530484	0.0117043
4.641	2.34935	-0.988932	-0.342516	-1.391	-1.52563	0.0530467	0.0117043
4.654	2.34935	-0.988932	-0.34245	-1.3909	-1.52159	0.0530484	0.0117043
4.667	2.34935	-0.988933	-0.342406	-1.39084	-1.51742	0.0530484	0.0117043
4.68	2.34935	-0.988934	-0.342374	-1.39075	-1.51302	0.0530484	0.0117043
4.693	2.34935	-0.988933	-0.342354	-1.39062	-1.50823	0.0530484	0.0117043
4.706	2.34935	-0.988933	-0.342327	-1.3905	-1.50324	0.0530467	0.0117043
4.719	2.34935	-0.988933	-0.342277	-1.39043	-1.49827	0.0530484	0.0117043
4.732	2.34935	-0.988933	-0.342239	-1.3904	-1.49361	0.0530484	0.0117043
4.745	2.34935	-0.988933	-0.342231	-1.39037	-1.48933	0.0530484	0.0117043
4.758	2.34935	-0.988933	-0.34223	-1.39031	-1.48537	0.0530484	0.0117043
4.771	2.34935	-0.988933	-0.342228	-1.39027	-1.48168	0.0530484	0.0117043
4.784	2.34935	-0.988933	-0.342221	-1.39022	-1.47797	0.0530467	0.0117043
4.797	2.34935	-0.988933	-0.342199	-1.39015	-1.47441	0.0530467	0.0117043
4.81	2.34935	-0.988933	-0.34219	-1.39011	-1.4709	0.0530467	0.0117043
4.823	2.34935	-0.988933	-0.342186	-1.39008	-1.46748	0.0530467	0.0117043
4.836	2.34935	-0.988933	-0.342168	-1.39005	-1.46423	0.0530467	0.0117043
4.849	2.34935	-0.988933	-0.342142	-1.39003	-1.46102	0.0530467	0.0117043
4.862	2.34935	-0.988933	-0.342131	-1.39002	-1.45796	0.0530467	0.0117043
4.875	2.34935	-0.988932	-0.342129	-1.39002	-1.45471	0.0530484	0.0117043
4.888	2.34935	-0.988933	-0.342126	-1.39001	-1.4513	0.0530484	0.0117043
4.901	2.34935	-0.988933	-0.342121	-1.38998	-1.44753	0.0530484	0.0117043
4.914	2.34935	-0.988933	-0.34211	-1.3899	-1.4436	0.0530467	0.0117043
4.927	2.34935	-0.988933	-0.342085	-1.38982	-1.43937	0.0530467	0.0117043
4.94	2.34935	-0.988932	-0.342071	-1.38979	-1.43501	0.0530467	0.0117043
4.953	2.34935	-0.988933	-0.342071	-1.38978	-1.43082	0.053045	0.0117043
4.966	2.34935	-0.988932	-0.342071	-1.38978	-1.42661	0.053045	0.0117043
4.979	2.34935	-0.98893	-0.342071	-1.38978	-1.42216	0.0530467	0.0117043
4.992	2.34936	-0.98893	-0.342071	-1.38973	-1.41729	0.0530467	0.0117043
5.005	2.34937	-0.988929	-0.342071	-1.38956	-1.41181	0.053045	0.0117043
5.018	2.34941	-0.988929	-0.34207	-1.38931	-1.40583	0.0530399	0.0117043
5.031	2.34946	-0.988929	-0.342067	-1.38906	-1.39965	0.0529462	0.0117043
5.044	2.34947	-0.98893	-0.342066	-1.38889	-1.39342	0.0525951	0.0117043
5.057	2.34946	-0.988933	-0.342066	-1.38878	-1.38701	0.0523087	0.0117043
5.07	2.34946	-0.988932	-0.342066	-1.38866	-1.38032	0.0522371	0.011706
5.083	2.34946	-0.988932	-0.342065	-1.38853	-1.37347	0.0522388	0.0117043
5.096	2.34946	-0.98893	-0.342064	-1.38843	-1.36671	0.0522422	0.0117043
5.109	2.34946	-0.98893	-0.342064	-1.38833	-1.36009	0.0522388	0.0117043
5.122	2.34946	-0.98893	-0.342064	-1.38826	-1.35337	0.0522303	0.011706
5.135	2.34946	-0.98893	-0.342064	-1.38814	-1.3465	0.0521792	0.011706
5.148	2.34946	-0.988932	-0.342064	-1.388	-1.33956	0.0520138	0.0117043
5.161	2.34946	-0.988932	-0.342064	-1.38782	-1.33258	0.0517786	0.0117043
5.174	2.34946	-0.988932	-0.342064	-1.38765	-1.32541	0.051644	0.0117043
5.187	2.34946	-0.988933	-0.342064	-1.3875	-1.31797	0.0516065	0.0117043
5.2	2.34945	-0.988933	-0.342064	-1.38736	-1.31052	0.0515622	0.0117043
5.213	2.34945	-0.988933	-0.342064	-1.38724	-1.30333	0.0514872	0.0117043
5.226	2.34945	-0.988933	-0.342064	-1.38714	-1.29636	0.0513985	0.0117043
5.239	2.34945	-0.988933	-0.342064	-1.38703	-1.28932	0.0513645	0.0117043
5.252	2.34945	-0.988932	-0.342064	-1.38691	-1.28227	0.0513645	0.0117043
5.265	2.34945	-0.988933	-0.342064	-1.38679	-1.27538	0.0513662	0.0117043
5.278	2.34945	-0.988933	-0.342064	-1.38666	-1.26872	0.0513662	0.0117043
5.291	2.34945	-0.988933	-0.342064	-1.3865	-1.26217	0.0513662	0.0117043
5.304	2.34945	-0.988933	-0.342061	-1.38633	-1.25562	0.0513628	0.0117043
5.317	2.34945	-0.988933	-0.34206	-1.38619	-1.24924	0.051327	0.0117043
5.33	2.34945	-0.988933	-0.342058	-1.38609	-1.24318	0.0511957	0.0117043
5.343	2.34945	-0.988933	-0.342058	-1.38601	-1.23749	0.0510372	0.0117043
5.356	2.34945	-0.988934	-0.342058	-1.38593	-1.23198	0.0509384	0.0117043
5.369	2.34945	-0.988934	-0.342058	-1.3858	-1.22649	0.0508974	0.0117043
5.382	2.34945	-0.988935	-0.342058	-1.38568	-1.22105	0.0508906	0.0117043
5.395	2.34945	-0.988934	-0.342057	-1.38555	-1.21575	0.0508855	0.0117043
5.408	2.34945	-0.988934	-0.342057	-1.38548	-1.21062	0.0508838	0.0117043
5.421	2.34945	-0.988934	-0.342056	-1.3854	-1.20556	0.0508804	0.0117043
5.434	2.34945	-0.988934	-0.342056	-1.38531	-1.2004	0.0508753	0.0117043
5.447	2.34945	-0.988934	-0.342056	-1.38521	-1.19507	0.0508634	0.0117043
5.46	2.34945	-0.988934	-0.342055	-1.3851	-1.18972	0.0508582	0.011706
5.473	2.34945	-0.988934	-0.342053	-1.38501	-1.18455	0.0508566	0.011706
5.486	2.34945	-0.988934	-0.342053	-1.38491	-1.17962	0.0508582	0.0117043
5.499	2.34945	-0.988934	-0.342052	-1.38482	-1.17489	0.05086	0.0117043
5.512	2.34945	-0.988934	-0.342051	-1.38473	-1.17018	0.0508617	0.0117043
5.525	2.34945	-0.988934	-0.34205	-1.38463	-1.16539	0.0508617	0.0117043
5.538	2.34945	-0.988935	-0.34205	-1.38455	-1.16055	0.0508617	0.0117043
5.551	2.34945	-0.988935	-0.342048	-1.38446	-1.15567	0.0508634	0.0117043
5.564	2.34945	-0.988934	-0.342047	-1.38435	-1.15086	0.0508634	0.0117043
5.577	2.34945	-0.988934	-0.342047	-1.38425	-1.14608	0.0508634	0.0117043
5.59	2.34945	-0.988934	-0.342046	-1.38416	-1.1412	0.0508634	0.0117043
5.603	2.34945	-0.988934	-0.342046	-1.38408	-1.13613	0.0508634	0.0117043
5.616	2.34945	-0.988934	-0.342046	-1.384	-1.13085	0.0508634	0.0117043
5.629	2.34945	-0.988934	-0.342046	-1.38393	-1.12548	0.0508634	0.0117043
5.642	2.34945	-0.988934	-0.342044	-1.38382	-1.12006	0.0508617	0.0117043
5.655	2.34945	-0.988934	-0.342044	-1.38371	-1.11471	0.0508617	0.0117043
5.668	2.34945	-0.988934	-0.342044	-1.38362	-1.10928	0.0508617	0.0117043
5.681	2.34945	-0.988934	-0.342044	-1.38353	-1.10355	0.0508617	0.0117043
5.694	2.34945	-0.988934	-0.342044	-1.38341	-1.09745	0.0508617	0.0117043
5.707	2.34945	-0.988933	-0.342044	-1.38323	-1.09109	0.05086	0.011706
5.72	2.34945	-0.988933	-0.342044	-1.3831	-1.08467	0.0508617	0.011706
5.733	2.34945	-0.988933	-0.342044	-1.383	-1.07823	0.0508634	0.0117043
5.746	2.34945	-0.988933	-0.342044	-1.38292	-1.07172	0.0508617	0.0117043
5.759	2.34945	-0.988933	-0.342044	-1.3828	-1.0653	0.0508634	0.0117043
5.772	2.34945	-0.988933	-0.342044	-1.38267	-1.05918	0.0508634	0.0117043
5.785	2.34945	-0.988933	-0.342044	-1.38255	-1.05342	0.0508634	0.0117043
5.798	2.34945	-0.988933	-0.342044	-1.38247	-1.04791	0.0508634	0.0117043
5.811	2.34945	-0.988933	-0.342044	-1.38237	-1.04238	0.0508634	0.0117043
5.824	2.34945	-0.988933	-0.342044	-1.38224	-1.03684	0.0508651	0.0117043
5.837	2.34945	-0.988933	-0.342044	-1.38212	-1.03131	0.0508651	0.0117043
5.85	2.34945	-0.988933	-0.342044	-1.38204	-1.02581	0.0508651	0.0117043
5.863	2.34945	-0.988933	-0.342044	-1.38197	-1.02036	0.0508651	0.0117043
5.876	2.34945	-0.988933	-0.342044	-1.38186	-1.01486	0.0508651	0.0117043
5.889	2.34945	-0.988933	-0.342046	-1.38173	-1.00917	0.0508668	0.0117043
5.902	2.34945	-0.988933	-0.342046	-1.38164	-1.00335	0.0508668	0.0117043
5.915	2.34945	-0.988933	-0.342046	-1.38154	-0.997472	0.0508668	0.0117043
5.928	2.34945	-0.988932	-0.342046	-1.38142	-0.991655	0.0508685	0.0117043
5.941	2.34945	-0.988932	-0.342047	-1.38129	-0.985826	0.0508685	0.0117043
5.954	2.34945	-0.988932	-0.342047	-1.3812	-0.979845	0.0508685	0.0117043
5.967	2.34945	-0.988932	-0.342047	-1.38113	-0.973777	0.0508702	0.0117043
5.98	2.34945	-0.988932	-0.342047	-1.38102	-0.967815	0.0508702	0.0117043
5.993	2.34945	-0.988932	-0.34205	-1.38089	-0.961951	0.0508702	0.0117043
6.006	2.34945	-0.988932	-0.342051	-1.38076	-0.956054	0.0508719	0.0117043
6.019	2.34945	-0.988932	-0.342051	-1.38067	-0.949986	0.0508719	0.0117043
6.032	2.34945	-0.988928	-0.342051	-1.38054	-0.943748	0.0508719	0.0117043
6.045	2.34945	-0.988928	-0.342052	-1.38037	-0.937485	0.0508753	0.0117043
6.058	2.34945	-0.988928	-0.342052	-1.38024	-0.931304	0.0508753	0.0117043
6.071	2.34945	-0.988928	-0.342052	-1.38017	-0.925258	0.050877	0.011706
6.084	2.34945	-0.988927	-0.342052	-1.38009	-0.919196	0.050877	0.0117043
6.097	2.34945	-0.988927	-0.342053	-1.37997	-0.913109	0.0508787	0.0117043
6.11	2.34945	-0.988928	-0.342056	-1.37983	-0.907098	0.0508804	0.0117043
6.123	2.34945	-0.988928	-0.342057	-1.37974	-0.90117	0.0508821	0.0117043
6.136	2.34945	-0.988928	-0.342057	-1.37965	-0.895321	0.0508838	0.0117043
6.149	2.34945	-0.988928	-0.342057	-1.37956	-0.88941	0.0508838	0.0117043
6.162	2.34945	-0.988928	-0.342081	-1.37945	-0.88347	0.0508838	0.0117043
6.175	2.34945	-0.988928	-0.342127	-1.37934	-0.877643	0.0508855	0.0117043
6.188	2.34945	-0.988928	-0.342129	-1.37925	-0.87208	0.0508855	0.0117043
6.201	2.34945	-0.988928	-0.342131	-1.37916	-0.866811	0.0508855	0.0117043
6.214	2.34945	-0.988928	-0.34215	-1.37904	-0.861745	0.0508872	0.0117043
6.227	2.34945	-0.988927	-0.342165	-1.37894	-0.856685	0.0508906	0.0117043
6.24	2.34945	-0.988927	-0.342166	-1.37886	-0.85156	0.0508923	0.0117043
6.253	2.34945	-0.988927	-0.342177	-1.3788	-0.846401	0.050894	0.0117043
6.266	2.34945	-0.988927	-0.3422	-1.37873	-0.84128	0.050894	0.0117043
6.279	2.34945	-0.988927	-0.342236	-1.37862	-0.836275	0.050894	0.0117043
6.292	2.34945	-0.988927	-0.342273	-1.37853	-0.831311	0.0508957	0.0117043
6.305	2.34945	-0.988927	-0.342308	-1.37845	-0.826331	0.0508957	0.0117043
6.318	2.34945	-0.988927	-0.342318	-1.37837	-0.821303	0.0508957	0.0117043
6.331	2.34945	-0.988927	-0.342318	-1.37828	-0.816194	0.0508957	0.0117043
6.344	2.34945	-0.988927	-0.342322	-1.37817	-0.81112	0.0508974	0.0117043
6.357	2.34945	-0.988927	-0.342351	-1.37807	-0.806107	0.0508992	0.0117043
6.37	2.34945	-0.988927	-0.3424	-1.37801	-0.801182	0.0509009	0.0117043
6.383	2.34945	-0.988927	-0.34242	-1.37795	-0.796142	0.0509009	0.0117043
6.396	2.34945	-0.988927	-0.342442	-1.37786	-0.790924	0.0509009	0.0117043
6.409	2.34945	-0.988927	-0.342482	-1.37775	-0.785649	0.0509009	0.0117043
6.422	2.34945	-0.988927	-0.342516	-1.37766	-0.780499	0.0509009	0.011706
6.435	2.34945	-0.988927	-0.342552	-1.37759	-0.775597	0.0509009	0.011706
6.448	2.34945	-0.988927	-0.342602	-1.37752	-0.770964	0.0509009	0.0117043
6.461	2.34945	-0.988927	-0.342646	-1.37745	-0.766409	0.0509026	0.0117043
6.474	2.34945	-0.988927	-0.342676	-1.37737	-0.761877	0.0509026	0.0117043
6.487	2.34945	-0.988927	-0.342692	-1.37729	-0.757492	0.0509026	0.0117043
6.5	2.34945	-0.988925	-0.342695	-1.37721	-0.753305	0.0509026	0.0117043
6.513	2.34945	-0.988925	-0.342695	-1.37714	-0.749259	0.0509026	0.0117043
6.526	2.34945	-0.988925	-0.342713	-1.37709	-0.745453	0.0509026	0.0117043
6.539	2.34945	-0.988925	-0.342768	-1.37705	-0.74179	0.0509043	0.0117043
6.552	2.34945	-0.988925	-0.342781	-1.37698	-0.73811	0.0509043	0.0117043
6.565	2.34945	-0.988925	-0.342781	-1.37691	-0.734333	0.0509043	0.0117043
6.578	2.34945	-0.988925	-0.34279	-1.37686	-0.730218	0.050906	0.0117043
6.591	2.34945	-0.988925	-0.342818	-1.37679	-0.725969	0.050906	0.0117043
6.604	2.34945	-0.988925	-0.342852	-1.37671	-0.721726	0.050906	0.0117043
6.617	2.34945	-0.988924	-0.342916	-1.37664	-0.717408	0.050906	0.0117043
6.63	2.34945	-0.988924	-0.342978	-1.37657	-0.712955	0.0509077	0.0117043
6.643	2.34945	-0.988924	-0.342999	-1.37648	-0.708351	0.0509077	0.0117043
6.656	2.34945	-0.988924	-0.343003	-1.3764	-0.703389	0.0509094	0.0117043
6.669	2.34945	-0.988924	-0.343025	-1.37633	-0.698121	0.0509128	0.0117043
6.682	2.34945	-0.988924	-0.343085	-1.37624	-0.692697	0.0509145	0.0117043
6.695	2.34945	-0.988924	-0.343158	-1.37616	-0.687332	0.0509145	0.0117043
6.708	2.34945	-0.988924	-0.343219	-1.37608	-0.682114	0.0509145	0.0117043
6.721	2.34945	-0.988924	-0.343257	-1.376	-0.676984	0.0509145	0.0117043
6.734	2.34945	-0.988924	-0.343289	-1.37594	-0.671767	0.0509145	0.0117043
6.747	2.34945	-0.988924	-0.34332	-1.37586	-0.66638	0.0509145	0.0117043
6.76	2.34945	-0.988924	-0.343347	-1.37576	-0.660853	0.0509145	0.0117043
6.773	2.34945	-0.988924	-0.34338	-1.37566	-0.655368	0.0509145	0.011706
6.786	2.34945	-0.988924	-0.343445	-1.37559	-0.649845	0.0509145	0.011706
6.799	2.34945	-0.988924	-0.343526	-1.37552	-0.644094	0.0509145	0.0117043
6.812	2.34945	-0.988924	-0.343578	-1.37544	-0.638087	0.0509145	0.0117043
6.825	2.34945	-0.988924	-0.343632	-1.37535	-0.632041	0.0509145	0.0117043
6.838	2.34945	-0.988923	-0.343683	-1.37523	-0.626197	0.0509145	0.0117043
6.851	2.34945	-0.988915	-0.343739	-1.37512	-0.6207	0.0509145	0.0117043
6.864	2.34945	-0.988905	-0.343803	-1.37503	-0.615631	0.0509145	0.0117043
6.877	2.34945	-0.988901	-0.343851	-1.37493	-0.610868	0.0509162	0.0117043
6.89	2.34945	-0.988893	-0.343874	-1.37482	-0.60626	0.0509162	0.0117043
6.903	2.34945	-0.988889	-0.343899	-1.37473	-0.601842	0.0509213	0.0117043
6.916	2.34945	-0.988887	-0.343927	-1.37466	-0.597514	0.0509298	0.0117043
6.929	2.34945	-0.988886	-0.343952	-1.3746	-0.593329	0.0509401	0.0117043
6.942	2.34945	-0.988884	-0.343984	-1.37456	-0.589304	0.0509503	0.0117043
6.955	2.34945	-0.988884	-0.344024	-1.37452	-0.585109	0.0509605	0.0117043
6.968	2.34945	-0.988884	-0.344078	-1.37447	-0.580626	0.0509639	0.0117043
6.981	2.34945	-0.988884	-0.344152	-1.37442	-0.575907	0.0509639	0.0117043
6.994	2.34945	-0.988884	-0.344238	-1.37436	-0.570939	0.0509639	0.0117043
7.007	2.34945	-0.988884	-0.344324	-1.37429	-0.565871	0.0509639	0.0117043
7.02	2.34945	-0.988884	-0.344407	-1.3742	-0.560746	0.0509639	0.0117043
7.033	2.34945	-0.988883	-0.344483	-1.37411	-0.555659	0.0509639	0.0117043
7.046	2.34945	-0.988883	-0.344579	-1.37406	-0.550631	0.0509639	0.0117043
7.059	2.34945	-0.988883	-0.344675	-1.37402	-0.545582	0.0509622	0.0117043
7.072	2.34945	-0.988883	-0.344747	-1.37396	-0.540554	0.0509622	0.0117043
7.085	2.34945	-0.988883	-0.344802	-1.37388	-0.535633	0.0509622	0.0117043
7.098	2.34945	-0.988882	-0.344831	-1.37381	-0.530999	0.0509622	0.0117043
7.111	2.34945	-0.988882	-0.344852	-1.37375	-0.526642	0.0509622	0.0117043
7.124	2.34945	-0.988882	-0.344875	-1.37371	-0.522459	0.0509622	0.0117043
7.137	2.34945	-0.988883	-0.344905	-1.37368	-0.518438	0.0509622	0.0117043
7.15	2.34945	-0.988883	-0.344942	-1.37365	-0.514605	0.0509622	0.0117043
7.163	2.34945	-0.988884	-0.344977	-1.37361	-0.510926	0.0509622	0.0117043
7.176	2.34945	-0.988887	-0.345001	-1.37359	-0.507713	0.0509605	0.0117043
7.189	2.34945	-0.988888	-0.345018	-1.37355	-0.504661	0.0509605	0.0117043
7.202	2.34945	-0.988891	-0.345029	-1.37352	-0.501978	0.0509605	0.0117043
7.215	2.34945	-0.988896	-0.345045	-1.37349	-0.499374	0.0509605	0.0117043
7.228	2.34945	-0.988898	-0.345061	-1.37345	-0.497261	0.0509622	0.0117043
7.241	2.34945	-0.988901	-0.345079	-1.37341	-0.495453	0.0509622	0.0117043
7.254	2.34945	-0.988904	-0.3451	-1.37337	-0.494064	0.0509639	0.0117043
7.267	2.34945	-0.988907	-0.345128	-1.37336	-0.492964	0.0509656	0.0117043
7.28	2.34945	-0.988918	-0.345134	-1.37337	-0.492465	0.050969	0.0117043
7.293	2.34945	-0.988924	-0.345135	-1.37337	-0.492367	0.0509793	0.0117043
7.306	2.34945	-0.988935	-0.345137	-1.37337	-0.492367	0.0510099	0.0117043
7.319	2.34945	-0.988955	-0.345138	-1.37335	-0.492371	0.051073	0.0117043
7.332	2.34945	-0.988971	-0.345142	-1.37329	-0.492371	0.0511787	0.0117043
7.345	2.34945	-0.988985	-0.345148	-1.37316	-0.492373	0.0515485	0.0117043
7.358	2.34945	-0.989012	-0.345147	-1.37295	-0.492375	0.052036	0.0117043
7.371	2.34945	-0.989037	-0.345144	-1.37273	-0.492377	0.052457	0.0117043
7.384	2.34945	-0.989042	-0.34514	-1.37259	-0.492381	0.0526922	0.0117043
7.397	2.34945	-0.989075	-0.345139	-1.37255	-0.492381	0.052803	0.0117043
7.41	2.34945	-0.989126	-0.345139	-1.37255	-0.492381	0.0528695	0.0117043
7.423	2.34945	-0.989139	-0.345139	-1.37255	-0.492381	0.0528746	0.0117043
7.436	2.34945	-0.98914	-0.345139	-1.37255	-0.492381	0.0528746	0.0117043
7.449	2.34945	-0.98914	-0.345139	-1.37255	-0.492381	0.0528763	0.0117043
7.462	2.34945	-0.989151	-0.345139	-1.37255	-0.492381	0.0528831	0.0117043
7.475	2.34945	-0.989177	-0.345139	-1.37255	-0.492383	0.0528882	0.0117043
7.488	2.34945	-0.989175	-0.345138	-1.37255	-0.492383	0.0528865	0.0117043
7.501	2.34945	-0.989175	-0.345137	-1.37254	-0.492385	0.0528865	0.0117043
7.514	2.34945	-0.989175	-0.345137	-1.37254	-0.492383	0.0528848	0.0117043
7.527	2.34946	-0.989168	-0.345135	-1.37254	-0.492383	0.0528848	0.0117043
7.54	2.34946	-0.989167	-0.345133	-1.37254	-0.492383	0.0528848	0.0117043
7.553	2.34946	-0.989169	-0.345132	-1.37253	-0.492381	0.0528848	0.0117043
7.566	2.34946	-0.989171	-0.345133	-1.37254	-0.492301	0.0528848	0.0117043
7.579	2.34951	-0.989172	-0.345133	-1.37254	-0.491815	0.0528831	0.0117043
7.592	2.34961	-0.989172	-0.345132	-1.37254	-0.490686	0.0528797	0.0117043
7.605	2.34968	-0.989172	-0.345134	-1.37254	-0.488927	0.0528763	0.0117043
7.618	2.34978	-0.989175	-0.345137	-1.37254	-0.486648	0.0528678	0.011706
7.631	2.34994	-0.989194	-0.345137	-1.37251	-0.484032	0.0528695	0.0117043
7.644	2.35004	-0.9892	-0.345137	-1.37239	-0.480841	0.0528695	0.0117043
7.657	2.35013	-0.9892	-0.345138	-1.37225	-0.47743	0.0528712	0.0117043
7.67	2.35024	-0.989201	-0.34514	-1.37221	-0.473636	0.0528712	0.0117043
7.683	2.35034	-0.989204	-0.345143	-1.37218	-0.469858	0.0528695	0.0117043
7.696	2.35042	-0.989214	-0.345153	-1.37214	-0.465909	0.0528695	0.0117043
7.709	2.35048	-0.989236	-0.345169	-1.37209	-0.461881	0.0528678	0.0117043
7.722	2.3505	-0.989265	-0.345198	-1.37204	-0.457774	0.0528678	0.0117043
7.735	2.3505	-0.989274	-0.345264	-1.37198	-0.45342	0.0528661	0.0117043
7.748	2.35051	-0.989277	-0.345354	-1.37195	-0.449068	0.0528643	0.0117043
7.761	2.35053	-0.989282	-0.345443	-1.37192	-0.44492	0.0528627	0.0117043
7.774	2.35054	-0.989292	-0.34547	-1.37186	-0.440886	0.0528627	0.0117043
7.787	2.35056	-0.989302	-0.34547	-1.3718	-0.437025	0.0528609	0.0117043
7.8	2.35057	-0.989305	-0.345473	-1.37174	-0.433403	0.0528609	0.0117043
7.813	2.35058	-0.989306	-0.345514	-1.3717	-0.429866	0.0528609	0.0117043
7.826	2.35059	-0.989309	-0.345565	-1.37167	-0.42661	0.0528593	0.0117043
7.839	2.35059	-0.989311	-0.345594	-1.37163	-0.423248	0.0528593	0.0117043
7.852	2.35059	-0.989318	-0.345617	-1.37159	-0.420039	0.0528593	0.0117043
7.865	2.3506	-0.989322	-0.345658	-1.37155	-0.416715	0.0528575	0.0117043
7.878	2.35062	-0.989323	-0.345698	-1.3715	-0.413373	0.0528558	0.011706
7.891	2.35065	-0.989323	-0.345722	-1.37144	-0.409806	0.0528541	0.011706
7.904	2.35069	-0.989324	-0.345741	-1.37138	-0.406137	0.0528541	0.0117043
7.917	2.35075	-0.989327	-0.345795	-1.37132	-0.402113	0.0528541	0.0117043
7.93	2.35082	-0.989328	-0.345861	-1.37124	-0.397532	0.0528524	0.0117043
7.943	2.35091	-0.989329	-0.345904	-1.37114	-0.392339	0.0528524	0.0117043
7.956	2.35103	-0.989329	-0.345969	-1.37104	-0.386524	0.0528507	0.0117043
7.969	2.35113	-0.989331	-0.346089	-1.37093	-0.380409	0.052849	0.0117043
7.982	2.35122	-0.989332	-0.34623	-1.37083	-0.374195	0.0528473	0.0117043
7.995	2.35131	-0.989332	-0.346357	-1.37072	-0.367857	0.0528456	0.0117043
8.008	2.3514	-0.989333	-0.346444	-1.3706	-0.36141	0.0528405	0.0117043
8.021	2.35151	-0.989333	-0.346499	-1.3705	-0.354971	0.0528371	0.0117043
8.034	2.35162	-0.989334	-0.346566	-1.37043	-0.348641	0.052832	0.0117043
8.047	2.35171	-0.989337	-0.346632	-1.37033	-0.342589	0.0528303	0.0117043
8.06	2.35178	-0.989339	-0.346749	-1.37023	-0.336741	0.0528303	0.0117043
8.073	2.35185	-0.989341	-0.346843	-1.37013	-0.330906	0.0528303	0.0117043
8.086	2.3519	-0.989343	-0.346897	-1.37006	-0.32504	0.0528286	0.0117043
8.099	2.35192	-0.989347	-0.346984	-1.36998	-0.319356	0.0528217	0.0117043
8.112	2.35193	-0.989348	-0.347072	-1.36991	-0.314057	0.05282	0.0117043
8.125	2.35195	-0.989351	-0.34715	-1.36986	-0.30904	0.0528166	0.0117043
8.138	2.35196	-0.989353	-0.347211	-1.36981	-0.304258	0.0528166	0.0117043
8.151	2.35196	-0.989355	-0.347243	-1.36977	-0.299756	0.0528132	0.0117043
8.164	2.35196	-0.989357	-0.347282	-1.36973	-0.295301	0.0528098	0.0117043
8.177	2.35197	-0.98936	-0.347351	-1.36966	-0.290871	0.0528064	0.0117043
8.19	2.35197	-0.989362	-0.347424	-1.36962	-0.286519	0.0528047	0.0117043
8.203	2.35197	-0.989364	-0.347471	-1.36958	-0.282222	0.0527996	0.0117043
8.216	2.35198	-0.989366	-0.347535	-1.36953	-0.277775	0.0527962	0.0117043
8.229	2.35199	-0.989366	-0.347587	-1.36948	-0.273036	0.0527877	0.0117043
8.242	2.35201	-0.989368	-0.347622	-1.36942	-0.267919	0.0527808	0.0117043
8.255	2.35204	-0.989369	-0.347698	-1.36935	-0.26239	0.0527774	0.011706
8.268	2.35207	-0.989369	-0.347821	-1.36927	-0.25668	0.052774	0.011706
8.281	2.35209	-0.989369	-0.34794	-1.3692	-0.251051	0.0527706	0.0117043
8.294	2.35212	-0.989369	-0.348049	-1.36914	-0.245547	0.0527655	0.0117043
8.307	2.35217	-0.98937	-0.348124	-1.36907	-0.239955	0.052757	0.0117043
8.32	2.35223	-0.989369	-0.348193	-1.36899	-0.234212	0.052745	0.0117043
8.333	2.3523	-0.989369	-0.348309	-1.36892	-0.228432	0.0527382	0.0117043
8.346	2.35235	-0.989369	-0.348451	-1.36885	-0.222734	0.0527314	0.0117043
8.359	2.3524	-0.989369	-0.348637	-1.36878	-0.217214	0.0527229	0.0117043
8.372	2.35246	-0.989368	-0.348775	-1.36873	-0.211732	0.0526701	0.0117043
8.385	2.35252	-0.989368	-0.348835	-1.36869	-0.206075	0.0525695	0.0117043
8.398	2.3526	-0.989369	-0.348874	-1.36867	-0.200199	0.0524536	0.0117043
8.411	2.35265	-0.989369	-0.348917	-1.36864	-0.194251	0.0523394	0.0117043
8.424	2.35268	-0.989369	-0.348968	-1.36861	-0.188399	0.052278	0.0117043
8.437	2.35271	-0.98937	-0.349024	-1.36855	-0.182609	0.0522525	0.0117043
8.45	2.35274	-0.98937	-0.349069	-1.36848	-0.176747	0.0522286	0.0117043
8.463	2.35277	-0.98937	-0.349113	-1.36841	-0.170799	0.0522218	0.0117043
8.476	2.35279	-0.98937	-0.349184	-1.36835	-0.164884	0.0522252	0.0117043
8.489	2.35281	-0.98937	-0.349276	-1.36828	-0.159121	0.0522286	0.011706
8.502	2.35281	-0.98937	-0.349381	-1.36823	-0.153693	0.0522286	0.0117043
8.515	2.35281	-0.989369	-0.349456	-1.36819	-0.148471	0.0522286	0.0117043
8.528	2.35281	-0.98937	-0.349521	-1.36813	-0.143198	0.0522286	0.0117043
8.541	2.35281	-0.989369	-0.349595	-1.36807	-0.137921	0.0522286	0.0117043
8.554	2.35281	-0.989369	-0.349675	-1.36802	-0.132722	0.0522286	0.0117043
8.567	2.35281	-0.98937	-0.349777	-1.36798	-0.127672	0.0522269	0.0117043
8.58	2.35282	-0.98937	-0.349879	-1.36792	-0.122798	0.0522269	0.0117043
8.593	2.35282	-0.98937	-0.349976	-1.36789	-0.117977	0.0522269	0.0117043
8.606	2.35283	-0.98937	-0.350024	-1.36785	-0.113044	0.0522269	0.0117043
8.619	2.35284	-0.98937	-0.350066	-1.36782	-0.107955	0.0522252	0.0117043
8.632	2.35285	-0.98937	-0.350137	-1.36777	-0.102766	0.0522201	0.0117043
8.645	2.35286	-0.98937	-0.350244	-1.36771	-0.097553	0.0522133	0.0117043
8.658	2.35288	-0.98937	-0.350333	-1.36765	-0.0923947	0.0522082	0.0117043
8.671	2.3529	-0.98937	-0.35042	-1.3676	-0.0871035	0.0522082	0.0117043
8.684	2.35294	-0.989369	-0.350508	-1.36756	-0.0814482	0.0522099	0.0117043
8.697	2.35296	-0.989369	-0.350592	-1.3675	-0.0755148	0.0522116	0.0117043
8.71	2.35297	-0.989369	-0.350693	-1.36745	-0.0696222	0.0522099	0.0117043
8.723	2.35298	-0.989369	-0.35081	-1.36742	-0.0639547	0.0522082	0.0117043
8.736	2.35298	-0.989369	-0.350913	-1.3674	-0.0584508	0.0521809	0.0117043
8.749	2.35298	-0.98937	-0.35098	-1.36736	-0.0528916	0.0521161	0.0117043
8.762	2.35298	-0.989369	-0.351032	-1.36732	-0.0471382	0.052082	0.0117043
8.775	2.35298	-0.98937	-0.351111	-1.36729	-0.04126	0.0520718	0.0117043
8.788	2.35298	-0.989369	-0.351223	-1.36725	-0.0353122	0.0520582	0.0117043
8.801	2.35298	-0.989369	-0.351347	-1.36721	-0.0293236	0.0520292	0.0117043
8.814	2.35298	-0.98937	-0.351463	-1.36719	-0.0232388	0.0519883	0.0117043
8.827	2.35298	-0.989369	-0.351583	-1.36715	-0.0168779	0.0519286	0.0117043
8.84	2.35298	-0.989368	-0.351703	-1.36713	-0.0103431	0.0519099	0.0117043
8.853	2.35298	-0.989369	-0.351793	-1.36707	-0.00390039	0.051869	0.0117043
8.866	2.35298	-0.989369	-0.351891	-1.36703	0.00226619	0.0518707	0.0117043
8.879	2.35298	-0.989369	-0.351995	-1.36699	0.00828757	0.0518775	0.0117043
8.892	2.35298	-0.989369	-0.352097	-1.36695	0.0142701	0.0518792	0.0117043
8.905	2.35298	-0.989369	-0.352181	-1.36691	0.020179	0.0518792	0.0117043
8.918	2.35298	-0.989369	-0.352276	-1.36686	0.0258465	0.0518792	0.0117043
8.931	2.35298	-0.989368	-0.352395	-1.36682	0.0311214	0.0518792	0.0117043
8.944	2.35298	-0.989368	-0.352567	-1.3668	0.0361733	0.0518809	0.011706
8.957	2.35298	-0.989366	-0.352711	-1.36677	0.0412109	0.0518809	0.011706
8.97	2.35298	-0.989366	-0.352776	-1.36675	0.0463405	0.0518809	0.0117043
8.983	2.35298	-0.989366	-0.352818	-1.36673	0.0515172	0.0518792	0.0117043
8.996	2.35298	-0.989366	-0.352858	-1.3667	0.056522	0.0518809	0.0117043
9.009	2.35297	-0.989368	-0.352892	-1.36668	0.0611997	0.0518809	0.0117043
9.022	2.35297	-0.989368	-0.352927	-1.36666	0.0654621	0.0518809	0.0117043
9.035	2.35297	-0.989368	-0.352977	-1.36664	0.0695077	0.0518792	0.0117043
9.048	2.35297	-0.989368	-0.353024	-1.36657	0.0736679	0.0518809	0.0117043
9.061	2.35297	-0.989368	-0.353074	-1.36653	0.0778832	0.0518826	0.0117043
9.074	2.35297	-0.989368	-0.353135	-1.36652	0.0821354	0.0518826	0.0117043
9.087	2.35297	-0.989368	-0.353195	-1.36652	0.0863487	0.0518826	0.0117043
9.1	2.35297	-0.989368	-0.35326	-1.36651	0.0904332	0.0518809	0.0117043
9.113	2.35297	-0.989369	-0.353337	-1.36648	0.0944973	0.0518809	0.0117043
9.126	2.35297	-0.989369	-0.353407	-1.36645	0.0987761	0.0518826	0.0117043
9.139	2.35297	-0.989369	-0.353473	-1.36642	0.103405	0.0518826	0.0117043
9.152	2.35297	-0.989369	-0.353517	-1.36638	0.108542	0.0518826	0.0117043
9.165	2.35297	-0.989369	-0.353595	-1.36634	0.114052	0.0518843	0.0117043
9.178	2.35297	-0.989369	-0.353751	-1.36633	0.119736	0.0518843	0.0117043
9.191	2.35297	-0.989369	-0.353893	-1.36631	0.125449	0.0518843	0.0117043
9.204	2.35297	-0.989368	-0.353967	-1.36628	0.131219	0.0518843	0.0117043
9.217	2.35297	-0.989368	-0.354031	-1.36624	0.137205	0.051886	0.0117043
9.23	2.35297	-0.989369	-0.354145	-1.36621	0.143356	0.051886	0.0117043
9.243	2.35297	-0.989368	-0.354279	-1.36618	0.149483	0.051886	0.0117043
9.256	2.35297	-0.989368	-0.354417	-1.36615	0.155451	0.051886	0.011706
9.269	2.35297	-0.989368	-0.35453	-1.36613	0.161244	0.0518877	0.011706
9.282	2.35297	-0.989369	-0.354623	-1.36611	0.167122	0.0518894	0.011706
9.295	2.35297	-0.989368	-0.354718	-1.36608	0.17319	0.0518894	0.0117043
9.308	2.35297	-0.989368	-0.354805	-1.36605	0.179232	0.0518894	0.0117043
9.321	2.35297	-0.989368	-0.354902	-1.36601	0.184881	0.0518911	0.0117043
9.334	2.35297	-0.989368	-0.355028	-1.366	0.190021	0.0518911	0.0117043
9.347	2.35297	-0.989368	-0.355156	-1.366	0.194887	0.0518911	0.0117043
9.36	2.35297	-0.989368	-0.355228	-1.36599	0.199647	0.0518894	0.0117043
9.373	2.35297	-0.989368	-0.355286	-1.36596	0.204248	0.0518894	0.0117043
9.386	2.35297	-0.989368	-0.355356	-1.36593	0.208615	0.0518894	0.0117043
9.399	2.35297	-0.989368	-0.355442	-1.36592	0.212679	0.0518894	0.0117043
9.412	2.35297	-0.989368	-0.355533	-1.36592	0.216506	0.0518894	0.0117043
9.425	2.35297	-0.989368	-0.355611	-1.36592	0.220032	0.0518894	0.0117043
9.438	2.35297	-0.989368	-0.355678	-1.3659	0.223556	0.0518894	0.0117043
9.451	2.35297	-0.989368	-0.35571	-1.36587	0.227176	0.0518894	0.0117043
9.464	2.35297	-0.989366	-0.355759	-1.36585	0.231351	0.0518894	0.0117043
9.477	2.35297	-0.989366	-0.355823	-1.36585	0.235969	0.0518894	0.0117043
9.49	2.35297	-0.989366	-0.355935	-1.36585	0.240796	0.0518877	0.0117043
9.503	2.35297	-0.989366	-0.35608	-1.36585	0.245613	0.0518877	0.0117043
9.516	2.35297	-0.989366	-0.356186	-1.36584	0.250327	0.051886	0.0117043
9.529	2.35297	-0.989366	-0.356264	-1.36583	0.255019	0.0518877	0.0117043
9.542	2.35297	-0.989366	-0.356335	-1.36579	0.259748	0.0518877	0.0117043
9.555	2.35297	-0.989365	-0.356424	-1.36577	0.264691	0.0518877	0.0117043
9.568	2.35297	-0.989365	-0.356541	-1.36577	0.269655	0.0518894	0.0117043
9.581	2.35297	-0.989364	-0.356656	-1.36577	0.274435	0.0518877	0.0117043
9.594	2.35297	-0.989365	-0.356735	-1.36577	0.278884	0.0518877	0.0117043
9.607	2.35297	-0.989365	-0.356786	-1.36577	0.283175	0.0518877	0.0117043
9.62	2.35297	-0.989365	-0.356822	-1.36577	0.287531	0.051886	0.0117043
9.633	2.35297	-0.989365	-0.356856	-1.36576	0.292064	0.051886	0.0117043
9.646	2.35297	-0.989365	-0.356933	-1.36575	0.296835	0.051886	0.0117043
9.659	2.35297	-0.989365	-0.357058	-1.36575	0.301752	0.051886	0.0117043
9.672	2.35297	-0.989364	-0.357203	-1.36575	0.306487	0.051886	0.0117043
9.685	2.35297	-0.989364	-0.357299	-1.36574	0.310836	0.051886	0.0117043
9.698	2.35297	-0.989364	-0.357342	-1.36572	0.314758	0.051886	0.0117043
9.711	2.35297	-0.989364	-0.357377	-1.36568	0.318495	0.051886	0.0117043
9.724	2.35297	-0.989364	-0.357415	-1.36567	0.322011	0.0518877	0.0117043
9.737	2.35297	-0.989364	-0.357486	-1.36567	0.325596	0.051886	0.0117043
9.75	2.35297	-0.989364	-0.357572	-1.36567	0.32911	0.0518877	0.0117043
9.763	2.35297	-0.989364	-0.357648	-1.36567	0.332481	0.0518877	0.0117043
9.776	2.35297	-0.989364	-0.357699	-1.36567	0.335663	0.051886	0.0117043
9.789	2.35297	-0.989364	-0.357737	-1.36567	0.338521	0.0518877	0.0117043
9.802	2.35297	-0.989364	-0.357773	-1.36567	0.341169	0.051886	0.0117043
9.815	2.35297	-0.989364	-0.357805	-1.36566	0.343612	0.051886	0.0117043
9.828	2.35297	-0.989364	-0.357843	-1.36565	0.345726	0.0518877	0.0117043
9.841	2.35297	-0.989365	-0.357898	-1.36565	0.347882	0.0518877	0.0117043
9.854	2.35297	-0.989365	-0.357947	-1.36565	0.350146	0.0518877	0.0117043
9.867	2.35297	-0.989365	-0.357965	-1.36565	0.352631	0.0518877	0.0117043
9.88	2.35297	-0.989364	-0.357986	-1.36565	0.355611	0.0518877	0.0117043
9.893	2.35297	-0.989365	-0.358037	-1.36565	0.358786	0.051886	0.0117043
9.906	2.35297	-0.989365	-0.358126	-1.36565	0.362369	0.051886	0.0117043
9.919	2.35297	-0.989364	-0.358215	-1.36565	0.366024	0.051886	0.0117043
9.932	2.35297	-0.989364	-0.358305	-1.36565	0.369669	0.051886	0.0117043
9.945	2.35297	-0.989365	-0.358379	-1.36565	0.373082	0.0518877	0.011706
9.958	2.35297	-0.989364	-0.358427	-1.36565	0.376208	0.0518877	0.0117043
9.971	2.35297	-0.989364	-0.358469	-1.36564	0.379171	0.0518877	0.0117043
9.984	2.35297	-0.989364	-0.3585	-1.36562	0.382053	0.0518877	0.0117043
9.997	2.35297	-0.989364	-0.358551	-1.36562	0.384812	0.0518877	0.0117043
10.01	2.35297	-0.989364	-0.358636	-1.36562	0.38767	0.0518877	0.0117043
10.023	2.35297	-0.989364	-0.358701	-1.36562	0.39033	0.0518877	0.0117043
10.036	2.35297	-0.989364	-0.358742	-1.36562	0.393057	0.0518877	0.0117043
10.049	2.35297	-0.989364	-0.35878	-1.36562	0.395503	0.0518877	0.0117043
10.062	2.35297	-0.989364	-0.358816	-1.36562	0.397898	0.0518877	0.0117043
10.075	2.35297	-0.989364	-0.358847	-1.36562	0.400035	0.0518877	0.0117043
10.088	2.35297	-0.989364	-0.358886	-1.36562	0.401874	0.0518894	0.0117043
10.101	2.35297	-0.989364	-0.35894	-1.36562	0.403535	0.0518877	0.0117043
10.114	2.35297	-0.989364	-0.358968	-1.36562	0.405194	0.0518877	0.0117043
10.127	2.35297	-0.989364	-0.358973	-1.36562	0.406527	0.0518877	0.0117043
10.14	2.35297	-0.989364	-0.358978	-1.36562	0.407801	0.0518877	0.0117043
10.153	2.35297	-0.989364	-0.358999	-1.36562	0.40916	0.0518877	0.0117043
10.166	2.35297	-0.989364	-0.359033	-1.36562	0.410679	0.0518877	0.0117043
10.179	2.35297	-0.989364	-0.359066	-1.36562	0.412526	0.0518877	0.0117043
10.192	2.35297	-0.989364	-0.359089	-1.36562	0.414498	0.0518877	0.0117043
10.205	2.35297	-0.989364	-0.359127	-1.36562	0.416987	0.0518877	0.0117043
10.218	2.35297	-0.989364	-0.359176	-1.36562	0.419828	0.0518877	0.0117043
10.231	2.35297	-0.989362	-0.359224	-1.36562	0.422845	0.0518877	0.0117043
10.244	2.35297	-0.989362	-0.359284	-1.36562	0.425929	0.0518877	0.0117043
10.257	2.35297	-0.989362	-0.359364	-1.36562	0.428725	0.0518877	0.0117043
10.27	2.35297	-0.989362	-0.359454	-1.36562	0.431169	0.0518877	0.0117043
10.283	2.35297	-0.989362	-0.359509	-1.36562	0.432859	0.0518894	0.0117043
10.296	2.35297	-0.989362	-0.35952	-1.36562	0.434174	0.0518894	0.0117043
10.309	2.35297	-0.989362	-0.35952	-1.36562	0.43501	0.0518877	0.0117043
10.322	2.35297	-0.989362	-0.359522	-1.36562	0.43555	0.0518877	0.0117043
10.335	2.35297	-0.989362	-0.359522	-1.36562	0.435775	0.0518877	0.0117043
10.348	2.35297	-0.989362	-0.359522	-1.36562	0.43581	0.0518877	0.0117043
10.361	2.35297	-0.989362	-0.359522	-1.36562	0.435822	0.0518877	0.0117043
10.374	2.35297	-0.989362	-0.359522	-1.36562	0.43583	0.0518877	0.0117043
10.387	2.35297	-0.989362	-0.359522	-1.36562	0.435834	0.0518877	0.0117043
10.4	2.35297	-0.989362	-0.359522	-1.36562	0.435836	0.0518894	0.0117043
10.413	2.35297	-0.989362	-0.359522	-1.36562	0.435839	0.0518894	0.0117043
10.426	2.35296	-0.989362	-0.359522	-1.36562	0.435839	0.0518894	0.0117043
10.439	2.35296	-0.989362	-0.359522	-1.36562	0.435841	0.0518894	0.0117043
10.452	2.35295	-0.989362	-0.359522	-1.36562	0.435841	0.0518894	0.0117043
10.465	2.35292	-0.989364	-0.35952	-1.36563	0.435841	0.0518911	0.0117043
10.478	2.35288	-0.989362	-0.35952	-1.36563	0.435839	0.0518911	0.0117043
10.491	2.35281	-0.989362	-0.35952	-1.36563	0.435839	0.0518928	0.0117043
10.504	2.35272	-0.989362	-0.35952	-1.36563	0.435839	0.0518945	0.0117043
10.517	2.35264	-0.989362	-0.35952	-1.36564	0.435839	0.0518979	0.011706
10.53	2.35258	-0.989362	-0.35952	-1.36564	0.435839	0.0519014	0.0117043
10.543	2.35251	-0.989362	-0.35952	-1.36566	0.435836	0.0519065	0.0117043
10.556	2.35242	-0.989364	-0.35952	-1.36573	0.435836	0.0519082	0.0117043
10.569	2.35233	-0.989364	-0.359522	-1.36578	0.435834	0.0519082	0.0117043
10.582	2.35224	-0.989365	-0.359522	-1.3658	0.435834	0.0519082	0.0117043
10.595	2.35214	-0.989365	-0.35952	-1.36583	0.435832	0.0519082	0.0117043
10.608	2.352	-0.989365	-0.35952	-1.36587	0.43583	0.0519099	0.011706
10.621	2.35186	-0.989365	-0.359522	-1.36592	0.43583	0.0519099	0.0117043
10.634	2.35174	-0.989365	-0.359522	-1.36595	0.435826	0.0519116	0.0117043
10.647	2.35161	-0.989365	-0.359522	-1.36597	0.435818	0.0519133	0.0117043
10.66	2.35147	-0.989364	-0.359522	-1.366	0.435812	0.051915	0.0117043
10.673	2.35132	-0.989364	-0.359522	-1.36602	0.435806	0.0519218	0.0117043
10.686	2.35122	-0.989365	-0.359537	-1.36608	0.435802	0.0519252	0.0117043
10.699	2.3512	-0.989366	-0.359606	-1.36613	0.435796	0.051932	0.0117043
10.712	2.3512	-0.989366	-0.359667	-1.36613	0.435775	0.0519525	0.0117043
10.725	2.35121	-0.989368	-0.359676	-1.36613	0.435759	0.052007	0.0117043
10.738	2.35121	-0.98937	-0.359677	-1.36612	0.435753	0.0520565	0.0117043
10.751	2.35121	-0.989371	-0.359677	-1.36612	0.435749	0.0520667	0.0117043
10.764	2.35121	-0.989371	-0.35968	-1.36612	0.435746	0.0520667	0.0117043
10.777	2.35121	-0.989373	-0.359684	-1.36612	0.435744	0.0520701	0.0117043
10.79	2.35121	-0.989373	-0.359685	-1.36612	0.435742	0.0520735	0.0117043
10.803	2.35121	-0.989374	-0.359686	-1.36612	0.435738	0.0520769	0.0117043
10.816	2.35121	-0.989375	-0.359688	-1.36612	0.435732	0.0520786	0.0117043
10.829	2.35121	-0.989375	-0.35969	-1.36612	0.435726	0.0520786	0.011706
10.842	2.35121	-0.989375	-0.359693	-1.36612	0.435716	0.0520786	0.011706
10.855	2.35121	-0.989375	-0.359693	-1.36612	0.435704	0.0520803	0.011706
10.868	2.35121	-0.989375	-0.359693	-1.36612	0.435693	0.052082	0.011706
10.881	2.35121	-0.989377	-0.359695	-1.36612	0.435687	0.0520854	0.011706
10.894	2.35121	-0.989378	-0.359695	-1.36612	0.435685	0.0520888	0.011706
10.907	2.35121	-0.989379	-0.359697	-1.36612	0.435683	0.0520888	0.0117043
10.92	2.35121	-0.989379	-0.359697	-1.36612	0.435679	0.0520888	0.0117043
10.933	2.35121	-0.989379	-0.359699	-1.36612	0.435671	0.0520888	0.0117043
10.946	2.35121	-0.989379	-0.359701	-1.36612	0.435659	0.0520888	0.011706
10.959	2.35121	-0.989379	-0.359701	-1.36612	0.43563	0.0520888	0.011706
10.972	2.3512	-0.98938	-0.359702	-1.36612	0.435577	0.0520888	0.0117043
10.985	2.35121	-0.98938	-0.359703	-1.36612	0.435526	0.0520888	0.0117043
10.998	2.35121	-0.98938	-0.359704	-1.36612	0.435468	0.0520871	0.0117043
11.011	2.35121	-0.98938	-0.359704	-1.36612	0.435423	0.0520888	0.0117043
11.024	2.35121	-0.98938	-0.359704	-1.36612	0.435405	0.0520906	0.0117043
11.037	2.35121	-0.989382	-0.359704	-1.36612	0.435401	0.0520923	0.0117043
11.05	2.35121	-0.989383	-0.359706	-1.36612	0.435401	0.052094	0.0117043
11.063	2.35121	-0.989383	-0.359706	-1.36612	0.435401	0.052094	0.0117043
11.076	2.35121	-0.989383	-0.359706	-1.36612	0.435401	0.0520957	0.0117043
11.089	2.35121	-0.989384	-0.359706	-1.36612	0.435401	0.0520974	0.011706
11.102	2.35121	-0.989385	-0.359707	-1.36612	0.435401	0.0521008	0.011706
11.115	2.35121	-0.989387	-0.359707	-1.36612	0.435401	0.0521008	0.011706
11.128	2.35121	-0.989387	-0.359707	-1.36612	0.435401	0.0521008	0.0117043
11.141	2.35121	-0.989388	-0.359707	-1.36612	0.435401	0.0521008	0.011706
11.154	2.35121	-0.989389	-0.359708	-1.36612	0.435401	0.0521025	0.0117043
11.167	2.35121	-0.989389	-0.359707	-1.36612	0.435401	0.0521042	0.011706
11.18	2.35121	-0.989391	-0.359708	-1.36612	0.435401	0.0521042	0.011706
11.193	2.35121	-0.989392	-0.359708	-1.36612	0.435401	0.0521059	0.011706
11.206	2.35121	-0.989393	-0.359709	-1.36612	0.435401	0.0521059	0.011706
11.219	2.35121	-0.989393	-0.359709	-1.36612	0.435401	0.0521059	0.011706
11.232	2.35121	-0.989393	-0.359708	-1.36612	0.435401	0.0521076	0.011706
11.245	2.35121	-0.989394	-0.359709	-1.36612	0.435401	0.0521093	0.0117043
11.258	2.35121	-0.989394	-0.359711	-1.36612	0.435401	0.0521093	0.0117043
11.271	2.35121	-0.989396	-0.359711	-1.36612	0.435401	0.0521093	0.0117043
11.284	2.35121	-0.989396	-0.359711	-1.36612	0.435401	0.052111	0.0117043
11.297	2.35121	-0.989396	-0.359711	-1.36612	0.435401	0.052111	0.0117043
11.31	2.35121	-0.989397	-0.359712	-1.36612	0.435401	0.0521127	0.0117043
11.323	2.35121	-0.989398	-0.359712	-1.36612	0.435401	0.0521127	0.0117043
11.336	2.35121	-0.989398	-0.359712	-1.36612	0.435401	0.0521127	0.0117043
11.349	2.35121	-0.9894	-0.359712	-1.36612	0.435401	0.0521127	0.0117043
11.362	2.35121	-0.989401	-0.359712	-1.36612	0.435401	0.0521127	0.0117043
11.375	2.35121	-0.989401	-0.359712	-1.36612	0.435401	0.0521144	0.011706
11.388	2.35121	-0.989402	-0.359712	-1.36612	0.435401	0.0521144	0.011706
11.401	2.35121	-0.989402	-0.359712	-1.36612	0.435401	0.0521144	0.0117043
11.414	2.35121	-0.989403	-0.359713	-1.36612	0.435401	0.0521144	0.0117043
11.427	2.35121	-0.989403	-0.359712	-1.36612	0.435401	0.0521144	0.011706
11.44	2.35121	-0.989403	-0.359713	-1.36612	0.435401	0.0521161	0.011706
11.453	2.35121	-0.989405	-0.359713	-1.36612	0.435401	0.0521161	0.011706
11.466	2.35121	-0.989405	-0.359713	-1.36612	0.435401	0.0521161	0.011706
11.479	2.35121	-0.989405	-0.359713	-1.36612	0.435401	0.0521161	0.011706
11.492	2.35121	-0.989406	-0.359713	-1.36612	0.435401	0.0521161	0.011706
11.505	2.35121	-0.989406	-0.359713	-1.36612	0.435401	0.0521178	0.0117043
11.518	2.35121	-0.989406	-0.359715	-1.36612	0.435401	0.0521178	0.0117043
11.531	2.35121	-0.989407	-0.359715	-1.36612	0.435401	0.0521178	0.0117043
11.544	2.35121	-0.989407	-0.359715	-1.36612	0.435401	0.0521178	0.0117043
11.557	2.35121	-0.989407	-0.359715	-1.36612	0.435401	0.0521195	0.0117043
11.57	2.35121	-0.989408	-0.359715	-1.36612	0.435401	0.0521195	0.011706
11.583	2.35121	-0.98941	-0.359715	-1.36612	0.435401	0.0521195	0.011706
11.596	2.35121	-0.98941	-0.359715	-1.36612	0.435401	0.0521195	0.0117043
11.609	2.35121	-0.98941	-0.359716	-1.36612	0.435399	0.0521195	0.011706
11.622	2.35121	-0.98941	-0.359716	-1.36612	0.435399	0.0521195	0.0117043
11.635	2.35121	-0.989411	-0.359716	-1.36612	0.435401	0.0521212	0.011706
11.648	2.35121	-0.989411	-0.359716	-1.36612	0.435399	0.0521212	0.0117043
11.661	2.35121	-0.989411	-0.359716	-1.36612	0.435399	0.0521212	0.011706
11.674	2.35121	-0.989411	-0.359716	-1.36612	0.435399	0.0521212	0.011706
11.687	2.35121	-0.989412	-0.359716	-1.36612	0.435401	0.0521212	0.011706
11.7	2.35121	-0.989412	-0.359716	-1.36612	0.435401	0.0521212	0.011706
11.713	2.35121	-0.989412	-0.359716	-1.36612	0.435399	0.0521229	0.011706
11.726	2.35121	-0.989414	-0.359716	-1.36612	0.435401	0.0521229	0.011706
11.739	2.35121	-0.989414	-0.359717	-1.36612	0.435399	0.0521229	0.011706
11.752	2.35121	-0.989415	-0.359717	-1.36612	0.435401	0.0521229	0.0117043
11.765	2.35121	-0.989415	-0.359717	-1.36612	0.435401	0.0521229	0.0117043
11.778	2.35121	-0.989415	-0.359717	-1.36612	0.435401	0.0521246	0.0117043
11.791	2.35121	-0.989416	-0.359717	-1.36612	0.435399	0.0521246	0.0117043
11.804	2.35121	-0.989416	-0.359717	-1.36612	0.435399	0.0521246	0.0117043
11.817	2.35121	-0.989416	-0.359717	-1.36612	0.435399	0.0521246	0.0117043
11.83	2.35121	-0.989417	-0.359717	-1.36612	0.435399	0.0521246	0.011706
11.843	2.35121	-0.989417	-0.359717	-1.36612	0.435399	0.0521246	0.0117043
11.856	2.35121	-0.989417	-0.359717	-1.36612	0.435399	0.0521246	0.011706
11.869	2.35121	-0.989417	-0.359717	-1.36612	0.435399	0.0521246	0.011706
11.882	2.35121	-0.989419	-0.359717	-1.36612	0.435399	0.0521263	0.011706
11.895	2.35121	-0.989419	-0.359717	-1.36612	0.435399	0.0521263	0.0117043
11.908	2.35121	-0.989419	-0.359717	-1.36612	0.435399	0.0521263	0.011706
11.921	2.35121	-0.989419	-0.359717	-1.36612	0.435399	0.0521263	0.011706
11.934	2.35121	-0.98942	-0.359718	-1.36612	0.435399	0.0521263	0.0117043
11.947	2.35121	-0.98942	-0.359718	-1.36612	0.435399	0.0521263	0.011706
11.96	2.35121	-0.98942	-0.359718	-1.36612	0.435399	0.0521263	0.011706
11.973	2.35121	-0.989421	-0.359718	-1.36612	0.435399	0.052128	0.011706
11.986	2.35121	-0.989421	-0.359718	-1.36612	0.435399	0.052128	0.0117043
11.999	2.35121	-0.989421	-0.359718	-1.36612	0.435399	0.052128	0.0117043
12.012	2.35121	-0.989422	-0.359718	-1.36612	0.435399	0.052128	0.0117043
12.025	2.35121	-0.989422	-0.359718	-1.36612	0.435399	0.052128	0.0117043
12.038	2.35121	-0.989422	-0.35972	-1.36612	0.435399	0.052128	0.0117043
12.051	2.35121	-0.989422	-0.35972	-1.36612	0.435399	0.052128	0.0117043
