1.584	0.291697	1.86995	1.1277	1.51335	0.175285	-1.18379	-0.0847661
1.602	0.291697	1.86995	1.1277	1.51335	0.175285	-1.18379	-0.0847661
1.62	0.291697	1.86995	1.1277	1.51335	0.175285	-1.18379	-0.0847661
1.638	0.291697	1.86995	1.1277	1.51335	0.175285	-1.18379	-0.0847661
1.656	0.291697	1.86995	1.1277	1.51335	0.175285	-1.18379	-0.0847661
1.674	0.291697	1.86995	1.1277	1.51335	0.175285	-1.18379	-0.0847643
1.692	0.291697	1.86995	1.1277	1.51335	0.175285	-1.18379	-0.0847643
1.71	0.291697	1.86995	1.1277	1.51335	0.175285	-1.18379	-0.0847643
1.728	0.291697	1.86995	1.1277	1.51335	0.175285	-1.18379	-0.0847626
1.746	0.291695	1.86995	1.1277	1.51335	0.175285	-1.18379	-0.0847626
1.764	0.291694	1.86995	1.1277	1.51335	0.175285	-1.18379	-0.0847626
1.782	0.291694	1.86995	1.12769	1.51335	0.175285	-1.18379	-0.0847609
1.8	0.29169	1.86995	1.1277	1.51335	0.175285	-1.18379	-0.0847592
1.818	0.291676	1.86995	1.12769	1.51335	0.175285	-1.18379	-0.0847592
1.836	0.291667	1.86995	1.12769	1.51335	0.175285	-1.18379	-0.0847575
1.854	0.291663	1.86995	1.12769	1.51335	0.175285	-1.18379	-0.0847575
1.872	0.291657	1.86995	1.12769	1.51335	0.175285	-1.18379	-0.0847575
1.89	0.291644	1.86995	1.12769	1.51335	0.175285	-1.18379	-0.0847558
1.908	0.291644	1.86995	1.12769	1.51335	0.175285	-1.18379	-0.0847558
1.926	0.291616	1.86995	1.12769	1.51335	0.175285	-1.18379	-0.0847558
1.944	0.291579	1.86995	1.12769	1.51335	0.175285	-1.18379	-0.0847558
1.962	0.291541	1.86995	1.12769	1.51335	0.175285	-1.18379	-0.0847558
1.98	0.291505	1.86995	1.12769	1.51335	0.175285	-1.18379	-0.0847541
1.998	0.291455	1.86995	1.12769	1.51335	0.175285	-1.18379	-0.0847541
2.016	0.29139	1.86995	1.12769	1.51335	0.175285	-1.18379	-0.0847541
2.034	0.291327	1.86995	1.12769	1.51335	0.175285	-1.18379	-0.0847541
2.052	0.29127	1.86995	1.12769	1.51335	0.175285	-1.18379	-0.0847524
2.07	0.291217	1.86995	1.12769	1.51335	0.175285	-1.18379	-0.0847524
2.088	0.291171	1.86995	1.12769	1.51335	0.175285	-1.18379	-0.0847524
2.106	0.291125	1.86995	1.12769	1.51335	0.175285	-1.18379	-0.0847524
2.124	0.291125	1.86995	1.12769	1.51335	0.175285	-1.18379	-0.0847524
2.142	0.291096	1.86995	1.12769	1.51335	0.175285	-1.18379	-0.0847524
2.16	0.29106	1.86995	1.12769	1.51335	0.175285	-1.18379	-0.0847507
2.178	0.291032	1.86995	1.12769	1.51335	0.175285	-1.18379	-0.0847507
2.196	0.291008	1.86995	1.12769	1.51335	0.175285	-1.18379	-0.084749
2.214	0.290981	1.86995	1.12769	1.51335	0.175285	-1.18379	-0.084749
2.232	0.290942	1.86995	1.12769	1.51335	0.175285	-1.18379	-0.084749
2.25	0.290903	1.86995	1.12769	1.51335	0.175285	-1.18379	-0.0847473
2.268	0.290857	1.86994	1.12769	1.51335	0.175285	-1.18379	-0.0847473
2.286	0.290794	1.86994	1.12767	1.51335	0.175285	-1.18379	-0.0847473
2.304	0.290731	1.86993	1.12766	1.51335	0.175285	-1.18379	-0.0847473
2.322	0.290669	1.86993	1.12766	1.51335	0.175285	-1.18379	-0.0847456
2.34	0.290669	1.86993	1.12766	1.51335	0.175285	-1.18379	-0.0847456
2.358	0.290606	1.86993	1.12766	1.51335	0.175285	-1.18379	-0.0847456
2.376	0.290546	1.86993	1.12766	1.51335	0.175285	-1.18379	-0.0847456
2.394	0.290495	1.86993	1.12765	1.51335	0.175285	-1.18379	-0.0847456
2.412	0.29044	1.86993	1.12764	1.51335	0.175285	-1.18379	-0.0847456
2.43	0.290385	1.86993	1.12764	1.51335	0.175285	-1.18379	-0.0847439
2.448	0.290317	1.86992	1.12764	1.51335	0.175285	-1.18379	-0.0847439
2.466	0.290226	1.86991	1.12763	1.51335	0.175285	-1.18379	-0.0847439
2.484	0.290099	1.8699	1.12762	1.51335	0.175285	-1.18379	-0.0847439
2.502	0.28993	1.86989	1.12761	1.51335	0.175285	-1.18379	-0.0847439
2.52	0.289733	1.86987	1.1276	1.51335	0.175285	-1.18379	-0.0847439
2.538	0.289515	1.86987	1.12759	1.51336	0.175285	-1.18379	-0.0847422
2.556	0.289515	1.86987	1.12759	1.51336	0.175285	-1.18379	-0.0847422
2.574	0.28929	1.86987	1.12759	1.51339	0.175285	-1.18379	-0.0847422
2.592	0.289061	1.86986	1.12758	1.51344	0.175285	-1.18379	-0.0847422
2.61	0.288833	1.86984	1.12757	1.51349	0.175285	-1.18379	-0.0847422
2.628	0.288627	1.86981	1.12756	1.51357	0.175285	-1.18379	-0.0847422
2.646	0.288423	1.86976	1.12756	1.51367	0.175285	-1.18379	-0.0847405
2.664	0.288208	1.86968	1.12756	1.51378	0.175285	-1.18379	-0.0847388
2.682	0.288001	1.86958	1.12755	1.51388	0.175285	-1.18379	-0.0847388
2.7	0.287795	1.86944	1.12755	1.51399	0.175285	-1.18379	-0.0847388
2.718	0.287593	1.86924	1.12754	1.5141	0.175285	-1.18379	-0.0847371
2.736	0.287381	1.86897	1.12753	1.51421	0.175285	-1.18379	-0.0847371
2.754	0.28717	1.86861	1.12752	1.51432	0.175285	-1.18379	-0.0847371
2.772	0.28717	1.86861	1.12752	1.51432	0.175285	-1.18379	-0.0847371
2.79	0.286949	1.86819	1.12752	1.51444	0.175285	-1.18379	-0.0847371
2.808	0.286723	1.86774	1.12751	1.51455	0.175285	-1.18379	-0.0847371
2.826	0.286503	1.86727	1.12749	1.51469	0.175285	-1.18379	-0.0847354
2.844	0.286312	1.86675	1.12748	1.51487	0.175285	-1.18379	-0.0847354
2.862	0.286135	1.86615	1.12747	1.5151	0.175285	-1.18379	-0.0847354
2.88	0.285958	1.86546	1.12747	1.51531	0.175285	-1.18379	-0.0847354
2.898	0.285756	1.86476	1.12746	1.51551	0.175285	-1.18379	-0.0847337
2.916	0.285581	1.86399	1.12741	1.51574	0.175285	-1.18379	-0.0847337
2.934	0.285417	1.86317	1.1274	1.51598	0.175285	-1.18379	-0.0847337
2.952	0.285265	1.86228	1.12737	1.51626	0.175285	-1.18379	-0.0847337
2.97	0.28512	1.86132	1.12737	1.51652	0.175285	-1.18379	-0.084732
2.988	0.28512	1.86132	1.12737	1.51652	0.175285	-1.18379	-0.084732
3.006	0.284969	1.86035	1.12737	1.51677	0.175285	-1.18379	-0.084732
3.024	0.284832	1.85934	1.12734	1.5171	0.175285	-1.18379	-0.084732
3.042	0.284711	1.85837	1.12734	1.51743	0.175285	-1.18379	-0.0847303
3.06	0.284585	1.85729	1.12729	1.51782	0.175285	-1.18379	-0.0847303
3.078	0.284445	1.85622	1.12729	1.51818	0.175285	-1.18379	-0.0847303
3.096	0.284289	1.85507	1.12724	1.51863	0.175283	-1.18379	-0.0847285
3.114	0.284152	1.85393	1.1272	1.51907	0.175283	-1.18379	-0.0847285
3.132	0.283997	1.85268	1.12711	1.51956	0.175283	-1.18379	-0.0847285
3.15	0.283817	1.8515	1.12707	1.51998	0.175283	-1.18379	-0.0847285
3.168	0.283612	1.85019	1.12699	1.52043	0.175283	-1.18379	-0.0847285
3.186	0.283416	1.84889	1.12695	1.52082	0.175283	-1.18379	-0.0847285
3.204	0.283416	1.84889	1.12695	1.52082	0.175283	-1.18379	-0.0847285
3.222	0.283201	1.84746	1.12688	1.5212	0.175283	-1.18379	-0.0847285
3.24	0.282949	1.846	1.12685	1.52154	0.175283	-1.18379	-0.0847285
3.258	0.282679	1.84457	1.12689	1.5218	0.175283	-1.18379	-0.0847269
3.276	0.28236	1.8431	1.12689	1.52208	0.175283	-1.18379	-0.0847269
3.294	0.282001	1.8416	1.12689	1.52235	0.175283	-1.18379	-0.0847269
3.312	0.28159	1.84014	1.12689	1.52258	0.175281	-1.18379	-0.0847269
3.33	0.281161	1.83871	1.12688	1.52282	0.175281	-1.18379	-0.0847269
3.348	0.280698	1.83723	1.12689	1.52308	0.175281	-1.18379	-0.0847269
3.366	0.28022	1.83586	1.12689	1.52333	0.175281	-1.18379	-0.0847251
3.384	0.279694	1.83447	1.12685	1.52355	0.175281	-1.18379	-0.0847251
3.402	0.279132	1.83307	1.12683	1.52376	0.175279	-1.18379	-0.0847251
3.42	0.279132	1.83307	1.12683	1.52376	0.175279	-1.18379	-0.0847251
3.438	0.278584	1.83174	1.12683	1.52395	0.175279	-1.18378	-0.0847235
3.456	0.277987	1.83046	1.12683	1.52411	0.175277	-1.18378	-0.0847235
3.474	0.277342	1.82924	1.12683	1.52417	0.175277	-1.18378	-0.0847235
3.492	0.276707	1.82806	1.12678	1.52423	0.175275	-1.18378	-0.0847235
3.51	0.276055	1.82693	1.12674	1.52426	0.175275	-1.18378	-0.0847235
3.528	0.275343	1.82584	1.12673	1.52426	0.175275	-1.18378	-0.0847235
3.546	0.274664	1.82485	1.12672	1.52427	0.175273	-1.18377	-0.0847217
3.564	0.273916	1.8239	1.12669	1.52428	0.175273	-1.18377	-0.0847217
3.582	0.273151	1.823	1.12659	1.52428	0.175273	-1.18377	-0.0847217
3.6	0.272375	1.82213	1.12645	1.52428	0.175273	-1.18377	-0.0847217
3.618	0.271569	1.82134	1.12635	1.52428	0.175271	-1.18377	-0.0847217
3.636	0.271569	1.82134	1.12635	1.52428	0.175271	-1.18377	-0.0847217
3.654	0.270759	1.82062	1.12615	1.52428	0.175271	-1.18377	-0.0847217
3.672	0.269892	1.81997	1.12592	1.52428	0.175271	-1.18377	-0.08472
3.69	0.269042	1.81939	1.12554	1.52428	0.175271	-1.18377	-0.08472
3.708	0.268118	1.81886	1.12511	1.52428	0.175271	-1.18377	-0.08472
3.726	0.267172	1.81839	1.12461	1.52428	0.175271	-1.18377	-0.08472
3.744	0.266166	1.81789	1.12402	1.52428	0.175271	-1.18377	-0.08472
3.762	0.265166	1.81746	1.12333	1.52428	0.175268	-1.18376	-0.08472
3.78	0.264096	1.8171	1.12256	1.52429	0.175268	-1.18376	-0.08472
3.798	0.263042	1.81678	1.12169	1.52429	0.175268	-1.18375	-0.0847183
3.816	0.261872	1.81654	1.12082	1.52429	0.175266	-1.18375	-0.0847183
3.834	0.260724	1.81633	1.11975	1.52429	0.175266	-1.18374	-0.0847183
3.852	0.260724	1.81633	1.11975	1.52429	0.175266	-1.18374	-0.0847183
3.87	0.259448	1.81619	1.11875	1.52429	0.175266	-1.18373	-0.0847183
3.888	0.258191	1.81599	1.11758	1.52429	0.175266	-1.18371	-0.0847183
3.906	0.256864	1.81589	1.11637	1.52429	0.175266	-1.18369	-0.0847166
3.924	0.25551	1.81582	1.1151	1.52429	0.175266	-1.18367	-0.0847166
3.942	0.25416	1.81575	1.11377	1.52429	0.175266	-1.18363	-0.0847166
3.96	0.252763	1.81571	1.11242	1.52429	0.175266	-1.18356	-0.0847149
3.978	0.251373	1.8157	1.11103	1.52429	0.175264	-1.18345	-0.0847149
3.996	0.249983	1.81566	1.10957	1.52429	0.175266	-1.18326	-0.0847149
4.014	0.248538	1.81564	1.10807	1.52429	0.175266	-1.18301	-0.0847149
4.032	0.247118	1.81561	1.10659	1.52429	0.175264	-1.18266	-0.0847132
4.05	0.245662	1.81556	1.10504	1.52429	0.175264	-1.18222	-0.0847132
4.068	0.245662	1.81556	1.10504	1.52429	0.175264	-1.18222	-0.0847132
4.086	0.244254	1.81556	1.10344	1.52429	0.175264	-1.18139	-0.0847132
4.104	0.242873	1.81551	1.10188	1.52432	0.175266	-1.18028	-0.0847132
4.122	0.241445	1.81541	1.10031	1.52432	0.175264	-1.17937	-0.0847132
4.14	0.240014	1.81531	1.09871	1.52433	0.175264	-1.17858	-0.0847132
4.158	0.238622	1.81517	1.09703	1.52433	0.175266	-1.17753	-0.0847115
4.176	0.237162	1.81502	1.09543	1.52434	0.175264	-1.17622	-0.0847115
4.194	0.235686	1.81474	1.09378	1.52434	0.175266	-1.17528	-0.0847115
4.212	0.234203	1.81443	1.09216	1.52434	0.175266	-1.1748	-0.0847115
4.23	0.23271	1.81408	1.09059	1.52434	0.175264	-1.17452	-0.0847115
4.248	0.231273	1.81365	1.08906	1.52434	0.175266	-1.17446	-0.0847115
4.266	0.231273	1.81365	1.08906	1.52434	0.175266	-1.17446	-0.0847115
4.284	0.229823	1.81317	1.08758	1.52436	0.175266	-1.17446	-0.0847098
4.302	0.228401	1.81261	1.08605	1.52438	0.175266	-1.17446	-0.0847098
4.32	0.226993	1.812	1.08465	1.5244	0.175266	-1.17446	-0.0847098
4.338	0.225627	1.81125	1.0833	1.52444	0.175264	-1.17446	-0.0847081
4.356	0.224337	1.81038	1.08197	1.52453	0.175266	-1.17446	-0.0847081
4.374	0.223152	1.80942	1.08067	1.52472	0.175266	-1.17446	-0.0847081
4.392	0.221994	1.80843	1.07952	1.52497	0.175266	-1.17446	-0.0847081
4.41	0.220906	1.80726	1.07837	1.52529	0.175266	-1.17446	-0.0847081
4.428	0.219973	1.80611	1.07736	1.52556	0.175266	-1.17446	-0.0847081
4.446	0.219077	1.80478	1.0764	1.52598	0.175266	-1.17445	-0.0847064
4.464	0.218247	1.80345	1.07559	1.52631	0.175266	-1.17445	-0.0847064
4.482	0.218247	1.80345	1.07559	1.52631	0.175266	-1.17445	-0.0847064
4.5	0.217532	1.80197	1.07487	1.52673	0.175266	-1.17445	-0.0847064
4.518	0.216915	1.80047	1.07433	1.52723	0.175266	-1.17443	-0.0847064
4.536	0.21645	1.7989	1.07384	1.5277	0.175266	-1.17437	-0.0847064
4.554	0.216038	1.79724	1.07347	1.52819	0.175266	-1.17424	-0.0847064
4.572	0.21577	1.79547	1.07318	1.52867	0.175266	-1.17383	-0.0847064
4.59	0.215615	1.79365	1.07294	1.52917	0.175266	-1.17291	-0.0847064
4.608	0.215541	1.7918	1.0727	1.52964	0.175266	-1.17204	-0.0847047
4.626	0.215526	1.7899	1.07258	1.53003	0.175266	-1.1714	-0.0847047
4.644	0.215541	1.78789	1.07255	1.53037	0.175266	-1.17089	-0.0847047
4.662	0.215586	1.78593	1.07254	1.5306	0.175266	-1.17048	-0.084703
4.68	0.215598	1.78402	1.07253	1.53081	0.175266	-1.16998	-0.084703
4.698	0.215598	1.78402	1.07253	1.53081	0.175266	-1.16998	-0.084703
4.716	0.215606	1.78206	1.07252	1.53099	0.175266	-1.1693	-0.084703
4.734	0.215609	1.78017	1.07252	1.53116	0.175264	-1.16864	-0.084703
4.752	0.21561	1.77822	1.07252	1.53131	0.175264	-1.1682	-0.084703
4.77	0.21561	1.77629	1.07252	1.53145	0.175264	-1.16786	-0.084703
4.788	0.215609	1.77433	1.07252	1.53164	0.175264	-1.16769	-0.084703
4.806	0.215609	1.7724	1.07251	1.53185	0.175264	-1.16753	-0.084703
4.824	0.21561	1.77049	1.07251	1.53205	0.175264	-1.16727	-0.084703
4.842	0.215611	1.76863	1.0725	1.53227	0.175262	-1.16692	-0.084703
4.86	0.215614	1.76684	1.07249	1.53256	0.175262	-1.16637	-0.084703
4.878	0.215616	1.76514	1.07248	1.53288	0.175262	-1.1654	-0.0847013
4.896	0.215618	1.76347	1.07245	1.53332	0.17526	-1.16407	-0.0847013
4.914	0.215618	1.76347	1.07245	1.53332	0.17526	-1.16407	-0.0847013
4.932	0.215618	1.76186	1.07245	1.53378	0.17526	-1.16266	-0.0847013
4.95	0.215619	1.76029	1.07245	1.53445	0.17526	-1.16055	-0.0847013
4.968	0.215618	1.75871	1.07245	1.53519	0.175258	-1.15802	-0.0847013
4.986	0.215618	1.75723	1.07245	1.53607	0.175256	-1.15499	-0.0847013
5.004	0.215614	1.75574	1.07242	1.53711	0.175256	-1.1517	-0.0847013
5.022	0.215612	1.75427	1.07242	1.53822	0.175256	-1.14824	-0.0847013
5.04	0.215612	1.7529	1.0724	1.53941	0.175254	-1.1447	-0.0847013
5.058	0.215609	1.75152	1.0724	1.54065	0.175254	-1.1411	-0.0846996
5.076	0.215588	1.75012	1.0724	1.54199	0.175254	-1.13733	-0.0846996
5.094	0.215586	1.74879	1.0724	1.54338	0.175254	-1.13349	-0.0846996
5.112	0.215563	1.74741	1.0724	1.54475	0.175254	-1.12992	-0.0846996
5.13	0.215563	1.74741	1.0724	1.54475	0.175254	-1.12992	-0.0846996
5.148	0.215532	1.74608	1.0724	1.5461	0.175252	-1.1268	-0.0846996
5.166	0.215514	1.74477	1.07236	1.54754	0.175252	-1.12392	-0.0846996
5.184	0.215492	1.74341	1.07236	1.54899	0.175252	-1.12132	-0.0846996
5.202	0.215476	1.74206	1.07236	1.55042	0.175252	-1.11901	-0.0846996
5.22	0.215463	1.74072	1.07233	1.55194	0.175252	-1.11662	-0.0846996
5.238	0.215412	1.73925	1.0723	1.55342	0.175252	-1.1146	-0.0846996
5.256	0.215395	1.73781	1.07226	1.55493	0.175252	-1.11258	-0.0846996
5.274	0.215387	1.73632	1.07213	1.55639	0.17525	-1.11089	-0.0846996
5.292	0.215354	1.73477	1.07203	1.55785	0.17525	-1.10925	-0.0846996
5.31	0.215349	1.73331	1.07192	1.55922	0.175246	-1.10802	-0.0846996
5.328	0.215339	1.73179	1.07178	1.56054	0.17523	-1.10669	-0.0846996
5.346	0.215339	1.73179	1.07178	1.56054	0.17523	-1.10669	-0.0846996
5.364	0.215332	1.7303	1.07166	1.5618	0.175205	-1.10516	-0.0846996
5.382	0.215334	1.72887	1.07147	1.56299	0.175189	-1.10364	-0.0846996
5.4	0.215332	1.72748	1.0713	1.5642	0.175185	-1.10161	-0.0846996
5.418	0.215321	1.72606	1.07108	1.56534	0.175156	-1.09936	-0.0846996
5.436	0.215321	1.72479	1.07084	1.56652	0.175113	-1.09667	-0.0846996
5.454	0.215321	1.72349	1.07051	1.56772	0.175056	-1.09395	-0.0846996
5.472	0.215301	1.72224	1.07017	1.56888	0.175019	-1.09127	-0.0846996
5.49	0.215281	1.72104	1.06978	1.57005	0.174974	-1.08861	-0.0846979
5.508	0.21523	1.71983	1.06928	1.57133	0.174962	-1.08594	-0.0846996
5.526	0.215145	1.71867	1.06866	1.57248	0.174947	-1.08338	-0.0846996
5.544	0.215	1.71751	1.06798	1.57373	0.174931	-1.08067	-0.0846979
5.562	0.215	1.71751	1.06798	1.57373	0.174931	-1.08067	-0.0846979
5.58	0.214838	1.71636	1.06727	1.57503	0.174923	-1.0779	-0.0846979
5.598	0.214588	1.71522	1.06648	1.57625	0.174919	-1.07526	-0.0846979
5.616	0.214302	1.71414	1.0656	1.57744	0.174845	-1.07272	-0.0846979
5.634	0.213954	1.71308	1.06463	1.57865	0.174726	-1.0703	-0.0846979
5.652	0.213552	1.71208	1.06371	1.57966	0.174598	-1.06827	-0.0846979
5.67	0.213074	1.71097	1.06265	1.58067	0.174375	-1.06625	-0.0846979
5.688	0.21251	1.71002	1.06161	1.58157	0.174074	-1.06443	-0.0846979
5.706	0.211968	1.70901	1.06041	1.5825	0.173675	-1.06231	-0.0846979
5.724	0.211338	1.70808	1.05933	1.58331	0.173254	-1.06021	-0.0846979
5.742	0.21066	1.70712	1.05812	1.58411	0.172947	-1.05786	-0.0846979
5.76	0.209892	1.70628	1.05687	1.58486	0.172675	-1.05567	-0.0846979
5.778	0.209892	1.70628	1.05687	1.58486	0.172675	-1.05567	-0.0846979
5.796	0.209122	1.70546	1.05555	1.58567	0.172342	-1.05341	-0.0846979
5.814	0.208323	1.7047	1.05422	1.58644	0.171976	-1.0513	-0.0846979
5.832	0.207452	1.70393	1.0529	1.58718	0.171603	-1.0495	-0.0846979
5.85	0.206526	1.70318	1.05152	1.58791	0.171213	-1.04789	-0.0846979
5.868	0.20563	1.70248	1.05007	1.5887	0.170861	-1.04618	-0.0846979
5.886	0.204706	1.70187	1.04859	1.58949	0.170564	-1.0447	-0.0846979
5.904	0.203789	1.70129	1.04708	1.59048	0.170286	-1.04283	-0.0846979
5.922	0.202795	1.70077	1.04561	1.59136	0.170208	-1.04107	-0.0846979
5.94	0.201807	1.70019	1.04409	1.59226	0.170196	-1.03911	-0.0846979
5.958	0.20078	1.69962	1.04257	1.59312	0.170192	-1.0373	-0.0846962
5.976	0.19974	1.69906	1.04101	1.59402	0.170192	-1.03544	-0.0846979
5.994	0.19974	1.69906	1.04101	1.59402	0.170192	-1.03544	-0.0846979
6.012	0.198566	1.69853	1.03961	1.59483	0.170188	-1.03376	-0.0846962
6.03	0.197414	1.69798	1.03803	1.59555	0.170188	-1.03228	-0.0846962
6.048	0.196209	1.69751	1.03653	1.59625	0.170188	-1.03084	-0.0846962
6.066	0.195015	1.69696	1.03496	1.59689	0.170188	-1.02976	-0.0846962
6.084	0.193762	1.69651	1.03354	1.59742	0.170188	-1.02878	-0.0846962
6.102	0.192463	1.69599	1.03213	1.59797	0.170188	-1.02752	-0.0846962
6.12	0.191218	1.69548	1.03073	1.59848	0.170188	-1.02625	-0.0846962
6.138	0.189928	1.69501	1.02933	1.59895	0.170188	-1.02496	-0.0846962
6.156	0.188667	1.69456	1.02804	1.59946	0.170188	-1.02312	-0.0846962
6.174	0.187447	1.69408	1.02676	1.6	0.170188	-1.02111	-0.0846962
6.192	0.186289	1.69364	1.02546	1.60065	0.170188	-1.01859	-0.0846962
6.21	0.186289	1.69364	1.02546	1.60065	0.170188	-1.01859	-0.0846962
6.228	0.185153	1.69317	1.02434	1.60134	0.170188	-1.01594	-0.0846962
6.246	0.18414	1.69265	1.02319	1.6021	0.170188	-1.01321	-0.0846962
6.264	0.183017	1.69214	1.02216	1.60289	0.170188	-1.01043	-0.0846962
6.282	0.181976	1.69156	1.02104	1.60369	0.170188	-1.0077	-0.0846945
6.3	0.180937	1.69098	1.0201	1.60451	0.170188	-1.00481	-0.0846945
6.318	0.179982	1.69031	1.01913	1.6055	0.17019	-1.0016	-0.0846945
6.336	0.178962	1.68966	1.01828	1.60656	0.170188	-0.998059	-0.0846945
6.354	0.178025	1.68889	1.01743	1.6076	0.17019	-0.994454	-0.0846945
6.372	0.177051	1.68809	1.01678	1.60866	0.170188	-0.99089	-0.0846945
6.39	0.176185	1.68714	1.01606	1.60981	0.17019	-0.987386	-0.0846945
6.408	0.175214	1.6862	1.01553	1.61096	0.17019	-0.983796	-0.0846945
6.426	0.175214	1.6862	1.01553	1.61096	0.17019	-0.983796	-0.0846945
6.444	0.174269	1.68511	1.01493	1.61204	0.17019	-0.980038	-0.0846945
6.462	0.173312	1.68399	1.0145	1.61315	0.17019	-0.97622	-0.0846945
6.48	0.172421	1.68275	1.01394	1.61431	0.17019	-0.972504	-0.0846928
6.498	0.171448	1.68159	1.01353	1.61536	0.17019	-0.969065	-0.0846928
6.516	0.170504	1.68027	1.01309	1.61638	0.17019	-0.965746	-0.0846928
6.534	0.169607	1.679	1.01276	1.61751	0.170188	-0.962411	-0.0846928
6.552	0.168795	1.67757	1.01239	1.61866	0.17019	-0.959038	-0.0846928
6.57	0.167903	1.67609	1.01216	1.61966	0.170188	-0.955936	-0.0846928
6.588	0.167007	1.67461	1.01188	1.6205	0.170188	-0.953227	-0.0846928
6.606	0.166117	1.67304	1.0116	1.62144	0.170188	-0.950937	-0.0846928
6.624	0.165316	1.67143	1.01134	1.62234	0.170188	-0.948808	-0.0846928
6.642	0.165316	1.67143	1.01134	1.62234	0.170188	-0.948808	-0.0846928
6.66	0.164531	1.66982	1.01111	1.62316	0.170188	-0.946872	-0.0846928
6.678	0.16374	1.66823	1.01097	1.62391	0.170188	-0.944823	-0.0846928
6.696	0.162987	1.66661	1.01076	1.62467	0.170188	-0.942795	-0.0846911
6.714	0.162314	1.66498	1.01055	1.62553	0.170188	-0.940448	-0.0846928
6.732	0.161651	1.66342	1.01028	1.62625	0.170188	-0.938169	-0.0846928
6.75	0.160936	1.66192	1.00989	1.62698	0.170188	-0.935921	-0.0846928
6.768	0.160241	1.66044	1.00947	1.62763	0.170186	-0.934007	-0.0846928
6.786	0.15958	1.659	1.00899	1.62822	0.170184	-0.932183	-0.0846928
6.804	0.158964	1.65754	1.00845	1.62885	0.170157	-0.930678	-0.0846928
6.822	0.158424	1.65619	1.00793	1.62956	0.170077	-0.928827	-0.0846928
6.84	0.157845	1.6549	1.00737	1.63018	0.16994	-0.92701	-0.0846928
6.858	0.157845	1.6549	1.00737	1.63018	0.16994	-0.92701	-0.0846928
6.876	0.157324	1.65364	1.00678	1.63083	0.169736	-0.92484	-0.0846911
6.894	0.156862	1.65238	1.00615	1.63149	0.169456	-0.922522	-0.0846911
6.912	0.156454	1.65124	1.00547	1.63222	0.169077	-0.919906	-0.0846911
6.93	0.156022	1.65011	1.0048	1.63297	0.168517	-0.917342	-0.0846928
6.948	0.155641	1.64904	1.00416	1.63363	0.167836	-0.915118	-0.0846911
6.966	0.155273	1.64795	1.00344	1.63437	0.167093	-0.913097	-0.0846911
6.984	0.154923	1.64692	1.00268	1.63502	0.166447	-0.911716	-0.0846911
7.002	0.154573	1.64586	1.00185	1.63573	0.166032	-0.910458	-0.0846911
7.02	0.154217	1.64481	1.00114	1.63642	0.165658	-0.909257	-0.0846911
7.038	0.153918	1.64369	1.00037	1.63716	0.165156	-0.90833	-0.0846893
7.056	0.153629	1.64263	0.999619	1.63791	0.164639	-0.907583	-0.0846893
7.074	0.153629	1.64263	0.999619	1.63791	0.164639	-0.907583	-0.0846893
7.092	0.153332	1.64151	0.998877	1.63866	0.164134	-0.906649	-0.0846911
7.11	0.153016	1.6404	0.998229	1.63939	0.163723	-0.90542	-0.0846893
7.128	0.152719	1.63921	0.997526	1.64016	0.163418	-0.904244	-0.0846893
7.146	0.152455	1.63805	0.996906	1.64091	0.16317	-0.902983	-0.0846893
7.164	0.152124	1.63674	0.996318	1.64168	0.162993	-0.901331	-0.0846893
7.182	0.15164	1.63547	0.995815	1.64228	0.162835	-0.89998	-0.0846893
7.2	0.151041	1.63403	0.995314	1.6428	0.162579	-0.898747	-0.0846893
7.218	0.150389	1.63256	0.994863	1.64332	0.162115	-0.897428	-0.0846893
7.236	0.1497	1.63107	0.994396	1.64375	0.161475	-0.896543	-0.0846893
7.254	0.148947	1.62952	0.993987	1.64419	0.160724	-0.895906	-0.0846893
7.272	0.14814	1.62795	0.993643	1.64457	0.160068	-0.895134	-0.0846893
7.29	0.14814	1.62795	0.993643	1.64457	0.160068	-0.895134	-0.0846893
7.308	0.147307	1.62637	0.993291	1.64492	0.159401	-0.893954	-0.0846893
7.326	0.146403	1.62471	0.99302	1.64528	0.15855	-0.892691	-0.0846893
7.344	0.145501	1.62308	0.992747	1.64562	0.157507	-0.891086	-0.0846893
7.362	0.144561	1.62139	0.992513	1.64605	0.156417	-0.888725	-0.0846876
7.38	0.143607	1.61972	0.992255	1.64647	0.155137	-0.885812	-0.0846893
7.398	0.142644	1.61796	0.991954	1.64702	0.153729	-0.882092	-0.0846876
7.416	0.141709	1.61626	0.991578	1.6477	0.152561	-0.877856	-0.0846876
7.434	0.14077	1.61447	0.991157	1.64854	0.15133	-0.87321	-0.0846876
7.452	0.139789	1.61273	0.990762	1.64939	0.150058	-0.868304	-0.0846876
7.47	0.138849	1.61094	0.990174	1.65031	0.14879	-0.862971	-0.0846876
7.488	0.137826	1.60912	0.989679	1.65124	0.147698	-0.857526	-0.0846876
7.506	0.137826	1.60912	0.989679	1.65124	0.147698	-0.857526	-0.0846876
7.524	0.136859	1.6072	0.98905	1.65212	0.147023	-0.852159	-0.0846876
7.542	0.135792	1.60525	0.988506	1.65298	0.146675	-0.846832	-0.0846876
7.56	0.134827	1.60329	0.987828	1.65377	0.146518	-0.841663	-0.0846876
7.578	0.133764	1.60121	0.987208	1.65449	0.146511	-0.83687	-0.0846876
7.596	0.13272	1.59903	0.986559	1.65496	0.146516	-0.832624	-0.0846876
7.614	0.131561	1.59683	0.985966	1.65526	0.146524	-0.828944	-0.0846876
7.632	0.130374	1.59454	0.985428	1.65538	0.146526	-0.825525	-0.0846876
7.65	0.129244	1.59215	0.984974	1.65537	0.146526	-0.822369	-0.0846876
7.668	0.128081	1.58971	0.984587	1.65531	0.146526	-0.819606	-0.0846876
7.686	0.126987	1.58739	0.984279	1.65521	0.146526	-0.817198	-0.0846876
7.704	0.125882	1.58503	0.984039	1.6552	0.146522	-0.814973	-0.0846859
7.722	0.125882	1.58503	0.984039	1.6552	0.146522	-0.814973	-0.0846859
7.74	0.124854	1.58266	0.983826	1.65518	0.146513	-0.813122	-0.0846859
7.758	0.123824	1.58026	0.983651	1.65518	0.146493	-0.811096	-0.0846859
7.776	0.12278	1.57783	0.983492	1.65517	0.146334	-0.809054	-0.0846859
7.794	0.12181	1.57553	0.983421	1.65516	0.145978	-0.806449	-0.0846859
7.812	0.120879	1.57323	0.983368	1.65515	0.145335	-0.803448	-0.0846859
7.83	0.119966	1.57102	0.983316	1.65509	0.144497	-0.800293	-0.0846859
7.848	0.119149	1.56898	0.983267	1.65504	0.143407	-0.79708	-0.0846859
7.866	0.118303	1.56695	0.983207	1.65501	0.142081	-0.793849	-0.0846859
7.884	0.117527	1.56501	0.983106	1.65498	0.140844	-0.790383	-0.0846859
7.902	0.116705	1.5631	0.982932	1.65498	0.139666	-0.786743	-0.0846859
7.92	0.115853	1.56121	0.982642	1.65498	0.138353	-0.782925	-0.0846859
7.938	0.115853	1.56121	0.982642	1.65498	0.138353	-0.782925	-0.0846859
7.956	0.114963	1.55934	0.982173	1.65499	0.137072	-0.779187	-0.0846859
7.974	0.11404	1.55755	0.981677	1.65496	0.135761	-0.775688	-0.0846859
7.992	0.113159	1.55575	0.981076	1.65497	0.134788	-0.772417	-0.0846859
8.01	0.112177	1.554	0.980435	1.65497	0.134139	-0.769393	-0.0846859
8.028	0.111185	1.55225	0.979648	1.65498	0.13353	-0.766407	-0.0846859
8.046	0.110141	1.55051	0.978881	1.65497	0.132978	-0.76353	-0.0846842
8.064	0.109026	1.5488	0.978027	1.65492	0.132532	-0.760922	-0.0846842
8.082	0.107835	1.5471	0.977174	1.65484	0.132202	-0.758686	-0.0846842
8.1	0.106644	1.54546	0.976277	1.65481	0.131922	-0.756697	-0.0846842
8.118	0.105434	1.54385	0.975328	1.6548	0.131679	-0.755075	-0.0846842
8.136	0.104102	1.5423	0.974443	1.65474	0.131474	-0.75358	-0.0846842
8.154	0.104102	1.5423	0.974443	1.65474	0.131474	-0.75358	-0.0846842
8.172	0.102709	1.54079	0.973585	1.6547	0.131125	-0.751811	-0.0846842
8.19	0.101379	1.53932	0.97274	1.65461	0.130525	-0.750125	-0.0846842
8.208	0.0999158	1.5379	0.971976	1.65457	0.129814	-0.747971	-0.0846842
8.226	0.0983818	1.53652	0.971176	1.65441	0.128995	-0.745649	-0.0846842
8.244	0.0967737	1.53527	0.970406	1.65428	0.128228	-0.743059	-0.0846842
8.262	0.0950646	1.53404	0.969661	1.65411	0.127414	-0.740382	-0.0846842
8.28	0.0933785	1.5329	0.96889	1.65392	0.1263	-0.737751	-0.0846825
8.298	0.0915696	1.53176	0.968101	1.65382	0.125023	-0.735036	-0.0846825
8.316	0.0897672	1.53076	0.967327	1.65371	0.123563	-0.732029	-0.0846825
8.334	0.0878331	1.52978	0.96655	1.65368	0.122166	-0.728636	-0.0846825
8.352	0.0859297	1.52892	0.965676	1.65368	0.121051	-0.72477	-0.0846825
8.37	0.0859297	1.52892	0.965676	1.65368	0.121051	-0.72477	-0.0846825
8.388	0.0838691	1.52796	0.964782	1.65373	0.119877	-0.72078	-0.0846825
8.406	0.0818071	1.52708	0.963883	1.65369	0.118822	-0.716761	-0.0846825
8.424	0.0796135	1.52618	0.962945	1.65369	0.117996	-0.712648	-0.0846825
8.442	0.0773535	1.52533	0.961991	1.65371	0.117446	-0.708256	-0.0846825
8.46	0.0749745	1.52441	0.960999	1.65371	0.117229	-0.703731	-0.0846825
8.478	0.0725841	1.52349	0.959956	1.65368	0.117225	-0.699325	-0.0846808
8.496	0.0701169	1.52259	0.959032	1.65358	0.117225	-0.695074	-0.0846808
8.514	0.0675322	1.52165	0.958127	1.65342	0.117225	-0.690869	-0.0846808
8.532	0.0650011	1.52068	0.957236	1.65323	0.117225	-0.686642	-0.0846808
8.55	0.0624509	1.51961	0.956414	1.65305	0.117225	-0.682613	-0.0846808
8.568	0.0598508	1.51853	0.955615	1.65279	0.117225	-0.678953	-0.0846808
8.586	0.0598508	1.51853	0.955615	1.65279	0.117225	-0.678953	-0.0846808
8.604	0.0571855	1.51744	0.954872	1.65247	0.117225	-0.675689	-0.0846808
8.622	0.0545176	1.51622	0.954278	1.65212	0.117225	-0.672517	-0.0846808
8.64	0.0518447	1.51486	0.953711	1.65179	0.117225	-0.669337	-0.0846791
8.658	0.0492216	1.5135	0.953209	1.65141	0.117225	-0.666206	-0.0846791
8.676	0.0466291	1.51204	0.952796	1.65096	0.117225	-0.663302	-0.0846791
8.694	0.0440124	1.51064	0.952539	1.65042	0.117225	-0.660602	-0.0846791
8.712	0.0415133	1.50914	0.952226	1.64987	0.117225	-0.658228	-0.0846791
8.73	0.0390334	1.50761	0.952055	1.64923	0.117225	-0.656072	-0.0846791
8.748	0.0365228	1.50607	0.951937	1.6486	0.117225	-0.653586	-0.0846791
8.766	0.0340595	1.50457	0.951856	1.64782	0.117225	-0.651016	-0.0846791
8.784	0.0315488	1.50297	0.951848	1.64706	0.117223	-0.648129	-0.0846791
8.802	0.0315488	1.50297	0.951848	1.64706	0.117223	-0.648129	-0.0846791
8.82	0.0291264	1.50141	0.951795	1.64623	0.117225	-0.644991	-0.0846791
8.838	0.0267884	1.49979	0.95171	1.64537	0.117223	-0.641833	-0.0846791
8.856	0.0244082	1.49825	0.95169	1.64446	0.117225	-0.638673	-0.0846791
8.874	0.022097	1.49667	0.95157	1.64351	0.117225	-0.635486	-0.0846791
8.892	0.0198382	1.4951	0.951447	1.6426	0.117225	-0.632055	-0.0846791
8.91	0.0175909	1.49347	0.951164	1.64183	0.117225	-0.628298	-0.0846774
8.928	0.0153999	1.4919	0.950917	1.64103	0.117223	-0.62449	-0.0846774
8.946	0.0131308	1.4903	0.950702	1.64023	0.117223	-0.62085	-0.0846774
8.964	0.0110025	1.48871	0.950422	1.63932	0.117223	-0.617519	-0.0846774
8.982	0.00890601	1.48705	0.950201	1.63844	0.117223	-0.614361	-0.0846774
9	0.00695659	1.4854	0.949916	1.63758	0.117223	-0.6113	-0.0846774
9.018	0.00695659	1.4854	0.949916	1.63758	0.117223	-0.6113	-0.0846774
9.036	0.00494323	1.48374	0.949724	1.63666	0.117223	-0.608385	-0.0846774
9.054	0.0030411	1.48209	0.949502	1.63567	0.117223	-0.6058	-0.0846774
9.072	0.0011134	1.48034	0.949277	1.63467	0.117223	-0.603729	-0.0846774
9.09	-0.000658338	1.47865	0.948947	1.63366	0.117223	-0.602057	-0.0846774
9.108	-0.00250551	1.47689	0.948716	1.63258	0.117223	-0.600993	-0.0846774
9.126	-0.00423124	1.47517	0.948469	1.63139	0.117223	-0.600085	-0.0846774
9.144	-0.00594674	1.47342	0.948293	1.63029	0.117223	-0.599399	-0.0846774
9.162	-0.00745898	1.47171	0.948004	1.62921	0.117223	-0.599004	-0.0846774
9.18	-0.00897378	1.46999	0.947794	1.62821	0.117223	-0.598644	-0.0846774
9.198	-0.0104439	1.46827	0.947572	1.62717	0.117223	-0.598367	-0.0846774
9.216	-0.0118487	1.46658	0.947313	1.6262	0.117223	-0.598065	-0.0846774
9.234	-0.0118487	1.46658	0.947313	1.6262	0.117223	-0.598065	-0.0846774
9.252	-0.0132229	1.46491	0.946941	1.62542	0.117223	-0.597479	-0.0846757
9.27	-0.0145626	1.46329	0.946599	1.62468	0.117221	-0.596347	-0.0846757
9.288	-0.0158933	1.46165	0.946338	1.62398	0.117221	-0.594731	-0.0846757
9.306	-0.0172049	1.45996	0.946117	1.62332	0.117219	-0.592969	-0.0846757
9.324	-0.0183618	1.45833	0.945889	1.62277	0.117219	-0.59055	-0.0846757
9.342	-0.0195762	1.45664	0.945776	1.62228	0.117217	-0.587857	-0.0846757
9.36	-0.0207573	1.45502	0.945718	1.62177	0.117214	-0.584982	-0.0846757
9.378	-0.0219704	1.45336	0.945714	1.62122	0.117214	-0.58212	-0.0846757
9.396	-0.0231145	1.45177	0.945708	1.62069	0.117212	-0.579461	-0.0846757
9.414	-0.0242382	1.45011	0.945696	1.6201	0.117212	-0.577063	-0.0846757
9.432	-0.0254615	1.44847	0.945736	1.61953	0.117212	-0.574655	-0.0846757
9.45	-0.0254615	1.44847	0.945736	1.61953	0.117212	-0.574655	-0.0846757
9.468	-0.0267002	1.44691	0.945736	1.61893	0.117212	-0.572446	-0.0846757
9.486	-0.027875	1.44535	0.945709	1.61847	0.117212	-0.570327	-0.0846757
9.504	-0.0291035	1.44374	0.9457	1.61806	0.117212	-0.568456	-0.0846757
9.522	-0.0303268	1.44217	0.945662	1.6176	0.11721	-0.566896	-0.084674
9.54	-0.0315642	1.44058	0.945657	1.61703	0.11721	-0.566005	-0.0846757
9.558	-0.0328962	1.439	0.945668	1.61647	0.11721	-0.565374	-0.0846757
9.576	-0.0341886	1.43743	0.945653	1.61583	0.117208	-0.564841	-0.084674
9.594	-0.0354414	1.43587	0.945659	1.61516	0.117208	-0.564397	-0.0846757
9.612	-0.0367554	1.4343	0.945654	1.61448	0.117208	-0.564212	-0.084674
9.63	-0.0379839	1.43283	0.945668	1.61371	0.117206	-0.564208	-0.084674
9.648	-0.039307	1.43138	0.945671	1.61297	0.117204	-0.564208	-0.084674
9.666	-0.039307	1.43138	0.945671	1.61297	0.117204	-0.564208	-0.084674
9.684	-0.0406326	1.42993	0.945658	1.61214	0.117204	-0.564207	-0.084674
9.702	-0.0419569	1.42847	0.945649	1.61125	0.117202	-0.564203	-0.084674
9.72	-0.0433132	1.42704	0.945617	1.6104	0.1172	-0.564176	-0.084674
9.738	-0.0446721	1.42567	0.94558	1.60957	0.1172	-0.564115	-0.084674
9.756	-0.0460399	1.42432	0.945554	1.6087	0.117196	-0.563993	-0.0846723
9.774	-0.0473949	1.42299	0.94545	1.60791	0.117194	-0.563855	-0.0846723
9.792	-0.0487576	1.42172	0.945354	1.60719	0.117194	-0.563653	-0.084674
9.81	-0.0501049	1.42044	0.945239	1.60652	0.117194	-0.563363	-0.0846723
9.828	-0.0513845	1.41932	0.945157	1.60592	0.117192	-0.563012	-0.0846723
9.846	-0.0526871	1.41815	0.945044	1.60537	0.117192	-0.562707	-0.084674
9.864	-0.0539501	1.41703	0.944922	1.60476	0.117192	-0.562419	-0.0846723
9.882	-0.0539501	1.41703	0.944922	1.60476	0.117192	-0.562419	-0.0846723
9.9	-0.0551658	1.41595	0.944807	1.60416	0.117192	-0.562228	-0.0846723
9.918	-0.056384	1.41486	0.944655	1.60361	0.117192	-0.562035	-0.0846723
9.936	-0.0574872	1.41379	0.944504	1.60297	0.117192	-0.561749	-0.0846723
9.954	-0.0585955	1.41278	0.944424	1.60245	0.117192	-0.561178	-0.0846723
9.972	-0.0596105	1.41177	0.9443	1.60197	0.117192	-0.560425	-0.0846723
9.99	-0.0607022	1.41079	0.944284	1.60144	0.11719	-0.559663	-0.0846723
10.008	-0.061689	1.4098	0.944189	1.60091	0.11719	-0.558937	-0.0846723
10.026	-0.0626529	1.40887	0.94419	1.60037	0.11719	-0.558169	-0.0846723
10.044	-0.0636397	1.4079	0.94419	1.59995	0.11719	-0.556934	-0.0846723
10.062	-0.0646304	1.40707	0.944192	1.59953	0.11719	-0.555376	-0.0846723
10.08	-0.0656135	1.40622	0.944126	1.59921	0.11719	-0.553803	-0.0846723
10.098	-0.0656135	1.40622	0.944126	1.59921	0.11719	-0.553803	-0.0846723
10.116	-0.0665275	1.40535	0.944121	1.59892	0.11719	-0.551768	-0.0846723
10.134	-0.0675041	1.40454	0.944121	1.59862	0.11719	-0.549942	-0.0846723
10.152	-0.0684948	1.40373	0.944102	1.59838	0.11719	-0.54802	-0.0846723
10.17	-0.0694689	1.4029	0.944069	1.59804	0.11719	-0.546591	-0.0846723
10.188	-0.0704135	1.40202	0.944058	1.59769	0.11719	-0.545495	-0.0846723
10.206	-0.0713058	1.40114	0.944036	1.59742	0.11719	-0.544519	-0.0846723
10.224	-0.072262	1.40033	0.944035	1.59705	0.11719	-0.544147	-0.0846723
10.242	-0.0732028	1.3995	0.944012	1.59669	0.11719	-0.544134	-0.0846706
10.26	-0.0740913	1.39862	0.944014	1.5964	0.11719	-0.544134	-0.0846706
10.278	-0.0749247	1.39777	0.944015	1.59614	0.11719	-0.544134	-0.0846706
10.296	-0.0758375	1.39692	0.944022	1.59589	0.11719	-0.544134	-0.0846706
10.314	-0.0758375	1.39692	0.944022	1.59589	0.11719	-0.544134	-0.0846706
10.332	-0.0767323	1.39622	0.944012	1.59561	0.11719	-0.544134	-0.0846706
10.35	-0.0776309	1.39541	0.943999	1.59545	0.11719	-0.544134	-0.0846706
10.368	-0.0784273	1.3946	0.944003	1.59528	0.11719	-0.544132	-0.0846706
10.386	-0.0792301	1.39381	0.944006	1.59515	0.11719	-0.544132	-0.0846706
10.404	-0.0801172	1.39311	0.944004	1.59496	0.11719	-0.544132	-0.0846706
10.422	-0.0809776	1.3924	0.944003	1.5947	0.11719	-0.544132	-0.0846706
10.44	-0.0818212	1.39169	0.944003	1.59447	0.11719	-0.54413	-0.0846706
10.458	-0.082647	1.39097	0.944003	1.59421	0.11719	-0.54413	-0.0846706
10.476	-0.0835291	1.39024	0.944015	1.59386	0.11719	-0.544127	-0.0846706
10.494	-0.0844737	1.38967	0.944012	1.5934	0.11719	-0.54412	-0.0846706
10.512	-0.0854555	1.38908	0.943985	1.59296	0.11719	-0.544082	-0.0846706
10.53	-0.0854555	1.38908	0.943985	1.59296	0.11719	-0.544082	-0.0846706
10.548	-0.0863452	1.38852	0.943983	1.59249	0.11719	-0.544006	-0.0846706
10.566	-0.0872707	1.38796	0.943989	1.59207	0.11719	-0.543871	-0.0846706
10.584	-0.0882397	1.38753	0.943987	1.59154	0.11719	-0.543716	-0.0846706
10.602	-0.0892802	1.3871	0.943989	1.591	0.11719	-0.543493	-0.0846689
10.62	-0.0902198	1.38674	0.943987	1.59048	0.11719	-0.543196	-0.0846689
10.638	-0.091167	1.38631	0.943989	1.59006	0.11719	-0.54277	-0.0846689
10.656	-0.092113	1.38596	0.94399	1.58951	0.11719	-0.542267	-0.0846689
10.674	-0.0931152	1.38561	0.943991	1.58901	0.11719	-0.541495	-0.0846689
10.692	-0.0940841	1.38533	0.943982	1.58846	0.11719	-0.540462	-0.0846689
10.71	-0.0950416	1.38501	0.943986	1.58794	0.11719	-0.539441	-0.0846689
10.728	-0.096054	1.38479	0.943989	1.5874	0.11719	-0.53827	-0.0846689
10.746	-0.096054	1.38479	0.943989	1.5874	0.11719	-0.53827	-0.0846689
10.764	-0.0970716	1.38461	0.943987	1.58695	0.11719	-0.536433	-0.0846689
10.782	-0.0981223	1.3844	0.943989	1.58646	0.11719	-0.534481	-0.0846689
10.8	-0.0991757	1.38422	0.943989	1.58609	0.11719	-0.532129	-0.0846689
10.818	-0.100251	1.38405	0.943989	1.58553	0.11719	-0.529971	-0.0846689
10.836	-0.1014	1.38389	0.943991	1.58495	0.11719	-0.527858	-0.0846689
10.854	-0.102575	1.38373	0.943991	1.58429	0.11719	-0.526537	-0.0846689
10.872	-0.103773	1.38359	0.943991	1.58366	0.11719	-0.525733	-0.0846689
10.89	-0.10492	1.38351	0.943991	1.58297	0.117192	-0.525562	-0.0846689
10.908	-0.106007	1.38349	0.943992	1.5824	0.117192	-0.525562	-0.0846689
10.926	-0.107028	1.38349	0.943994	1.58189	0.11719	-0.525562	-0.0846689
10.944	-0.107904	1.3835	0.943995	1.58137	0.117192	-0.525562	-0.0846689
10.962	-0.107904	1.3835	0.943995	1.58137	0.117192	-0.525562	-0.0846689
10.98	-0.108683	1.3835	0.943999	1.58092	0.117192	-0.525562	-0.0846672
10.998	-0.109308	1.3835	0.943999	1.58054	0.117192	-0.525562	-0.0846672
11.016	-0.109759	1.3835	0.944004	1.58027	0.117192	-0.525562	-0.0846672
11.034	-0.110013	1.3835	0.944005	1.5801	0.117192	-0.525562	-0.0846672
11.052	-0.110117	1.3835	0.944006	1.58001	0.117192	-0.525562	-0.0846672
11.07	-0.110133	1.3835	0.944008	1.57999	0.117192	-0.525562	-0.0846672
11.088	-0.110131	1.3835	0.944008	1.57999	0.117192	-0.525562	-0.0846672
11.106	-0.110127	1.3835	0.944008	1.57999	0.117192	-0.525562	-0.0846672
11.124	-0.110131	1.3835	0.94401	1.57999	0.117192	-0.525562	-0.0846672
11.142	-0.110173	1.3835	0.944012	1.57999	0.117192	-0.525562	-0.0846672
11.16	-0.110248	1.3835	0.944014	1.57999	0.117192	-0.525562	-0.0846672
11.178	-0.110248	1.3835	0.944014	1.57999	0.117192	-0.525562	-0.0846672
11.196	-0.110426	1.3835	0.944015	1.57999	0.117192	-0.52556	-0.0846672
11.214	-0.110692	1.3835	0.944015	1.57999	0.117194	-0.52555	-0.0846672
11.232	-0.111001	1.3835	0.944017	1.57999	0.117194	-0.52552	-0.0846672
11.25	-0.11135	1.3835	0.944018	1.57998	0.117194	-0.525407	-0.0846672
11.268	-0.111693	1.3835	0.944019	1.57997	0.117194	-0.525194	-0.0846672
11.286	-0.111988	1.3835	0.944027	1.57992	0.117194	-0.525075	-0.0846672
11.304	-0.112218	1.3835	0.944031	1.57985	0.117196	-0.525063	-0.0846672
11.322	-0.112362	1.3835	0.944032	1.57975	0.117196	-0.525056	-0.0846672
11.34	-0.112422	1.38351	0.944037	1.57969	0.117196	-0.525053	-0.0846672
11.358	-0.112423	1.38351	0.94404	1.57967	0.117198	-0.525051	-0.0846672
11.376	-0.112416	1.38352	0.944038	1.57964	0.117198	-0.525051	-0.0846672
11.394	-0.112416	1.38352	0.944038	1.57964	0.117198	-0.525051	-0.0846672
11.412	-0.112414	1.38354	0.944037	1.57959	0.1172	-0.525049	-0.0846672
11.43	-0.112411	1.38356	0.944037	1.57958	0.117204	-0.525049	-0.0846672
11.448	-0.11241	1.3836	0.944037	1.57958	0.117208	-0.525049	-0.0846672
11.466	-0.112409	1.38365	0.944037	1.57958	0.117219	-0.525051	-0.0846672
11.484	-0.112406	1.38371	0.944035	1.57958	0.117229	-0.525051	-0.0846655
11.502	-0.112392	1.38376	0.944032	1.57958	0.117243	-0.525051	-0.0846655
11.52	-0.112369	1.38382	0.944031	1.57958	0.117255	-0.525051	-0.0846655
11.538	-0.112364	1.3839	0.944031	1.57958	0.117264	-0.525053	-0.0846655
11.556	-0.112364	1.38402	0.944027	1.57958	0.117264	-0.525053	-0.0846655
11.574	-0.11236	1.38416	0.944024	1.57958	0.117264	-0.525054	-0.0846655
11.592	-0.112347	1.3843	0.944019	1.57958	0.117262	-0.525056	-0.0846655
11.61	-0.112347	1.3843	0.944019	1.57958	0.117262	-0.525056	-0.0846655
11.628	-0.112347	1.38442	0.944006	1.57959	0.117259	-0.525056	-0.0846655
11.646	-0.112347	1.38459	0.944004	1.57959	0.117259	-0.525058	-0.0846655
11.664	-0.112347	1.38481	0.944001	1.57959	0.117257	-0.525059	-0.0846655
11.682	-0.112347	1.38502	0.944	1.57959	0.117257	-0.525059	-0.0846655
11.7	-0.112347	1.38522	0.944	1.57962	0.117257	-0.525059	-0.0846655
11.718	-0.112347	1.38539	0.944	1.57965	0.117257	-0.525061	-0.0846655
11.736	-0.112347	1.38551	0.943999	1.57968	0.117257	-0.525061	-0.0846655
11.754	-0.112347	1.38557	0.943996	1.57968	0.117257	-0.525061	-0.0846655
11.772	-0.112338	1.38558	0.943992	1.57968	0.117257	-0.525061	-0.0846655
11.79	-0.11233	1.38558	0.943991	1.57968	0.117257	-0.525061	-0.0846655
11.808	-0.11233	1.38559	0.943991	1.57968	0.117257	-0.525061	-0.0846655
11.826	-0.11233	1.38559	0.943991	1.57968	0.117257	-0.525061	-0.0846655
11.844	-0.11233	1.38561	0.943991	1.57968	0.117257	-0.525061	-0.0846655
11.862	-0.11233	1.38567	0.943992	1.57968	0.117257	-0.525061	-0.0846638
11.88	-0.11233	1.38575	0.943992	1.57968	0.117257	-0.525061	-0.0846638
11.898	-0.11233	1.38585	0.943991	1.57968	0.117257	-0.525061	-0.0846638
11.916	-0.11233	1.38599	0.943992	1.57968	0.117257	-0.525063	-0.0846638
11.934	-0.11233	1.38615	0.943992	1.57968	0.117257	-0.525063	-0.0846638
11.952	-0.11233	1.38631	0.943992	1.57968	0.117255	-0.525063	-0.0846638
11.97	-0.11233	1.38649	0.943992	1.57968	0.117257	-0.525063	-0.0846638
11.988	-0.11233	1.38669	0.943992	1.57968	0.117257	-0.525063	-0.0846638
12.006	-0.11233	1.38688	0.943992	1.57968	0.117257	-0.525063	-0.0846638
12.024	-0.11233	1.38706	0.943992	1.57968	0.117257	-0.525063	-0.0846638
12.042	-0.11233	1.38706	0.943992	1.57968	0.117257	-0.525063	-0.0846638
12.06	-0.11233	1.38724	0.943994	1.57968	0.117255	-0.525063	-0.0846638
12.078	-0.11233	1.38742	0.943994	1.57968	0.117257	-0.525063	-0.0846638
12.096	-0.11233	1.3876	0.943994	1.57968	0.117255	-0.525063	-0.0846638
12.114	-0.11233	1.38776	0.943994	1.57968	0.117257	-0.525061	-0.0846638
12.132	-0.11233	1.38788	0.943995	1.57968	0.117257	-0.525061	-0.0846638
12.15	-0.11233	1.38799	0.943996	1.57968	0.117257	-0.525061	-0.0846638
12.168	-0.11233	1.38807	0.943996	1.57968	0.117255	-0.525061	-0.0846638
12.186	-0.11233	1.38814	0.943996	1.57968	0.117257	-0.525061	-0.0846638
12.204	-0.11233	1.38819	0.943996	1.57968	0.117255	-0.525061	-0.0846638
12.222	-0.11233	1.38821	0.943996	1.57968	0.117255	-0.525061	-0.0846638
12.24	-0.11233	1.38823	0.943997	1.57968	0.117255	-0.525061	-0.0846638
12.258	-0.11233	1.38823	0.943997	1.57968	0.117255	-0.525061	-0.0846638
12.276	-0.11233	1.38824	0.943997	1.57968	0.117257	-0.525061	-0.0846638
12.294	-0.11233	1.38823	0.943997	1.57968	0.117255	-0.525061	-0.0846638
12.312	-0.11233	1.38823	0.943997	1.57968	0.117257	-0.525061	-0.0846638
12.33	-0.11233	1.38823	0.943997	1.57968	0.117257	-0.525061	-0.0846638
12.348	-0.11233	1.38824	0.943997	1.57968	0.117257	-0.525061	-0.0846638
12.366	-0.11233	1.38824	0.943997	1.57968	0.117255	-0.525061	-0.0846638
12.384	-0.11233	1.38824	0.943997	1.57968	0.117255	-0.525061	-0.0846638
12.402	-0.11233	1.38824	0.943997	1.57968	0.117255	-0.525061	-0.0846638
12.42	-0.11233	1.38824	0.943997	1.57968	0.117257	-0.525061	-0.0846638
12.438	-0.11233	1.38824	0.943997	1.57968	0.117257	-0.525061	-0.0846638
12.456	-0.11233	1.38824	0.943997	1.57968	0.117257	-0.525061	-0.0846638
12.474	-0.11233	1.38824	0.943997	1.57968	0.117257	-0.525061	-0.0846638
12.492	-0.11233	1.38824	0.943997	1.57968	0.117257	-0.525061	-0.0846638
12.51	-0.11233	1.38824	0.943997	1.57968	0.117257	-0.525061	-0.0846638
12.528	-0.11233	1.38824	0.943997	1.57968	0.117255	-0.525061	-0.0846638
12.546	-0.11233	1.38825	0.943997	1.57968	0.117255	-0.525061	-0.0846638
12.564	-0.11233	1.38825	0.943997	1.57968	0.117257	-0.525061	-0.0846621
12.582	-0.11233	1.38825	0.943997	1.57968	0.117255	-0.525061	-0.0846621
12.6	-0.11233	1.38825	0.943997	1.57968	0.117257	-0.525061	-0.0846621
12.618	-0.11233	1.38825	0.943997	1.57968	0.117257	-0.525061	-0.0846621
12.636	-0.11233	1.38825	0.943997	1.57968	0.117257	-0.525061	-0.0846621
12.654	-0.11233	1.38826	0.943997	1.57968	0.117257	-0.525061	-0.0846621
12.672	-0.11233	1.38826	0.943997	1.57968	0.117255	-0.525061	-0.0846621
12.69	-0.11233	1.38826	0.943997	1.57968	0.117255	-0.525061	-0.0846621
12.708	-0.11233	1.38826	0.943997	1.57968	0.117257	-0.525061	-0.0846621
12.726	-0.11233	1.38826	0.943997	1.57968	0.117257	-0.525061	-0.0846621
12.744	-0.11233	1.38826	0.943997	1.57968	0.117257	-0.525061	-0.0846621
12.762	-0.11233	1.38826	0.943997	1.57968	0.117255	-0.525061	-0.0846621
12.78	-0.11233	1.38826	0.943997	1.57968	0.117255	-0.525061	-0.0846621
12.798	-0.11233	1.38826	0.943997	1.57968	0.117255	-0.525061	-0.0846621
12.816	-0.11233	1.38827	0.943997	1.57968	0.117257	-0.525061	-0.0846621
12.834	-0.11233	1.38827	0.943997	1.57968	0.117257	-0.525061	-0.0846621
12.852	-0.11233	1.38828	0.943997	1.57968	0.117257	-0.525061	-0.0846621
12.87	-0.11233	1.38828	0.943999	1.57968	0.117255	-0.525061	-0.0846621
12.888	-0.11233	1.38828	0.943999	1.57968	0.117255	-0.525061	-0.0846621
12.906	-0.11233	1.38828	0.943999	1.57968	0.117255	-0.525061	-0.0846621
12.924	-0.11233	1.38828	0.943997	1.57968	0.117255	-0.525061	-0.0846621
12.942	-0.11233	1.38828	0.943997	1.57968	0.117257	-0.525061	-0.0846621
12.96	-0.11233	1.38828	0.943997	1.57968	0.117255	-0.525061	-0.0846621
12.978	-0.11233	1.38828	0.943999	1.57968	0.117255	-0.525061	-0.0846621
12.996	-0.11233	1.38829	0.943997	1.57968	0.117257	-0.525061	-0.0846621
13.014	-0.11233	1.38829	0.943997	1.57968	0.117257	-0.525061	-0.0846621
13.032	-0.11233	1.38829	0.943999	1.57968	0.117257	-0.525061	-0.0846621
13.05	-0.11233	1.38829	0.943997	1.57968	0.117257	-0.525061	-0.0846621
13.068	-0.11233	1.38829	0.943999	1.57968	0.117257	-0.525061	-0.0846621
13.086	-0.11233	1.38829	0.943999	1.57968	0.117257	-0.525061	-0.0846621
13.104	-0.11233	1.38829	0.943999	1.57968	0.117257	-0.525061	-0.0846621
13.122	-0.11233	1.38829	0.943999	1.57968	0.117257	-0.525061	-0.0846621
13.14	-0.11233	1.3883	0.943999	1.57968	0.117255	-0.525061	-0.0846621
13.158	-0.11233	1.3883	0.943999	1.57968	0.117257	-0.525061	-0.0846621
13.176	-0.11233	1.3883	0.943999	1.57968	0.117257	-0.525061	-0.0846621
13.194	-0.11233	1.3883	0.943997	1.57968	0.117255	-0.525061	-0.0846621
13.212	-0.11233	1.3883	0.943999	1.57968	0.117257	-0.525061	-0.0846621
13.23	-0.11233	1.3883	0.943999	1.57968	0.117255	-0.525061	-0.0846621
13.248	-0.11233	1.3883	0.943999	1.57968	0.117255	-0.525061	-0.0846621
13.266	-0.11233	1.3883	0.943997	1.57968	0.117257	-0.525061	-0.0846604
13.284	-0.11233	1.3883	0.943999	1.57968	0.117255	-0.525061	-0.0846604
13.302	-0.11233	1.38831	0.943999	1.57968	0.117257	-0.525061	-0.0846604
13.32	-0.11233	1.3883	0.943999	1.57968	0.117255	-0.525061	-0.0846604
13.338	-0.11233	1.3883	0.943999	1.57968	0.117255	-0.525061	-0.0846604
13.356	-0.11233	1.3883	0.943999	1.57968	0.117257	-0.525061	-0.0846604
13.374	-0.11233	1.3883	0.943999	1.57968	0.117257	-0.525061	-0.0846621
13.392	-0.11233	1.3883	0.943999	1.57968	0.117257	-0.525061	-0.0846621
13.41	-0.11233	1.38831	0.943999	1.57968	0.117257	-0.525061	-0.0846621
13.428	-0.11233	1.38831	0.943999	1.57968	0.117257	-0.525061	-0.0846604
13.446	-0.11233	1.38831	0.943999	1.57968	0.117255	-0.525061	-0.0846604
13.464	-0.11233	1.38831	0.943999	1.57968	0.117257	-0.525061	-0.0846604
13.482	-0.11233	1.38831	0.943999	1.57968	0.117257	-0.525061	-0.0846604
13.5	-0.11233	1.38831	0.943999	1.57968	0.117257	-0.525061	-0.0846604
13.518	-0.11233	1.38831	0.943999	1.57968	0.117255	-0.525061	-0.0846604
13.536	-0.11233	1.38831	0.943999	1.57968	0.117255	-0.525061	-0.0846604
13.554	-0.11233	1.38831	0.943999	1.57968	0.117255	-0.525061	-0.0846604
13.572	-0.11233	1.38831	0.943999	1.57968	0.117257	-0.525061	-0.0846604
13.59	-0.11233	1.38831	0.943999	1.57968	0.117257	-0.525061	-0.0846604
13.608	-0.11233	1.38831	0.943999	1.57968	0.117255	-0.525061	-0.0846604
13.626	-0.11233	1.38832	0.943999	1.57968	0.117257	-0.525061	-0.0846604
13.644	-0.11233	1.38831	0.943999	1.57968	0.117255	-0.525061	-0.0846604
13.662	-0.11233	1.38831	0.943999	1.57968	0.117257	-0.525061	-0.0846604
13.68	-0.11233	1.38831	0.943999	1.57968	0.117257	-0.525061	-0.0846604
13.698	-0.11233	1.38831	0.943999	1.57968	0.117257	-0.525061	-0.0846604
13.716	-0.11233	1.38832	0.943999	1.57968	0.117257	-0.525061	-0.0846604
13.734	-0.11233	1.38832	0.943999	1.57968	0.117257	-0.525061	-0.0846604
13.752	-0.11233	1.38832	0.943999	1.57968	0.117257	-0.525061	-0.0846604
13.77	-0.11233	1.38832	0.943999	1.57968	0.117257	-0.525061	-0.0846604
13.788	-0.11233	1.38832	0.943999	1.57968	0.117257	-0.525061	-0.0846604
13.806	-0.11233	1.38832	0.943999	1.57968	0.117255	-0.525061	-0.0846604
13.824	-0.11233	1.38832	0.943999	1.57968	0.117255	-0.525061	-0.0846604
13.842	-0.11233	1.38832	0.943999	1.57968	0.117257	-0.525061	-0.0846604
13.86	-0.11233	1.38832	0.943999	1.57968	0.117257	-0.525061	-0.0846604
13.878	-0.11233	1.38832	0.943999	1.57968	0.117257	-0.525061	-0.0846604
13.896	-0.11233	1.38833	0.943999	1.57968	0.117255	-0.525061	-0.0846604
13.914	-0.11233	1.38833	0.943999	1.57968	0.117257	-0.525061	-0.0846604
13.932	-0.11233	1.38832	0.943999	1.57968	0.117257	-0.525061	-0.0846604
13.95	-0.11233	1.38832	0.943999	1.57968	0.117257	-0.525061	-0.0846604
13.968	-0.11233	1.38832	0.943999	1.57968	0.117257	-0.525061	-0.0846604
13.986	-0.11233	1.38832	0.943999	1.57968	0.117257	-0.525061	-0.0846604
14.004	-0.11233	1.38833	0.943999	1.57968	0.117257	-0.525061	-0.0846604
14.022	-0.11233	1.38833	0.943999	1.57968	0.117257	-0.525061	-0.0846604
14.04	-0.11233	1.38833	0.943999	1.57968	0.117257	-0.525061	-0.0846604
14.058	-0.11233	1.38833	0.943999	1.57968	0.117257	-0.525061	-0.0846604
14.076	-0.11233	1.38833	0.943999	1.57968	0.117257	-0.525061	-0.0846604
14.094	-0.11233	1.38833	0.943999	1.57968	0.117257	-0.525061	-0.0846604
14.112	-0.11233	1.38833	0.943999	1.57968	0.117257	-0.525061	-0.0846604
14.13	-0.11233	1.38833	0.943999	1.57968	0.117257	-0.525061	-0.0846604
14.148	-0.112328	1.38833	0.943999	1.57968	0.117257	-0.525061	-0.0846587
14.166	-0.112328	1.38833	0.943999	1.57968	0.117255	-0.525061	-0.0846587
14.184	-0.112328	1.38833	0.943999	1.57968	0.117255	-0.525061	-0.0846587
14.202	-0.112328	1.38833	0.943999	1.57968	0.117255	-0.525061	-0.0846587
14.22	-0.112328	1.38833	0.943999	1.57968	0.117257	-0.525061	-0.0846587
14.238	-0.112328	1.38833	0.943999	1.57968	0.117257	-0.525061	-0.0846587
14.256	-0.112328	1.38833	0.943999	1.57968	0.117257	-0.525061	-0.0846587
14.274	-0.112328	1.38833	0.943999	1.57968	0.117257	-0.525061	-0.0846587
14.292	-0.112328	1.38833	0.943999	1.57968	0.117255	-0.525061	-0.0846587
14.31	-0.112328	1.38833	0.943999	1.57968	0.117257	-0.525061	-0.0846587
14.328	-0.112328	1.38833	0.943999	1.57968	0.117257	-0.525061	-0.0846587
14.346	-0.112328	1.38833	0.943999	1.57968	0.117257	-0.525061	-0.0846587
14.364	-0.112328	1.38833	0.943999	1.57968	0.117257	-0.525061	-0.0846587
14.382	-0.112328	1.38833	0.943999	1.57968	0.117257	-0.525061	-0.0846587
14.4	-0.112328	1.38833	0.943999	1.57968	0.117257	-0.525061	-0.0846587
14.418	-0.112328	1.38833	0.943999	1.57968	0.117257	-0.525061	-0.0846587
14.436	-0.112328	1.38833	0.943999	1.57968	0.117257	-0.525061	-0.0846587
14.454	-0.112328	1.38833	0.943999	1.57968	0.117255	-0.525061	-0.0846587
14.472	-0.112328	1.38834	0.943999	1.57968	0.117257	-0.525061	-0.0846587
14.49	-0.112328	1.38834	0.943999	1.57968	0.117257	-0.525061	-0.0846587
14.508	-0.112328	1.38834	0.943999	1.57968	0.117255	-0.525061	-0.0846587
14.526	-0.112328	1.38834	0.943999	1.57968	0.117257	-0.525061	-0.0846587
14.544	-0.112328	1.38834	0.943999	1.57968	0.117257	-0.525061	-0.0846587
14.562	-0.112328	1.38834	0.943999	1.57968	0.117257	-0.525061	-0.0846587
14.58	-0.112328	1.38834	0.943999	1.57968	0.117255	-0.525061	-0.0846587
