1.566	0.289126	1.86984	1.12848	1.51621	0.192357	-1.18379	-0.0849229
1.584	0.289126	1.86984	1.12848	1.51621	0.193057	-1.18379	-0.0849229
1.602	0.289126	1.86983	1.12847	1.51621	0.193942	-1.18379	-0.0849229
1.62	0.289126	1.86983	1.12847	1.51621	0.194995	-1.18379	-0.0849229
1.638	0.289126	1.86983	1.12847	1.51621	0.19609	-1.18379	-0.0849229
1.656	0.289126	1.86983	1.12847	1.51621	0.19609	-1.18379	-0.0849229
1.674	0.289126	1.86983	1.12847	1.51621	0.197446	-1.18379	-0.0849229
1.692	0.289126	1.86983	1.12847	1.51621	0.198933	-1.18379	-0.0849229
1.71	0.289126	1.86984	1.12847	1.51621	0.200499	-1.18379	-0.0849229
1.728	0.289126	1.86983	1.12846	1.51621	0.202346	-1.18379	-0.0849229
1.746	0.289126	1.86983	1.12845	1.51621	0.20434	-1.18379	-0.0849229
1.764	0.289126	1.86983	1.12845	1.51621	0.206294	-1.18379	-0.0849229
1.782	0.289125	1.86983	1.12844	1.51621	0.208435	-1.18379	-0.0849229
1.8	0.289125	1.86983	1.12844	1.51621	0.210658	-1.18379	-0.0849229
1.818	0.289125	1.86983	1.12844	1.51621	0.212671	-1.18379	-0.0849229
1.836	0.289126	1.86983	1.12844	1.51621	0.214729	-1.18379	-0.0849229
1.854	0.289126	1.86983	1.12843	1.51621	0.216747	-1.18379	-0.0849229
1.872	0.289126	1.86983	1.12843	1.51621	0.216747	-1.18379	-0.0849229
1.89	0.289125	1.86983	1.12843	1.51621	0.218504	-1.18379	-0.0849229
1.908	0.289125	1.86983	1.12843	1.51621	0.2203	-1.18379	-0.0849229
1.926	0.289125	1.86983	1.12842	1.51621	0.222071	-1.18379	-0.0849229
1.944	0.289125	1.86983	1.12841	1.51621	0.223922	-1.18379	-0.0849229
1.962	0.289125	1.86983	1.12841	1.51621	0.225822	-1.18379	-0.0849229
1.98	0.289125	1.86983	1.12841	1.51621	0.227939	-1.18379	-0.0849229
1.998	0.289125	1.86983	1.12841	1.51621	0.230345	-1.18379	-0.0849229
2.016	0.289125	1.86983	1.12841	1.51621	0.232926	-1.18379	-0.0849229
2.034	0.289125	1.86983	1.1284	1.51621	0.235818	-1.18379	-0.0849229
2.052	0.289125	1.86983	1.1284	1.51621	0.238724	-1.18379	-0.0849229
2.07	0.289125	1.86983	1.1284	1.51621	0.2418	-1.18379	-0.0849229
2.088	0.289125	1.86983	1.1284	1.51621	0.2418	-1.18379	-0.0849229
2.106	0.289125	1.86983	1.1284	1.51621	0.244711	-1.18379	-0.0849229
2.124	0.289125	1.86983	1.1284	1.51621	0.247556	-1.18379	-0.0849229
2.142	0.289125	1.86983	1.1284	1.51621	0.250272	-1.18379	-0.0849229
2.16	0.289125	1.86983	1.12839	1.51621	0.25298	-1.18379	-0.0849229
2.178	0.289125	1.86983	1.12836	1.51621	0.255833	-1.18379	-0.0849229
2.196	0.289125	1.86983	1.12833	1.51622	0.25875	-1.18379	-0.0849229
2.214	0.289125	1.86982	1.1283	1.51622	0.261912	-1.18379	-0.0849229
2.232	0.289125	1.86982	1.12828	1.51622	0.265045	-1.18379	-0.0849229
2.25	0.289125	1.86982	1.12827	1.51622	0.26835	-1.18379	-0.0849229
2.268	0.289125	1.86982	1.12825	1.51622	0.271582	-1.18379	-0.0849229
2.286	0.289125	1.86982	1.12822	1.51622	0.274769	-1.18379	-0.0849229
2.304	0.289125	1.86982	1.12822	1.51622	0.274769	-1.18379	-0.0849229
2.322	0.289125	1.86982	1.12818	1.51622	0.277783	-1.18379	-0.0849229
2.34	0.289125	1.86982	1.12816	1.51622	0.280684	-1.18379	-0.0849229
2.358	0.289125	1.86982	1.12814	1.51622	0.283408	-1.18379	-0.0849229
2.376	0.289125	1.86982	1.12806	1.51622	0.286192	-1.18379	-0.0849229
2.394	0.289123	1.86982	1.1279	1.51622	0.288906	-1.18379	-0.0849229
2.412	0.289122	1.86982	1.12771	1.51622	0.2917	-1.18379	-0.0849229
2.43	0.289121	1.86981	1.12756	1.51622	0.294463	-1.18379	-0.0849229
2.448	0.289121	1.86981	1.1275	1.51622	0.29706	-1.18379	-0.0849229
2.466	0.289121	1.86981	1.1275	1.51622	0.299445	-1.18379	-0.0849229
2.484	0.289117	1.86981	1.12751	1.51622	0.301433	-1.18379	-0.0849229
2.502	0.289063	1.86981	1.12751	1.51622	0.30319	-1.18379	-0.0849229
2.52	0.289063	1.86981	1.12751	1.51622	0.30319	-1.18379	-0.0849229
2.538	0.289006	1.86981	1.12751	1.51622	0.304481	-1.18379	-0.0849229
2.556	0.288917	1.86981	1.12751	1.51623	0.305117	-1.18379	-0.0849229
2.574	0.288846	1.86981	1.12751	1.51623	0.30517	-1.18379	-0.0849229
2.592	0.288767	1.8698	1.12749	1.51625	0.30515	-1.18379	-0.0849229
2.61	0.288707	1.8698	1.12749	1.51631	0.305145	-1.18379	-0.0849229
2.628	0.288659	1.86979	1.12749	1.51644	0.305143	-1.18379	-0.0849229
2.646	0.288603	1.86979	1.12749	1.51658	0.305141	-1.18379	-0.0849229
2.664	0.288497	1.86979	1.12749	1.51671	0.305139	-1.18379	-0.0849229
2.682	0.288329	1.86979	1.12749	1.51685	0.305137	-1.18379	-0.0849229
2.7	0.288129	1.86979	1.12748	1.51703	0.305133	-1.18379	-0.0849229
2.718	0.288129	1.86979	1.12748	1.51703	0.305133	-1.18379	-0.0849229
2.736	0.287883	1.86978	1.12747	1.51727	0.305131	-1.18379	-0.0849229
2.754	0.287578	1.86978	1.12747	1.51757	0.305129	-1.18379	-0.0849229
2.772	0.287225	1.86978	1.12747	1.51795	0.305125	-1.18379	-0.0849229
2.79	0.28683	1.86978	1.12747	1.51847	0.305123	-1.18379	-0.0849229
2.808	0.286398	1.86978	1.12747	1.5191	0.305119	-1.18379	-0.0849229
2.826	0.285864	1.86978	1.12747	1.51986	0.305117	-1.18379	-0.0849229
2.844	0.285272	1.86978	1.12747	1.52066	0.305113	-1.18379	-0.0849229
2.862	0.284598	1.86978	1.12747	1.52156	0.305105	-1.18379	-0.0849229
2.88	0.283882	1.86979	1.12747	1.52254	0.3051	-1.18379	-0.0849229
2.898	0.283155	1.86979	1.12747	1.52352	0.305098	-1.18379	-0.0849229
2.916	0.282362	1.86979	1.12747	1.52452	0.305096	-1.18378	-0.0849229
2.934	0.282362	1.86979	1.12747	1.52452	0.305096	-1.18378	-0.0849229
2.952	0.281466	1.86979	1.12747	1.52543	0.305092	-1.18378	-0.0849229
2.97	0.280579	1.86979	1.12747	1.52629	0.305088	-1.18378	-0.0849229
2.988	0.27966	1.86979	1.12747	1.52721	0.305086	-1.18378	-0.0849229
3.006	0.278759	1.86979	1.12747	1.52804	0.305084	-1.18378	-0.0849229
3.024	0.277744	1.86979	1.12747	1.52887	0.305082	-1.18378	-0.0849229
3.042	0.276805	1.86979	1.12745	1.52957	0.305074	-1.18378	-0.0849229
3.06	0.275868	1.86978	1.12745	1.53035	0.30507	-1.18378	-0.0849229
3.078	0.274969	1.86979	1.12745	1.53112	0.305064	-1.18377	-0.0849229
3.096	0.274012	1.86979	1.12746	1.53185	0.305062	-1.18377	-0.0849229
3.114	0.273019	1.86979	1.12744	1.53242	0.305055	-1.18377	-0.0849229
3.132	0.272081	1.86979	1.12742	1.53303	0.305053	-1.18377	-0.0849229
3.15	0.272081	1.86979	1.12742	1.53303	0.305053	-1.18377	-0.0849229
3.168	0.271237	1.86979	1.12742	1.5337	0.305051	-1.18377	-0.0849229
3.186	0.270407	1.86979	1.12743	1.53434	0.305051	-1.18376	-0.0849229
3.204	0.269547	1.86979	1.12743	1.53497	0.305049	-1.18376	-0.0849229
3.222	0.268714	1.86979	1.12743	1.53557	0.305045	-1.18376	-0.0849229
3.24	0.267899	1.86979	1.12742	1.53626	0.305043	-1.18376	-0.0849229
3.258	0.267135	1.86979	1.12741	1.53692	0.305041	-1.18376	-0.0849229
3.276	0.266319	1.86979	1.12741	1.53757	0.305041	-1.18376	-0.0849229
3.294	0.265499	1.86979	1.12741	1.53818	0.305037	-1.18376	-0.0849229
3.312	0.264705	1.86979	1.1274	1.53887	0.304982	-1.18375	-0.0849229
3.33	0.263916	1.86979	1.12739	1.53957	0.304855	-1.18375	-0.0849229
3.348	0.26313	1.86979	1.12739	1.54022	0.304691	-1.18374	-0.0849229
3.366	0.26313	1.86979	1.12739	1.54022	0.304691	-1.18374	-0.0849229
3.384	0.262304	1.86979	1.12739	1.54085	0.304552	-1.18373	-0.0849229
3.402	0.261478	1.86979	1.12733	1.54142	0.304407	-1.18372	-0.0849229
3.42	0.260644	1.86979	1.12725	1.54207	0.304301	-1.18363	-0.0849229
3.438	0.259819	1.86979	1.12713	1.54275	0.304239	-1.18343	-0.0849229
3.456	0.258988	1.86979	1.12703	1.54344	0.304217	-1.18304	-0.0849229
3.474	0.258131	1.86979	1.12696	1.54417	0.304211	-1.18243	-0.0849229
3.492	0.257291	1.86979	1.12684	1.5449	0.304213	-1.18133	-0.0849229
3.51	0.25645	1.86979	1.12675	1.54575	0.304215	-1.17964	-0.0849229
3.528	0.255606	1.86978	1.12659	1.54667	0.304217	-1.17772	-0.0849229
3.546	0.254794	1.86978	1.12649	1.54773	0.304217	-1.17518	-0.0849229
3.564	0.253939	1.86978	1.12637	1.5489	0.304217	-1.17245	-0.0849229
3.582	0.253939	1.86978	1.12637	1.5489	0.304217	-1.17245	-0.0849229
3.6	0.25314	1.86978	1.12618	1.55007	0.304215	-1.16956	-0.0849229
3.618	0.252317	1.86978	1.12603	1.55148	0.304215	-1.16657	-0.0849229
3.636	0.25151	1.86978	1.12586	1.55295	0.304217	-1.16351	-0.0849229
3.654	0.250724	1.86978	1.12569	1.55459	0.304217	-1.16031	-0.0849229
3.672	0.249974	1.86978	1.1255	1.55638	0.304215	-1.1569	-0.0849229
3.69	0.24917	1.86978	1.12528	1.55827	0.304217	-1.15343	-0.0849229
3.708	0.248383	1.86978	1.12504	1.56023	0.304215	-1.14999	-0.0849229
3.726	0.247597	1.86978	1.12476	1.56223	0.304209	-1.14674	-0.0849229
3.744	0.24684	1.86978	1.12445	1.56438	0.304174	-1.14358	-0.0849229
3.762	0.246071	1.86978	1.12414	1.56657	0.304014	-1.14045	-0.0849229
3.78	0.245314	1.86978	1.12376	1.56884	0.303708	-1.13729	-0.0849229
3.798	0.245314	1.86978	1.12376	1.56884	0.303708	-1.13729	-0.0849229
3.816	0.244488	1.86978	1.12338	1.57125	0.303229	-1.13422	-0.0849229
3.834	0.24374	1.86978	1.12302	1.57369	0.302341	-1.1313	-0.0849229
3.852	0.243008	1.86978	1.12274	1.57627	0.301116	-1.12846	-0.0849229
3.87	0.242214	1.86978	1.12248	1.5788	0.299531	-1.12593	-0.0849229
3.888	0.241441	1.86978	1.12225	1.58125	0.297737	-1.12354	-0.0849229
3.906	0.240638	1.86978	1.12205	1.5838	0.295796	-1.12094	-0.0849229
3.924	0.239854	1.86978	1.12189	1.58619	0.293612	-1.11833	-0.0849229
3.942	0.239113	1.86978	1.12187	1.58865	0.291323	-1.11564	-0.0849229
3.96	0.238369	1.86978	1.12182	1.5912	0.28912	-1.11302	-0.0849229
3.978	0.23768	1.86977	1.12182	1.59364	0.286918	-1.11083	-0.0849229
3.996	0.23768	1.86977	1.12182	1.59364	0.286918	-1.11083	-0.0849229
4.014	0.237037	1.86978	1.12182	1.59621	0.284983	-1.10884	-0.0849229
4.032	0.236322	1.86977	1.12181	1.59873	0.283349	-1.10733	-0.0849229
4.05	0.235679	1.86977	1.12181	1.60112	0.282038	-1.10578	-0.0849229
4.068	0.235051	1.86977	1.12181	1.60359	0.281074	-1.10453	-0.0849229
4.086	0.234483	1.86977	1.12181	1.60598	0.280322	-1.10337	-0.0849229
4.104	0.233947	1.86978	1.12182	1.6084	0.279917	-1.10186	-0.0849229
4.122	0.233432	1.86978	1.12181	1.61089	0.279835	-1.10038	-0.0849229
4.14	0.233022	1.86978	1.12181	1.6134	0.279829	-1.09871	-0.0849229
4.158	0.232656	1.86978	1.12182	1.61595	0.279829	-1.09667	-0.0849229
4.176	0.23228	1.86978	1.12182	1.61855	0.279829	-1.09458	-0.0849229
4.194	0.231994	1.86978	1.12182	1.62099	0.279827	-1.09233	-0.0849229
4.212	0.231994	1.86978	1.12182	1.62099	0.279827	-1.09233	-0.0849229
4.23	0.23169	1.86978	1.12182	1.62349	0.279769	-1.08987	-0.0849229
4.248	0.231423	1.86979	1.12182	1.62592	0.279728	-1.08735	-0.0849229
4.266	0.231196	1.86979	1.12183	1.62838	0.279685	-1.08452	-0.0849229
4.284	0.230968	1.86979	1.12183	1.63104	0.279583	-1.08129	-0.0849229
4.302	0.230794	1.86979	1.12183	1.63378	0.27951	-1.07766	-0.0849229
4.32	0.230625	1.86979	1.12183	1.63661	0.279442	-1.07375	-0.0849229
4.338	0.23046	1.86979	1.12183	1.63946	0.279393	-1.0696	-0.0849229
4.356	0.23031	1.86979	1.12183	1.64233	0.27935	-1.06538	-0.0849229
4.374	0.230153	1.86979	1.12183	1.6452	0.279297	-1.061	-0.0849229
4.392	0.229954	1.86979	1.12183	1.64811	0.279291	-1.05638	-0.0849229
4.41	0.229703	1.86978	1.12183	1.65109	0.279289	-1.0517	-0.0849229
4.428	0.229703	1.86978	1.12183	1.65109	0.279289	-1.0517	-0.0849229
4.446	0.229436	1.86978	1.12183	1.65412	0.27926	-1.04711	-0.0849229
4.464	0.22915	1.86978	1.12183	1.65723	0.279203	-1.04259	-0.0849229
4.482	0.228828	1.86978	1.12183	1.66028	0.279156	-1.03797	-0.0849229
4.5	0.228426	1.86978	1.12183	1.66326	0.279111	-1.03341	-0.0849229
4.518	0.227944	1.86978	1.12183	1.66615	0.278996	-1.02895	-0.0849229
4.536	0.227384	1.86978	1.12183	1.66901	0.278847	-1.02465	-0.0849229
4.554	0.22675	1.86978	1.12183	1.67189	0.278718	-1.02027	-0.0849229
4.572	0.22607	1.86978	1.12183	1.67475	0.278599	-1.01583	-0.0849229
4.59	0.225291	1.86978	1.12183	1.67764	0.278446	-1.01155	-0.0849229
4.608	0.224511	1.86979	1.12183	1.68037	0.278299	-1.00752	-0.0849229
4.626	0.223695	1.86979	1.12183	1.68314	0.27819	-1.00348	-0.0849229
4.644	0.223695	1.86979	1.12183	1.68314	0.27819	-1.00348	-0.0849229
4.662	0.222765	1.86979	1.12184	1.68595	0.278162	-0.999237	-0.0849229
4.68	0.221761	1.86978	1.12184	1.68878	0.278066	-0.995018	-0.0849229
4.698	0.22065	1.86979	1.12184	1.69163	0.277904	-0.990854	-0.0849229
4.716	0.219571	1.86979	1.12184	1.69449	0.277722	-0.986762	-0.0849229
4.734	0.218328	1.8698	1.12185	1.69742	0.277626	-0.9826	-0.0849229
4.752	0.217126	1.86981	1.12185	1.70018	0.277593	-0.978364	-0.0849229
4.77	0.215795	1.86981	1.12186	1.70287	0.277593	-0.974098	-0.0849229
4.788	0.214393	1.86981	1.12186	1.70548	0.277593	-0.970031	-0.0849229
4.806	0.212964	1.8698	1.12186	1.70801	0.277597	-0.966181	-0.0849229
4.824	0.211478	1.86981	1.12186	1.71051	0.277597	-0.962298	-0.0849229
4.842	0.20992	1.8698	1.12186	1.71296	0.277599	-0.958455	-0.0849229
4.86	0.20992	1.8698	1.12186	1.71296	0.277599	-0.958455	-0.0849229
4.878	0.208294	1.8698	1.12186	1.71529	0.277601	-0.954978	-0.0849229
4.896	0.206586	1.8698	1.12187	1.71753	0.277601	-0.951915	-0.0849229
4.914	0.204839	1.8698	1.12187	1.71958	0.277601	-0.949427	-0.0849229
4.932	0.203099	1.8698	1.12187	1.72162	0.277601	-0.947146	-0.0849229
4.95	0.20127	1.8698	1.12187	1.72364	0.277601	-0.944927	-0.0849229
4.968	0.199446	1.8698	1.12188	1.72557	0.277599	-0.942709	-0.0849229
4.986	0.197517	1.8698	1.12188	1.72755	0.277599	-0.940337	-0.0849229
5.004	0.19559	1.86981	1.12188	1.72948	0.277595	-0.938077	-0.0849229
5.022	0.193555	1.86981	1.12188	1.73143	0.277595	-0.935778	-0.0849229
5.04	0.191565	1.86981	1.12188	1.73328	0.277589	-0.933695	-0.0849229
5.058	0.189493	1.86981	1.12188	1.73513	0.277581	-0.931721	-0.0849229
5.076	0.189493	1.86981	1.12188	1.73513	0.277581	-0.931721	-0.0849229
5.094	0.187509	1.86981	1.12189	1.73692	0.277503	-0.929679	-0.0849229
5.112	0.185503	1.86981	1.12189	1.73867	0.277405	-0.927501	-0.0849229
5.13	0.183564	1.86982	1.1219	1.74046	0.277278	-0.92492	-0.0849229
5.148	0.181585	1.86982	1.12191	1.74217	0.277231	-0.922031	-0.0849229
5.166	0.17968	1.86982	1.12191	1.74396	0.27717	-0.918894	-0.0849229
5.184	0.177764	1.86982	1.12192	1.74569	0.27716	-0.915706	-0.0849229
5.202	0.175812	1.86982	1.12191	1.74746	0.27716	-0.912573	-0.0849229
5.22	0.173865	1.86982	1.12191	1.74914	0.277162	-0.909497	-0.0849229
5.238	0.171954	1.86982	1.12191	1.75083	0.277162	-0.906231	-0.0849229
5.256	0.170077	1.86982	1.12191	1.75262	0.277164	-0.902644	-0.0849229
5.274	0.168211	1.86981	1.12191	1.7544	0.277164	-0.898942	-0.0849229
5.292	0.168211	1.86981	1.12191	1.7544	0.277164	-0.898942	-0.0849229
5.31	0.16637	1.86981	1.12191	1.75617	0.277166	-0.895222	-0.0849229
5.328	0.164582	1.86981	1.12191	1.75779	0.277166	-0.891725	-0.0849229
5.346	0.162744	1.86981	1.12191	1.75948	0.277168	-0.888122	-0.0849229
5.364	0.160987	1.86981	1.12191	1.76105	0.277168	-0.884367	-0.0849229
5.382	0.159166	1.8698	1.12191	1.76266	0.277168	-0.880401	-0.0849229
5.4	0.157399	1.8698	1.1219	1.76417	0.277168	-0.876377	-0.0849229
5.418	0.155569	1.86979	1.1219	1.7657	0.277168	-0.872456	-0.0849229
5.436	0.153783	1.86979	1.1219	1.76726	0.277168	-0.868516	-0.0849229
5.454	0.152006	1.86979	1.1219	1.76884	0.27717	-0.864372	-0.0849229
5.472	0.150156	1.8698	1.1219	1.77044	0.27717	-0.860076	-0.0849229
5.49	0.148416	1.86979	1.1219	1.77198	0.27717	-0.855837	-0.0849229
5.508	0.148416	1.86979	1.1219	1.77198	0.27717	-0.855837	-0.0849229
5.526	0.146592	1.86979	1.1219	1.77351	0.27717	-0.851923	-0.0849229
5.544	0.144886	1.86978	1.12189	1.77508	0.27717	-0.848095	-0.0849229
5.562	0.143115	1.86978	1.1219	1.77668	0.277172	-0.84424	-0.0849229
5.58	0.141365	1.86978	1.12189	1.77826	0.277172	-0.840434	-0.0849229
5.598	0.139629	1.86978	1.12189	1.77985	0.277172	-0.83679	-0.0849229
5.616	0.137893	1.86978	1.12189	1.78134	0.277174	-0.833504	-0.0849229
5.634	0.136165	1.86977	1.12189	1.78293	0.277174	-0.830414	-0.0849229
5.652	0.134409	1.86977	1.12189	1.78442	0.277174	-0.82749	-0.0849229
5.67	0.13266	1.86977	1.12189	1.78603	0.277174	-0.824622	-0.0849229
5.688	0.130924	1.86977	1.12189	1.78775	0.277174	-0.82174	-0.0849229
5.706	0.129199	1.86977	1.12189	1.78943	0.277174	-0.819144	-0.0849229
5.724	0.129199	1.86977	1.12189	1.78943	0.277174	-0.819144	-0.0849229
5.742	0.127494	1.86977	1.12189	1.79108	0.277176	-0.816868	-0.0849229
5.76	0.1258	1.86977	1.12189	1.79268	0.277176	-0.814808	-0.0849229
5.778	0.124086	1.86977	1.12189	1.79434	0.277176	-0.813098	-0.0849229
5.796	0.122468	1.86977	1.12189	1.79597	0.277176	-0.811133	-0.0849229
5.814	0.120833	1.86977	1.12189	1.79762	0.277176	-0.809233	-0.0849229
5.832	0.11924	1.86977	1.12189	1.79936	0.277176	-0.806809	-0.0849229
5.85	0.117622	1.86977	1.12189	1.80108	0.277176	-0.804111	-0.0849229
5.868	0.116025	1.86977	1.12189	1.80299	0.277176	-0.801137	-0.0849229
5.886	0.114473	1.86977	1.12189	1.80488	0.277176	-0.798024	-0.0849229
5.904	0.112915	1.86976	1.12189	1.80694	0.277176	-0.794811	-0.0849229
5.922	0.112915	1.86976	1.12189	1.80694	0.277176	-0.794811	-0.0849229
5.94	0.111413	1.86976	1.12189	1.809	0.277178	-0.791474	-0.0849229
5.958	0.109892	1.86976	1.12189	1.81123	0.277178	-0.787689	-0.0849229
5.976	0.108383	1.86975	1.12189	1.81354	0.27718	-0.783538	-0.0849229
5.994	0.106918	1.86975	1.12189	1.81588	0.27718	-0.7791	-0.0849229
6.012	0.105506	1.86974	1.12188	1.81829	0.27718	-0.77463	-0.0849229
6.03	0.10405	1.86973	1.12188	1.82067	0.277182	-0.770033	-0.0849229
6.048	0.102585	1.86973	1.12188	1.82306	0.277182	-0.765095	-0.0849229
6.066	0.101172	1.86971	1.12187	1.82548	0.277182	-0.760072	-0.0849229
6.084	0.0997266	1.8697	1.12187	1.8279	0.277184	-0.755107	-0.0849229
6.102	0.0982578	1.86966	1.12185	1.83041	0.277186	-0.750082	-0.0849229
6.12	0.0968248	1.86965	1.12185	1.83285	0.277188	-0.744811	-0.0849229
6.138	0.0968248	1.86965	1.12185	1.83285	0.277188	-0.744811	-0.0849229
6.156	0.0953573	1.86963	1.12183	1.83525	0.277188	-0.739571	-0.0849229
6.174	0.0939154	1.86958	1.12182	1.83761	0.277192	-0.734594	-0.0849229
6.192	0.0925092	1.86954	1.12182	1.83986	0.2772	-0.729498	-0.0849229
6.21	0.0910711	1.86944	1.1218	1.84212	0.2772	-0.724262	-0.0849229
6.228	0.089688	1.86934	1.1218	1.84434	0.277213	-0.719113	-0.0849229
6.246	0.0882729	1.86918	1.12174	1.84654	0.277223	-0.713952	-0.0849229
6.264	0.0868821	1.86895	1.12171	1.84873	0.277239	-0.708718	-0.0849211
6.282	0.0855897	1.86866	1.1217	1.85098	0.27727	-0.703378	-0.0849229
6.3	0.0842193	1.86829	1.1217	1.85317	0.277325	-0.698167	-0.0849229
6.318	0.0829065	1.86784	1.1217	1.85523	0.277466	-0.693074	-0.0849229
6.336	0.0816704	1.86737	1.12168	1.85741	0.277704	-0.688093	-0.0849229
6.354	0.0816704	1.86737	1.12168	1.85741	0.277704	-0.688093	-0.0849229
6.372	0.080415	1.86683	1.12168	1.85946	0.277998	-0.683119	-0.0849229
6.39	0.0791444	1.86623	1.12168	1.86148	0.278188	-0.678369	-0.0849229
6.408	0.077985	1.86557	1.12169	1.86344	0.278348	-0.673999	-0.0849229
6.426	0.0766964	1.86484	1.12169	1.86551	0.278419	-0.669702	-0.0849229
6.444	0.0755408	1.8641	1.12167	1.86751	0.27843	-0.66549	-0.0849229
6.462	0.074375	1.8633	1.12167	1.86956	0.278434	-0.661495	-0.0849229
6.48	0.0732399	1.86251	1.12167	1.87151	0.278434	-0.657853	-0.0849229
6.498	0.0721226	1.86164	1.12167	1.87342	0.278436	-0.654258	-0.0849229
6.516	0.0710143	1.86079	1.12167	1.87527	0.278436	-0.650549	-0.0849229
6.534	0.0699201	1.85992	1.12166	1.87717	0.278436	-0.646501	-0.0849229
6.552	0.068877	1.85909	1.12166	1.87894	0.278436	-0.642414	-0.0849229
6.57	0.068877	1.85909	1.12166	1.87894	0.278436	-0.642414	-0.0849229
6.588	0.0677904	1.85825	1.12166	1.88071	0.278436	-0.638322	-0.0849229
6.606	0.066815	1.85746	1.12166	1.8824	0.278436	-0.63412	-0.0849229
6.624	0.0657438	1.85657	1.12166	1.88419	0.278438	-0.629651	-0.0849229
6.642	0.0647071	1.85577	1.12166	1.88591	0.27844	-0.624968	-0.0849229
6.66	0.0635962	1.85488	1.12163	1.88755	0.278442	-0.62033	-0.0849229
6.678	0.0626068	1.85404	1.12163	1.88911	0.278444	-0.615779	-0.0849229
6.696	0.0614934	1.85314	1.12163	1.89069	0.278448	-0.611235	-0.0849229
6.714	0.0604056	1.85225	1.12163	1.89211	0.278448	-0.60666	-0.0849229
6.732	0.0592218	1.85129	1.12163	1.89355	0.278452	-0.602283	-0.0849229
6.75	0.0580739	1.85029	1.12163	1.89481	0.278454	-0.598338	-0.0849229
6.768	0.0568007	1.84919	1.12163	1.89602	0.278503	-0.594552	-0.0849229
6.786	0.0568007	1.84919	1.12163	1.89602	0.278503	-0.594552	-0.0849229
6.804	0.0554738	1.84803	1.12163	1.89716	0.278544	-0.59077	-0.0849229
6.822	0.054092	1.84685	1.12163	1.89818	0.278571	-0.587141	-0.0849229
6.84	0.0525797	1.84559	1.12164	1.89909	0.278577	-0.58386	-0.0849229
6.858	0.0510317	1.8443	1.12164	1.8999	0.278599	-0.581072	-0.0849229
6.876	0.0493673	1.84307	1.12164	1.90066	0.278608	-0.578592	-0.0849229
6.894	0.047685	1.84176	1.12164	1.90125	0.27861	-0.576456	-0.0849229
6.912	0.045935	1.84047	1.12164	1.9018	0.278612	-0.574367	-0.0849229
6.93	0.0440623	1.83918	1.12164	1.90226	0.278614	-0.572268	-0.0849229
6.948	0.0421256	1.83794	1.12164	1.90263	0.278614	-0.570124	-0.0849229
6.966	0.0401097	1.83671	1.12164	1.90294	0.278616	-0.567994	-0.0849211
6.984	0.0380286	1.83554	1.12164	1.90327	0.278618	-0.566073	-0.0849229
7.002	0.0380286	1.83554	1.12164	1.90327	0.278618	-0.566073	-0.0849229
7.02	0.0358951	1.83441	1.12164	1.90361	0.278622	-0.564154	-0.0849229
7.038	0.0336785	1.8334	1.12164	1.90386	0.278624	-0.562533	-0.0849229
7.056	0.0314044	1.83247	1.12164	1.90404	0.278628	-0.56107	-0.0849229
7.074	0.0290485	1.83162	1.12164	1.90421	0.278634	-0.559485	-0.0849229
7.092	0.0267385	1.83083	1.12164	1.90429	0.27864	-0.558013	-0.0849229
7.11	0.0242829	1.83006	1.12165	1.90447	0.278693	-0.556049	-0.0849229
7.128	0.0218157	1.82944	1.12164	1.9046	0.278855	-0.553925	-0.0849229
7.146	0.0193447	1.82882	1.12164	1.90483	0.279074	-0.551328	-0.0849229
7.164	0.0167344	1.82828	1.12164	1.90502	0.279379	-0.548655	-0.0849229
7.182	0.0141343	1.82777	1.12164	1.90512	0.279765	-0.546042	-0.0849229
7.2	0.0114422	1.8273	1.12164	1.90516	0.280148	-0.543426	-0.0849229
7.218	0.0114422	1.8273	1.12164	1.90516	0.280148	-0.543426	-0.0849229
7.236	0.00876284	1.82683	1.12164	1.90515	0.280661	-0.54091	-0.0849229
7.254	0.00611672	1.82629	1.12164	1.90515	0.281375	-0.538332	-0.0849229
7.272	0.00344504	1.82579	1.12164	1.90516	0.282449	-0.535407	-0.0849229
7.29	0.000710716	1.82533	1.12164	1.90516	0.28367	-0.532225	-0.0849229
7.308	-0.00203893	1.82486	1.12164	1.90518	0.285257	-0.528792	-0.0849229
7.326	-0.00479241	1.82444	1.12164	1.90519	0.287145	-0.525416	-0.0849229
7.344	-0.00759833	1.82405	1.12164	1.90518	0.289319	-0.522107	-0.0849211
7.362	-0.0103646	1.82374	1.12164	1.90517	0.291988	-0.518676	-0.0849229
7.38	-0.0131066	1.8235	1.12164	1.90518	0.294813	-0.51493	-0.0849229
7.398	-0.0159215	1.82332	1.12164	1.90518	0.297932	-0.511008	-0.0849229
7.416	-0.0187069	1.82324	1.12164	1.90517	0.300918	-0.506993	-0.0849229
7.434	-0.0187069	1.82324	1.12164	1.90517	0.300918	-0.506993	-0.0849229
7.452	-0.0215486	1.82325	1.12164	1.90518	0.303838	-0.503142	-0.0849229
7.47	-0.0243302	1.82326	1.12164	1.90517	0.30634	-0.49957	-0.0849229
7.488	-0.0271233	1.82327	1.12165	1.90517	0.308336	-0.49596	-0.0849229
7.506	-0.0298679	1.82326	1.12165	1.90517	0.309788	-0.492345	-0.0849229
7.524	-0.0325076	1.82327	1.12165	1.90516	0.310705	-0.48876	-0.0849229
7.542	-0.0351882	1.82326	1.12165	1.90516	0.311046	-0.485517	-0.0849229
7.56	-0.0377781	1.82326	1.12164	1.90515	0.311077	-0.482825	-0.0849229
7.578	-0.0403105	1.82325	1.12164	1.90516	0.311075	-0.480444	-0.0849229
7.596	-0.0429412	1.8232	1.12164	1.90516	0.311077	-0.478452	-0.0849229
7.614	-0.0454851	1.82315	1.12164	1.90517	0.311099	-0.476555	-0.0849229
7.632	-0.0454851	1.82315	1.12164	1.90517	0.311099	-0.476555	-0.0849229
7.65	-0.0479995	1.82307	1.12164	1.90517	0.311283	-0.474932	-0.0849229
7.668	-0.0505089	1.82298	1.12164	1.90518	0.311709	-0.473257	-0.0849229
7.686	-0.052976	1.82286	1.12164	1.90518	0.312386	-0.471919	-0.0849229
7.704	-0.0553716	1.82263	1.12164	1.90518	0.313413	-0.470748	-0.0849229
7.722	-0.0578004	1.82228	1.12164	1.90519	0.314754	-0.469599	-0.0849229
7.74	-0.0601678	1.82188	1.12164	1.90519	0.316364	-0.468766	-0.0849229
7.758	-0.0625787	1.82148	1.12162	1.90519	0.318186	-0.468348	-0.0849229
7.776	-0.0648925	1.82112	1.12159	1.90519	0.319839	-0.468101	-0.0849229
7.794	-0.0671104	1.8208	1.12157	1.90519	0.321571	-0.467994	-0.0849229
7.812	-0.0692937	1.82054	1.12156	1.90518	0.323201	-0.467828	-0.0849229
7.83	-0.0713135	1.82038	1.12156	1.90518	0.324476	-0.467462	-0.0849229
7.848	-0.0713135	1.82038	1.12156	1.90518	0.324476	-0.467462	-0.0849229
7.866	-0.0733409	1.82028	1.12156	1.90518	0.325208	-0.466915	-0.0849229
7.884	-0.0752226	1.82026	1.12152	1.90518	0.325621	-0.465972	-0.0849229
7.902	-0.0770608	1.82024	1.12151	1.90518	0.325766	-0.465163	-0.0849211
7.92	-0.0787316	1.82024	1.12148	1.90517	0.325768	-0.464431	-0.0849211
7.938	-0.0803755	1.82023	1.12148	1.90517	0.325768	-0.463717	-0.0849211
7.956	-0.081834	1.82022	1.12142	1.90516	0.325768	-0.462655	-0.0849229
7.974	-0.0832479	1.82016	1.12136	1.90516	0.325801	-0.461445	-0.0849229
7.992	-0.084585	1.82004	1.1212	1.90515	0.326001	-0.460336	-0.0849229
8.01	-0.0858006	1.81991	1.12102	1.90515	0.326435	-0.458885	-0.0849229
8.028	-0.0869473	1.81972	1.12077	1.90515	0.32701	-0.457235	-0.0849229
8.046	-0.0880172	1.81949	1.12045	1.90514	0.327662	-0.45564	-0.0849229
8.064	-0.0880172	1.81949	1.12045	1.90514	0.327662	-0.45564	-0.0849229
8.082	-0.0889683	1.8192	1.12003	1.90514	0.328464	-0.453808	-0.0849229
8.1	-0.0898721	1.81883	1.11953	1.90511	0.329485	-0.452245	-0.0849229
8.118	-0.0906698	1.81839	1.11902	1.90509	0.330423	-0.450719	-0.0849229
8.136	-0.0914662	1.81772	1.11853	1.90503	0.331098	-0.449536	-0.0849229
8.154	-0.0920925	1.81704	1.11794	1.90492	0.331665	-0.448926	-0.0849229
8.172	-0.0926946	1.81624	1.11734	1.90488	0.331984	-0.448797	-0.0849229
8.19	-0.0932341	1.81539	1.11678	1.90483	0.332004	-0.448809	-0.0849229
8.208	-0.0936994	1.81448	1.1162	1.90483	0.331998	-0.448814	-0.0849229
8.226	-0.0941084	1.81345	1.11568	1.90484	0.331996	-0.448815	-0.0849229
8.244	-0.0944485	1.81233	1.11522	1.90484	0.331994	-0.448815	-0.0849229
8.262	-0.0947553	1.81109	1.11486	1.90484	0.331994	-0.448815	-0.0849211
8.28	-0.0947553	1.81109	1.11486	1.90484	0.331994	-0.448815	-0.0849211
8.298	-0.0950467	1.80975	1.11464	1.90484	0.331994	-0.448815	-0.0849211
8.316	-0.0953407	1.80824	1.11448	1.90484	0.331994	-0.448817	-0.0849211
8.334	-0.0956347	1.80659	1.11442	1.90484	0.331992	-0.448815	-0.0849211
8.352	-0.0958904	1.80491	1.11444	1.90477	0.33199	-0.448815	-0.0849211
8.37	-0.0961614	1.80321	1.11445	1.90466	0.331988	-0.448814	-0.0849229
8.388	-0.0964311	1.80148	1.11445	1.90447	0.331986	-0.448814	-0.0849229
8.406	-0.096683	1.79975	1.11445	1.90422	0.331984	-0.448814	-0.0849229
8.424	-0.0969488	1.79792	1.11446	1.90388	0.33198	-0.448814	-0.0849229
8.442	-0.0972672	1.79612	1.11446	1.90343	0.331978	-0.448812	-0.0849229
8.46	-0.0976302	1.79434	1.11446	1.90295	0.331976	-0.448812	-0.0849211
8.478	-0.0980162	1.79254	1.11446	1.90241	0.331976	-0.448812	-0.0849211
8.496	-0.0980162	1.79254	1.11446	1.90241	0.331976	-0.448812	-0.0849211
8.514	-0.0984253	1.79075	1.11447	1.90182	0.331974	-0.448809	-0.0849211
8.532	-0.0988778	1.78894	1.11447	1.90117	0.331972	-0.448803	-0.0849229
8.55	-0.0994454	1.78721	1.11447	1.90041	0.331972	-0.448795	-0.0849229
8.568	-0.100108	1.78554	1.11448	1.89954	0.33197	-0.448793	-0.0849229
8.586	-0.10089	1.78385	1.11448	1.89862	0.33197	-0.448792	-0.0849229
8.604	-0.10175	1.78215	1.11448	1.89759	0.331968	-0.448754	-0.0849211
8.622	-0.102683	1.78049	1.11448	1.89653	0.331966	-0.448682	-0.0849229
8.64	-0.103766	1.77887	1.11448	1.89536	0.331964	-0.448652	-0.0849229
8.658	-0.10497	1.77723	1.11448	1.89407	0.331964	-0.448652	-0.0849229
8.676	-0.106283	1.77557	1.11448	1.89281	0.331964	-0.44865	-0.0849229
8.694	-0.107712	1.77395	1.11448	1.89147	0.331964	-0.448647	-0.0849229
8.712	-0.107712	1.77395	1.11448	1.89147	0.331964	-0.448647	-0.0849229
8.73	-0.109222	1.77247	1.11448	1.88996	0.331961	-0.448642	-0.0849229
8.748	-0.110822	1.77102	1.11448	1.8885	0.331961	-0.448628	-0.0849229
8.766	-0.112494	1.76969	1.11449	1.88704	0.331961	-0.448623	-0.0849229
8.784	-0.114244	1.76847	1.11449	1.88561	0.331959	-0.448619	-0.0849229
8.802	-0.116072	1.7673	1.11449	1.88427	0.331961	-0.448616	-0.0849229
8.82	-0.117889	1.76635	1.11449	1.88287	0.331959	-0.448614	-0.0849211
8.838	-0.119837	1.76538	1.11449	1.8816	0.331961	-0.448602	-0.0849211
8.856	-0.121716	1.76457	1.11449	1.88032	0.331959	-0.448577	-0.0849211
8.874	-0.123707	1.76378	1.11449	1.87906	0.331961	-0.448546	-0.0849211
8.892	-0.125679	1.76302	1.11449	1.87766	0.331961	-0.448486	-0.0849211
8.91	-0.127719	1.76238	1.11449	1.87627	0.331961	-0.448314	-0.0849211
8.928	-0.127719	1.76238	1.11449	1.87627	0.331961	-0.448314	-0.0849211
8.946	-0.129704	1.76181	1.11446	1.87477	0.331961	-0.44806	-0.0849211
8.964	-0.131843	1.76124	1.11448	1.87327	0.331961	-0.447692	-0.0849229
8.982	-0.133891	1.7608	1.11448	1.87162	0.331961	-0.447072	-0.0849211
9	-0.136113	1.76037	1.11448	1.86989	0.331961	-0.446358	-0.0849229
9.018	-0.138269	1.76	1.11447	1.86804	0.331961	-0.445817	-0.0849229
9.036	-0.140519	1.75961	1.11447	1.86617	0.331961	-0.445476	-0.0849211
9.054	-0.142724	1.75919	1.11446	1.86428	0.331961	-0.445173	-0.0849211
9.072	-0.144955	1.75876	1.11448	1.86235	0.331961	-0.444967	-0.0849229
9.09	-0.147201	1.75841	1.11447	1.86051	0.331961	-0.444648	-0.0849229
9.108	-0.149324	1.75808	1.1144	1.85866	0.331964	-0.444292	-0.0849229
9.126	-0.151496	1.75773	1.11436	1.85696	0.331964	-0.443789	-0.0849229
9.144	-0.151496	1.75773	1.11436	1.85696	0.331964	-0.443789	-0.0849229
9.162	-0.153512	1.7574	1.11431	1.85531	0.331964	-0.44299	-0.0849211
9.18	-0.155612	1.757	1.1143	1.85376	0.331966	-0.442183	-0.0849211
9.198	-0.157551	1.7566	1.11429	1.85226	0.331966	-0.441388	-0.0849211
9.216	-0.159521	1.75616	1.11429	1.85089	0.33197	-0.440643	-0.0849211
9.234	-0.16134	1.75571	1.11424	1.84965	0.33197	-0.439571	-0.0849211
9.252	-0.163095	1.75526	1.11424	1.84859	0.331974	-0.438086	-0.0849211
9.27	-0.164721	1.75476	1.11409	1.84755	0.331976	-0.43667	-0.0849211
9.288	-0.166254	1.75423	1.11397	1.84663	0.331976	-0.435056	-0.0849211
9.306	-0.16763	1.75365	1.11369	1.8458	0.331978	-0.433414	-0.0849229
9.324	-0.168936	1.75303	1.11335	1.845	0.331978	-0.432209	-0.0849229
9.342	-0.170203	1.75231	1.11301	1.84431	0.331978	-0.431035	-0.0849229
9.36	-0.170203	1.75231	1.11301	1.84431	0.331978	-0.431035	-0.0849229
9.378	-0.171323	1.75153	1.11261	1.84354	0.331976	-0.430275	-0.0849211
9.396	-0.172431	1.75066	1.11215	1.84287	0.331976	-0.42999	-0.0849211
9.414	-0.1734	1.74974	1.11168	1.84225	0.331974	-0.429953	-0.0849211
9.432	-0.174371	1.74881	1.11125	1.84165	0.331974	-0.429953	-0.0849211
9.45	-0.175192	1.74784	1.11088	1.84108	0.331974	-0.429951	-0.0849229
9.468	-0.176006	1.74679	1.11062	1.84054	0.331974	-0.429949	-0.0849229
9.486	-0.176732	1.74573	1.11033	1.84001	0.331974	-0.429949	-0.0849229
9.504	-0.17745	1.74467	1.11018	1.83953	0.331972	-0.429936	-0.0849229
9.522	-0.17809	1.74357	1.11003	1.83907	0.33197	-0.429901	-0.0849211
9.54	-0.178673	1.7425	1.11001	1.83859	0.33197	-0.429833	-0.0849211
9.558	-0.178673	1.7425	1.11001	1.83859	0.33197	-0.429833	-0.0849211
9.576	-0.1792	1.74143	1.11	1.83818	0.33197	-0.42969	-0.0849211
9.594	-0.179701	1.74045	1.11	1.83774	0.33197	-0.429555	-0.0849211
9.612	-0.180232	1.73949	1.11	1.83724	0.331968	-0.42947	-0.0849211
9.63	-0.180675	1.73858	1.11	1.83668	0.331968	-0.429411	-0.0849211
9.648	-0.181127	1.73766	1.11	1.83607	0.331968	-0.429388	-0.0849211
9.666	-0.181571	1.7368	1.11	1.83545	0.331966	-0.429385	-0.0849229
9.684	-0.181998	1.73603	1.11	1.83485	0.331966	-0.429387	-0.0849211
9.702	-0.182422	1.73532	1.11	1.83434	0.331966	-0.42939	-0.0849229
9.72	-0.182781	1.73467	1.11	1.83392	0.331966	-0.429395	-0.0849211
9.738	-0.18312	1.73414	1.11	1.83361	0.331966	-0.429395	-0.0849211
9.756	-0.183416	1.73368	1.11	1.83337	0.331966	-0.429395	-0.0849211
9.774	-0.183416	1.73368	1.11	1.83337	0.331966	-0.429395	-0.0849211
9.792	-0.183663	1.73327	1.11	1.83318	0.331966	-0.429395	-0.0849211
9.81	-0.183846	1.73294	1.11	1.83302	0.331966	-0.429395	-0.0849211
9.828	-0.183972	1.73258	1.11	1.83289	0.331966	-0.429395	-0.0849211
9.846	-0.184033	1.73234	1.11	1.83281	0.331966	-0.429395	-0.0849211
9.864	-0.184074	1.73213	1.11	1.83281	0.331966	-0.429395	-0.0849211
9.882	-0.184102	1.73195	1.11	1.83281	0.331966	-0.429395	-0.0849211
9.9	-0.184159	1.73177	1.11	1.83281	0.331966	-0.429394	-0.0849211
9.918	-0.184235	1.73162	1.11	1.83278	0.331966	-0.429392	-0.0849229
9.936	-0.184376	1.73145	1.11	1.8327	0.331966	-0.429387	-0.0849211
9.954	-0.184569	1.73126	1.11	1.8326	0.331966	-0.429359	-0.0849211
9.972	-0.184781	1.73104	1.11	1.83246	0.331966	-0.429284	-0.0849211
9.99	-0.184781	1.73104	1.11	1.83246	0.331966	-0.429284	-0.0849211
10.008	-0.185056	1.73086	1.11	1.83227	0.331966	-0.429232	-0.0849211
10.026	-0.185406	1.73074	1.11	1.83203	0.331966	-0.429223	-0.0849229
10.044	-0.185754	1.73066	1.11	1.83177	0.331966	-0.429226	-0.0849229
10.062	-0.186069	1.73064	1.11	1.83163	0.331966	-0.429232	-0.0849229
10.08	-0.186331	1.73064	1.11	1.8315	0.331966	-0.429237	-0.0849229
10.098	-0.186501	1.73066	1.11	1.83131	0.331966	-0.42924	-0.0849229
10.116	-0.186541	1.73066	1.11	1.83117	0.331966	-0.429245	-0.0849229
10.134	-0.186532	1.73066	1.11	1.83111	0.331966	-0.429254	-0.0849211
10.152	-0.186527	1.73066	1.11	1.83105	0.331966	-0.429261	-0.0849211
10.17	-0.186526	1.73066	1.11	1.83099	0.331966	-0.429269	-0.0849211
10.188	-0.186524	1.73067	1.11	1.83094	0.331966	-0.429276	-0.0849229
10.206	-0.186524	1.73067	1.11	1.83094	0.331966	-0.429276	-0.0849229
10.224	-0.186519	1.73067	1.11	1.8309	0.331966	-0.429278	-0.0849211
10.242	-0.186514	1.73067	1.11	1.8309	0.331966	-0.429279	-0.0849211
10.26	-0.186513	1.73067	1.11	1.8309	0.331966	-0.429279	-0.0849229
10.278	-0.186513	1.73067	1.10999	1.8309	0.331966	-0.429279	-0.0849229
10.296	-0.186513	1.73067	1.10997	1.8309	0.331966	-0.429279	-0.0849211
10.314	-0.186513	1.73067	1.10993	1.8309	0.331966	-0.429279	-0.0849211
10.332	-0.186513	1.73067	1.10991	1.8309	0.331966	-0.429279	-0.0849211
10.35	-0.186513	1.73067	1.10991	1.8309	0.331966	-0.429279	-0.0849229
10.368	-0.186513	1.73068	1.10991	1.8309	0.331966	-0.429279	-0.0849211
10.386	-0.186513	1.7307	1.10991	1.8309	0.331966	-0.429281	-0.0849229
10.404	-0.18649	1.73074	1.10991	1.8309	0.331968	-0.429283	-0.0849229
10.422	-0.18649	1.73074	1.10991	1.8309	0.331968	-0.429283	-0.0849229
10.44	-0.186407	1.7308	1.10991	1.8309	0.331966	-0.429284	-0.0849229
10.458	-0.186338	1.7309	1.10991	1.8309	0.331966	-0.42929	-0.0849211
10.476	-0.186264	1.73103	1.10991	1.8309	0.331966	-0.429295	-0.0849211
10.494	-0.186188	1.73116	1.10991	1.8309	0.331966	-0.42931	-0.0849211
10.512	-0.186147	1.73126	1.10991	1.8309	0.331966	-0.429324	-0.0849211
10.53	-0.186104	1.73135	1.10991	1.8309	0.331968	-0.429336	-0.0849211
10.548	-0.186092	1.73142	1.10991	1.8309	0.331968	-0.429347	-0.0849211
10.566	-0.186091	1.73151	1.10991	1.8309	0.331968	-0.429354	-0.0849211
10.584	-0.18609	1.7316	1.10991	1.83091	0.331966	-0.429358	-0.0849229
10.602	-0.186086	1.7317	1.10991	1.83091	0.331966	-0.429363	-0.0849211
10.62	-0.186082	1.7318	1.10991	1.83091	0.331968	-0.429365	-0.0849211
10.638	-0.186082	1.7318	1.10991	1.83091	0.331968	-0.429365	-0.0849211
10.656	-0.186081	1.7319	1.10991	1.83091	0.331966	-0.429368	-0.0849211
10.674	-0.186081	1.73199	1.10991	1.83091	0.331966	-0.429371	-0.0849211
10.692	-0.186081	1.73205	1.10991	1.83091	0.331966	-0.429375	-0.0849211
10.71	-0.186081	1.73211	1.10992	1.83091	0.331966	-0.429376	-0.0849211
10.728	-0.186082	1.73217	1.10992	1.83091	0.331966	-0.429378	-0.0849211
10.746	-0.186082	1.73222	1.10992	1.83091	0.331966	-0.42938	-0.0849211
10.764	-0.186081	1.73226	1.10992	1.83091	0.331968	-0.429382	-0.0849211
10.782	-0.186081	1.73229	1.10992	1.83091	0.331966	-0.429383	-0.0849211
10.8	-0.186081	1.73231	1.10992	1.83091	0.331968	-0.429385	-0.0849211
10.818	-0.186081	1.73232	1.10992	1.83091	0.331966	-0.429387	-0.0849211
10.836	-0.186081	1.73232	1.10992	1.83091	0.331966	-0.429388	-0.0849211
10.854	-0.186081	1.73232	1.10992	1.83091	0.331966	-0.429388	-0.0849211
10.872	-0.186081	1.73232	1.10992	1.83091	0.331968	-0.429388	-0.0849211
10.89	-0.186081	1.73232	1.10992	1.83091	0.331966	-0.429388	-0.0849211
10.908	-0.186081	1.73233	1.10992	1.83091	0.331966	-0.429388	-0.0849211
10.926	-0.186081	1.73233	1.10992	1.83091	0.331968	-0.429388	-0.0849211
10.944	-0.18608	1.73233	1.10992	1.83091	0.331968	-0.42939	-0.0849211
10.962	-0.18608	1.73233	1.10992	1.83091	0.331968	-0.42939	-0.0849211
10.98	-0.18608	1.73233	1.10992	1.83091	0.331966	-0.42939	-0.0849211
10.998	-0.18608	1.73233	1.10992	1.83091	0.331966	-0.42939	-0.0849211
11.016	-0.18608	1.73233	1.10992	1.83091	0.331966	-0.42939	-0.0849211
11.034	-0.18608	1.73233	1.10992	1.83091	0.331968	-0.42939	-0.0849211
11.052	-0.18608	1.73233	1.10992	1.83091	0.331968	-0.42939	-0.0849211
11.07	-0.18608	1.73233	1.10992	1.83091	0.331968	-0.42939	-0.0849211
11.088	-0.18608	1.73234	1.10992	1.83091	0.331968	-0.42939	-0.0849211
11.106	-0.18608	1.73234	1.10992	1.83091	0.331968	-0.42939	-0.0849211
11.124	-0.186078	1.73234	1.10992	1.83091	0.331966	-0.42939	-0.0849211
11.142	-0.186078	1.73234	1.10992	1.83091	0.331966	-0.42939	-0.0849211
11.16	-0.186078	1.73234	1.10992	1.83091	0.331968	-0.429392	-0.0849211
11.178	-0.186077	1.73234	1.10992	1.83091	0.331966	-0.429392	-0.0849211
11.196	-0.186077	1.73234	1.10992	1.83091	0.331966	-0.429392	-0.0849211
11.214	-0.186077	1.73235	1.10992	1.83091	0.331968	-0.42939	-0.0849211
11.232	-0.186077	1.73235	1.10992	1.83091	0.331966	-0.429392	-0.0849211
11.25	-0.186077	1.73235	1.10992	1.83091	0.331968	-0.429392	-0.0849211
11.268	-0.186077	1.73235	1.10992	1.83091	0.331968	-0.429392	-0.0849211
11.286	-0.186077	1.73235	1.10992	1.83091	0.331968	-0.429392	-0.0849211
11.304	-0.186077	1.73235	1.10992	1.83091	0.331968	-0.429392	-0.0849211
11.322	-0.186077	1.73235	1.10992	1.83091	0.331966	-0.429392	-0.0849211
11.34	-0.186077	1.73236	1.10992	1.83091	0.331968	-0.429392	-0.0849211
11.358	-0.186077	1.73236	1.10992	1.83091	0.331968	-0.429392	-0.0849211
11.376	-0.186077	1.73236	1.10992	1.83091	0.331966	-0.429392	-0.0849211
11.394	-0.186076	1.73236	1.10992	1.83091	0.331966	-0.429392	-0.0849211
11.412	-0.186076	1.73236	1.10992	1.83091	0.331966	-0.429392	-0.0849211
11.43	-0.186076	1.73236	1.10992	1.83091	0.331968	-0.429392	-0.0849211
11.448	-0.186076	1.73236	1.10992	1.83091	0.331968	-0.429392	-0.0849211
11.466	-0.186076	1.73236	1.10992	1.83091	0.331966	-0.429392	-0.0849211
11.484	-0.186076	1.73236	1.10992	1.83091	0.331966	-0.429392	-0.0849211
11.502	-0.186076	1.73236	1.10992	1.83091	0.331966	-0.429392	-0.0849211
11.52	-0.186076	1.73237	1.10992	1.83091	0.331968	-0.429392	-0.0849211
11.538	-0.186076	1.73237	1.10992	1.83091	0.331966	-0.429392	-0.0849211
11.556	-0.186076	1.73237	1.10992	1.83091	0.331966	-0.429392	-0.0849211
11.574	-0.186076	1.73237	1.10992	1.83091	0.331966	-0.429392	-0.0849211
11.592	-0.186076	1.73237	1.10992	1.83091	0.331968	-0.429392	-0.0849211
11.61	-0.186076	1.73237	1.10992	1.83091	0.331968	-0.429392	-0.0849211
11.628	-0.186076	1.73237	1.10992	1.83091	0.331968	-0.429392	-0.0849211
11.646	-0.186076	1.73237	1.10992	1.83091	0.331966	-0.429394	-0.0849211
11.664	-0.186076	1.73237	1.10992	1.83091	0.331966	-0.429394	-0.0849211
11.682	-0.186076	1.73237	1.10992	1.83091	0.331966	-0.429394	-0.0849211
11.7	-0.186076	1.73237	1.10992	1.83091	0.331966	-0.429394	-0.0849211
11.718	-0.186076	1.73237	1.10992	1.83091	0.331966	-0.429394	-0.0849211
11.736	-0.186076	1.73237	1.10992	1.83091	0.331966	-0.429394	-0.0849211
11.754	-0.186076	1.73237	1.10992	1.83091	0.331968	-0.429394	-0.0849211
11.772	-0.186076	1.73237	1.10992	1.83091	0.331968	-0.429394	-0.0849211
11.79	-0.186076	1.73237	1.10992	1.83091	0.331968	-0.429394	-0.0849211
11.808	-0.186074	1.73237	1.10992	1.83091	0.331968	-0.429394	-0.0849211
11.826	-0.186074	1.73237	1.10992	1.83091	0.331966	-0.429394	-0.0849211
11.844	-0.186074	1.73238	1.10992	1.83091	0.331966	-0.429394	-0.0849211
11.862	-0.186074	1.73237	1.10992	1.83091	0.331966	-0.429394	-0.0849211
11.88	-0.186073	1.73238	1.10992	1.83091	0.331966	-0.429394	-0.0849211
11.898	-0.186073	1.73238	1.10992	1.83091	0.331966	-0.429392	-0.0849211
11.916	-0.186073	1.73238	1.10992	1.83091	0.331966	-0.429392	-0.0849211
11.934	-0.186073	1.73238	1.10992	1.83091	0.331968	-0.429392	-0.0849211
11.952	-0.186073	1.73238	1.10992	1.83091	0.331966	-0.429392	-0.0849211
11.97	-0.186073	1.73238	1.10992	1.83091	0.331966	-0.429392	-0.0849211
11.988	-0.186073	1.73238	1.10992	1.83091	0.331968	-0.429394	-0.0849211
12.006	-0.186073	1.73238	1.10992	1.83091	0.331968	-0.429394	-0.0849211
12.024	-0.186073	1.73238	1.10992	1.83091	0.331966	-0.429394	-0.0849211
12.042	-0.186073	1.73238	1.10992	1.83091	0.331966	-0.429394	-0.0849211
12.06	-0.186073	1.73238	1.10992	1.83091	0.331966	-0.429394	-0.0849211
12.078	-0.186073	1.73238	1.10992	1.83091	0.331968	-0.429394	-0.0849211
12.096	-0.186073	1.73238	1.10992	1.83091	0.331968	-0.429394	-0.0849211
12.114	-0.186073	1.73238	1.10992	1.83091	0.331966	-0.429394	-0.0849211
12.132	-0.186073	1.73238	1.10992	1.83091	0.331966	-0.429394	-0.0849211
12.15	-0.186073	1.73238	1.10992	1.83091	0.331966	-0.429394	-0.0849211
12.168	-0.186073	1.73238	1.10992	1.83091	0.331968	-0.429394	-0.0849211
12.186	-0.186072	1.73238	1.10992	1.83091	0.331968	-0.429394	-0.0849211
12.204	-0.186072	1.73238	1.10992	1.83091	0.331966	-0.429394	-0.0849211
12.222	-0.186072	1.73238	1.10992	1.83091	0.331966	-0.429394	-0.0849211
12.24	-0.186072	1.73239	1.10992	1.83091	0.331968	-0.429394	-0.0849211
12.258	-0.186072	1.73239	1.10992	1.83091	0.331968	-0.429394	-0.0849211
12.276	-0.186072	1.73239	1.10992	1.83091	0.331968	-0.429394	-0.0849211
12.294	-0.186072	1.73239	1.10992	1.83091	0.331968	-0.429394	-0.0849211
12.312	-0.186072	1.73239	1.10992	1.83091	0.331968	-0.429394	-0.0849211
12.33	-0.186072	1.73239	1.10992	1.83091	0.331968	-0.429394	-0.0849211
12.348	-0.186072	1.73239	1.10992	1.83091	0.331968	-0.429394	-0.0849211
12.366	-0.186072	1.73239	1.10992	1.83091	0.331966	-0.429394	-0.0849211
12.384	-0.186072	1.73239	1.10992	1.83091	0.331966	-0.429394	-0.0849211
12.402	-0.186072	1.73239	1.10992	1.83091	0.331966	-0.429394	-0.0849211
12.42	-0.186072	1.73239	1.10992	1.83091	0.331966	-0.429394	-0.0849211
12.438	-0.186072	1.73239	1.10992	1.83091	0.331966	-0.429394	-0.0849211
12.456	-0.186072	1.73239	1.10992	1.83091	0.331968	-0.429394	-0.0849211
12.474	-0.186072	1.73239	1.10992	1.83091	0.331968	-0.429394	-0.0849211
12.492	-0.186072	1.73239	1.10992	1.83091	0.331966	-0.429394	-0.0849211
12.51	-0.186072	1.73239	1.10992	1.83091	0.331968	-0.429394	-0.0849211
12.528	-0.186072	1.73239	1.10992	1.83091	0.331968	-0.429394	-0.0849211
12.546	-0.186072	1.73239	1.10992	1.83091	0.331968	-0.429394	-0.0849211
12.564	-0.186072	1.73239	1.10992	1.83091	0.331966	-0.429394	-0.0849211
12.582	-0.186072	1.73239	1.10992	1.83091	0.331968	-0.429394	-0.0849211
12.6	-0.186072	1.73239	1.10992	1.83091	0.331968	-0.429394	-0.0849211
12.618	-0.186071	1.73239	1.10992	1.83091	0.331968	-0.429394	-0.0849211
12.636	-0.186071	1.73239	1.10992	1.83091	0.331968	-0.429394	-0.0849211
12.654	-0.186071	1.73239	1.10992	1.83091	0.331968	-0.429394	-0.0849211
12.672	-0.186071	1.73239	1.10992	1.83091	0.331966	-0.429394	-0.0849211
12.69	-0.186072	1.73239	1.10992	1.83091	0.331968	-0.429394	-0.0849211
12.708	-0.186072	1.73239	1.10992	1.83091	0.331966	-0.429394	-0.0849211
12.726	-0.186072	1.73239	1.10992	1.83091	0.331966	-0.429394	-0.0849211
12.744	-0.186071	1.73239	1.10992	1.83091	0.331968	-0.429394	-0.0849211
12.762	-0.186071	1.73239	1.10992	1.83091	0.331968	-0.429394	-0.0849211
12.78	-0.186072	1.73239	1.10992	1.83091	0.331966	-0.429394	-0.0849211
12.798	-0.186071	1.73239	1.10992	1.83091	0.331966	-0.429394	-0.0849211
12.816	-0.186071	1.73239	1.10992	1.83091	0.331968	-0.429394	-0.0849211
12.834	-0.186071	1.73239	1.10992	1.83091	0.331966	-0.429394	-0.0849211
12.852	-0.186071	1.73239	1.10992	1.83091	0.331968	-0.429394	-0.0849211
12.87	-0.186071	1.73239	1.10992	1.83091	0.331968	-0.429394	-0.0849211
12.888	-0.186071	1.73239	1.10992	1.83091	0.331966	-0.429394	-0.0849211
12.906	-0.186071	1.73239	1.10992	1.83091	0.331966	-0.429394	-0.0849211
12.924	-0.186071	1.73239	1.10992	1.83091	0.331968	-0.429394	-0.0849211
12.942	-0.186071	1.73239	1.10992	1.83091	0.331968	-0.429394	-0.0849211
12.96	-0.186071	1.73239	1.10992	1.83091	0.331968	-0.429394	-0.0849211
12.978	-0.186071	1.73239	1.10992	1.83091	0.331968	-0.429394	-0.0849211
