1.602	0.292533	1.87214	1.1285	1.51301	0.178437	-1.18378	-0.0847354
1.62	0.292533	1.87214	1.1285	1.51301	0.178437	-1.18378	-0.0847354
1.638	0.292533	1.87214	1.1285	1.51301	0.178437	-1.18378	-0.0847354
1.656	0.292533	1.87214	1.1285	1.51301	0.178437	-1.18378	-0.0847337
1.674	0.292533	1.87214	1.1285	1.51301	0.178437	-1.18378	-0.0847337
1.692	0.292533	1.87214	1.1285	1.51301	0.178437	-1.18378	-0.084732
1.71	0.292533	1.87214	1.1285	1.51301	0.178437	-1.18378	-0.084732
1.728	0.292533	1.87215	1.1285	1.513	0.178439	-1.18378	-0.084732
1.746	0.292533	1.87215	1.1285	1.513	0.178439	-1.18378	-0.084732
1.764	0.292533	1.87215	1.1285	1.513	0.178439	-1.18378	-0.0847303
1.782	0.292533	1.87215	1.1285	1.513	0.178439	-1.18378	-0.0847303
1.8	0.292533	1.87215	1.1285	1.513	0.178439	-1.18378	-0.0847303
1.818	0.292533	1.87215	1.1285	1.51299	0.178439	-1.18378	-0.0847285
1.836	0.292533	1.87215	1.1285	1.51299	0.178439	-1.18378	-0.0847285
1.854	0.292533	1.87215	1.1285	1.51299	0.178439	-1.18378	-0.0847285
1.872	0.292533	1.87216	1.1285	1.51299	0.178441	-1.18378	-0.0847285
1.89	0.292533	1.87216	1.1285	1.51299	0.178441	-1.18378	-0.0847269
1.908	0.292533	1.87216	1.1285	1.51299	0.178441	-1.18378	-0.0847269
1.926	0.292533	1.87216	1.1285	1.51299	0.178441	-1.18378	-0.0847269
1.944	0.292533	1.87216	1.1285	1.51299	0.178441	-1.18378	-0.0847269
1.962	0.292533	1.87216	1.1285	1.51299	0.178441	-1.18378	-0.0847251
1.98	0.292533	1.87216	1.1285	1.51299	0.178441	-1.18378	-0.0847251
1.998	0.292533	1.87216	1.1285	1.51298	0.178441	-1.18378	-0.0847235
2.016	0.292533	1.87216	1.1285	1.51298	0.178441	-1.18378	-0.0847235
2.034	0.292533	1.87215	1.1285	1.51298	0.178443	-1.18378	-0.0847217
2.052	0.292531	1.87215	1.1285	1.51298	0.178443	-1.18378	-0.0847217
2.07	0.292529	1.87216	1.1285	1.51298	0.178443	-1.18378	-0.0847217
2.088	0.292518	1.87215	1.1285	1.51298	0.178443	-1.18378	-0.0847217
2.106	0.29248	1.87215	1.1285	1.51298	0.178443	-1.18378	-0.0847217
2.124	0.29242	1.87215	1.1285	1.51298	0.178443	-1.18378	-0.08472
2.142	0.29242	1.87215	1.1285	1.51298	0.178443	-1.18378	-0.08472
2.16	0.292336	1.87215	1.1285	1.51298	0.178443	-1.18378	-0.08472
2.178	0.292193	1.87215	1.12851	1.51298	0.178445	-1.18378	-0.08472
2.196	0.29198	1.87216	1.12851	1.51298	0.178445	-1.18378	-0.08472
2.214	0.291698	1.87216	1.12851	1.51298	0.178445	-1.18378	-0.08472
2.232	0.291359	1.87215	1.12851	1.51298	0.178445	-1.18378	-0.0847183
2.25	0.290927	1.87216	1.12851	1.51298	0.178445	-1.18378	-0.0847183
2.268	0.290472	1.87216	1.12852	1.51298	0.178445	-1.18378	-0.0847183
2.286	0.28993	1.87216	1.12855	1.51298	0.178445	-1.18378	-0.0847183
2.304	0.289287	1.87216	1.12855	1.51298	0.178445	-1.18378	-0.0847166
2.322	0.288533	1.87215	1.12855	1.51298	0.178447	-1.18378	-0.0847166
2.34	0.288533	1.87215	1.12855	1.51298	0.178447	-1.18378	-0.0847166
2.358	0.287685	1.87215	1.12855	1.51298	0.178447	-1.18378	-0.0847166
2.376	0.286798	1.87216	1.12855	1.51298	0.178447	-1.18378	-0.0847149
2.394	0.285816	1.87216	1.12856	1.51298	0.178447	-1.18378	-0.0847149
2.412	0.284797	1.87216	1.12856	1.51296	0.178447	-1.18377	-0.0847149
2.43	0.283713	1.87216	1.12856	1.51295	0.178449	-1.18378	-0.0847132
2.448	0.282633	1.87216	1.12856	1.51294	0.178449	-1.18377	-0.0847132
2.466	0.281446	1.87216	1.12861	1.51293	0.178455	-1.18377	-0.0847132
2.484	0.280286	1.87216	1.12862	1.51287	0.178461	-1.18377	-0.0847132
2.502	0.279042	1.87216	1.12865	1.51285	0.178492	-1.18377	-0.0847132
2.52	0.277864	1.87216	1.12865	1.51283	0.178516	-1.18377	-0.0847115
2.538	0.276655	1.87218	1.12866	1.51278	0.178578	-1.18377	-0.0847115
2.556	0.276655	1.87218	1.12866	1.51278	0.178578	-1.18377	-0.0847115
2.574	0.275413	1.87219	1.12869	1.51276	0.178623	-1.18377	-0.0847115
2.592	0.274263	1.87219	1.12873	1.51273	0.17867	-1.18377	-0.0847115
2.61	0.273032	1.87219	1.12876	1.51271	0.178731	-1.18377	-0.0847115
2.628	0.271832	1.87219	1.12876	1.51265	0.178799	-1.18377	-0.0847115
2.646	0.270618	1.87219	1.12876	1.51261	0.178891	-1.18377	-0.0847115
2.664	0.269414	1.87219	1.12876	1.5126	0.178966	-1.18377	-0.0847098
2.682	0.268227	1.87219	1.12876	1.51255	0.179024	-1.18377	-0.0847098
2.7	0.267062	1.87219	1.12876	1.5125	0.179081	-1.18377	-0.0847098
2.718	0.265904	1.87219	1.12876	1.51245	0.179134	-1.18377	-0.0847081
2.736	0.264779	1.87219	1.12876	1.51234	0.179191	-1.18377	-0.0847081
2.754	0.263631	1.87219	1.12876	1.51225	0.17929	-1.18377	-0.0847081
2.772	0.263631	1.87219	1.12876	1.51225	0.17929	-1.18377	-0.0847081
2.79	0.262541	1.87218	1.12876	1.51214	0.179355	-1.18377	-0.0847081
2.808	0.261384	1.87219	1.12876	1.51198	0.179455	-1.18377	-0.0847081
2.826	0.260218	1.87219	1.12876	1.5118	0.179535	-1.18377	-0.0847064
2.844	0.259087	1.87219	1.12876	1.51157	0.179676	-1.18377	-0.0847064
2.862	0.257907	1.87218	1.12876	1.51136	0.17978	-1.18377	-0.0847064
2.88	0.256795	1.87219	1.12876	1.51102	0.179879	-1.18377	-0.0847064
2.898	0.25558	1.87219	1.12881	1.51072	0.180009	-1.18377	-0.0847064
2.916	0.254446	1.87219	1.12883	1.51037	0.180167	-1.18377	-0.0847064
2.934	0.253218	1.87219	1.12885	1.50999	0.18041	-1.18377	-0.0847047
2.952	0.25201	1.87219	1.12886	1.50958	0.180654	-1.18377	-0.0847047
2.97	0.250808	1.87219	1.12889	1.50915	0.180903	-1.18377	-0.0847047
2.988	0.250808	1.87219	1.12889	1.50915	0.180903	-1.18377	-0.0847047
3.006	0.249542	1.87219	1.12891	1.50871	0.181145	-1.18377	-0.0847047
3.024	0.248263	1.8722	1.12896	1.50823	0.181419	-1.18377	-0.0847047
3.042	0.247012	1.8722	1.12903	1.50776	0.18173	-1.18377	-0.0847047
3.06	0.245712	1.8722	1.12911	1.50731	0.182067	-1.18378	-0.084703
3.078	0.244399	1.8722	1.12917	1.50678	0.182349	-1.18378	-0.084703
3.096	0.243101	1.8722	1.12926	1.50624	0.182564	-1.18377	-0.084703
3.114	0.241689	1.87221	1.12939	1.50569	0.18273	-1.18378	-0.084703
3.132	0.240302	1.87221	1.12949	1.50508	0.182836	-1.18378	-0.084703
3.15	0.23891	1.87222	1.12961	1.50446	0.182922	-1.18377	-0.084703
3.168	0.237442	1.87222	1.12972	1.50382	0.183	-1.18378	-0.0847013
3.186	0.235939	1.87223	1.1298	1.50315	0.183014	-1.18378	-0.0847013
3.204	0.235939	1.87223	1.1298	1.50315	0.183014	-1.18378	-0.0847013
3.222	0.234423	1.87224	1.12992	1.50243	0.183016	-1.18378	-0.0847013
3.24	0.232811	1.87224	1.13002	1.50157	0.183018	-1.18377	-0.0847013
3.258	0.231185	1.87224	1.13013	1.50069	0.18302	-1.18377	-0.0847013
3.276	0.229554	1.87223	1.13028	1.49981	0.183022	-1.18377	-0.0846996
3.294	0.227902	1.87223	1.13049	1.49886	0.183022	-1.18377	-0.0846996
3.312	0.226201	1.87223	1.13079	1.49784	0.183022	-1.18377	-0.0846996
3.33	0.224538	1.87223	1.13109	1.49677	0.183022	-1.18377	-0.0846996
3.348	0.222886	1.87225	1.13138	1.49577	0.183041	-1.18377	-0.0846996
3.366	0.221163	1.87228	1.13162	1.49473	0.183137	-1.18377	-0.0846996
3.384	0.219381	1.87231	1.13183	1.49363	0.183304	-1.18377	-0.0846996
3.402	0.219381	1.87231	1.13183	1.49363	0.183304	-1.18377	-0.0846996
3.42	0.217561	1.87234	1.13202	1.49255	0.183585	-1.18377	-0.0846979
3.438	0.215754	1.87235	1.13217	1.49153	0.184018	-1.18377	-0.0846979
3.456	0.213847	1.87235	1.13234	1.49053	0.184573	-1.18378	-0.0846979
3.474	0.211928	1.87235	1.13247	1.48944	0.185223	-1.18377	-0.0846979
3.492	0.209951	1.87235	1.13261	1.48843	0.185851	-1.18377	-0.0846979
3.51	0.208029	1.87235	1.1327	1.48746	0.186424	-1.18377	-0.0846979
3.528	0.206028	1.87235	1.13281	1.48645	0.187078	-1.18378	-0.0846962
3.546	0.203995	1.87235	1.13284	1.48536	0.187925	-1.18377	-0.0846962
3.564	0.201924	1.87236	1.13289	1.48433	0.188907	-1.18377	-0.0846962
3.582	0.199898	1.87237	1.1329	1.48326	0.189933	-1.18377	-0.0846962
3.6	0.197724	1.87237	1.13291	1.4821	0.191154	-1.18378	-0.0846962
3.618	0.197724	1.87237	1.13291	1.4821	0.191154	-1.18378	-0.0846962
3.636	0.195548	1.87237	1.13291	1.48085	0.192306	-1.18377	-0.0846962
3.654	0.193298	1.87238	1.13295	1.47962	0.193392	-1.18377	-0.0846962
3.672	0.191041	1.87238	1.13295	1.47825	0.194603	-1.18377	-0.0846945
3.69	0.188666	1.87237	1.13295	1.4768	0.19594	-1.18377	-0.0846945
3.708	0.186348	1.87238	1.13295	1.4753	0.197431	-1.18377	-0.0846945
3.726	0.18406	1.87238	1.13295	1.47371	0.198935	-1.18377	-0.0846945
3.744	0.181676	1.87239	1.13296	1.4721	0.200315	-1.18377	-0.0846945
3.762	0.179309	1.87245	1.13296	1.47038	0.201829	-1.18377	-0.0846945
3.78	0.176845	1.87247	1.13296	1.46861	0.203371	-1.18377	-0.0846945
3.798	0.174359	1.87252	1.13297	1.46688	0.204905	-1.18377	-0.0846945
3.816	0.171833	1.87254	1.13301	1.46504	0.206204	-1.18377	-0.0846945
3.834	0.171833	1.87254	1.13301	1.46504	0.206204	-1.18377	-0.0846945
3.852	0.169198	1.87258	1.13302	1.46316	0.207543	-1.18377	-0.0846945
3.87	0.166588	1.8726	1.13303	1.4612	0.208732	-1.18377	-0.0846928
3.888	0.16402	1.87264	1.13303	1.45916	0.209771	-1.18377	-0.0846928
3.906	0.161313	1.87267	1.13306	1.45713	0.210615	-1.18377	-0.0846928
3.924	0.158663	1.87273	1.1331	1.45505	0.211088	-1.18377	-0.0846928
3.942	0.155919	1.87277	1.13312	1.45298	0.211254	-1.18377	-0.0846928
3.96	0.153094	1.8728	1.13314	1.45094	0.211288	-1.18378	-0.0846928
3.978	0.150226	1.87281	1.13314	1.44893	0.211286	-1.18377	-0.0846911
3.996	0.147381	1.87284	1.13316	1.44695	0.211286	-1.18378	-0.0846911
4.014	0.144537	1.87285	1.13316	1.44492	0.211286	-1.18377	-0.0846911
4.032	0.141659	1.87287	1.13317	1.44294	0.211286	-1.18377	-0.0846911
4.05	0.141659	1.87287	1.13317	1.44294	0.211286	-1.18377	-0.0846911
4.068	0.138784	1.87289	1.13318	1.44092	0.211286	-1.18377	-0.0846911
4.086	0.135891	1.87292	1.1332	1.43889	0.211292	-1.18377	-0.0846911
4.104	0.132916	1.87291	1.1332	1.43692	0.211335	-1.18377	-0.0846893
4.122	0.12995	1.8729	1.13321	1.43495	0.211405	-1.18377	-0.0846893
4.14	0.126978	1.8729	1.13321	1.43298	0.211562	-1.18377	-0.0846893
4.158	0.12409	1.87292	1.13322	1.43099	0.211816	-1.18377	-0.0846893
4.176	0.121144	1.87291	1.13323	1.4291	0.212176	-1.18377	-0.0846893
4.194	0.118248	1.87292	1.13323	1.4272	0.212581	-1.18377	-0.0846893
4.212	0.115256	1.8729	1.13324	1.42535	0.213103	-1.18377	-0.0846893
4.23	0.112368	1.87291	1.13324	1.42348	0.21372	-1.18377	-0.0846893
4.248	0.109387	1.87289	1.13325	1.42163	0.214405	-1.18377	-0.0846876
4.266	0.109387	1.87289	1.13325	1.42163	0.214405	-1.18377	-0.0846876
4.284	0.106493	1.87289	1.13324	1.41974	0.215164	-1.18377	-0.0846876
4.302	0.103617	1.87288	1.13325	1.41785	0.215988	-1.18377	-0.0846876
4.32	0.100777	1.8729	1.13325	1.41602	0.216854	-1.18377	-0.0846876
4.338	0.0979216	1.8729	1.13326	1.41419	0.217547	-1.18377	-0.0846859
4.356	0.0950288	1.87291	1.13326	1.41245	0.218246	-1.18377	-0.0846859
4.374	0.0921948	1.87291	1.13326	1.41069	0.219106	-1.18376	-0.0846859
4.392	0.0893454	1.8729	1.13326	1.40907	0.220183	-1.18376	-0.0846859
4.41	0.086565	1.87291	1.13326	1.40741	0.221353	-1.18377	-0.0846859
4.428	0.0837668	1.8729	1.13326	1.40575	0.222844	-1.18376	-0.0846859
4.446	0.0810465	1.8729	1.13326	1.40408	0.224419	-1.18376	-0.0846842
4.464	0.0782483	1.8729	1.13326	1.40236	0.226311	-1.18376	-0.0846842
4.482	0.0782483	1.8729	1.13326	1.40236	0.226311	-1.18376	-0.0846842
4.5	0.0754705	1.87289	1.13326	1.40072	0.228569	-1.18376	-0.0846842
4.518	0.0727273	1.87288	1.13326	1.39903	0.231161	-1.18376	-0.0846842
4.536	0.0699584	1.87289	1.13326	1.39739	0.234053	-1.18376	-0.0846842
4.554	0.067242	1.87288	1.13326	1.39571	0.237166	-1.18376	-0.0846842
4.572	0.0645141	1.87288	1.13326	1.39401	0.240281	-1.18376	-0.0846842
4.59	0.061827	1.87291	1.13327	1.39227	0.243451	-1.18376	-0.0846825
4.608	0.0590173	1.87291	1.13328	1.3905	0.246447	-1.18376	-0.0846825
4.626	0.0562178	1.87293	1.13328	1.3888	0.249356	-1.18376	-0.0846825
4.644	0.0534221	1.87294	1.13329	1.38699	0.252037	-1.18375	-0.0846825
4.662	0.05056	1.87295	1.13329	1.3852	0.254747	-1.18375	-0.0846808
4.68	0.0477374	1.87296	1.13329	1.38327	0.257281	-1.18375	-0.0846808
4.698	0.0477374	1.87296	1.13329	1.38327	0.257281	-1.18375	-0.0846808
4.716	0.04492	1.87297	1.13329	1.38139	0.259911	-1.18374	-0.0846808
4.734	0.0421704	1.87298	1.13329	1.37948	0.262591	-1.18374	-0.0846808
4.752	0.0393287	1.87299	1.13329	1.37767	0.265188	-1.18374	-0.0846791
4.77	0.0365151	1.87301	1.13329	1.37591	0.267747	-1.18374	-0.0846791
4.788	0.033722	1.87303	1.13329	1.37421	0.269976	-1.18374	-0.0846791
4.806	0.0309378	1.8731	1.13329	1.37257	0.272118	-1.18373	-0.0846791
4.824	0.0281332	1.87314	1.13329	1.37096	0.273977	-1.18372	-0.0846774
4.842	0.025418	1.87323	1.1333	1.36943	0.275323	-1.1837	-0.0846774
4.86	0.022708	1.87334	1.1333	1.36793	0.276448	-1.18368	-0.0846774
4.878	0.0199622	1.87343	1.13331	1.36653	0.277192	-1.18359	-0.0846774
4.896	0.0172636	1.87361	1.13333	1.36526	0.277687	-1.1834	-0.0846774
4.914	0.0172636	1.87361	1.13333	1.36526	0.277687	-1.1834	-0.0846774
4.932	0.0146341	1.87379	1.13333	1.36399	0.2779	-1.18309	-0.0846774
4.95	0.011965	1.87397	1.13333	1.36284	0.277904	-1.18255	-0.0846757
4.968	0.00944291	1.87421	1.13333	1.36188	0.277906	-1.18153	-0.0846757
4.986	0.00702944	1.87444	1.13333	1.36106	0.277906	-1.17993	-0.084674
5.004	0.00453417	1.87467	1.13334	1.36033	0.277906	-1.17821	-0.084674
5.022	0.00218463	1.87491	1.13334	1.35976	0.277908	-1.17593	-0.084674
5.04	-0.000136781	1.87511	1.13334	1.35928	0.277912	-1.17348	-0.084674
5.058	-0.00247866	1.87533	1.13334	1.35899	0.277929	-1.17085	-0.0846723
5.076	-0.00471827	1.87556	1.13333	1.35874	0.277937	-1.16816	-0.0846723
5.094	-0.00705631	1.87574	1.13334	1.35858	0.277941	-1.16548	-0.0846723
5.112	-0.00705631	1.87574	1.13334	1.35858	0.277941	-1.16548	-0.0846723
5.13	-0.00927164	1.87593	1.13334	1.35842	0.277945	-1.16286	-0.0846723
5.148	-0.0114934	1.87607	1.13334	1.35828	0.277967	-1.1601	-0.0846706
5.166	-0.0137573	1.87619	1.13334	1.35813	0.277994	-1.15728	-0.0846706
5.184	-0.0159636	1.87632	1.13334	1.35796	0.278076	-1.15443	-0.0846706
5.202	-0.0182186	1.87637	1.13335	1.35786	0.278111	-1.15153	-0.0846706
5.22	-0.0204211	1.87641	1.13335	1.35766	0.278164	-1.14882	-0.0846689
5.238	-0.0228128	1.8764	1.13334	1.35742	0.278299	-1.14633	-0.0846689
5.256	-0.0251726	1.87639	1.13334	1.35711	0.278362	-1.14378	-0.0846689
5.274	-0.0275938	1.87639	1.13334	1.35682	0.278381	-1.14118	-0.0846689
5.292	-0.0300174	1.87639	1.13334	1.35648	0.278385	-1.13841	-0.0846672
5.31	-0.0323977	1.8764	1.13334	1.35612	0.278395	-1.13547	-0.0846672
5.328	-0.0323977	1.8764	1.13334	1.35612	0.278395	-1.13547	-0.0846672
5.346	-0.0349377	1.8764	1.13334	1.35575	0.278411	-1.13252	-0.0846672
5.364	-0.0373997	1.8764	1.13334	1.35528	0.278426	-1.12967	-0.0846655
5.382	-0.0398234	1.8764	1.13334	1.35486	0.278444	-1.12701	-0.0846655
5.4	-0.0423596	1.8764	1.13334	1.3545	0.278485	-1.1243	-0.0846655
5.418	-0.0448689	1.8764	1.13334	1.35401	0.278561	-1.12163	-0.0846655
5.436	-0.0474409	1.87639	1.13333	1.35344	0.27872	-1.11891	-0.0846655
5.454	-0.0500052	1.87639	1.13334	1.35283	0.278826	-1.1161	-0.0846638
5.472	-0.052503	1.87639	1.13334	1.35216	0.278963	-1.11347	-0.0846638
5.49	-0.0550392	1.8764	1.13334	1.35145	0.279211	-1.11112	-0.0846638
5.508	-0.0575601	1.8764	1.13334	1.35073	0.279505	-1.10891	-0.0846638
5.526	-0.0600566	1.87639	1.13334	1.34995	0.279822	-1.10721	-0.0846638
5.544	-0.0600566	1.87639	1.13334	1.34995	0.279822	-1.10721	-0.0846638
5.562	-0.0626286	1.87639	1.13333	1.3492	0.28018	-1.1055	-0.0846638
5.58	-0.0651904	1.87638	1.13333	1.34833	0.280483	-1.1041	-0.0846621
5.598	-0.0676971	1.87639	1.13333	1.34748	0.280915	-1.10255	-0.0846621
5.616	-0.0701809	1.87639	1.13333	1.34663	0.281575	-1.10081	-0.0846621
5.634	-0.0726071	1.87639	1.13333	1.34574	0.282483	-1.09912	-0.0846621
5.652	-0.0749861	1.87639	1.13333	1.34488	0.283649	-1.09711	-0.0846621
5.67	-0.0774123	1.87639	1.13333	1.34395	0.285138	-1.09528	-0.0846621
5.688	-0.079735	1.87638	1.13333	1.34309	0.286885	-1.09327	-0.0846621
5.706	-0.0821626	1.87639	1.13332	1.34215	0.288934	-1.09146	-0.0846604
5.724	-0.0845914	1.87637	1.13331	1.34112	0.291385	-1.08959	-0.0846604
5.742	-0.0870112	1.87635	1.13328	1.33996	0.29406	-1.08805	-0.0846604
5.76	-0.0870112	1.87635	1.13328	1.33996	0.29406	-1.08805	-0.0846604
5.778	-0.0894004	1.87636	1.13327	1.33889	0.296846	-1.08624	-0.0846604
5.796	-0.0917039	1.87636	1.13328	1.33771	0.299705	-1.0845	-0.0846604
5.814	-0.0940944	1.87638	1.13328	1.33647	0.302511	-1.08257	-0.0846604
5.832	-0.0964771	1.87637	1.13328	1.33515	0.305229	-1.08051	-0.0846604
5.85	-0.0987602	1.87638	1.13328	1.33381	0.307559	-1.07816	-0.0846604
5.868	-0.101229	1.87637	1.13328	1.33239	0.309619	-1.07587	-0.0846587
5.886	-0.103623	1.87637	1.13328	1.33093	0.311365	-1.07349	-0.0846587
5.904	-0.106063	1.87638	1.13328	1.32938	0.312498	-1.0713	-0.0846587
5.922	-0.108553	1.87638	1.13328	1.32772	0.313325	-1.0693	-0.0846587
5.94	-0.110952	1.87637	1.13327	1.326	0.313881	-1.06752	-0.0846587
5.958	-0.113454	1.87637	1.13328	1.32427	0.314155	-1.06573	-0.0846587
5.976	-0.113454	1.87637	1.13328	1.32427	0.314155	-1.06573	-0.0846587
5.994	-0.115927	1.87637	1.13328	1.32253	0.314202	-1.06412	-0.0846587
6.012	-0.118347	1.87637	1.13328	1.32079	0.314204	-1.0622	-0.0846587
6.03	-0.120988	1.87635	1.13327	1.31914	0.314206	-1.06027	-0.0846587
6.048	-0.123508	1.87635	1.13327	1.31753	0.314206	-1.05798	-0.084657
6.066	-0.126119	1.87632	1.13326	1.31587	0.31421	-1.05582	-0.084657
6.084	-0.128702	1.87629	1.13324	1.31426	0.314212	-1.05358	-0.084657
6.102	-0.131292	1.87623	1.13321	1.31252	0.314212	-1.05158	-0.084657
6.12	-0.133885	1.87621	1.13319	1.31084	0.314214	-1.04974	-0.084657
6.138	-0.136509	1.87618	1.13315	1.30907	0.314218	-1.0481	-0.084657
6.156	-0.139145	1.87614	1.1331	1.30733	0.314221	-1.04628	-0.084657
6.174	-0.141764	1.87609	1.13307	1.3055	0.314231	-1.04456	-0.0846553
6.192	-0.141764	1.87609	1.13307	1.3055	0.314231	-1.04456	-0.0846553
6.21	-0.144463	1.876	1.13304	1.30372	0.314251	-1.04249	-0.0846553
6.228	-0.147064	1.87593	1.13299	1.30183	0.314276	-1.0404	-0.0846553
6.246	-0.149639	1.87582	1.13292	1.29997	0.314294	-1.03812	-0.0846553
6.264	-0.152254	1.87574	1.13284	1.29813	0.314335	-1.0359	-0.0846553
6.282	-0.154827	1.87566	1.13273	1.29627	0.314364	-1.0338	-0.0846553
6.3	-0.157372	1.8756	1.1326	1.29439	0.314402	-1.03188	-0.0846553
6.318	-0.160024	1.8755	1.13243	1.29252	0.314437	-1.03025	-0.0846553
6.336	-0.162633	1.8754	1.1322	1.29061	0.314511	-1.02904	-0.0846535
6.354	-0.165289	1.87531	1.13188	1.28868	0.314625	-1.02777	-0.0846535
6.372	-0.167957	1.87521	1.13145	1.28675	0.314793	-1.02662	-0.0846535
6.39	-0.170556	1.87507	1.13104	1.28468	0.314867	-1.02579	-0.0846535
6.408	-0.170556	1.87507	1.13104	1.28468	0.314867	-1.02579	-0.0846535
6.426	-0.173131	1.87491	1.13075	1.28267	0.314893	-1.02487	-0.0846535
6.444	-0.175686	1.8747	1.13049	1.2807	0.314897	-1.02358	-0.0846535
6.462	-0.178205	1.87445	1.13025	1.27882	0.314904	-1.02228	-0.0846535
6.48	-0.180762	1.87416	1.13001	1.27687	0.314908	-1.02117	-0.0846535
6.498	-0.183338	1.87381	1.12978	1.27504	0.314922	-1.01958	-0.0846535
6.516	-0.185884	1.87343	1.12955	1.2731	0.314926	-1.01818	-0.0846535
6.534	-0.188451	1.87297	1.1293	1.27121	0.314928	-1.01702	-0.0846519
6.552	-0.190996	1.87251	1.12909	1.26927	0.314928	-1.01572	-0.0846519
6.57	-0.193539	1.87203	1.12889	1.2673	0.31493	-1.01473	-0.0846519
6.588	-0.196123	1.87154	1.12866	1.26521	0.314932	-1.01419	-0.0846519
6.606	-0.19875	1.871	1.12841	1.26322	0.314942	-1.01385	-0.0846519
6.624	-0.19875	1.871	1.12841	1.26322	0.314942	-1.01385	-0.0846519
6.642	-0.201322	1.87045	1.12811	1.26109	0.314945	-1.01375	-0.0846519
6.66	-0.204023	1.86986	1.12772	1.25901	0.314979	-1.01372	-0.0846519
6.678	-0.206696	1.86929	1.12726	1.25689	0.314987	-1.01373	-0.0846519
6.696	-0.209277	1.8687	1.12682	1.25481	0.314987	-1.01373	-0.0846501
6.714	-0.211919	1.86807	1.12644	1.25284	0.314987	-1.01373	-0.0846501
6.732	-0.214495	1.8675	1.12608	1.25092	0.314987	-1.01373	-0.0846501
6.75	-0.217066	1.86691	1.12565	1.24901	0.314985	-1.01373	-0.0846501
6.768	-0.219692	1.86635	1.12532	1.24712	0.314985	-1.01373	-0.0846501
6.786	-0.222315	1.86565	1.12499	1.24519	0.314983	-1.01373	-0.0846501
6.804	-0.224879	1.86502	1.12475	1.24316	0.314983	-1.01373	-0.0846501
6.822	-0.224879	1.86502	1.12475	1.24316	0.314983	-1.01373	-0.0846501
6.84	-0.22747	1.86434	1.12444	1.24112	0.314983	-1.01373	-0.0846501
6.858	-0.230011	1.86373	1.12414	1.23908	0.314983	-1.01373	-0.0846484
6.876	-0.232516	1.8632	1.12367	1.23703	0.314983	-1.01373	-0.0846484
6.894	-0.235072	1.86278	1.12317	1.23497	0.314983	-1.01373	-0.0846484
6.912	-0.237647	1.86226	1.12266	1.23296	0.314983	-1.01373	-0.0846484
6.93	-0.240125	1.86173	1.12218	1.23089	0.314981	-1.01373	-0.0846484
6.948	-0.242717	1.8611	1.12171	1.22878	0.314981	-1.01373	-0.0846484
6.966	-0.245234	1.86053	1.12123	1.22654	0.314981	-1.01373	-0.0846484
6.984	-0.247703	1.85996	1.12065	1.22425	0.314979	-1.01372	-0.0846484
7.002	-0.250201	1.85946	1.12007	1.22191	0.314979	-1.01373	-0.0846484
7.02	-0.252675	1.85896	1.11936	1.21957	0.314979	-1.01371	-0.0846484
7.038	-0.252675	1.85896	1.11936	1.21957	0.314979	-1.01371	-0.0846484
7.056	-0.255155	1.8585	1.11864	1.21718	0.314979	-1.0137	-0.0846467
7.074	-0.25766	1.85802	1.11795	1.2148	0.314979	-1.01363	-0.0846467
7.092	-0.26014	1.85747	1.11719	1.21247	0.314979	-1.01358	-0.0846467
7.11	-0.262689	1.8569	1.11653	1.21	0.314979	-1.01354	-0.0846467
7.128	-0.265216	1.85629	1.11579	1.20755	0.314979	-1.01339	-0.0846467
7.146	-0.267657	1.85575	1.11509	1.20499	0.314979	-1.01317	-0.0846467
7.164	-0.270117	1.8552	1.11444	1.20251	0.314979	-1.01266	-0.0846467
7.182	-0.272541	1.85464	1.1138	1.20017	0.314979	-1.01198	-0.0846467
7.2	-0.274949	1.85412	1.11319	1.19779	0.314979	-1.01146	-0.0846467
7.218	-0.277442	1.85355	1.11259	1.19552	0.314979	-1.01106	-0.0846467
7.236	-0.279897	1.85291	1.11195	1.19327	0.314979	-1.01082	-0.0846467
7.254	-0.279897	1.85291	1.11195	1.19327	0.314979	-1.01082	-0.0846467
7.272	-0.28239	1.85233	1.11142	1.19101	0.314981	-1.01073	-0.084645
7.29	-0.284867	1.85164	1.11087	1.18887	0.314981	-1.01067	-0.084645
7.308	-0.287211	1.85107	1.11042	1.18655	0.314981	-1.01064	-0.084645
7.326	-0.28964	1.85041	1.10997	1.18441	0.314981	-1.01057	-0.084645
7.344	-0.291955	1.8498	1.10959	1.1822	0.314981	-1.01051	-0.084645
7.362	-0.294256	1.84913	1.10918	1.18011	0.314981	-1.01033	-0.084645
7.38	-0.296635	1.8484	1.10876	1.17806	0.314981	-1.01004	-0.084645
7.398	-0.2989	1.84773	1.10835	1.17591	0.314981	-1.0095	-0.0846433
7.416	-0.301298	1.84701	1.10786	1.17395	0.314981	-1.00855	-0.0846433
7.434	-0.303565	1.8463	1.10749	1.17195	0.314979	-1.00717	-0.0846433
7.452	-0.305855	1.84549	1.10717	1.16996	0.314979	-1.00577	-0.0846433
7.47	-0.305855	1.84549	1.10717	1.16996	0.314979	-1.00577	-0.0846433
7.488	-0.308057	1.84474	1.10692	1.16804	0.314979	-1.00374	-0.0846433
7.506	-0.310242	1.84398	1.10666	1.16614	0.314979	-1.00146	-0.0846433
7.524	-0.312411	1.84327	1.10644	1.16436	0.314979	-0.998635	-0.0846433
7.542	-0.314562	1.84247	1.10612	1.1626	0.314979	-0.995775	-0.0846433
7.56	-0.316782	1.84162	1.10592	1.16089	0.314979	-0.992838	-0.0846433
7.578	-0.318992	1.84073	1.10573	1.15907	0.314979	-0.990104	-0.0846433
7.596	-0.321274	1.83979	1.10557	1.15741	0.314979	-0.987367	-0.0846433
7.614	-0.323502	1.83886	1.1054	1.15567	0.314979	-0.984751	-0.0846433
7.632	-0.325729	1.83787	1.10521	1.15409	0.314979	-0.982039	-0.0846433
7.65	-0.327957	1.83691	1.10511	1.15254	0.314979	-0.979176	-0.0846433
7.668	-0.330219	1.83584	1.10493	1.15099	0.314979	-0.976534	-0.0846433
7.686	-0.330219	1.83584	1.10493	1.15099	0.314979	-0.976534	-0.0846433
7.704	-0.33248	1.8348	1.10477	1.14946	0.314979	-0.974163	-0.0846433
7.722	-0.334755	1.83369	1.10452	1.14787	0.314979	-0.972042	-0.0846433
7.74	-0.337177	1.8326	1.10421	1.14625	0.314979	-0.970478	-0.0846416
7.758	-0.339576	1.83159	1.10376	1.1446	0.314979	-0.969019	-0.0846416
7.776	-0.342005	1.8305	1.10338	1.143	0.314979	-0.96773	-0.0846416
7.794	-0.344362	1.82943	1.10303	1.14147	0.314979	-0.96672	-0.0846416
7.812	-0.346713	1.82834	1.10269	1.13995	0.314977	-0.965748	-0.0846416
7.83	-0.349101	1.82729	1.10237	1.13857	0.314979	-0.964461	-0.0846416
7.848	-0.351436	1.82623	1.10206	1.13715	0.314977	-0.963333	-0.0846416
7.866	-0.353779	1.82517	1.10178	1.13566	0.314977	-0.962411	-0.0846416
7.884	-0.356179	1.82407	1.10152	1.13442	0.314977	-0.961059	-0.0846416
7.902	-0.356179	1.82407	1.10152	1.13442	0.314977	-0.961059	-0.0846416
7.92	-0.358472	1.82306	1.10124	1.13312	0.314977	-0.959621	-0.0846416
7.938	-0.360861	1.822	1.10103	1.13179	0.314977	-0.95856	-0.0846416
7.956	-0.363152	1.82104	1.10085	1.13052	0.314977	-0.95735	-0.0846416
7.974	-0.36536	1.82013	1.10059	1.12923	0.314977	-0.956169	-0.0846416
7.992	-0.367636	1.81932	1.1003	1.12787	0.314977	-0.955457	-0.0846416
8.01	-0.369822	1.81856	1.09987	1.12653	0.314975	-0.955024	-0.0846416
8.028	-0.372036	1.8178	1.09949	1.12512	0.314975	-0.954799	-0.0846416
8.046	-0.374229	1.81705	1.09919	1.12366	0.314975	-0.954777	-0.0846399
8.064	-0.376397	1.81634	1.09888	1.12233	0.314975	-0.95478	-0.0846399
8.082	-0.378512	1.81568	1.09858	1.121	0.314975	-0.954787	-0.0846399
8.1	-0.380641	1.81511	1.09828	1.11967	0.314975	-0.954787	-0.0846399
8.118	-0.380641	1.81511	1.09828	1.11967	0.314975	-0.954787	-0.0846399
8.136	-0.382723	1.81459	1.09794	1.11843	0.314975	-0.954787	-0.0846399
8.154	-0.384707	1.81417	1.09758	1.11706	0.314975	-0.954787	-0.0846399
8.172	-0.386751	1.81374	1.0972	1.11578	0.314975	-0.954787	-0.0846399
8.19	-0.388702	1.81336	1.0968	1.11448	0.314975	-0.954787	-0.0846399
8.208	-0.390697	1.81303	1.09639	1.11311	0.314975	-0.954789	-0.0846399
8.226	-0.39269	1.81274	1.09587	1.11169	0.314975	-0.954787	-0.0846399
8.244	-0.394698	1.81249	1.09541	1.11028	0.314975	-0.954789	-0.0846399
8.262	-0.39665	1.81223	1.09492	1.10872	0.314975	-0.954787	-0.0846399
8.28	-0.398705	1.81199	1.09445	1.10717	0.314975	-0.954787	-0.0846399
8.298	-0.400637	1.81181	1.09393	1.10548	0.314975	-0.954787	-0.0846399
8.316	-0.402701	1.81159	1.09343	1.10377	0.314975	-0.954787	-0.0846399
8.334	-0.402701	1.81159	1.09343	1.10377	0.314975	-0.954787	-0.0846399
8.352	-0.404647	1.81138	1.09285	1.10196	0.314975	-0.954789	-0.0846399
8.37	-0.406736	1.8111	1.09228	1.1001	0.314975	-0.954789	-0.0846382
8.388	-0.408743	1.81082	1.0917	1.09812	0.314975	-0.954789	-0.0846399
8.406	-0.410826	1.81051	1.09113	1.09617	0.314975	-0.95479	-0.0846382
8.424	-0.412848	1.81022	1.09052	1.09421	0.314975	-0.95479	-0.0846382
8.442	-0.415013	1.8099	1.08993	1.09225	0.314975	-0.954789	-0.0846382
8.46	-0.417114	1.80954	1.08929	1.09021	0.314975	-0.95479	-0.0846382
8.478	-0.419347	1.80917	1.0887	1.08811	0.314975	-0.95479	-0.0846382
8.496	-0.421535	1.80879	1.08804	1.08598	0.314975	-0.954792	-0.0846382
8.514	-0.42378	1.80837	1.08742	1.0838	0.314975	-0.954789	-0.0846382
8.532	-0.42378	1.80837	1.08742	1.0838	0.314975	-0.954789	-0.0846382
8.55	-0.425989	1.80793	1.08683	1.08162	0.314975	-0.954792	-0.0846382
8.568	-0.428246	1.80744	1.08626	1.07945	0.314975	-0.954789	-0.0846382
8.586	-0.43051	1.80691	1.0858	1.07721	0.314975	-0.954794	-0.0846382
8.604	-0.432795	1.80625	1.08538	1.07503	0.314975	-0.954792	-0.0846382
8.622	-0.435184	1.80558	1.08502	1.07277	0.314975	-0.954794	-0.0846382
8.64	-0.437554	1.80484	1.08455	1.07045	0.314975	-0.954795	-0.0846382
8.658	-0.440003	1.80421	1.08405	1.06804	0.314975	-0.95479	-0.0846382
8.676	-0.442429	1.80351	1.08355	1.06554	0.314975	-0.954792	-0.0846365
8.694	-0.44484	1.80275	1.0831	1.063	0.314975	-0.95479	-0.0846365
8.712	-0.447288	1.80202	1.08276	1.0604	0.314975	-0.954792	-0.0846365
8.73	-0.449703	1.80126	1.08234	1.05784	0.314975	-0.954797	-0.0846365
8.748	-0.449703	1.80126	1.08234	1.05784	0.314975	-0.954797	-0.0846365
8.766	-0.452129	1.80055	1.08195	1.05532	0.314975	-0.954792	-0.0846365
8.784	-0.454617	1.79987	1.08159	1.05281	0.314975	-0.95479	-0.0846365
8.802	-0.457039	1.79916	1.08113	1.05027	0.314975	-0.954792	-0.0846365
8.82	-0.459528	1.79852	1.08069	1.0477	0.314975	-0.95479	-0.0846365
8.838	-0.461958	1.79792	1.08018	1.04505	0.314975	-0.954792	-0.0846365
8.856	-0.464373	1.79732	1.07963	1.04246	0.314973	-0.954792	-0.0846365
8.874	-0.466825	1.79675	1.07911	1.03992	0.314973	-0.954789	-0.0846365
8.892	-0.469188	1.79623	1.07852	1.03744	0.314975	-0.954792	-0.0846365
8.91	-0.471547	1.79574	1.07789	1.03504	0.314973	-0.954792	-0.0846365
8.928	-0.47398	1.79529	1.07727	1.03274	0.314973	-0.95479	-0.0846365
8.946	-0.476328	1.79488	1.07659	1.03041	0.314975	-0.954794	-0.0846365
8.964	-0.476328	1.79488	1.07659	1.03041	0.314975	-0.954794	-0.0846365
8.982	-0.478774	1.79447	1.07594	1.02817	0.314975	-0.95479	-0.0846365
9	-0.481075	1.79406	1.07531	1.02588	0.314975	-0.954794	-0.0846365
9.018	-0.483367	1.79362	1.07464	1.02369	0.314973	-0.954792	-0.0846365
9.036	-0.485661	1.79328	1.07397	1.02156	0.314973	-0.954792	-0.0846365
9.054	-0.487872	1.79291	1.07325	1.01954	0.314973	-0.954794	-0.0846365
9.072	-0.490114	1.79258	1.07252	1.01761	0.314973	-0.954794	-0.0846365
9.09	-0.492277	1.79218	1.07182	1.01586	0.314975	-0.954794	-0.0846365
9.108	-0.494434	1.79176	1.07123	1.01413	0.314973	-0.954794	-0.0846365
9.126	-0.496562	1.79127	1.07067	1.01251	0.314973	-0.954794	-0.0846365
9.144	-0.498628	1.79082	1.07011	1.01089	0.314973	-0.954794	-0.0846365
9.162	-0.500705	1.7903	1.06955	1.00933	0.314973	-0.954792	-0.0846365
9.18	-0.500705	1.7903	1.06955	1.00933	0.314973	-0.954792	-0.0846365
9.198	-0.502624	1.78984	1.06892	1.00778	0.314973	-0.954794	-0.0846365
9.216	-0.504586	1.78938	1.06831	1.00629	0.314973	-0.954792	-0.0846348
9.234	-0.506431	1.7889	1.06769	1.00484	0.314973	-0.954789	-0.0846348
9.252	-0.508218	1.78843	1.06707	1.00346	0.314973	-0.954792	-0.0846348
9.27	-0.509964	1.78796	1.06643	1.00208	0.314973	-0.95479	-0.0846348
9.288	-0.511685	1.78742	1.06585	1.00081	0.314973	-0.954784	-0.0846348
9.306	-0.513393	1.78687	1.06537	0.999493	0.314973	-0.954782	-0.0846348
9.324	-0.515102	1.78631	1.06479	0.99825	0.314973	-0.954778	-0.0846348
9.342	-0.516816	1.78588	1.06424	0.997127	0.314973	-0.954748	-0.0846348
9.36	-0.518418	1.78541	1.06373	0.996105	0.314973	-0.954661	-0.0846348
9.378	-0.520059	1.78497	1.06331	0.99512	0.314973	-0.954543	-0.0846348
9.396	-0.520059	1.78497	1.06331	0.99512	0.314973	-0.954543	-0.0846348
9.414	-0.521616	1.78455	1.06282	0.994164	0.314973	-0.95431	-0.0846348
9.432	-0.523103	1.78417	1.06242	0.99334	0.314973	-0.953792	-0.0846348
9.45	-0.524569	1.7838	1.06207	0.992575	0.314973	-0.953129	-0.0846348
9.468	-0.526042	1.78338	1.06175	0.991754	0.314973	-0.9526	-0.0846331
9.486	-0.527473	1.7829	1.06152	0.990866	0.314973	-0.952269	-0.0846331
9.504	-0.52881	1.78242	1.06135	0.989922	0.314973	-0.951966	-0.0846331
9.522	-0.530151	1.78197	1.06105	0.989108	0.314973	-0.95175	-0.0846331
9.54	-0.531481	1.78164	1.06067	0.988268	0.314973	-0.951651	-0.0846331
9.558	-0.532791	1.7813	1.06024	0.987395	0.314973	-0.951615	-0.0846331
9.576	-0.534067	1.78094	1.0599	0.98655	0.314973	-0.951549	-0.0846331
9.594	-0.535257	1.78058	1.05963	0.985798	0.314973	-0.951339	-0.0846331
9.612	-0.535257	1.78058	1.05963	0.985798	0.314973	-0.951339	-0.0846331
9.63	-0.536414	1.78029	1.05939	0.985059	0.314973	-0.951042	-0.0846331
9.648	-0.53755	1.78001	1.05914	0.984334	0.314973	-0.950691	-0.0846331
9.666	-0.538616	1.77975	1.05893	0.983655	0.314973	-0.950166	-0.0846331
9.684	-0.539648	1.77951	1.05873	0.982998	0.314973	-0.949326	-0.0846331
9.702	-0.540593	1.7793	1.05849	0.982356	0.314973	-0.948394	-0.0846331
9.72	-0.541505	1.77911	1.0583	0.98174	0.314973	-0.947446	-0.0846331
9.738	-0.54234	1.77888	1.05819	0.981161	0.314973	-0.946307	-0.0846331
9.756	-0.543186	1.77865	1.05818	0.980603	0.314973	-0.944698	-0.0846331
9.774	-0.544002	1.77836	1.05814	0.979894	0.314973	-0.943124	-0.0846331
9.792	-0.544876	1.77812	1.05813	0.979291	0.314973	-0.94138	-0.0846331
9.81	-0.545642	1.77793	1.05805	0.97867	0.314973	-0.939669	-0.0846331
9.828	-0.545642	1.77793	1.05805	0.97867	0.314973	-0.939669	-0.0846331
9.846	-0.546424	1.77781	1.05803	0.978191	0.314973	-0.938252	-0.0846331
9.864	-0.547213	1.77775	1.05801	0.977777	0.314973	-0.936793	-0.0846314
9.882	-0.547972	1.77767	1.05792	0.977305	0.314973	-0.935882	-0.0846314
9.9	-0.548725	1.77759	1.05785	0.976814	0.314973	-0.935541	-0.0846314
9.918	-0.549456	1.7775	1.05778	0.976264	0.314973	-0.935544	-0.0846314
9.936	-0.55017	1.77741	1.05773	0.975799	0.314973	-0.935546	-0.0846314
9.954	-0.550875	1.77735	1.05766	0.97543	0.314973	-0.935547	-0.0846314
9.972	-0.551549	1.7773	1.05754	0.975045	0.314973	-0.935546	-0.0846314
9.99	-0.55221	1.77727	1.05741	0.974731	0.314973	-0.935546	-0.0846314
10.008	-0.552848	1.77725	1.0572	0.974466	0.314973	-0.935546	-0.0846314
10.026	-0.552848	1.77725	1.0572	0.974466	0.314973	-0.935546	-0.0846314
10.044	-0.553479	1.77722	1.05689	0.974202	0.314973	-0.935546	-0.0846314
10.062	-0.55408	1.77718	1.05657	0.973961	0.314973	-0.935546	-0.0846314
10.08	-0.554698	1.77709	1.0563	0.973735	0.314973	-0.935546	-0.0846314
10.098	-0.555297	1.77695	1.05607	0.973447	0.314973	-0.935546	-0.0846314
10.116	-0.555918	1.77678	1.05587	0.97317	0.314973	-0.935546	-0.0846314
10.134	-0.556533	1.77658	1.05567	0.972898	0.314973	-0.935546	-0.0846314
10.152	-0.557147	1.77639	1.05548	0.972597	0.314973	-0.935546	-0.0846314
10.17	-0.557778	1.77617	1.05529	0.972351	0.314971	-0.935546	-0.0846314
10.188	-0.558408	1.77597	1.0551	0.972114	0.314973	-0.935546	-0.0846314
10.206	-0.559096	1.77574	1.05489	0.971821	0.314973	-0.935544	-0.0846314
10.224	-0.559801	1.77548	1.05468	0.97149	0.314971	-0.935544	-0.0846314
10.242	-0.559801	1.77548	1.05468	0.97149	0.314971	-0.935544	-0.0846314
10.26	-0.560534	1.7752	1.05447	0.971149	0.314973	-0.935544	-0.0846314
10.278	-0.561241	1.7749	1.05421	0.970777	0.314971	-0.935544	-0.0846297
10.296	-0.561942	1.7746	1.05396	0.970402	0.314973	-0.935544	-0.0846297
10.314	-0.562659	1.7743	1.05367	0.969987	0.314971	-0.935544	-0.0846297
10.332	-0.563367	1.77401	1.05328	0.96949	0.314973	-0.935544	-0.0846297
10.35	-0.564114	1.77375	1.05284	0.968967	0.314971	-0.935544	-0.0846297
10.368	-0.564847	1.77348	1.05241	0.968318	0.314971	-0.935544	-0.0846297
10.386	-0.565557	1.7732	1.05211	0.967581	0.314971	-0.935544	-0.0846297
10.404	-0.566251	1.77293	1.05194	0.966902	0.314973	-0.935544	-0.0846297
10.422	-0.56692	1.7727	1.05184	0.966243	0.314971	-0.935544	-0.0846297
10.44	-0.567541	1.7725	1.05179	0.965639	0.314971	-0.935544	-0.0846297
10.458	-0.567541	1.7725	1.05179	0.965639	0.314971	-0.935544	-0.0846297
10.476	-0.568103	1.77235	1.05178	0.965108	0.314971	-0.935544	-0.0846297
10.494	-0.568649	1.77222	1.05177	0.964638	0.314971	-0.935546	-0.0846297
10.512	-0.569123	1.77212	1.05173	0.964208	0.314971	-0.935546	-0.0846297
10.53	-0.569567	1.77202	1.05169	0.963852	0.314971	-0.935546	-0.0846297
10.548	-0.569971	1.77194	1.05165	0.963558	0.314969	-0.935546	-0.0846297
10.566	-0.57032	1.7719	1.05155	0.963308	0.314969	-0.935546	-0.0846297
10.584	-0.570648	1.77188	1.05139	0.963124	0.314969	-0.935546	-0.0846297
10.602	-0.570911	1.77187	1.05122	0.96298	0.314969	-0.935546	-0.0846297
10.62	-0.571144	1.77187	1.05114	0.962877	0.314969	-0.935546	-0.0846297
10.638	-0.571326	1.77187	1.05111	0.962809	0.314969	-0.935544	-0.0846297
10.656	-0.571461	1.77187	1.05108	0.962778	0.314967	-0.935544	-0.0846297
10.674	-0.571461	1.77187	1.05108	0.962778	0.314967	-0.935544	-0.0846297
10.692	-0.57155	1.77186	1.05106	0.962772	0.314967	-0.935544	-0.0846297
10.71	-0.571589	1.77186	1.05102	0.962762	0.314967	-0.935544	-0.0846297
10.728	-0.571598	1.77186	1.05101	0.96275	0.314967	-0.935544	-0.0846297
10.746	-0.571597	1.77186	1.051	0.962739	0.314967	-0.935544	-0.0846297
10.764	-0.571593	1.77186	1.051	0.962729	0.314967	-0.935544	-0.0846297
10.782	-0.571593	1.77186	1.051	0.962725	0.314967	-0.935544	-0.0846297
10.8	-0.571592	1.77186	1.051	0.962724	0.314967	-0.935546	-0.0846297
10.818	-0.571592	1.77187	1.051	0.962722	0.314967	-0.935546	-0.0846297
10.836	-0.571592	1.77187	1.051	0.962722	0.314967	-0.935546	-0.0846297
10.854	-0.571592	1.77187	1.051	0.962722	0.314967	-0.935546	-0.0846297
10.872	-0.571591	1.77187	1.051	0.962722	0.314965	-0.935546	-0.0846297
10.89	-0.571591	1.77187	1.051	0.962722	0.314965	-0.935546	-0.0846297
10.908	-0.571589	1.77188	1.051	0.96272	0.314965	-0.935547	-0.0846297
10.926	-0.571589	1.77192	1.05101	0.96272	0.314965	-0.935547	-0.0846297
10.944	-0.571589	1.77196	1.05101	0.96272	0.314965	-0.935547	-0.0846297
10.962	-0.571584	1.77199	1.05101	0.962715	0.314965	-0.935549	-0.0846297
10.98	-0.571575	1.77201	1.05101	0.962693	0.314965	-0.935552	-0.0846297
10.998	-0.571575	1.77203	1.05101	0.962676	0.314965	-0.935554	-0.0846297
11.016	-0.571575	1.77206	1.05101	0.962674	0.314963	-0.935554	-0.0846297
11.034	-0.571575	1.77211	1.05101	0.962674	0.314963	-0.935556	-0.084628
11.052	-0.571567	1.77215	1.05101	0.962674	0.314963	-0.935558	-0.0846297
11.07	-0.571533	1.77217	1.05101	0.962674	0.314963	-0.935558	-0.0846297
11.088	-0.571528	1.77217	1.05101	0.962674	0.314961	-0.935559	-0.0846297
11.106	-0.571528	1.77217	1.05101	0.962674	0.314961	-0.935559	-0.0846297
11.124	-0.571529	1.77217	1.05101	0.962674	0.314961	-0.935561	-0.0846297
11.142	-0.571528	1.77217	1.05101	0.962674	0.314961	-0.935561	-0.0846297
11.16	-0.571491	1.77217	1.05101	0.962674	0.314961	-0.935563	-0.0846297
11.178	-0.571468	1.77217	1.05101	0.962674	0.314961	-0.935564	-0.0846297
11.196	-0.571446	1.77219	1.05101	0.962674	0.314959	-0.935564	-0.084628
11.214	-0.5714	1.77221	1.05101	0.962672	0.314959	-0.935566	-0.0846297
11.232	-0.571364	1.77224	1.05101	0.962674	0.314959	-0.935568	-0.084628
11.25	-0.571306	1.77228	1.05101	0.962674	0.314959	-0.935568	-0.084628
11.268	-0.571295	1.77228	1.05101	0.962675	0.314959	-0.935571	-0.084628
11.286	-0.571295	1.77227	1.05101	0.962676	0.314957	-0.935575	-0.0846297
11.304	-0.571282	1.77227	1.05101	0.962676	0.314957	-0.935576	-0.0846297
11.322	-0.571282	1.77227	1.05101	0.962676	0.314957	-0.935576	-0.0846297
11.34	-0.571247	1.77226	1.05101	0.962676	0.314957	-0.935583	-0.084628
11.358	-0.571222	1.77226	1.05101	0.962676	0.314957	-0.935588	-0.0846297
11.376	-0.571155	1.77226	1.05101	0.962676	0.314957	-0.935593	-0.084628
11.394	-0.571054	1.77226	1.05101	0.962676	0.314959	-0.935605	-0.084628
11.412	-0.570927	1.77225	1.05101	0.962676	0.314959	-0.935612	-0.084628
11.43	-0.57077	1.77225	1.05101	0.962678	0.314959	-0.935617	-0.084628
11.448	-0.570646	1.77225	1.05101	0.962678	0.314959	-0.935621	-0.0846297
11.466	-0.570528	1.77227	1.05101	0.962678	0.314959	-0.935624	-0.0846297
11.484	-0.570439	1.7723	1.05101	0.962678	0.314959	-0.935626	-0.084628
11.502	-0.570386	1.77231	1.05101	0.962678	0.314959	-0.935627	-0.084628
11.52	-0.570351	1.77232	1.05101	0.962678	0.314959	-0.935627	-0.084628
11.538	-0.570351	1.77232	1.05101	0.962678	0.314959	-0.935627	-0.084628
11.556	-0.570343	1.77232	1.05101	0.962678	0.314959	-0.935627	-0.084628
11.574	-0.570344	1.77233	1.05101	0.962679	0.314959	-0.935629	-0.084628
11.592	-0.570346	1.77234	1.05101	0.962679	0.314959	-0.935629	-0.084628
11.61	-0.570346	1.77235	1.05101	0.962679	0.314959	-0.935629	-0.084628
11.628	-0.570346	1.77237	1.05101	0.962679	0.314959	-0.935629	-0.084628
11.646	-0.570346	1.7724	1.05101	0.96268	0.314959	-0.935629	-0.084628
11.664	-0.570346	1.77241	1.05101	0.96268	0.314959	-0.935629	-0.084628
11.682	-0.570346	1.77242	1.05101	0.96268	0.314959	-0.935629	-0.084628
11.7	-0.570346	1.77243	1.05101	0.96268	0.314959	-0.935629	-0.084628
11.718	-0.570346	1.77244	1.05101	0.96268	0.314959	-0.935629	-0.084628
11.736	-0.570346	1.77243	1.05101	0.96268	0.314959	-0.935629	-0.084628
11.754	-0.570346	1.77243	1.05101	0.96268	0.314959	-0.935629	-0.084628
11.772	-0.570346	1.77243	1.05101	0.96268	0.314959	-0.935629	-0.084628
11.79	-0.570346	1.77244	1.05101	0.96268	0.314959	-0.935629	-0.084628
11.808	-0.570346	1.77245	1.05101	0.96268	0.314959	-0.935629	-0.084628
11.826	-0.570346	1.77245	1.05101	0.96268	0.314959	-0.935631	-0.084628
11.844	-0.570346	1.77245	1.05101	0.96268	0.314959	-0.935631	-0.084628
11.862	-0.570346	1.77245	1.05101	0.96268	0.314959	-0.935631	-0.084628
11.88	-0.570346	1.77246	1.05101	0.96268	0.314959	-0.935631	-0.084628
11.898	-0.570346	1.77246	1.05101	0.96268	0.314959	-0.935631	-0.084628
11.916	-0.570346	1.77245	1.05101	0.96268	0.314959	-0.935633	-0.084628
11.934	-0.570346	1.77246	1.05101	0.96268	0.314959	-0.935633	-0.084628
11.952	-0.570346	1.77246	1.05101	0.96268	0.314959	-0.935633	-0.084628
11.97	-0.570346	1.77246	1.05101	0.96268	0.314959	-0.935633	-0.084628
11.988	-0.570346	1.77246	1.05101	0.96268	0.314959	-0.935633	-0.084628
12.006	-0.570346	1.77247	1.05101	0.96268	0.314959	-0.935633	-0.084628
12.024	-0.570346	1.77246	1.05101	0.96268	0.314959	-0.935633	-0.084628
12.042	-0.570346	1.77246	1.05101	0.96268	0.314959	-0.935633	-0.084628
12.06	-0.570346	1.77247	1.05101	0.96268	0.314959	-0.935633	-0.084628
12.078	-0.570346	1.77247	1.05101	0.96268	0.314959	-0.935633	-0.084628
12.096	-0.570346	1.77248	1.05101	0.96268	0.314959	-0.935633	-0.084628
12.114	-0.570346	1.77248	1.05101	0.96268	0.314959	-0.935633	-0.084628
12.132	-0.570346	1.77248	1.05101	0.962681	0.314959	-0.935633	-0.084628
12.15	-0.570346	1.77248	1.05101	0.96268	0.314959	-0.935633	-0.084628
12.168	-0.570346	1.77248	1.05101	0.96268	0.314959	-0.935633	-0.084628
12.186	-0.570346	1.77248	1.05101	0.96268	0.314959	-0.935633	-0.084628
12.204	-0.570346	1.77248	1.05101	0.96268	0.314959	-0.935633	-0.084628
12.222	-0.570346	1.77249	1.05101	0.96268	0.314959	-0.935633	-0.084628
12.24	-0.570346	1.7725	1.05101	0.96268	0.314959	-0.935633	-0.084628
12.258	-0.570346	1.7725	1.05101	0.96268	0.314959	-0.935633	-0.084628
12.276	-0.570346	1.7725	1.05101	0.96268	0.314959	-0.935633	-0.084628
12.294	-0.570346	1.7725	1.05101	0.96268	0.314959	-0.935633	-0.084628
12.312	-0.570346	1.77251	1.05101	0.96268	0.314959	-0.935633	-0.084628
12.33	-0.570346	1.77252	1.05101	0.96268	0.314959	-0.935633	-0.084628
12.348	-0.570346	1.77251	1.05101	0.96268	0.314959	-0.935633	-0.084628
12.366	-0.570346	1.77251	1.05101	0.962681	0.314959	-0.935633	-0.084628
12.384	-0.570346	1.77251	1.05101	0.962681	0.314959	-0.935633	-0.084628
12.402	-0.570344	1.77251	1.05101	0.96268	0.314959	-0.935633	-0.084628
12.42	-0.570346	1.77251	1.05101	0.96268	0.314959	-0.935633	-0.084628
12.438	-0.570346	1.77251	1.05101	0.96268	0.314959	-0.935633	-0.084628
12.456	-0.570346	1.77252	1.05101	0.96268	0.314959	-0.935633	-0.084628
12.474	-0.570344	1.77253	1.05101	0.96268	0.314959	-0.935633	-0.084628
12.492	-0.570346	1.77253	1.05101	0.96268	0.314959	-0.935633	-0.084628
12.51	-0.570346	1.77253	1.05101	0.96268	0.314959	-0.935633	-0.084628
12.528	-0.570346	1.77253	1.05101	0.96268	0.314959	-0.935633	-0.084628
12.546	-0.570346	1.77253	1.05101	0.96268	0.314959	-0.935633	-0.084628
12.564	-0.570346	1.77253	1.05101	0.96268	0.314959	-0.935633	-0.084628
12.582	-0.570346	1.77253	1.05101	0.96268	0.314959	-0.935633	-0.084628
12.6	-0.570346	1.77253	1.05101	0.96268	0.314959	-0.935633	-0.084628
12.618	-0.570346	1.77254	1.05101	0.96268	0.314959	-0.935633	-0.084628
12.636	-0.570346	1.77254	1.05101	0.962681	0.314959	-0.935633	-0.084628
12.654	-0.570346	1.77254	1.05101	0.96268	0.314959	-0.935633	-0.084628
12.672	-0.570346	1.77254	1.05101	0.96268	0.314959	-0.935633	-0.084628
12.69	-0.570346	1.77254	1.05101	0.962681	0.314959	-0.935633	-0.084628
12.708	-0.570346	1.77254	1.05101	0.96268	0.314959	-0.935633	-0.084628
12.726	-0.570346	1.77254	1.05101	0.96268	0.314959	-0.935633	-0.084628
12.744	-0.570346	1.77254	1.05101	0.96268	0.314959	-0.935633	-0.084628
12.762	-0.570346	1.77254	1.05101	0.962681	0.314959	-0.935633	-0.084628
12.78	-0.570346	1.77254	1.05101	0.96268	0.314959	-0.935633	-0.084628
12.798	-0.570346	1.77254	1.05101	0.96268	0.314959	-0.935633	-0.084628
12.816	-0.570346	1.77254	1.05101	0.96268	0.314959	-0.935633	-0.084628
12.834	-0.570346	1.77255	1.05101	0.96268	0.314959	-0.935633	-0.084628
12.852	-0.570346	1.77255	1.05101	0.96268	0.314957	-0.935633	-0.084628
12.87	-0.570346	1.77255	1.05101	0.96268	0.314959	-0.935633	-0.084628
12.888	-0.570346	1.77255	1.05101	0.962681	0.314959	-0.935634	-0.084628
12.906	-0.570346	1.77255	1.05101	0.96268	0.314959	-0.935633	-0.084628
12.924	-0.570346	1.77255	1.05101	0.962681	0.314959	-0.935633	-0.084628
12.942	-0.570346	1.77255	1.05101	0.96268	0.314959	-0.935633	-0.0846263
12.96	-0.570346	1.77255	1.05101	0.96268	0.314959	-0.935633	-0.0846263
12.978	-0.570346	1.77255	1.05101	0.96268	0.314959	-0.935633	-0.084628
12.996	-0.570346	1.77255	1.05101	0.96268	0.314959	-0.935633	-0.084628
13.014	-0.570346	1.77255	1.05101	0.96268	0.314959	-0.935633	-0.084628
13.032	-0.570346	1.77255	1.05101	0.96268	0.314959	-0.935633	-0.084628
13.05	-0.570346	1.77255	1.05101	0.96268	0.314959	-0.935633	-0.084628
13.068	-0.570346	1.77255	1.05101	0.96268	0.314959	-0.935633	-0.084628
13.086	-0.570346	1.77255	1.05101	0.96268	0.314959	-0.935633	-0.084628
13.104	-0.570346	1.77255	1.05101	0.96268	0.314959	-0.935633	-0.084628
13.122	-0.570346	1.77255	1.05101	0.96268	0.314959	-0.935633	-0.084628
13.14	-0.570346	1.77255	1.05101	0.96268	0.314959	-0.935633	-0.084628
13.158	-0.570346	1.77255	1.05101	0.96268	0.314959	-0.935633	-0.084628
13.176	-0.570346	1.77255	1.05101	0.962681	0.314959	-0.935633	-0.084628
13.194	-0.570346	1.77255	1.05101	0.96268	0.314959	-0.935633	-0.084628
13.212	-0.570346	1.77255	1.05101	0.96268	0.314959	-0.935633	-0.084628
13.23	-0.570346	1.77255	1.05101	0.96268	0.314959	-0.935633	-0.084628
13.248	-0.570346	1.77255	1.05101	0.96268	0.314959	-0.935634	-0.084628
13.266	-0.570346	1.77255	1.05101	0.96268	0.314959	-0.935634	-0.0846263
13.284	-0.570346	1.77255	1.05101	0.962681	0.314959	-0.935634	-0.0846263
13.302	-0.570346	1.77255	1.05101	0.962681	0.314959	-0.935633	-0.0846263
13.32	-0.570346	1.77255	1.05101	0.96268	0.314959	-0.935633	-0.0846263
13.338	-0.570346	1.77255	1.05101	0.96268	0.314959	-0.935633	-0.0846263
13.356	-0.570346	1.77255	1.05101	0.96268	0.314959	-0.935633	-0.0846263
13.374	-0.570346	1.77255	1.05101	0.96268	0.314959	-0.935633	-0.0846263
13.392	-0.570346	1.77255	1.05101	0.96268	0.314959	-0.935633	-0.0846263
13.41	-0.570346	1.77255	1.05101	0.96268	0.314959	-0.935633	-0.0846263
13.428	-0.570346	1.77255	1.05101	0.96268	0.314959	-0.935633	-0.0846263
13.446	-0.570346	1.77255	1.05101	0.96268	0.314959	-0.935633	-0.0846263
13.464	-0.570346	1.77255	1.05101	0.96268	0.314959	-0.935633	-0.0846263
13.482	-0.570346	1.77255	1.05101	0.96268	0.314959	-0.935633	-0.0846263
13.5	-0.570346	1.77255	1.05101	0.96268	0.314959	-0.935633	-0.0846263
13.518	-0.570346	1.77255	1.05101	0.96268	0.314959	-0.935633	-0.0846263
13.536	-0.570346	1.77255	1.05101	0.96268	0.314959	-0.935633	-0.0846263
13.554	-0.570346	1.77255	1.05101	0.96268	0.314959	-0.935633	-0.0846263
13.572	-0.570346	1.77255	1.05101	0.96268	0.314959	-0.935634	-0.0846263
13.59	-0.570346	1.77255	1.05101	0.96268	0.314959	-0.935634	-0.0846263
13.608	-0.570346	1.77255	1.05101	0.96268	0.314959	-0.935634	-0.0846263
