1.602	0.292653	1.87105	1.12769	1.51287	0.181278	-1.18378	-0.0847081
1.62	0.292653	1.87105	1.12769	1.51287	0.181278	-1.18378	-0.0847064
1.638	0.292653	1.87105	1.12769	1.51287	0.181276	-1.18378	-0.0847064
1.656	0.292653	1.87105	1.12769	1.51287	0.181276	-1.18378	-0.0847047
1.674	0.292653	1.87105	1.12769	1.51287	0.181276	-1.18378	-0.0847047
1.692	0.292653	1.87105	1.12769	1.51287	0.181276	-1.18378	-0.0847047
1.71	0.292653	1.87105	1.12769	1.51287	0.181276	-1.18378	-0.0847047
1.728	0.292653	1.87106	1.12769	1.51287	0.181276	-1.18378	-0.084703
1.746	0.292653	1.87106	1.12769	1.51287	0.181276	-1.18378	-0.084703
1.764	0.292653	1.87106	1.12769	1.51287	0.181276	-1.18378	-0.084703
1.782	0.292653	1.87106	1.12769	1.51287	0.181276	-1.18378	-0.0847013
1.8	0.292653	1.87106	1.12769	1.51287	0.181276	-1.18378	-0.0847013
1.818	0.292653	1.87106	1.12769	1.51287	0.181276	-1.18378	-0.0847013
1.836	0.292653	1.87106	1.12769	1.51287	0.181276	-1.18378	-0.0847013
1.854	0.292653	1.87106	1.12769	1.51287	0.181276	-1.18378	-0.0847013
1.872	0.292653	1.87106	1.12769	1.51287	0.181276	-1.18378	-0.0846996
1.89	0.292653	1.87106	1.12769	1.51287	0.181276	-1.18378	-0.0846996
1.908	0.292653	1.87106	1.12769	1.51287	0.181276	-1.18378	-0.0846996
1.926	0.292653	1.87106	1.12769	1.51287	0.181276	-1.18378	-0.0846979
1.944	0.292653	1.87106	1.12769	1.51287	0.181276	-1.18378	-0.0846979
1.962	0.292651	1.87106	1.12769	1.51287	0.181276	-1.18378	-0.0846979
1.98	0.292651	1.87106	1.12769	1.51287	0.181276	-1.18378	-0.0846962
1.998	0.292651	1.87106	1.12769	1.51287	0.181276	-1.18378	-0.0846962
2.016	0.292651	1.87106	1.12769	1.51287	0.181276	-1.18378	-0.0846962
2.034	0.292651	1.87106	1.12769	1.51287	0.181276	-1.18378	-0.0846962
2.052	0.292651	1.87106	1.12769	1.51287	0.181276	-1.18378	-0.0846962
2.07	0.292651	1.87106	1.12769	1.51287	0.181276	-1.18378	-0.0846945
2.088	0.292651	1.87106	1.12769	1.51287	0.181276	-1.18378	-0.0846945
2.106	0.292651	1.87106	1.12769	1.51287	0.181276	-1.18378	-0.0846945
2.124	0.292641	1.87106	1.12769	1.51287	0.181276	-1.18378	-0.0846945
2.142	0.292608	1.87106	1.12769	1.51287	0.181276	-1.18378	-0.0846945
2.16	0.292577	1.87106	1.12769	1.51287	0.181276	-1.18378	-0.0846945
2.178	0.292539	1.87106	1.12769	1.51287	0.181274	-1.18378	-0.0846928
2.196	0.29248	1.87106	1.12769	1.51287	0.181274	-1.18378	-0.0846928
2.214	0.292395	1.87106	1.12769	1.51287	0.181276	-1.18378	-0.0846911
2.232	0.292278	1.87106	1.12769	1.51287	0.181276	-1.18378	-0.0846911
2.25	0.292125	1.87105	1.12769	1.51287	0.181276	-1.18378	-0.0846911
2.268	0.291914	1.87105	1.12769	1.51287	0.181276	-1.18378	-0.0846893
2.286	0.291635	1.87105	1.12769	1.51287	0.181276	-1.18378	-0.0846893
2.304	0.291258	1.87105	1.12769	1.51287	0.181276	-1.18378	-0.0846893
2.322	0.291258	1.87105	1.12769	1.51287	0.181276	-1.18378	-0.0846893
2.34	0.290808	1.87105	1.12769	1.51287	0.181276	-1.18378	-0.0846893
2.358	0.290327	1.87105	1.12769	1.51288	0.181276	-1.18378	-0.0846893
2.376	0.289761	1.87105	1.12769	1.51289	0.181276	-1.18378	-0.0846893
2.394	0.289154	1.87105	1.12769	1.51289	0.181276	-1.18378	-0.0846876
2.412	0.288438	1.87105	1.12769	1.51289	0.181276	-1.18378	-0.0846876
2.43	0.287647	1.87105	1.12769	1.51289	0.181276	-1.18378	-0.0846876
2.448	0.286834	1.87105	1.12769	1.5129	0.181276	-1.18378	-0.0846876
2.466	0.285943	1.87106	1.12769	1.51293	0.181276	-1.18378	-0.0846876
2.484	0.285021	1.87106	1.12769	1.51295	0.181276	-1.18378	-0.0846859
2.502	0.284056	1.87106	1.12769	1.513	0.181276	-1.18378	-0.0846859
2.52	0.283046	1.87106	1.12769	1.51304	0.181276	-1.18378	-0.0846859
2.538	0.283046	1.87106	1.12769	1.51304	0.181276	-1.18378	-0.0846859
2.556	0.281998	1.87106	1.1277	1.51308	0.181276	-1.18378	-0.0846842
2.574	0.280886	1.87106	1.1277	1.5131	0.181276	-1.18378	-0.0846842
2.592	0.279715	1.87106	1.1277	1.51318	0.181276	-1.18378	-0.0846842
2.61	0.278585	1.87106	1.12769	1.51329	0.181276	-1.18378	-0.0846842
2.628	0.277359	1.87106	1.1277	1.51348	0.181276	-1.18378	-0.0846842
2.646	0.276164	1.87106	1.1277	1.51361	0.181276	-1.18378	-0.0846825
2.664	0.274883	1.87106	1.1277	1.51384	0.181276	-1.18378	-0.0846825
2.682	0.273629	1.87106	1.1277	1.51416	0.181276	-1.18378	-0.0846825
2.7	0.272402	1.87107	1.1277	1.51447	0.181276	-1.18378	-0.0846825
2.718	0.271105	1.87107	1.1277	1.51489	0.181276	-1.18378	-0.0846825
2.736	0.269868	1.87107	1.1277	1.51538	0.181276	-1.18378	-0.0846825
2.754	0.269868	1.87107	1.1277	1.51538	0.181276	-1.18378	-0.0846825
2.772	0.268622	1.87107	1.1277	1.51588	0.181276	-1.18378	-0.0846808
2.79	0.267368	1.87107	1.12771	1.51642	0.181276	-1.18378	-0.0846808
2.808	0.266181	1.87108	1.12771	1.51698	0.181276	-1.18378	-0.0846808
2.826	0.265046	1.87108	1.1277	1.51755	0.181278	-1.18378	-0.0846791
2.844	0.263937	1.87108	1.12772	1.51818	0.18128	-1.18378	-0.0846791
2.862	0.262946	1.87108	1.12774	1.51883	0.18128	-1.18378	-0.0846774
2.88	0.261925	1.87108	1.12778	1.51957	0.181282	-1.18378	-0.0846774
2.898	0.260986	1.87108	1.12779	1.52024	0.181282	-1.18378	-0.0846757
2.916	0.260007	1.87108	1.1278	1.52096	0.181286	-1.18378	-0.0846757
2.934	0.259156	1.87109	1.12778	1.52166	0.181286	-1.18378	-0.0846757
2.952	0.258343	1.87109	1.12778	1.52248	0.181288	-1.18378	-0.0846757
2.97	0.258343	1.87109	1.12778	1.52248	0.181288	-1.18378	-0.0846757
2.988	0.257592	1.8711	1.12779	1.52327	0.18129	-1.18378	-0.084674
3.006	0.256852	1.8711	1.1278	1.52411	0.181294	-1.18378	-0.084674
3.024	0.256129	1.8711	1.1278	1.52496	0.181296	-1.18378	-0.084674
3.042	0.255427	1.8711	1.12779	1.52575	0.181298	-1.18378	-0.084674
3.06	0.254734	1.8711	1.1278	1.52661	0.1813	-1.18378	-0.0846723
3.078	0.254041	1.8711	1.12784	1.52751	0.181304	-1.18378	-0.0846723
3.096	0.253338	1.8711	1.12787	1.52835	0.181304	-1.18378	-0.0846723
3.114	0.252632	1.8711	1.12793	1.52925	0.181304	-1.18378	-0.0846706
3.132	0.251998	1.8711	1.12801	1.53017	0.181304	-1.18378	-0.0846706
3.15	0.251384	1.87111	1.12814	1.5312	0.181308	-1.18378	-0.0846706
3.168	0.251384	1.87111	1.12814	1.5312	0.181308	-1.18378	-0.0846706
3.186	0.250827	1.87111	1.12832	1.53229	0.181308	-1.18378	-0.0846689
3.204	0.250236	1.87111	1.12849	1.53341	0.181308	-1.18378	-0.0846689
3.222	0.249701	1.87111	1.1286	1.53456	0.181308	-1.18378	-0.0846672
3.24	0.249184	1.87112	1.12873	1.53579	0.18131	-1.18378	-0.0846672
3.258	0.248653	1.87112	1.12886	1.53707	0.181312	-1.18378	-0.0846672
3.276	0.248157	1.87112	1.12899	1.5384	0.181312	-1.18378	-0.0846655
3.294	0.24776	1.87113	1.12917	1.53982	0.181316	-1.18378	-0.0846655
3.312	0.247368	1.87113	1.12938	1.54122	0.181323	-1.18378	-0.0846655
3.33	0.246993	1.87114	1.12957	1.54264	0.181327	-1.18377	-0.0846655
3.348	0.246636	1.87115	1.12981	1.54407	0.181329	-1.18377	-0.0846655
3.366	0.246268	1.87115	1.13001	1.54546	0.181329	-1.18377	-0.0846638
3.384	0.246268	1.87115	1.13001	1.54546	0.181329	-1.18377	-0.0846638
3.402	0.245902	1.87116	1.13025	1.54687	0.181329	-1.18377	-0.0846638
3.42	0.245575	1.87117	1.13061	1.5483	0.181327	-1.18377	-0.0846638
3.438	0.245226	1.87117	1.13105	1.54976	0.181327	-1.18377	-0.0846621
3.456	0.244924	1.87118	1.13152	1.55127	0.181325	-1.18376	-0.0846621
3.474	0.244597	1.8712	1.13202	1.55277	0.181325	-1.18376	-0.0846621
3.492	0.244253	1.87121	1.13253	1.55423	0.181325	-1.18376	-0.0846604
3.51	0.24393	1.87121	1.13312	1.55572	0.181325	-1.18376	-0.0846604
3.528	0.243595	1.87121	1.13373	1.5572	0.181325	-1.18375	-0.0846604
3.546	0.243251	1.87122	1.13442	1.55869	0.181323	-1.18375	-0.0846587
3.564	0.24291	1.87122	1.13518	1.5601	0.181323	-1.18375	-0.0846587
3.582	0.242493	1.87123	1.13595	1.56143	0.181323	-1.18375	-0.0846587
3.6	0.242493	1.87123	1.13595	1.56143	0.181323	-1.18375	-0.0846587
3.618	0.242077	1.87124	1.13676	1.56276	0.181323	-1.18374	-0.084657
3.636	0.241634	1.87124	1.13763	1.56407	0.181323	-1.18374	-0.084657
3.654	0.241186	1.87125	1.13859	1.56532	0.181323	-1.18373	-0.084657
3.672	0.240742	1.87125	1.13957	1.56661	0.181323	-1.18371	-0.084657
3.69	0.240279	1.87127	1.14061	1.56785	0.181323	-1.18368	-0.084657
3.708	0.239787	1.87128	1.14165	1.56913	0.181323	-1.18363	-0.0846553
3.726	0.239303	1.8713	1.14283	1.57045	0.181323	-1.1835	-0.0846553
3.744	0.238815	1.87131	1.14403	1.57181	0.181323	-1.18329	-0.0846553
3.762	0.238214	1.87132	1.1453	1.57315	0.181323	-1.18305	-0.0846553
3.78	0.237634	1.87133	1.14663	1.57452	0.181321	-1.18264	-0.0846535
3.798	0.237049	1.87135	1.14796	1.57599	0.181323	-1.18189	-0.0846535
3.816	0.237049	1.87135	1.14796	1.57599	0.181323	-1.18189	-0.0846535
3.834	0.236386	1.87137	1.14941	1.57746	0.181321	-1.18051	-0.0846535
3.852	0.235764	1.87138	1.15089	1.57899	0.181321	-1.1789	-0.0846535
3.87	0.235097	1.87138	1.15239	1.58053	0.181321	-1.17683	-0.0846535
3.888	0.234401	1.87139	1.15386	1.58206	0.181321	-1.17444	-0.0846519
3.906	0.233669	1.87141	1.15533	1.58358	0.181321	-1.17181	-0.0846519
3.924	0.232857	1.87142	1.15683	1.58504	0.181321	-1.16917	-0.0846519
3.942	0.232087	1.87142	1.15828	1.5866	0.181321	-1.16654	-0.0846519
3.96	0.231313	1.87144	1.15966	1.58821	0.181323	-1.16379	-0.0846519
3.978	0.230487	1.87144	1.16104	1.58991	0.181323	-1.16101	-0.0846519
3.996	0.22973	1.87144	1.16241	1.59172	0.181323	-1.15812	-0.0846501
4.014	0.228984	1.87145	1.16368	1.59373	0.181327	-1.15507	-0.0846501
4.032	0.228984	1.87145	1.16368	1.59373	0.181327	-1.15507	-0.0846501
4.05	0.228289	1.87147	1.165	1.59583	0.181329	-1.15206	-0.0846501
4.068	0.227574	1.87147	1.16629	1.59803	0.181355	-1.14923	-0.0846501
4.086	0.226918	1.87149	1.1675	1.60023	0.181408	-1.14671	-0.0846484
4.104	0.226206	1.8715	1.16874	1.60247	0.18149	-1.14428	-0.0846484
4.122	0.225535	1.87151	1.16993	1.6047	0.181564	-1.14201	-0.0846484
4.14	0.224848	1.87152	1.17113	1.60696	0.181613	-1.13955	-0.0846484
4.158	0.224153	1.87153	1.17228	1.60929	0.18164	-1.13703	-0.0846484
4.176	0.22351	1.87153	1.1734	1.61173	0.181644	-1.1344	-0.0846484
4.194	0.222821	1.87153	1.17452	1.61423	0.181644	-1.13172	-0.0846467
4.212	0.222115	1.87154	1.17552	1.61667	0.181644	-1.12909	-0.0846467
4.23	0.221387	1.87154	1.17643	1.61905	0.181644	-1.12648	-0.0846467
4.248	0.221387	1.87154	1.17643	1.61905	0.181644	-1.12648	-0.0846467
4.266	0.220644	1.87154	1.17732	1.62134	0.181642	-1.1238	-0.0846467
4.284	0.219915	1.87154	1.17816	1.62365	0.181642	-1.12086	-0.084645
4.302	0.21921	1.87154	1.17891	1.62598	0.181642	-1.11768	-0.084645
4.32	0.218448	1.87156	1.17965	1.6282	0.181642	-1.11439	-0.084645
4.338	0.217679	1.87156	1.18029	1.63054	0.181642	-1.11099	-0.084645
4.356	0.216902	1.87157	1.18097	1.63291	0.181642	-1.10762	-0.084645
4.374	0.216167	1.87158	1.18164	1.63532	0.181642	-1.10416	-0.0846433
4.392	0.215436	1.87159	1.18232	1.63789	0.181644	-1.10048	-0.0846433
4.41	0.214744	1.87164	1.18303	1.64036	0.181648	-1.09654	-0.0846433
4.428	0.214008	1.87166	1.18369	1.64289	0.181652	-1.09246	-0.0846433
4.446	0.213295	1.87169	1.1844	1.64543	0.181656	-1.0884	-0.0846433
4.464	0.213295	1.87169	1.1844	1.64543	0.181656	-1.0884	-0.0846433
4.482	0.212619	1.87176	1.18518	1.648	0.181666	-1.08437	-0.0846416
4.5	0.211936	1.87181	1.18601	1.65079	0.181672	-1.0802	-0.0846416
4.518	0.211294	1.87191	1.18689	1.65369	0.181689	-1.07588	-0.0846416
4.536	0.210628	1.872	1.18785	1.65658	0.181705	-1.0716	-0.0846416
4.554	0.209909	1.87202	1.18882	1.65941	0.181705	-1.06739	-0.0846416
4.572	0.209191	1.87202	1.1899	1.66223	0.181707	-1.06325	-0.0846416
4.59	0.208496	1.87202	1.19099	1.66498	0.181707	-1.05909	-0.0846399
4.608	0.207747	1.87203	1.19211	1.66776	0.181705	-1.05491	-0.0846399
4.626	0.206942	1.87203	1.19327	1.67054	0.181705	-1.05085	-0.0846399
4.644	0.2061	1.87204	1.1944	1.67324	0.181705	-1.04702	-0.0846399
4.662	0.2061	1.87204	1.1944	1.67324	0.181705	-1.04702	-0.0846399
4.68	0.205216	1.87205	1.19559	1.67588	0.181703	-1.04314	-0.0846399
4.698	0.204347	1.87205	1.19679	1.67849	0.181703	-1.03904	-0.0846399
4.716	0.203407	1.87204	1.19811	1.68104	0.181705	-1.03483	-0.0846399
4.734	0.202436	1.87207	1.19943	1.68339	0.181703	-1.03065	-0.0846399
4.752	0.201394	1.87207	1.20075	1.68573	0.181705	-1.02642	-0.0846382
4.77	0.200395	1.87207	1.20215	1.68803	0.181703	-1.02211	-0.0846382
4.788	0.199297	1.87208	1.20367	1.69038	0.181705	-1.01749	-0.0846382
4.806	0.19817	1.87208	1.20514	1.69259	0.181705	-1.01274	-0.0846382
4.824	0.196932	1.87208	1.20665	1.69477	0.181703	-1.00795	-0.0846382
4.842	0.195696	1.87208	1.2083	1.69697	0.181703	-1.00311	-0.0846382
4.86	0.194326	1.87208	1.21	1.69911	0.181709	-0.99802	-0.0846365
4.878	0.194326	1.87208	1.21	1.69911	0.181709	-0.99802	-0.0846365
4.896	0.192895	1.87208	1.21161	1.7012	0.181721	-0.992739	-0.0846365
4.914	0.191416	1.87208	1.21331	1.70316	0.181723	-0.987529	-0.0846365
4.932	0.189863	1.87209	1.21489	1.70518	0.181752	-0.982262	-0.0846365
4.95	0.188239	1.87211	1.21655	1.70712	0.181773	-0.976847	-0.0846365
4.968	0.186572	1.8721	1.21817	1.70905	0.181801	-0.971569	-0.0846365
4.986	0.184828	1.87211	1.21975	1.71097	0.181881	-0.966771	-0.0846365
5.004	0.183055	1.8721	1.22134	1.71288	0.181973	-0.961983	-0.0846365
5.022	0.181194	1.87211	1.22278	1.71472	0.182061	-0.957402	-0.0846365
5.04	0.179257	1.87211	1.22429	1.71648	0.182133	-0.953205	-0.0846365
5.058	0.177272	1.8721	1.22574	1.71803	0.182202	-0.949544	-0.0846365
5.076	0.175132	1.87211	1.22722	1.71962	0.182317	-0.94626	-0.0846365
5.094	0.175132	1.87211	1.22722	1.71962	0.182317	-0.94626	-0.0846365
5.112	0.172991	1.8721	1.22864	1.72105	0.182368	-0.943142	-0.0846348
5.13	0.170709	1.8721	1.23001	1.72244	0.182409	-0.940226	-0.0846348
5.148	0.168448	1.87211	1.23133	1.7237	0.182468	-0.937688	-0.0846365
5.166	0.166143	1.8721	1.23259	1.72488	0.18248	-0.93553	-0.0846348
5.184	0.163815	1.87211	1.23373	1.72593	0.182484	-0.933879	-0.0846348
5.202	0.161416	1.87211	1.23491	1.72691	0.182488	-0.932536	-0.0846348
5.22	0.159052	1.87211	1.23601	1.72787	0.182488	-0.931718	-0.0846348
5.238	0.156685	1.87211	1.23718	1.72873	0.182486	-0.931085	-0.0846348
5.256	0.154216	1.87211	1.23833	1.72961	0.182486	-0.930242	-0.0846348
5.274	0.151832	1.87211	1.23944	1.73052	0.182484	-0.928979	-0.0846348
5.292	0.149403	1.87211	1.24064	1.73144	0.182484	-0.9276	-0.0846348
5.31	0.149403	1.87211	1.24064	1.73144	0.182484	-0.9276	-0.0846348
5.328	0.14707	1.87211	1.24177	1.73241	0.182484	-0.925822	-0.0846348
5.346	0.144742	1.87212	1.24304	1.73331	0.182482	-0.923589	-0.0846348
5.364	0.142376	1.87212	1.24423	1.73436	0.182482	-0.920923	-0.0846348
5.382	0.140077	1.87212	1.24542	1.73531	0.182482	-0.917992	-0.0846331
5.4	0.137719	1.87212	1.2466	1.73623	0.182482	-0.914937	-0.0846331
5.418	0.135287	1.87212	1.24768	1.73712	0.182482	-0.911783	-0.0846331
5.436	0.132909	1.87212	1.24874	1.73796	0.182482	-0.908481	-0.0846331
5.454	0.130476	1.87212	1.24971	1.73894	0.182482	-0.904835	-0.0846331
5.472	0.12809	1.87212	1.25067	1.73993	0.182482	-0.900729	-0.0846331
5.49	0.125689	1.87212	1.25158	1.74091	0.182482	-0.896433	-0.0846331
5.508	0.123286	1.87212	1.25246	1.74192	0.182482	-0.892076	-0.0846331
5.526	0.123286	1.87212	1.25246	1.74192	0.182482	-0.892076	-0.0846331
5.544	0.120976	1.87213	1.25326	1.74305	0.182484	-0.887592	-0.0846331
5.562	0.118561	1.87213	1.25407	1.74431	0.182486	-0.882675	-0.0846331
5.58	0.116088	1.87212	1.25481	1.7457	0.182488	-0.877498	-0.0846331
5.598	0.113613	1.87212	1.25544	1.74723	0.182499	-0.87217	-0.0846331
5.616	0.111139	1.87212	1.25603	1.74888	0.182511	-0.866494	-0.0846331
5.634	0.108691	1.87212	1.25659	1.75072	0.182519	-0.86051	-0.0846331
5.652	0.106254	1.87213	1.25702	1.75259	0.18258	-0.854342	-0.0846314
5.67	0.103771	1.87212	1.25732	1.75456	0.182658	-0.848329	-0.0846314
5.688	0.101404	1.87213	1.25748	1.7566	0.182814	-0.84199	-0.0846314
5.706	0.098911	1.87212	1.25758	1.75869	0.182928	-0.835759	-0.0846314
5.724	0.0964336	1.87212	1.25758	1.7607	0.18308	-0.829502	-0.0846314
5.742	0.0964336	1.87212	1.25758	1.7607	0.18308	-0.829502	-0.0846314
5.76	0.0939422	1.87212	1.25756	1.76278	0.183245	-0.82324	-0.0846314
5.778	0.0914661	1.87212	1.25754	1.76485	0.183407	-0.817005	-0.0846314
5.796	0.089013	1.87211	1.25753	1.76691	0.183589	-0.810956	-0.0846314
5.814	0.0866264	1.87212	1.25753	1.76901	0.183709	-0.80506	-0.0846314
5.832	0.0842321	1.87212	1.25753	1.77109	0.183818	-0.799069	-0.0846314
5.85	0.0819299	1.87212	1.25753	1.77307	0.18392	-0.793392	-0.0846297
5.868	0.0795177	1.87212	1.25753	1.77506	0.184055	-0.78768	-0.0846314
5.886	0.0772039	1.87212	1.25753	1.77698	0.184219	-0.781991	-0.0846297
5.904	0.0747828	1.87211	1.25753	1.77888	0.184476	-0.7763	-0.0846297
5.922	0.0724256	1.87211	1.25753	1.78065	0.184648	-0.770776	-0.0846297
5.94	0.0700901	1.87212	1.25753	1.78251	0.184904	-0.765167	-0.0846297
5.958	0.0700901	1.87212	1.25753	1.78251	0.184904	-0.765167	-0.0846297
5.976	0.0677252	1.87212	1.25753	1.78429	0.185158	-0.759346	-0.0846297
5.994	0.0653974	1.87212	1.25753	1.7861	0.185333	-0.753709	-0.0846297
6.012	0.0630248	1.87213	1.25755	1.788	0.185507	-0.747786	-0.0846297
6.03	0.0606459	1.87212	1.25761	1.78996	0.185683	-0.741743	-0.0846297
6.048	0.0583053	1.87212	1.2576	1.79187	0.185888	-0.73546	-0.0846297
6.066	0.0558138	1.87212	1.25761	1.79391	0.186064	-0.729128	-0.0846297
6.084	0.0534285	1.87212	1.25762	1.7959	0.18626	-0.722338	-0.0846297
6.102	0.0509064	1.87212	1.25765	1.79787	0.186554	-0.715334	-0.0846297
6.12	0.0484175	1.87212	1.25764	1.79983	0.186925	-0.707995	-0.0846297
6.138	0.0459453	1.87212	1.25764	1.80173	0.187522	-0.700453	-0.0846297
6.156	0.0459453	1.87212	1.25764	1.80173	0.187522	-0.700453	-0.0846297
6.174	0.0433694	1.87212	1.25764	1.80355	0.18836	-0.692851	-0.0846297
6.192	0.0407642	1.87212	1.25764	1.80537	0.189361	-0.685294	-0.0846297
6.21	0.0381207	1.87212	1.25763	1.80715	0.190676	-0.677805	-0.0846297
6.228	0.0353339	1.87211	1.25762	1.8088	0.192273	-0.670612	-0.0846297
6.246	0.0325293	1.87211	1.25762	1.81035	0.193975	-0.663518	-0.0846297
6.264	0.0296493	1.87211	1.25762	1.81161	0.196231	-0.656772	-0.0846297
6.282	0.0267309	1.87211	1.25759	1.81269	0.198918	-0.650416	-0.0846297
6.3	0.0237089	1.87211	1.2576	1.81367	0.201737	-0.644181	-0.0846297
6.318	0.0206691	1.87211	1.25759	1.81436	0.205105	-0.638262	-0.0846297
6.336	0.0174746	1.87211	1.2576	1.81489	0.208527	-0.632721	-0.0846297
6.354	0.0141816	1.87211	1.25759	1.81524	0.212094	-0.627183	-0.0846297
6.372	0.0141816	1.87211	1.25759	1.81524	0.212094	-0.627183	-0.0846297
6.39	0.0107915	1.87211	1.25759	1.81539	0.215385	-0.621976	-0.0846297
6.408	0.00740016	1.87211	1.25759	1.81539	0.218455	-0.617137	-0.0846297
6.426	0.00389502	1.87211	1.25763	1.81537	0.221286	-0.612239	-0.0846297
6.444	0.000332346	1.87211	1.25762	1.81536	0.224186	-0.607219	-0.0846297
6.462	-0.0033249	1.87211	1.25762	1.81536	0.226898	-0.602345	-0.0846297
6.48	-0.00706015	1.87211	1.2576	1.81535	0.229809	-0.597697	-0.0846297
6.498	-0.0108095	1.87211	1.25761	1.81535	0.232508	-0.592967	-0.0846297
6.516	-0.0145882	1.87212	1.2576	1.81535	0.235292	-0.588118	-0.0846297
6.534	-0.0183937	1.87211	1.2576	1.81535	0.237794	-0.583397	-0.0846297
6.552	-0.0222887	1.87211	1.25757	1.81535	0.239964	-0.578856	-0.0846297
6.57	-0.0262029	1.87211	1.25757	1.81534	0.241755	-0.5745	-0.0846297
6.588	-0.0262029	1.87211	1.25757	1.81534	0.241755	-0.5745	-0.0846297
6.606	-0.0300788	1.87211	1.25757	1.81532	0.242682	-0.57014	-0.0846297
6.624	-0.0338741	1.87211	1.25757	1.81527	0.242946	-0.565918	-0.0846297
6.642	-0.0376579	1.87211	1.25752	1.81525	0.242931	-0.562125	-0.0846297
6.66	-0.0413715	1.87211	1.25744	1.81521	0.242923	-0.558829	-0.0846297
6.678	-0.0450607	1.87211	1.25739	1.81519	0.242919	-0.555811	-0.0846297
6.696	-0.0486809	1.87211	1.25732	1.81517	0.242917	-0.55299	-0.0846297
6.714	-0.0521093	1.87211	1.25726	1.8151	0.242917	-0.550338	-0.0846297
6.732	-0.0555045	1.87211	1.25723	1.81506	0.242917	-0.547878	-0.0846297
6.75	-0.0587591	1.87211	1.25718	1.81488	0.242915	-0.545995	-0.0846297
6.768	-0.0619626	1.87211	1.25717	1.81478	0.242915	-0.544382	-0.0846297
6.786	-0.0650165	1.87211	1.25717	1.81456	0.242915	-0.543399	-0.084628
6.804	-0.0650165	1.87211	1.25717	1.81456	0.242915	-0.543399	-0.084628
6.822	-0.0679617	1.87211	1.25717	1.81428	0.242915	-0.543	-0.084628
6.84	-0.0707293	1.87211	1.25716	1.81394	0.242915	-0.542959	-0.0846297
6.858	-0.0734035	1.8721	1.25716	1.81361	0.242915	-0.542969	-0.084628
6.876	-0.0759154	1.8721	1.25715	1.81328	0.242915	-0.542971	-0.084628
6.894	-0.0783302	1.87211	1.25715	1.813	0.242915	-0.542973	-0.0846297
6.912	-0.0806746	1.87211	1.25715	1.81278	0.242915	-0.542973	-0.084628
6.93	-0.082849	1.8721	1.25713	1.81248	0.242913	-0.542971	-0.084628
6.948	-0.0850426	1.8721	1.25711	1.81222	0.242913	-0.542971	-0.084628
6.966	-0.0870048	1.8721	1.25708	1.81191	0.242913	-0.542971	-0.084628
6.984	-0.0889606	1.8721	1.25704	1.81162	0.242913	-0.542971	-0.084628
7.002	-0.0907273	1.8721	1.25696	1.81127	0.242911	-0.542971	-0.084628
7.02	-0.0907273	1.8721	1.25696	1.81127	0.242911	-0.542971	-0.084628
7.038	-0.0925131	1.8721	1.25694	1.81094	0.242911	-0.542971	-0.084628
7.056	-0.0941238	1.8721	1.25687	1.81056	0.242911	-0.542969	-0.084628
7.074	-0.0956974	1.8721	1.25686	1.81022	0.242909	-0.542969	-0.084628
7.092	-0.0971086	1.8721	1.25681	1.80984	0.242909	-0.542968	-0.084628
7.11	-0.0985276	1.8721	1.2568	1.80944	0.242909	-0.542968	-0.084628
7.128	-0.099912	1.87209	1.25672	1.80903	0.242909	-0.542971	-0.084628
7.146	-0.101178	1.87208	1.25663	1.80849	0.242909	-0.542971	-0.084628
7.164	-0.102443	1.87207	1.25655	1.80795	0.242909	-0.542971	-0.084628
7.182	-0.103674	1.87207	1.25647	1.80734	0.242909	-0.542971	-0.084628
7.2	-0.104874	1.87207	1.25637	1.80668	0.242909	-0.542971	-0.084628
7.218	-0.106044	1.87207	1.25627	1.80603	0.242909	-0.542971	-0.084628
7.236	-0.106044	1.87207	1.25627	1.80603	0.242909	-0.542971	-0.084628
7.254	-0.10723	1.87204	1.25611	1.80533	0.242909	-0.542973	-0.084628
7.272	-0.108429	1.87203	1.25589	1.80452	0.242907	-0.542971	-0.084628
7.29	-0.109708	1.872	1.25558	1.8037	0.242909	-0.542971	-0.084628
7.308	-0.111026	1.87198	1.2552	1.80289	0.242909	-0.542971	-0.084628
7.326	-0.112363	1.87197	1.2548	1.80204	0.242907	-0.542971	-0.084628
7.344	-0.113803	1.87197	1.25436	1.80119	0.242907	-0.542971	-0.084628
7.362	-0.115294	1.87195	1.25386	1.80031	0.242907	-0.542973	-0.084628
7.38	-0.116763	1.87194	1.25323	1.79938	0.242907	-0.542973	-0.084628
7.398	-0.118347	1.87194	1.25258	1.79849	0.242907	-0.542971	-0.084628
7.416	-0.119961	1.87193	1.25189	1.79758	0.242907	-0.542973	-0.0846263
7.434	-0.121583	1.87193	1.25114	1.7966	0.242907	-0.542973	-0.084628
7.452	-0.121583	1.87193	1.25114	1.7966	0.242907	-0.542973	-0.084628
7.47	-0.123243	1.87192	1.25035	1.79567	0.242907	-0.542971	-0.0846263
7.488	-0.124886	1.87192	1.24949	1.79473	0.242907	-0.542971	-0.084628
7.506	-0.126538	1.87192	1.24869	1.79382	0.242907	-0.542973	-0.0846263
7.524	-0.128181	1.8719	1.24781	1.79288	0.242907	-0.542973	-0.0846263
7.542	-0.129842	1.8719	1.24693	1.7919	0.242907	-0.542971	-0.0846263
7.56	-0.131566	1.87187	1.24598	1.79098	0.242909	-0.542971	-0.0846263
7.578	-0.133266	1.87188	1.24507	1.79	0.242907	-0.542971	-0.0846263
7.596	-0.135039	1.87185	1.24417	1.78901	0.242909	-0.542971	-0.0846263
7.614	-0.136806	1.87181	1.24322	1.78795	0.242909	-0.542971	-0.0846263
7.632	-0.138654	1.87177	1.24222	1.78696	0.242909	-0.542969	-0.0846263
7.65	-0.138654	1.87177	1.24222	1.78696	0.242909	-0.542969	-0.0846263
7.668	-0.140505	1.87176	1.24119	1.78591	0.242909	-0.542969	-0.0846263
7.686	-0.142431	1.87174	1.24023	1.7848	0.242907	-0.542971	-0.0846263
7.704	-0.144357	1.8717	1.23921	1.7837	0.242909	-0.542971	-0.0846263
7.722	-0.146289	1.87168	1.23816	1.78263	0.242909	-0.542971	-0.0846263
7.74	-0.148183	1.87166	1.23713	1.78152	0.242907	-0.542971	-0.0846263
7.758	-0.150164	1.87165	1.23619	1.78038	0.242909	-0.542971	-0.0846263
7.776	-0.152126	1.87162	1.23524	1.77927	0.242909	-0.542971	-0.0846263
7.794	-0.154049	1.87161	1.23432	1.77816	0.242909	-0.542971	-0.0846263
7.812	-0.156014	1.87158	1.23341	1.777	0.242911	-0.542973	-0.0846263
7.83	-0.157997	1.87156	1.23258	1.77576	0.242911	-0.542971	-0.0846263
7.848	-0.159979	1.8715	1.23178	1.77458	0.242913	-0.542971	-0.0846263
7.866	-0.159979	1.8715	1.23178	1.77458	0.242913	-0.542971	-0.0846263
7.884	-0.161881	1.87148	1.23098	1.77336	0.242919	-0.542973	-0.0846263
7.902	-0.163816	1.87144	1.2302	1.77213	0.242927	-0.542973	-0.0846246
7.92	-0.165695	1.87143	1.22946	1.77091	0.242942	-0.542971	-0.0846246
7.938	-0.167494	1.87139	1.22875	1.7697	0.242944	-0.542973	-0.0846246
7.956	-0.169236	1.87136	1.22806	1.76846	0.242948	-0.542971	-0.0846263
7.974	-0.171006	1.87132	1.22743	1.76728	0.24296	-0.542971	-0.0846263
7.992	-0.172658	1.8713	1.22678	1.7661	0.242985	-0.542973	-0.0846246
8.01	-0.174356	1.87126	1.22613	1.76498	0.243042	-0.542973	-0.0846246
8.028	-0.175954	1.87123	1.22544	1.76383	0.243158	-0.542971	-0.0846246
8.046	-0.177584	1.87117	1.22481	1.76284	0.243212	-0.542971	-0.0846246
8.064	-0.17917	1.87111	1.2242	1.76186	0.243279	-0.542971	-0.0846246
8.082	-0.17917	1.87111	1.2242	1.76186	0.243279	-0.542971	-0.0846246
8.1	-0.180776	1.87104	1.22357	1.76089	0.243365	-0.542973	-0.0846263
8.118	-0.182403	1.87094	1.22294	1.75998	0.243434	-0.542973	-0.0846246
8.136	-0.183954	1.87083	1.22229	1.7591	0.243506	-0.542973	-0.0846246
8.154	-0.185554	1.87067	1.22159	1.75831	0.243614	-0.542973	-0.0846246
8.172	-0.187102	1.8705	1.22092	1.75739	0.243725	-0.542973	-0.0846246
8.19	-0.188667	1.87023	1.22024	1.75652	0.243821	-0.542973	-0.0846246
8.208	-0.190206	1.86992	1.21962	1.75569	0.243897	-0.542973	-0.0846246
8.226	-0.191682	1.8696	1.21897	1.75486	0.243917	-0.542971	-0.0846246
8.244	-0.19315	1.86927	1.21831	1.75399	0.243927	-0.542973	-0.0846246
8.262	-0.194672	1.86895	1.2176	1.75306	0.243931	-0.542973	-0.0846246
8.28	-0.196159	1.86857	1.21684	1.75212	0.243929	-0.542971	-0.0846246
8.298	-0.196159	1.86857	1.21684	1.75212	0.243929	-0.542971	-0.0846246
8.316	-0.197616	1.86816	1.21611	1.75123	0.243929	-0.542971	-0.0846246
8.334	-0.199071	1.86779	1.21537	1.75026	0.243929	-0.542973	-0.0846246
8.352	-0.200554	1.86743	1.21462	1.74932	0.243929	-0.542971	-0.0846246
8.37	-0.202021	1.86706	1.21387	1.74847	0.243929	-0.542973	-0.0846246
8.388	-0.203439	1.86674	1.21322	1.74764	0.243929	-0.542971	-0.0846246
8.406	-0.204846	1.86638	1.2126	1.74688	0.243929	-0.542971	-0.0846246
8.424	-0.206241	1.86598	1.21207	1.74603	0.243929	-0.542971	-0.0846229
8.442	-0.207617	1.86551	1.21161	1.74519	0.243927	-0.542971	-0.0846246
8.46	-0.208928	1.86504	1.21121	1.74439	0.243927	-0.542971	-0.0846246
8.478	-0.210272	1.86461	1.21084	1.74354	0.243927	-0.542971	-0.0846229
8.496	-0.211613	1.86426	1.21047	1.74264	0.243927	-0.542971	-0.0846229
8.514	-0.211613	1.86426	1.21047	1.74264	0.243927	-0.542971	-0.0846229
8.532	-0.212893	1.86395	1.2101	1.7417	0.243927	-0.542971	-0.0846229
8.55	-0.21424	1.86365	1.20976	1.74072	0.243927	-0.542971	-0.0846229
8.568	-0.21555	1.86338	1.20945	1.73966	0.243927	-0.542971	-0.0846229
8.586	-0.216812	1.86317	1.20921	1.73854	0.243927	-0.542971	-0.0846229
8.604	-0.218131	1.86297	1.20899	1.73726	0.243927	-0.542973	-0.0846229
8.622	-0.219418	1.86277	1.20875	1.73595	0.243927	-0.542971	-0.0846229
8.64	-0.220639	1.86262	1.20856	1.73464	0.243927	-0.542971	-0.0846229
8.658	-0.221934	1.86247	1.20838	1.73319	0.243927	-0.542971	-0.0846229
8.676	-0.223207	1.86234	1.20818	1.7317	0.243929	-0.542971	-0.0846229
8.694	-0.224378	1.86225	1.20801	1.73027	0.243931	-0.542971	-0.0846229
8.712	-0.225627	1.8621	1.20785	1.72886	0.243934	-0.542971	-0.0846229
8.73	-0.225627	1.8621	1.20785	1.72886	0.243934	-0.542971	-0.0846229
8.748	-0.226828	1.86195	1.20767	1.72742	0.243936	-0.542971	-0.0846229
8.766	-0.227948	1.86173	1.20753	1.72599	0.243936	-0.542973	-0.0846229
8.784	-0.229163	1.86134	1.20745	1.72467	0.243938	-0.542973	-0.0846229
8.802	-0.230256	1.86098	1.20735	1.72339	0.243942	-0.542973	-0.0846229
8.82	-0.231433	1.86062	1.2072	1.72221	0.243948	-0.542973	-0.0846229
8.838	-0.232582	1.86029	1.20703	1.72105	0.24396	-0.542973	-0.0846229
8.856	-0.233713	1.85998	1.20685	1.71995	0.244026	-0.542973	-0.0846229
8.874	-0.234872	1.85967	1.20657	1.71893	0.244183	-0.542973	-0.0846229
8.892	-0.236034	1.85938	1.20621	1.71783	0.244502	-0.542973	-0.0846229
8.91	-0.237302	1.85914	1.20584	1.71675	0.244835	-0.542973	-0.0846229
8.928	-0.238398	1.85894	1.20541	1.71573	0.245065	-0.542973	-0.0846229
8.946	-0.238398	1.85894	1.20541	1.71573	0.245065	-0.542973	-0.0846229
8.964	-0.239573	1.85874	1.20504	1.71473	0.245218	-0.542973	-0.0846229
8.982	-0.240725	1.85853	1.20463	1.71368	0.245308	-0.542973	-0.0846229
9	-0.241877	1.85835	1.20422	1.7126	0.245343	-0.542971	-0.0846229
9.018	-0.243026	1.85817	1.2038	1.71161	0.245353	-0.542973	-0.0846212
9.036	-0.24413	1.85799	1.20338	1.71064	0.245357	-0.542973	-0.0846212
9.054	-0.245263	1.85782	1.20296	1.70965	0.245363	-0.542973	-0.0846212
9.072	-0.246373	1.85767	1.20247	1.70866	0.245365	-0.542971	-0.0846212
9.09	-0.247412	1.85751	1.20198	1.70776	0.245371	-0.542973	-0.0846212
9.108	-0.248475	1.85726	1.2016	1.70696	0.245371	-0.542973	-0.0846212
9.126	-0.24947	1.85693	1.20131	1.70611	0.245371	-0.542973	-0.0846212
9.144	-0.250514	1.85659	1.20109	1.70535	0.245373	-0.542973	-0.0846212
9.162	-0.250514	1.85659	1.20109	1.70535	0.245373	-0.542973	-0.0846212
9.18	-0.251445	1.85629	1.2008	1.70468	0.245378	-0.542973	-0.0846212
9.198	-0.25245	1.856	1.20057	1.70411	0.245396	-0.542973	-0.0846212
9.216	-0.253361	1.85574	1.20028	1.70349	0.245425	-0.542973	-0.0846212
9.234	-0.254333	1.85547	1.20005	1.70296	0.245467	-0.542973	-0.0846212
9.252	-0.255204	1.8552	1.19981	1.70248	0.245502	-0.542973	-0.0846212
9.27	-0.25611	1.85491	1.19969	1.70205	0.245545	-0.542973	-0.0846212
9.288	-0.256972	1.85465	1.1996	1.70162	0.245643	-0.542973	-0.0846212
9.306	-0.257826	1.85439	1.19954	1.70124	0.24583	-0.542973	-0.0846212
9.324	-0.258694	1.85411	1.19953	1.70094	0.246108	-0.542973	-0.0846212
9.342	-0.259534	1.85383	1.19954	1.70061	0.246507	-0.542973	-0.0846212
9.36	-0.259534	1.85383	1.19954	1.70061	0.246507	-0.542973	-0.0846212
9.378	-0.260423	1.85358	1.19954	1.70029	0.247057	-0.542973	-0.0846212
9.396	-0.261274	1.85333	1.19952	1.69994	0.247719	-0.542973	-0.0846212
9.414	-0.26217	1.85303	1.19952	1.69965	0.248374	-0.542973	-0.0846212
9.432	-0.263029	1.85273	1.19952	1.69927	0.248887	-0.542973	-0.0846212
9.45	-0.263935	1.85245	1.19952	1.69884	0.249356	-0.542973	-0.0846212
9.468	-0.264798	1.85218	1.19947	1.69835	0.249826	-0.542971	-0.0846212
9.486	-0.265645	1.85194	1.19938	1.69785	0.250313	-0.542971	-0.0846212
9.504	-0.266417	1.85174	1.19925	1.6973	0.250663	-0.542966	-0.0846212
9.522	-0.267086	1.85161	1.19911	1.69676	0.250855	-0.542964	-0.0846195
9.54	-0.267666	1.85154	1.19893	1.69635	0.250931	-0.542969	-0.0846195
9.558	-0.26815	1.85152	1.19867	1.69601	0.250947	-0.542971	-0.0846195
9.576	-0.26815	1.85152	1.19867	1.69601	0.250947	-0.542971	-0.0846195
9.594	-0.26856	1.85153	1.19835	1.69575	0.250961	-0.542971	-0.0846195
9.612	-0.268903	1.85155	1.1981	1.6956	0.251018	-0.542971	-0.0846195
9.63	-0.269127	1.85153	1.19799	1.69553	0.251147	-0.542971	-0.0846195
9.648	-0.269274	1.85149	1.19799	1.69552	0.251382	-0.542969	-0.0846195
9.666	-0.269386	1.85146	1.19799	1.69553	0.251695	-0.542959	-0.0846195
9.684	-0.269478	1.85142	1.19798	1.69553	0.25198	-0.542876	-0.0846195
9.702	-0.269583	1.85137	1.19798	1.69554	0.252207	-0.542615	-0.0846195
9.72	-0.269725	1.8513	1.19797	1.69554	0.252446	-0.542233	-0.0846195
9.738	-0.26992	1.85118	1.19794	1.69555	0.252708	-0.541725	-0.0846195
9.756	-0.270174	1.85097	1.19788	1.69555	0.252968	-0.541228	-0.0846195
9.774	-0.270462	1.85069	1.1978	1.69555	0.25324	-0.540822	-0.0846195
9.792	-0.270462	1.85069	1.1978	1.69555	0.25324	-0.540822	-0.0846195
9.81	-0.270781	1.85029	1.19776	1.69555	0.253608	-0.540544	-0.0846195
9.828	-0.271104	1.84984	1.19773	1.69553	0.254086	-0.540237	-0.0846195
9.846	-0.271403	1.84933	1.19764	1.69553	0.254493	-0.539702	-0.0846195
9.864	-0.271723	1.84874	1.19752	1.69549	0.254847	-0.539112	-0.0846195
9.882	-0.272023	1.84808	1.19745	1.69537	0.255254	-0.53855	-0.0846195
9.9	-0.272306	1.8474	1.19744	1.69528	0.255798	-0.537991	-0.0846195
9.918	-0.272519	1.8467	1.19744	1.69521	0.256471	-0.537469	-0.0846195
9.936	-0.272638	1.84593	1.19745	1.69519	0.257189	-0.537116	-0.0846195
9.954	-0.272662	1.84527	1.19746	1.69517	0.25777	-0.53697	-0.0846195
9.972	-0.272661	1.84474	1.19746	1.69517	0.258118	-0.536874	-0.0846195
9.99	-0.272651	1.84439	1.19746	1.69514	0.258355	-0.536832	-0.0846195
10.008	-0.272651	1.84439	1.19746	1.69514	0.258355	-0.536832	-0.0846195
10.026	-0.272638	1.84422	1.19745	1.69508	0.258474	-0.53683	-0.0846195
10.044	-0.272627	1.84423	1.19744	1.69505	0.258498	-0.53683	-0.0846195
10.062	-0.272584	1.84428	1.19746	1.69504	0.2585	-0.53683	-0.0846195
10.08	-0.272478	1.84432	1.19746	1.69502	0.258498	-0.536832	-0.0846195
10.098	-0.272315	1.84433	1.19746	1.69502	0.258498	-0.536835	-0.0846195
10.116	-0.272113	1.84432	1.19746	1.69503	0.258498	-0.536839	-0.0846195
10.134	-0.27187	1.84432	1.19746	1.69504	0.258498	-0.536844	-0.0846195
10.152	-0.27163	1.84431	1.19746	1.69504	0.258502	-0.536847	-0.0846195
10.17	-0.271435	1.84432	1.19746	1.69508	0.258502	-0.536849	-0.0846195
10.188	-0.27125	1.84434	1.19749	1.69509	0.258502	-0.536852	-0.0846195
10.206	-0.271152	1.84434	1.19752	1.69509	0.258502	-0.536852	-0.0846195
10.224	-0.271152	1.84434	1.19752	1.69509	0.258502	-0.536852	-0.0846195
10.242	-0.27112	1.84434	1.19752	1.69509	0.2585	-0.536852	-0.0846195
10.26	-0.271118	1.84434	1.19752	1.69512	0.258498	-0.536852	-0.0846177
10.278	-0.271117	1.84435	1.19752	1.69519	0.258496	-0.536852	-0.0846177
10.296	-0.271116	1.84436	1.19752	1.69521	0.258494	-0.536851	-0.0846177
10.314	-0.271114	1.84436	1.19752	1.69521	0.258492	-0.536851	-0.0846177
10.332	-0.271112	1.84436	1.19753	1.69521	0.258492	-0.536851	-0.0846177
10.35	-0.271109	1.84437	1.19753	1.69521	0.258492	-0.536851	-0.0846177
10.368	-0.271107	1.84439	1.19753	1.69521	0.258492	-0.536851	-0.0846177
10.386	-0.271104	1.84444	1.19753	1.69521	0.258492	-0.536851	-0.0846177
10.404	-0.2711	1.84448	1.19753	1.69522	0.25849	-0.536851	-0.0846177
10.422	-0.271084	1.84452	1.19753	1.69522	0.25849	-0.536851	-0.0846177
10.44	-0.271084	1.84452	1.19753	1.69522	0.25849	-0.536851	-0.0846177
10.458	-0.271056	1.84456	1.19754	1.69522	0.25849	-0.536851	-0.0846177
10.476	-0.271039	1.84459	1.19754	1.69522	0.25849	-0.536851	-0.0846177
10.494	-0.271016	1.84461	1.19755	1.69522	0.25849	-0.536851	-0.0846177
10.512	-0.270992	1.84464	1.19755	1.69522	0.25849	-0.536851	-0.0846177
10.53	-0.270965	1.84468	1.19755	1.69522	0.25849	-0.536851	-0.0846177
10.548	-0.270938	1.84475	1.19756	1.69522	0.25849	-0.536852	-0.0846177
10.566	-0.270921	1.84484	1.19756	1.69523	0.258488	-0.536852	-0.0846177
10.584	-0.270906	1.84495	1.19756	1.69525	0.258488	-0.536852	-0.0846177
10.602	-0.270896	1.84507	1.19756	1.6953	0.258488	-0.536852	-0.0846177
10.62	-0.270887	1.84518	1.19756	1.69534	0.258488	-0.536851	-0.0846177
10.638	-0.270884	1.84525	1.19757	1.69536	0.258488	-0.536851	-0.0846177
10.656	-0.270884	1.84525	1.19757	1.69536	0.258488	-0.536851	-0.0846177
10.674	-0.270884	1.84529	1.19757	1.69537	0.258488	-0.536851	-0.0846177
10.692	-0.270877	1.84529	1.19757	1.69537	0.258488	-0.536851	-0.0846177
10.71	-0.270863	1.84529	1.19757	1.69537	0.258488	-0.536851	-0.0846177
10.728	-0.27086	1.84529	1.19757	1.69537	0.258488	-0.536851	-0.0846177
10.746	-0.270855	1.84529	1.19757	1.69537	0.258488	-0.536851	-0.0846177
10.764	-0.27085	1.84528	1.19757	1.69538	0.258488	-0.536851	-0.0846177
10.782	-0.270849	1.84528	1.19757	1.69538	0.258486	-0.536851	-0.0846177
10.8	-0.270847	1.84529	1.19757	1.69538	0.258486	-0.536851	-0.0846161
10.818	-0.270842	1.84529	1.19757	1.69538	0.258488	-0.536851	-0.0846177
10.836	-0.270837	1.84529	1.19757	1.69538	0.258486	-0.536851	-0.0846177
10.854	-0.270831	1.84529	1.19758	1.69538	0.258486	-0.536851	-0.0846177
10.872	-0.270831	1.84529	1.19758	1.69538	0.258486	-0.536851	-0.0846177
10.89	-0.270823	1.84529	1.19758	1.69538	0.258486	-0.536851	-0.0846177
10.908	-0.270819	1.84529	1.19758	1.69538	0.258486	-0.536851	-0.0846161
10.926	-0.270818	1.84529	1.19758	1.69538	0.258486	-0.536851	-0.0846161
10.944	-0.270817	1.84529	1.19758	1.69538	0.258486	-0.536851	-0.0846161
10.962	-0.270815	1.84529	1.19758	1.69538	0.258486	-0.536851	-0.0846161
10.98	-0.270813	1.84529	1.19758	1.69539	0.258486	-0.536851	-0.0846161
10.998	-0.270808	1.84529	1.19758	1.69539	0.258486	-0.536851	-0.0846161
11.016	-0.270803	1.84529	1.19758	1.69539	0.258486	-0.536851	-0.0846161
11.034	-0.270797	1.84529	1.19758	1.69539	0.258486	-0.536851	-0.0846161
11.052	-0.270792	1.84529	1.19758	1.69539	0.258486	-0.536851	-0.0846161
11.07	-0.27079	1.84529	1.19758	1.69539	0.258486	-0.536851	-0.0846161
11.088	-0.27079	1.84529	1.19758	1.69539	0.258486	-0.536851	-0.0846161
11.106	-0.27079	1.84529	1.19758	1.69539	0.258486	-0.536851	-0.0846161
11.124	-0.270787	1.84529	1.19759	1.69539	0.258486	-0.536851	-0.0846161
11.142	-0.270785	1.84529	1.19759	1.69539	0.258486	-0.536851	-0.0846161
11.16	-0.270782	1.84529	1.19759	1.69539	0.258486	-0.536851	-0.0846161
11.178	-0.270778	1.84529	1.19759	1.69539	0.258486	-0.536851	-0.0846161
11.196	-0.270774	1.84529	1.19759	1.69539	0.258486	-0.536851	-0.0846161
11.214	-0.270773	1.84529	1.19759	1.69539	0.258486	-0.536851	-0.0846161
11.232	-0.270773	1.84529	1.19759	1.69539	0.258486	-0.536851	-0.0846161
11.25	-0.270773	1.84529	1.19759	1.69539	0.258486	-0.536851	-0.0846161
11.268	-0.270773	1.84529	1.19759	1.69539	0.258486	-0.536851	-0.0846161
11.286	-0.270773	1.84529	1.19759	1.69539	0.258486	-0.536851	-0.0846161
11.304	-0.270772	1.84529	1.19759	1.69539	0.258486	-0.536851	-0.0846161
11.322	-0.270768	1.84529	1.19759	1.69539	0.258486	-0.536851	-0.0846161
11.34	-0.270765	1.84529	1.19759	1.69539	0.258486	-0.536851	-0.0846161
11.358	-0.270763	1.84529	1.19759	1.69539	0.258486	-0.536851	-0.0846161
11.376	-0.270763	1.84529	1.19759	1.69539	0.258486	-0.536851	-0.0846143
11.394	-0.270762	1.84529	1.19759	1.69539	0.258486	-0.536851	-0.0846143
11.412	-0.27076	1.84529	1.19759	1.69539	0.258484	-0.536851	-0.0846143
11.43	-0.270758	1.84529	1.19759	1.69539	0.258486	-0.536851	-0.0846143
11.448	-0.270755	1.84529	1.19759	1.69539	0.258486	-0.536851	-0.0846143
11.466	-0.270753	1.84529	1.19759	1.69539	0.258486	-0.536851	-0.0846143
11.484	-0.270751	1.84529	1.19759	1.69539	0.258486	-0.536851	-0.0846143
11.502	-0.270751	1.84529	1.19759	1.69539	0.258486	-0.536851	-0.0846143
11.52	-0.27075	1.84529	1.19759	1.69539	0.258486	-0.536851	-0.0846143
11.538	-0.270749	1.84529	1.19759	1.69539	0.258486	-0.536851	-0.0846161
11.556	-0.270749	1.84529	1.19759	1.69539	0.258484	-0.536851	-0.0846143
11.574	-0.270748	1.84529	1.19759	1.69539	0.258484	-0.536851	-0.0846143
11.592	-0.270746	1.84529	1.19759	1.69539	0.258484	-0.536851	-0.0846143
11.61	-0.270745	1.84529	1.19759	1.69539	0.258486	-0.536851	-0.0846143
11.628	-0.270742	1.84529	1.19759	1.69539	0.258484	-0.536851	-0.0846143
11.646	-0.270741	1.84529	1.19759	1.69539	0.258484	-0.536851	-0.0846143
11.664	-0.270741	1.84529	1.19759	1.69539	0.258484	-0.536851	-0.0846143
11.682	-0.27074	1.84529	1.19759	1.69539	0.258484	-0.536851	-0.0846143
11.7	-0.270739	1.84529	1.19759	1.69539	0.258484	-0.536851	-0.0846143
11.718	-0.270739	1.84529	1.19759	1.69539	0.258484	-0.536851	-0.0846143
11.736	-0.270739	1.84529	1.1976	1.69539	0.258486	-0.536851	-0.0846143
11.754	-0.270737	1.84529	1.1976	1.69539	0.258484	-0.536851	-0.0846143
11.772	-0.270736	1.84529	1.1976	1.69539	0.258484	-0.536851	-0.0846143
11.79	-0.270736	1.84529	1.1976	1.69539	0.258484	-0.536851	-0.0846143
11.808	-0.270735	1.84529	1.1976	1.69539	0.258484	-0.536851	-0.0846143
11.826	-0.270733	1.84529	1.1976	1.69539	0.258486	-0.536851	-0.0846143
11.844	-0.270733	1.84529	1.1976	1.69539	0.258486	-0.536851	-0.0846143
11.862	-0.270733	1.84529	1.1976	1.69539	0.258484	-0.536851	-0.0846143
11.88	-0.270733	1.84529	1.1976	1.69539	0.258484	-0.536851	-0.0846143
11.898	-0.270732	1.84529	1.1976	1.69539	0.258484	-0.536851	-0.0846143
11.916	-0.270731	1.84529	1.1976	1.69539	0.258484	-0.536851	-0.0846143
11.934	-0.270731	1.84529	1.1976	1.69539	0.258484	-0.536851	-0.0846143
11.952	-0.27073	1.84529	1.1976	1.69539	0.258484	-0.536851	-0.0846143
11.97	-0.270728	1.84529	1.1976	1.69539	0.258484	-0.536851	-0.0846127
11.988	-0.270728	1.84529	1.1976	1.69539	0.258484	-0.536851	-0.0846127
12.006	-0.270727	1.84529	1.1976	1.6954	0.258484	-0.536851	-0.0846127
12.024	-0.270727	1.84529	1.1976	1.69539	0.258484	-0.536851	-0.0846127
12.042	-0.270727	1.84529	1.1976	1.6954	0.258484	-0.536851	-0.0846127
12.06	-0.270726	1.84529	1.1976	1.6954	0.258484	-0.536851	-0.0846127
12.078	-0.270725	1.84529	1.1976	1.6954	0.258484	-0.536851	-0.0846127
12.096	-0.270723	1.84529	1.1976	1.6954	0.258484	-0.536851	-0.0846127
12.114	-0.270723	1.84529	1.1976	1.6954	0.258484	-0.536851	-0.0846127
12.132	-0.270723	1.84529	1.1976	1.6954	0.258484	-0.536851	-0.0846127
12.15	-0.270723	1.84529	1.1976	1.6954	0.258484	-0.536851	-0.0846127
12.168	-0.270723	1.84529	1.1976	1.6954	0.258484	-0.536851	-0.0846127
12.186	-0.270722	1.84529	1.1976	1.6954	0.258484	-0.536851	-0.0846127
12.204	-0.270722	1.84529	1.1976	1.6954	0.258484	-0.536851	-0.0846127
12.222	-0.270721	1.84529	1.1976	1.6954	0.258486	-0.536849	-0.0846127
12.24	-0.270719	1.84529	1.1976	1.6954	0.258484	-0.536849	-0.0846127
12.258	-0.270719	1.84529	1.1976	1.6954	0.258484	-0.536851	-0.0846127
12.276	-0.270718	1.84529	1.1976	1.6954	0.258484	-0.536849	-0.0846127
12.294	-0.270718	1.84529	1.1976	1.6954	0.258484	-0.536849	-0.0846127
12.312	-0.270717	1.84529	1.1976	1.6954	0.258484	-0.536851	-0.0846127
12.33	-0.270717	1.84529	1.1976	1.6954	0.258484	-0.536851	-0.0846127
12.348	-0.270717	1.84529	1.1976	1.6954	0.258484	-0.536849	-0.0846109
12.366	-0.270717	1.84529	1.1976	1.6954	0.258484	-0.536849	-0.0846109
12.384	-0.270716	1.84529	1.1976	1.6954	0.258484	-0.536849	-0.0846127
12.402	-0.270716	1.84529	1.1976	1.6954	0.258484	-0.536849	-0.0846127
12.42	-0.270714	1.84529	1.1976	1.6954	0.258484	-0.536851	-0.0846109
12.438	-0.270714	1.84529	1.1976	1.6954	0.258484	-0.536849	-0.0846127
12.456	-0.270714	1.84529	1.1976	1.6954	0.258484	-0.536849	-0.0846109
12.474	-0.270714	1.84529	1.1976	1.6954	0.258484	-0.536849	-0.0846109
12.492	-0.270713	1.84529	1.1976	1.6954	0.258484	-0.536849	-0.0846109
12.51	-0.270713	1.84529	1.1976	1.6954	0.258484	-0.536849	-0.0846109
12.528	-0.270713	1.84529	1.1976	1.6954	0.258484	-0.536849	-0.0846109
12.546	-0.270712	1.84529	1.1976	1.6954	0.258484	-0.536849	-0.0846109
12.564	-0.270712	1.84529	1.1976	1.6954	0.258484	-0.536849	-0.0846109
12.582	-0.270712	1.84529	1.1976	1.6954	0.258484	-0.536849	-0.0846109
12.6	-0.27071	1.84529	1.1976	1.6954	0.258484	-0.536849	-0.0846109
12.618	-0.27071	1.84529	1.1976	1.6954	0.258484	-0.536849	-0.0846109
12.636	-0.27071	1.84529	1.1976	1.6954	0.258484	-0.536849	-0.0846109
12.654	-0.270709	1.84529	1.1976	1.6954	0.258484	-0.536849	-0.0846109
12.672	-0.270709	1.84529	1.1976	1.6954	0.258484	-0.536849	-0.0846109
12.69	-0.270708	1.84529	1.1976	1.6954	0.258484	-0.536849	-0.0846109
12.708	-0.270708	1.84529	1.1976	1.6954	0.258484	-0.536849	-0.0846109
12.726	-0.270708	1.84529	1.1976	1.6954	0.258484	-0.536849	-0.0846109
12.744	-0.270707	1.84529	1.1976	1.6954	0.258484	-0.536849	-0.0846109
