1.602	0.292235	1.87051	1.12771	1.51347	0.188123	-1.18379	-0.0847217
1.62	0.292222	1.8705	1.12769	1.51347	0.188123	-1.18379	-0.0847217
1.638	0.29221	1.8705	1.12768	1.51347	0.188123	-1.18379	-0.0847217
1.656	0.292209	1.8705	1.12766	1.51347	0.188123	-1.18379	-0.0847217
1.674	0.292209	1.8705	1.12766	1.51347	0.188123	-1.18379	-0.0847217
1.692	0.292209	1.8705	1.12766	1.51347	0.188123	-1.18379	-0.08472
1.71	0.29221	1.8705	1.12766	1.51347	0.188123	-1.18379	-0.08472
1.728	0.292212	1.87049	1.12766	1.51347	0.188123	-1.18379	-0.08472
1.746	0.292212	1.87049	1.12766	1.51347	0.188123	-1.18379	-0.08472
1.764	0.292208	1.87049	1.12766	1.51347	0.188123	-1.18379	-0.08472
1.782	0.292196	1.87049	1.12765	1.51347	0.188123	-1.18379	-0.0847183
1.8	0.292177	1.87049	1.12765	1.51347	0.188123	-1.18379	-0.0847183
1.818	0.29217	1.87049	1.12764	1.51347	0.188123	-1.18379	-0.0847183
1.836	0.292164	1.87049	1.12764	1.51347	0.188123	-1.18379	-0.0847183
1.854	0.292162	1.87049	1.12764	1.51347	0.188123	-1.18379	-0.0847166
1.872	0.292162	1.87049	1.12764	1.51347	0.188123	-1.18379	-0.0847166
1.89	0.292162	1.87049	1.12764	1.51347	0.188123	-1.18379	-0.0847166
1.908	0.292163	1.87049	1.12764	1.51347	0.188123	-1.18379	-0.0847166
1.926	0.292164	1.87049	1.12764	1.51347	0.188123	-1.18379	-0.0847166
1.944	0.292164	1.87049	1.12764	1.51347	0.188123	-1.18379	-0.0847166
1.962	0.292163	1.87049	1.12764	1.51347	0.188123	-1.18379	-0.0847149
1.98	0.292162	1.87049	1.12764	1.51347	0.188123	-1.18379	-0.0847149
1.998	0.292159	1.87049	1.12764	1.51347	0.188123	-1.18379	-0.0847149
2.016	0.292152	1.87049	1.12764	1.51347	0.188123	-1.18379	-0.0847149
2.034	0.292145	1.87049	1.12764	1.51347	0.188123	-1.18379	-0.0847132
2.052	0.292135	1.87049	1.12764	1.51347	0.188123	-1.18379	-0.0847132
2.07	0.292122	1.87048	1.12764	1.51347	0.188123	-1.18379	-0.0847132
2.088	0.292115	1.87048	1.12764	1.51347	0.188123	-1.18379	-0.0847132
2.106	0.292115	1.87048	1.12764	1.51347	0.188123	-1.18379	-0.0847132
2.124	0.292104	1.87048	1.12764	1.51347	0.188123	-1.18379	-0.0847132
2.142	0.292081	1.87048	1.12764	1.51347	0.188123	-1.18379	-0.0847132
2.16	0.29204	1.87048	1.12763	1.51347	0.188123	-1.18379	-0.0847132
2.178	0.291992	1.87047	1.12763	1.51347	0.188123	-1.18379	-0.0847132
2.196	0.291923	1.87046	1.12763	1.51348	0.188123	-1.18379	-0.0847115
2.214	0.291851	1.87046	1.12763	1.51348	0.188123	-1.18379	-0.0847115
2.232	0.291766	1.87045	1.12763	1.51349	0.188123	-1.18379	-0.0847115
2.25	0.291682	1.87045	1.12763	1.51349	0.188123	-1.18379	-0.0847115
2.268	0.291596	1.87044	1.12763	1.51352	0.188123	-1.18379	-0.0847115
2.286	0.291514	1.87043	1.12762	1.51358	0.188123	-1.18379	-0.0847115
2.304	0.291436	1.87041	1.12762	1.51369	0.188123	-1.18379	-0.0847115
2.322	0.291436	1.87041	1.12762	1.51369	0.188123	-1.18379	-0.0847115
2.34	0.291367	1.87039	1.12762	1.51384	0.188123	-1.18379	-0.0847098
2.358	0.291303	1.87036	1.12762	1.51405	0.188123	-1.18379	-0.0847098
2.376	0.291257	1.87032	1.12762	1.51433	0.188123	-1.18379	-0.0847098
2.394	0.29122	1.87027	1.12762	1.51466	0.188123	-1.18379	-0.0847098
2.412	0.291193	1.87021	1.12762	1.51506	0.188123	-1.18379	-0.0847081
2.43	0.291165	1.87015	1.12761	1.51553	0.188123	-1.18379	-0.0847081
2.448	0.291126	1.87008	1.12761	1.51602	0.188123	-1.18379	-0.0847081
2.466	0.291068	1.87001	1.12761	1.51653	0.188123	-1.18379	-0.0847081
2.484	0.291005	1.86997	1.1276	1.51703	0.188123	-1.18379	-0.0847081
2.502	0.29093	1.86996	1.12759	1.51755	0.188123	-1.18379	-0.0847081
2.52	0.290848	1.86995	1.12759	1.51805	0.188123	-1.18379	-0.0847081
2.538	0.290848	1.86995	1.12759	1.51805	0.188123	-1.18379	-0.0847081
2.556	0.290739	1.86995	1.12759	1.51856	0.188123	-1.18379	-0.0847064
2.574	0.290636	1.86995	1.12759	1.51906	0.188123	-1.18379	-0.0847064
2.592	0.290527	1.86995	1.12758	1.51956	0.188123	-1.18378	-0.0847064
2.61	0.29042	1.86995	1.12757	1.52002	0.188123	-1.18378	-0.0847064
2.628	0.290301	1.86995	1.12757	1.52044	0.188123	-1.18378	-0.0847064
2.646	0.290195	1.86995	1.12756	1.52084	0.188123	-1.18378	-0.0847064
2.664	0.290104	1.86994	1.12755	1.52122	0.188123	-1.18378	-0.0847064
2.682	0.290014	1.86994	1.12754	1.52161	0.188121	-1.18378	-0.0847064
2.7	0.28993	1.86994	1.12754	1.522	0.188123	-1.18378	-0.0847047
2.718	0.289851	1.86994	1.12753	1.52242	0.188123	-1.18378	-0.0847047
2.736	0.289788	1.86994	1.12753	1.52291	0.188123	-1.18378	-0.0847047
2.754	0.289788	1.86994	1.12753	1.52291	0.188123	-1.18378	-0.0847047
2.772	0.289747	1.86994	1.12753	1.52344	0.188123	-1.18378	-0.0847047
2.79	0.2897	1.86994	1.12752	1.52399	0.188123	-1.18378	-0.084703
2.808	0.289646	1.86994	1.12752	1.52454	0.188123	-1.18378	-0.084703
2.826	0.289607	1.86994	1.12752	1.52509	0.188123	-1.18378	-0.084703
2.844	0.289581	1.86993	1.12751	1.52568	0.188123	-1.18378	-0.084703
2.862	0.289555	1.86993	1.12751	1.52631	0.188123	-1.18378	-0.084703
2.88	0.289537	1.86993	1.12751	1.52698	0.188123	-1.18378	-0.0847013
2.898	0.28952	1.86992	1.1275	1.52767	0.188123	-1.18378	-0.0847013
2.916	0.289502	1.86992	1.1275	1.52835	0.188123	-1.18378	-0.0847013
2.934	0.289479	1.86989	1.12749	1.52903	0.188123	-1.18378	-0.0847013
2.952	0.289466	1.86985	1.12747	1.52971	0.188121	-1.18378	-0.0847013
2.97	0.289466	1.86985	1.12747	1.52971	0.188121	-1.18378	-0.0847013
2.988	0.289453	1.86981	1.12746	1.5304	0.188123	-1.18378	-0.0846996
3.006	0.289451	1.86978	1.12745	1.53113	0.188123	-1.18378	-0.0846996
3.024	0.289451	1.86973	1.12744	1.53189	0.188123	-1.18378	-0.0846996
3.042	0.289436	1.86965	1.12743	1.53263	0.188123	-1.18378	-0.0846996
3.06	0.289412	1.86954	1.12743	1.53337	0.188121	-1.18378	-0.0846996
3.078	0.289385	1.8694	1.12742	1.53413	0.188123	-1.18378	-0.0846996
3.096	0.289357	1.86923	1.12742	1.53495	0.188123	-1.18378	-0.0846996
3.114	0.289341	1.86903	1.12742	1.53581	0.188123	-1.18378	-0.0846996
3.132	0.289296	1.86877	1.1274	1.53669	0.188123	-1.18378	-0.0846979
3.15	0.289241	1.86845	1.1274	1.53755	0.188123	-1.18378	-0.0846979
3.168	0.289191	1.86812	1.1274	1.53844	0.188121	-1.18377	-0.0846979
3.186	0.289191	1.86812	1.1274	1.53844	0.188121	-1.18377	-0.0846979
3.204	0.289128	1.86778	1.1274	1.53936	0.188121	-1.18377	-0.0846979
3.222	0.289035	1.86743	1.12739	1.54026	0.188121	-1.18377	-0.0846979
3.24	0.288921	1.86703	1.12738	1.54115	0.188121	-1.18377	-0.0846979
3.258	0.288815	1.86664	1.12738	1.54206	0.188121	-1.18376	-0.0846962
3.276	0.28871	1.8662	1.12738	1.54302	0.188121	-1.18376	-0.0846962
3.294	0.288581	1.86571	1.12738	1.54397	0.188121	-1.18376	-0.0846962
3.312	0.288429	1.86525	1.12738	1.5449	0.188121	-1.18375	-0.0846945
3.33	0.288291	1.86476	1.12733	1.54587	0.188121	-1.18374	-0.0846945
3.348	0.28819	1.86435	1.12733	1.5469	0.188121	-1.18372	-0.0846945
3.366	0.28808	1.86395	1.12733	1.54795	0.188121	-1.18368	-0.0846945
3.384	0.287943	1.86358	1.12733	1.54899	0.188121	-1.18363	-0.0846945
3.402	0.287807	1.86325	1.12733	1.55005	0.188121	-1.18354	-0.0846928
3.42	0.287807	1.86325	1.12733	1.55005	0.188121	-1.18354	-0.0846928
3.438	0.287686	1.86295	1.1273	1.55117	0.188121	-1.18333	-0.0846928
3.456	0.287552	1.86269	1.1273	1.55226	0.188121	-1.18302	-0.0846928
3.474	0.287409	1.86245	1.1273	1.55333	0.188121	-1.18257	-0.0846928
3.492	0.287325	1.86226	1.12728	1.55452	0.188121	-1.18177	-0.0846928
3.51	0.287285	1.86211	1.12727	1.55582	0.188121	-1.18036	-0.0846928
3.528	0.287203	1.86193	1.12725	1.55708	0.188119	-1.17885	-0.0846928
3.546	0.287148	1.86169	1.12726	1.55838	0.188119	-1.17703	-0.0846911
3.564	0.287095	1.8614	1.12726	1.55973	0.188119	-1.17492	-0.0846911
3.582	0.286996	1.86111	1.12726	1.56107	0.188119	-1.17276	-0.0846911
3.6	0.286908	1.86088	1.12721	1.56246	0.188119	-1.17069	-0.0846911
3.618	0.286843	1.86072	1.12716	1.56395	0.188119	-1.16864	-0.0846911
3.636	0.286843	1.86072	1.12716	1.56395	0.188119	-1.16864	-0.0846911
3.654	0.286729	1.86056	1.12707	1.56538	0.188119	-1.167	-0.0846911
3.672	0.286596	1.86045	1.12699	1.56688	0.188119	-1.16542	-0.0846911
3.69	0.286431	1.86036	1.1269	1.56835	0.188119	-1.16394	-0.0846893
3.708	0.286227	1.86029	1.12678	1.56985	0.188117	-1.16283	-0.0846893
3.726	0.286045	1.86027	1.12665	1.57149	0.188117	-1.16154	-0.0846893
3.744	0.285834	1.86028	1.1265	1.57312	0.188117	-1.16016	-0.0846893
3.762	0.28563	1.86029	1.12634	1.57478	0.188117	-1.1591	-0.0846893
3.78	0.285414	1.8603	1.12621	1.57649	0.188117	-1.15797	-0.0846893
3.798	0.285184	1.86029	1.12608	1.57832	0.188117	-1.1565	-0.0846893
3.816	0.284953	1.86029	1.12595	1.58011	0.188117	-1.15525	-0.0846876
3.834	0.284649	1.86027	1.1258	1.58193	0.188117	-1.15402	-0.0846876
3.852	0.284649	1.86027	1.1258	1.58193	0.188117	-1.15402	-0.0846876
3.87	0.284349	1.86028	1.12565	1.58376	0.188117	-1.15259	-0.0846876
3.888	0.283963	1.86027	1.12546	1.58555	0.188117	-1.1515	-0.0846876
3.906	0.283586	1.86027	1.12523	1.58737	0.188117	-1.15052	-0.0846876
3.924	0.283163	1.86026	1.12499	1.58924	0.188117	-1.14934	-0.0846876
3.942	0.282782	1.86027	1.12471	1.5912	0.188117	-1.14831	-0.0846876
3.96	0.282343	1.86026	1.12442	1.59314	0.188117	-1.14755	-0.0846876
3.978	0.281897	1.86026	1.12402	1.59513	0.188117	-1.14667	-0.0846859
3.996	0.281396	1.86029	1.12355	1.59716	0.188117	-1.14547	-0.0846859
4.014	0.280922	1.86029	1.12312	1.59923	0.188115	-1.14413	-0.0846859
4.032	0.280488	1.86027	1.12273	1.60129	0.188115	-1.14272	-0.0846859
4.05	0.280109	1.86029	1.12239	1.60352	0.188115	-1.14069	-0.0846859
4.068	0.280109	1.86029	1.12239	1.60352	0.188115	-1.14069	-0.0846859
4.086	0.279748	1.86029	1.12202	1.60571	0.188115	-1.13843	-0.0846842
4.104	0.279446	1.86029	1.12168	1.60804	0.188115	-1.13565	-0.0846842
4.122	0.279145	1.86029	1.12137	1.61052	0.188115	-1.13267	-0.0846842
4.14	0.278875	1.86028	1.12107	1.61298	0.188115	-1.12959	-0.0846842
4.158	0.278649	1.86027	1.12076	1.61552	0.188115	-1.12657	-0.0846842
4.176	0.278425	1.86026	1.12041	1.61818	0.188115	-1.12352	-0.0846825
4.194	0.278221	1.86027	1.12009	1.62073	0.188115	-1.12026	-0.0846825
4.212	0.277985	1.86027	1.11969	1.62328	0.188115	-1.11681	-0.0846825
4.23	0.277757	1.86026	1.11932	1.62579	0.188115	-1.11332	-0.0846825
4.248	0.277549	1.86024	1.11895	1.62825	0.188115	-1.1099	-0.0846808
4.266	0.277292	1.86016	1.11858	1.63077	0.188115	-1.1067	-0.0846808
4.284	0.277292	1.86016	1.11858	1.63077	0.188115	-1.1067	-0.0846808
4.302	0.277038	1.8601	1.11822	1.63325	0.188115	-1.10363	-0.0846808
4.32	0.276802	1.86006	1.11784	1.6358	0.188115	-1.10045	-0.0846808
4.338	0.276551	1.85998	1.11744	1.63843	0.188115	-1.09722	-0.0846808
4.356	0.276334	1.85992	1.11706	1.64092	0.188115	-1.09408	-0.0846808
4.374	0.276107	1.85983	1.11665	1.64338	0.188115	-1.09115	-0.0846808
4.392	0.275847	1.85973	1.11624	1.64583	0.188115	-1.08849	-0.0846791
4.41	0.275605	1.85964	1.11586	1.64825	0.188115	-1.08601	-0.0846791
4.428	0.275376	1.85953	1.11546	1.65075	0.188115	-1.08363	-0.0846791
4.446	0.275185	1.8594	1.11511	1.65335	0.188115	-1.08108	-0.0846791
4.464	0.275017	1.85929	1.11481	1.65594	0.188115	-1.07847	-0.0846791
4.482	0.274884	1.85914	1.11446	1.65857	0.188115	-1.07576	-0.0846791
4.5	0.274884	1.85914	1.11446	1.65857	0.188115	-1.07576	-0.0846791
4.518	0.274764	1.85901	1.11417	1.66112	0.188115	-1.07303	-0.0846791
4.536	0.274649	1.85889	1.11386	1.66356	0.188115	-1.07048	-0.0846774
4.554	0.274531	1.85877	1.11353	1.66593	0.188115	-1.06813	-0.0846774
4.572	0.274427	1.85865	1.11325	1.66831	0.188115	-1.06575	-0.0846774
4.59	0.274341	1.85852	1.11294	1.6707	0.188115	-1.06343	-0.0846774
4.608	0.274274	1.85838	1.11265	1.67317	0.188115	-1.06088	-0.0846774
4.626	0.274233	1.85826	1.11241	1.67563	0.188115	-1.05817	-0.0846757
4.644	0.274191	1.85811	1.11211	1.67809	0.188115	-1.05542	-0.0846757
4.662	0.274152	1.85798	1.11187	1.6805	0.188115	-1.05285	-0.0846757
4.68	0.274121	1.85783	1.11165	1.68282	0.188115	-1.05034	-0.0846757
4.698	0.274055	1.85758	1.11144	1.68512	0.188115	-1.04808	-0.0846757
4.716	0.274055	1.85758	1.11144	1.68512	0.188115	-1.04808	-0.0846757
4.734	0.274033	1.85725	1.11136	1.6874	0.188115	-1.04579	-0.0846757
4.752	0.273993	1.85682	1.11131	1.68979	0.188115	-1.04342	-0.084674
4.77	0.273975	1.85639	1.11128	1.6922	0.188113	-1.04091	-0.084674
4.788	0.273957	1.85596	1.11124	1.69467	0.188115	-1.0381	-0.084674
4.806	0.27392	1.85547	1.1112	1.69719	0.188115	-1.03534	-0.084674
4.824	0.273909	1.85495	1.1112	1.69958	0.188115	-1.03264	-0.084674
4.842	0.273833	1.85441	1.11121	1.70196	0.188115	-1.02982	-0.084674
4.86	0.273729	1.85377	1.11121	1.7043	0.188115	-1.02709	-0.0846723
4.878	0.273617	1.85314	1.11121	1.70656	0.188113	-1.02421	-0.0846723
4.896	0.273475	1.85247	1.11121	1.709	0.188115	-1.02105	-0.0846723
4.914	0.273362	1.85182	1.11121	1.71147	0.188113	-1.01761	-0.0846723
4.932	0.273362	1.85182	1.11121	1.71147	0.188113	-1.01761	-0.0846723
4.95	0.273243	1.85115	1.11121	1.71397	0.188115	-1.01402	-0.0846723
4.968	0.273087	1.85036	1.11121	1.71649	0.188113	-1.01047	-0.0846723
4.986	0.272959	1.84959	1.11122	1.71885	0.188113	-1.00688	-0.0846706
5.004	0.272792	1.84874	1.11121	1.72124	0.188113	-1.00304	-0.0846706
5.022	0.272624	1.84785	1.11122	1.72361	0.188113	-0.999008	-0.0846706
5.04	0.272439	1.84695	1.11121	1.72594	0.188113	-0.994882	-0.0846706
5.058	0.272221	1.84592	1.11122	1.72832	0.188113	-0.990929	-0.0846706
5.076	0.272025	1.84491	1.11122	1.73062	0.188113	-0.98722	-0.0846706
5.094	0.271826	1.84386	1.11119	1.73302	0.188113	-0.983518	-0.0846706
5.112	0.271633	1.84277	1.1112	1.73545	0.188113	-0.979895	-0.0846706
5.13	0.271433	1.8416	1.11121	1.73774	0.188113	-0.976408	-0.0846706
5.148	0.271433	1.8416	1.11121	1.73774	0.188113	-0.976408	-0.0846706
5.166	0.27119	1.84039	1.11121	1.73998	0.188113	-0.973372	-0.0846706
5.184	0.27095	1.83915	1.11121	1.74211	0.188113	-0.970746	-0.0846706
5.202	0.270696	1.83785	1.11121	1.74423	0.188113	-0.96831	-0.0846706
5.22	0.270473	1.83652	1.11121	1.74628	0.188111	-0.966142	-0.0846706
5.238	0.270255	1.83513	1.1112	1.74845	0.188111	-0.963723	-0.0846689
5.256	0.270037	1.83376	1.11121	1.75053	0.188111	-0.961388	-0.0846689
5.274	0.269863	1.83236	1.11121	1.7527	0.188111	-0.958855	-0.0846689
5.292	0.26967	1.83089	1.1112	1.75492	0.188109	-0.956363	-0.0846689
5.31	0.269541	1.82943	1.11121	1.75694	0.188109	-0.953988	-0.0846689
5.328	0.269363	1.82798	1.1112	1.75901	0.188109	-0.951649	-0.0846672
5.346	0.269266	1.82649	1.1112	1.76095	0.188107	-0.949439	-0.0846672
5.364	0.269266	1.82649	1.1112	1.76095	0.188107	-0.949439	-0.0846672
5.382	0.269164	1.82507	1.11121	1.76287	0.188107	-0.947097	-0.0846672
5.4	0.26912	1.82368	1.1112	1.76486	0.188105	-0.944465	-0.0846672
5.418	0.269059	1.82228	1.11121	1.76692	0.188105	-0.941554	-0.0846672
5.436	0.269059	1.82098	1.11121	1.76894	0.188105	-0.938494	-0.0846672
5.454	0.269045	1.8197	1.11117	1.77107	0.188101	-0.935338	-0.0846672
5.472	0.269045	1.81849	1.11116	1.7731	0.188099	-0.932347	-0.0846672
5.49	0.26901	1.81726	1.11115	1.77517	0.188097	-0.929502	-0.0846672
5.508	0.26901	1.81614	1.11114	1.77712	0.188084	-0.926681	-0.0846672
5.526	0.268994	1.81505	1.11112	1.77917	0.188058	-0.923668	-0.0846672
5.544	0.268983	1.81408	1.11112	1.7811	0.188011	-0.920676	-0.0846672
5.562	0.26893	1.81308	1.11109	1.78306	0.187849	-0.917751	-0.0846672
5.58	0.26893	1.81308	1.11109	1.78306	0.187849	-0.917751	-0.0846672
5.598	0.268876	1.81226	1.11109	1.78488	0.187641	-0.915163	-0.0846672
5.616	0.268757	1.81141	1.11103	1.78678	0.187362	-0.91278	-0.0846672
5.634	0.26865	1.81063	1.111	1.78853	0.187096	-0.910941	-0.0846672
5.652	0.268495	1.80982	1.11093	1.79038	0.186781	-0.908987	-0.0846655
5.67	0.268354	1.80913	1.11088	1.79214	0.186458	-0.907196	-0.0846655
5.688	0.268178	1.8085	1.11082	1.79403	0.186223	-0.905038	-0.0846655
5.706	0.268022	1.80795	1.11072	1.79585	0.186162	-0.902751	-0.0846655
5.724	0.267823	1.8074	1.11062	1.79774	0.186162	-0.900274	-0.0846655
5.742	0.267649	1.80681	1.11055	1.79957	0.18616	-0.897805	-0.0846655
5.76	0.267419	1.8062	1.11053	1.8013	0.186158	-0.895531	-0.0846655
5.778	0.267182	1.8056	1.11051	1.80306	0.186158	-0.893148	-0.0846655
5.796	0.267182	1.8056	1.11051	1.80306	0.186158	-0.893148	-0.0846655
5.814	0.266906	1.80503	1.11045	1.80477	0.186156	-0.891036	-0.0846655
5.832	0.266634	1.80447	1.11037	1.80662	0.186154	-0.888596	-0.0846655
5.85	0.266294	1.80397	1.11025	1.80849	0.186154	-0.885962	-0.0846655
5.868	0.265896	1.80347	1.11009	1.81041	0.186152	-0.882911	-0.0846655
5.886	0.265473	1.80299	1.10994	1.81237	0.186147	-0.87963	-0.0846655
5.904	0.264981	1.80237	1.10976	1.81443	0.186145	-0.87622	-0.0846655
5.922	0.264458	1.80182	1.10963	1.81633	0.186137	-0.872792	-0.0846655
5.94	0.263824	1.80125	1.10937	1.8183	0.186129	-0.869213	-0.0846655
5.958	0.263202	1.80078	1.10914	1.82023	0.186102	-0.865366	-0.0846655
5.976	0.262495	1.8003	1.10883	1.82227	0.186086	-0.861216	-0.0846655
5.994	0.261684	1.79992	1.10847	1.82417	0.186084	-0.857079	-0.0846638
6.012	0.261684	1.79992	1.10847	1.82417	0.186084	-0.857079	-0.0846638
6.03	0.260719	1.79954	1.10796	1.82615	0.186078	-0.853081	-0.0846638
6.048	0.259693	1.79923	1.10745	1.82805	0.186049	-0.849164	-0.0846638
6.066	0.258642	1.79891	1.10682	1.83009	0.18598	-0.845138	-0.0846638
6.084	0.25744	1.79863	1.10617	1.83206	0.185953	-0.841024	-0.0846638
6.102	0.256173	1.79829	1.1054	1.834	0.18591	-0.837008	-0.0846638
6.12	0.254868	1.79798	1.10462	1.83583	0.185847	-0.833166	-0.0846638
6.138	0.253385	1.79771	1.10371	1.83772	0.18582	-0.829384	-0.0846638
6.156	0.251901	1.79756	1.1028	1.8395	0.185769	-0.825563	-0.0846638
6.174	0.250296	1.7974	1.10178	1.84135	0.185755	-0.821769	-0.0846638
6.192	0.248642	1.79734	1.1007	1.84306	0.185747	-0.818159	-0.0846638
6.21	0.246851	1.79728	1.09953	1.84473	0.185742	-0.814944	-0.0846638
6.228	0.246851	1.79728	1.09953	1.84473	0.185742	-0.814944	-0.0846638
6.246	0.245052	1.7973	1.09837	1.84633	0.18574	-0.812108	-0.0846638
6.264	0.243215	1.79731	1.09716	1.84792	0.185742	-0.80951	-0.0846638
6.282	0.241305	1.79733	1.09592	1.84957	0.185742	-0.806886	-0.0846638
6.3	0.239384	1.79733	1.09474	1.85106	0.18574	-0.804392	-0.0846638
6.318	0.237389	1.79731	1.0935	1.85266	0.185742	-0.802118	-0.0846638
6.336	0.235373	1.79733	1.0922	1.85417	0.185742	-0.800117	-0.0846638
6.354	0.233228	1.79731	1.09095	1.8556	0.185742	-0.798428	-0.0846638
6.372	0.231092	1.79731	1.08961	1.85694	0.185742	-0.797211	-0.0846638
6.39	0.228861	1.79733	1.08832	1.85826	0.185742	-0.795911	-0.0846621
6.408	0.226643	1.79731	1.08705	1.85946	0.18574	-0.794974	-0.0846621
6.426	0.224438	1.79732	1.08571	1.86064	0.185742	-0.794278	-0.0846621
6.444	0.224438	1.79732	1.08571	1.86064	0.185742	-0.794278	-0.0846621
6.462	0.222237	1.79733	1.08429	1.86184	0.185742	-0.793397	-0.0846621
6.48	0.220024	1.79733	1.08305	1.86305	0.18574	-0.79205	-0.0846621
6.498	0.217825	1.79732	1.08168	1.86439	0.185742	-0.790441	-0.0846621
6.516	0.215658	1.79732	1.08031	1.86579	0.185742	-0.788371	-0.0846621
6.534	0.213418	1.79729	1.07907	1.86726	0.185742	-0.785744	-0.0846621
6.552	0.211287	1.79728	1.07772	1.86883	0.185742	-0.782604	-0.0846621
6.57	0.209097	1.79728	1.07647	1.87043	0.185742	-0.779223	-0.0846621
6.588	0.20697	1.79719	1.07523	1.87203	0.185742	-0.775761	-0.0846621
6.606	0.204903	1.79713	1.07403	1.87362	0.185745	-0.772105	-0.0846604
6.624	0.202896	1.79705	1.07279	1.87522	0.185745	-0.768142	-0.0846604
6.642	0.200884	1.79688	1.07169	1.87683	0.185745	-0.76375	-0.0846604
6.66	0.200884	1.79688	1.07169	1.87683	0.185745	-0.76375	-0.0846604
6.678	0.198959	1.79667	1.07058	1.87842	0.185747	-0.759164	-0.0846621
6.696	0.197004	1.79638	1.06958	1.87988	0.185745	-0.754664	-0.0846604
6.714	0.195065	1.79597	1.06856	1.88135	0.185747	-0.749989	-0.0846604
6.732	0.193097	1.79549	1.06769	1.88272	0.185747	-0.7451	-0.0846604
6.75	0.19117	1.79485	1.06683	1.88416	0.185747	-0.740197	-0.0846604
6.768	0.189241	1.79413	1.06613	1.88556	0.185747	-0.735436	-0.0846604
6.786	0.187395	1.79328	1.06543	1.88689	0.185747	-0.730844	-0.0846604
6.804	0.185535	1.79235	1.06479	1.88824	0.185747	-0.72606	-0.0846604
6.822	0.183796	1.79129	1.06426	1.88953	0.185747	-0.721083	-0.0846604
6.84	0.182013	1.79002	1.06381	1.89082	0.185749	-0.716239	-0.0846604
6.858	0.180344	1.78857	1.06348	1.8921	0.185749	-0.711412	-0.0846604
6.876	0.180344	1.78857	1.06348	1.8921	0.185749	-0.711412	-0.0846604
6.894	0.178741	1.78693	1.0633	1.89342	0.185749	-0.706291	-0.0846604
6.912	0.177225	1.78513	1.06326	1.89459	0.185751	-0.701239	-0.0846604
6.93	0.17576	1.78313	1.06328	1.89579	0.185751	-0.696441	-0.0846604
6.948	0.174362	1.78101	1.06332	1.89691	0.185753	-0.691759	-0.0846604
6.966	0.172965	1.77869	1.06333	1.89799	0.185753	-0.687054	-0.0846587
6.984	0.171668	1.7762	1.06333	1.899	0.185753	-0.682492	-0.0846604
7.002	0.17036	1.77348	1.06333	1.89993	0.185753	-0.678207	-0.0846587
7.02	0.169126	1.77066	1.06334	1.9008	0.185753	-0.674138	-0.0846587
7.038	0.167972	1.76764	1.06335	1.90167	0.185753	-0.670196	-0.0846587
7.056	0.166833	1.76458	1.06336	1.90249	0.185753	-0.666274	-0.0846587
7.074	0.165707	1.76141	1.06339	1.90329	0.185753	-0.662444	-0.0846587
7.092	0.165707	1.76141	1.06339	1.90329	0.185753	-0.662444	-0.0846587
7.11	0.164756	1.75824	1.0634	1.904	0.185751	-0.658797	-0.0846587
7.128	0.16375	1.75493	1.06341	1.90474	0.185751	-0.655289	-0.0846587
7.146	0.162773	1.75159	1.06341	1.90535	0.185749	-0.65171	-0.0846587
7.164	0.161782	1.7482	1.06343	1.90595	0.185747	-0.647798	-0.0846587
7.182	0.160914	1.74496	1.06344	1.90644	0.18571	-0.643696	-0.0846587
7.2	0.159998	1.7417	1.06351	1.90689	0.185601	-0.639581	-0.0846587
7.218	0.159087	1.73854	1.06355	1.90721	0.185417	-0.635484	-0.0846587
7.236	0.158125	1.73532	1.06356	1.90763	0.185072	-0.631045	-0.0846587
7.254	0.157188	1.73214	1.06359	1.90812	0.184448	-0.626328	-0.0846587
7.272	0.156219	1.72902	1.06365	1.90864	0.18338	-0.621514	-0.0846587
7.29	0.155181	1.72604	1.06378	1.909	0.181928	-0.616916	-0.0846587
7.308	0.155181	1.72604	1.06378	1.909	0.181928	-0.616916	-0.0846587
7.326	0.154084	1.7231	1.06388	1.90939	0.180161	-0.612353	-0.0846587
7.344	0.152988	1.72028	1.06397	1.90975	0.178267	-0.607825	-0.0846587
7.362	0.151783	1.71744	1.06397	1.91017	0.17652	-0.603615	-0.0846587
7.38	0.150495	1.71469	1.06398	1.91057	0.174796	-0.59989	-0.0846587
7.398	0.149205	1.71205	1.06398	1.91103	0.1731	-0.596633	-0.0846587
7.416	0.147951	1.70946	1.06398	1.91166	0.171873	-0.593628	-0.0846587
7.434	0.146705	1.70698	1.06399	1.91231	0.170963	-0.590864	-0.0846587
7.452	0.145393	1.7047	1.064	1.91289	0.170448	-0.588573	-0.0846587
7.47	0.14406	1.70256	1.064	1.91356	0.170294	-0.586763	-0.0846587
7.488	0.142762	1.70056	1.064	1.91413	0.170296	-0.585885	-0.0846587
7.506	0.141469	1.69866	1.064	1.91469	0.170296	-0.58571	-0.0846587
7.524	0.141469	1.69866	1.064	1.91469	0.170296	-0.58571	-0.0846587
7.542	0.14019	1.6969	1.064	1.91528	0.170296	-0.585739	-0.0846587
7.56	0.138919	1.69527	1.06401	1.91577	0.170296	-0.585739	-0.0846587
7.578	0.137552	1.69384	1.06401	1.91621	0.170296	-0.585739	-0.0846587
7.596	0.13622	1.69246	1.06401	1.91657	0.170294	-0.585739	-0.0846587
7.614	0.134832	1.69124	1.06401	1.91681	0.170294	-0.585737	-0.084657
7.632	0.133418	1.69025	1.06401	1.917	0.170294	-0.585735	-0.084657
7.65	0.132027	1.68932	1.06401	1.91722	0.170292	-0.585723	-0.084657
7.668	0.130631	1.68856	1.06401	1.9174	0.17029	-0.585635	-0.084657
7.686	0.129212	1.68793	1.06401	1.91769	0.17028	-0.585075	-0.084657
7.704	0.127765	1.68745	1.06401	1.91808	0.170276	-0.583881	-0.084657
7.722	0.126224	1.68704	1.06401	1.91846	0.170276	-0.582533	-0.084657
7.74	0.126224	1.68704	1.06401	1.91846	0.170276	-0.582533	-0.084657
7.758	0.124658	1.68674	1.064	1.91895	0.170274	-0.580946	-0.084657
7.776	0.123011	1.68655	1.064	1.91961	0.170276	-0.578646	-0.084657
7.794	0.121324	1.68649	1.064	1.9204	0.170276	-0.57586	-0.084657
7.812	0.119553	1.68646	1.06399	1.92132	0.170276	-0.572572	-0.084657
7.83	0.11776	1.68646	1.06395	1.92229	0.170276	-0.568831	-0.084657
7.848	0.115837	1.68644	1.06393	1.92332	0.170276	-0.564917	-0.084657
7.866	0.113911	1.68643	1.06387	1.92417	0.170276	-0.561139	-0.084657
7.884	0.11183	1.68636	1.06383	1.92493	0.170276	-0.557578	-0.084657
7.902	0.109719	1.68624	1.06373	1.9256	0.170278	-0.553999	-0.084657
7.92	0.107529	1.68608	1.06365	1.92626	0.170278	-0.55036	-0.084657
7.938	0.105388	1.6859	1.0635	1.92684	0.170278	-0.546835	-0.084657
7.956	0.105388	1.6859	1.0635	1.92684	0.170278	-0.546835	-0.084657
7.974	0.103112	1.68564	1.06342	1.92739	0.17028	-0.543658	-0.084657
7.992	0.100918	1.68533	1.06324	1.92781	0.17028	-0.540909	-0.084657
8.01	0.0986988	1.68486	1.06313	1.92818	0.170282	-0.538473	-0.084657
8.028	0.0964656	1.68422	1.06304	1.92854	0.170284	-0.536	-0.084657
8.046	0.0942337	1.68346	1.06296	1.92873	0.170284	-0.533593	-0.084657
8.064	0.0920286	1.6826	1.06286	1.92894	0.170284	-0.530999	-0.084657
8.082	0.0899462	1.68163	1.06277	1.92907	0.170286	-0.528412	-0.084657
8.1	0.0878549	1.68052	1.06268	1.92915	0.170286	-0.525976	-0.084657
8.118	0.0859284	1.67935	1.06262	1.92917	0.170286	-0.523546	-0.084657
8.136	0.0839547	1.67797	1.06257	1.92917	0.170288	-0.521269	-0.084657
8.154	0.0821561	1.67646	1.06243	1.92914	0.170288	-0.518816	-0.084657
8.172	0.0821561	1.67646	1.06243	1.92914	0.170288	-0.518816	-0.084657
8.19	0.0803678	1.67483	1.06235	1.92915	0.170288	-0.515924	-0.084657
8.208	0.0786523	1.67301	1.06221	1.92915	0.170288	-0.512626	-0.084657
8.226	0.0769534	1.67105	1.06214	1.92913	0.170286	-0.509021	-0.084657
8.244	0.0753746	1.66897	1.06202	1.92911	0.170286	-0.50537	-0.084657
8.262	0.0739302	1.66689	1.06201	1.9291	0.170286	-0.501721	-0.084657
8.28	0.0724703	1.66467	1.06201	1.92909	0.170286	-0.498049	-0.0846553
8.298	0.071114	1.66246	1.06201	1.92908	0.170284	-0.494208	-0.0846553
8.316	0.0697705	1.66011	1.06201	1.92908	0.170284	-0.490218	-0.0846553
8.334	0.0684436	1.65768	1.062	1.92907	0.170282	-0.486396	-0.0846553
8.352	0.0671755	1.65521	1.062	1.92905	0.170282	-0.482895	-0.0846553
8.37	0.0659714	1.65271	1.062	1.92905	0.17028	-0.479735	-0.0846553
8.388	0.0659714	1.65271	1.062	1.92905	0.17028	-0.479735	-0.0846553
8.406	0.0647634	1.65023	1.062	1.92904	0.170278	-0.476725	-0.0846553
8.424	0.0636039	1.64779	1.06201	1.92904	0.170276	-0.474049	-0.0846553
8.442	0.0625646	1.64541	1.062	1.92902	0.170274	-0.471915	-0.0846553
8.46	0.0615075	1.64309	1.06201	1.92902	0.170266	-0.47025	-0.0846553
8.478	0.060536	1.6408	1.062	1.92899	0.17026	-0.469115	-0.0846553
8.496	0.059567	1.63856	1.062	1.92899	0.170245	-0.468771	-0.0846553
8.514	0.0587182	1.63634	1.062	1.92899	0.170221	-0.468788	-0.0846553
8.532	0.0578668	1.63416	1.06201	1.92899	0.170186	-0.468796	-0.0846553
8.55	0.0570474	1.63207	1.062	1.92898	0.170102	-0.468793	-0.0846553
8.568	0.0563303	1.63002	1.062	1.92898	0.169957	-0.468795	-0.0846553
8.586	0.055617	1.62808	1.06201	1.92898	0.169828	-0.46879	-0.0846553
8.604	0.055617	1.62808	1.06201	1.92898	0.169828	-0.46879	-0.0846553
8.622	0.0549842	1.62623	1.062	1.92898	0.169658	-0.46879	-0.0846553
8.64	0.0543988	1.62436	1.062	1.92898	0.169368	-0.46879	-0.0846553
8.658	0.0538018	1.62258	1.062	1.92898	0.169061	-0.468786	-0.0846553
8.676	0.0531856	1.6208	1.062	1.92898	0.168723	-0.468764	-0.0846553
8.694	0.0525989	1.61903	1.062	1.92898	0.168284	-0.468607	-0.0846553
8.712	0.051961	1.61733	1.062	1.92898	0.167774	-0.468251	-0.0846553
8.73	0.0513845	1.61576	1.06199	1.92898	0.167306	-0.467694	-0.0846553
8.748	0.0507837	1.61411	1.06198	1.92898	0.166877	-0.46679	-0.0846553
8.766	0.0501893	1.61252	1.06199	1.92898	0.166592	-0.465507	-0.0846553
8.784	0.0495782	1.61102	1.06198	1.92897	0.166418	-0.464232	-0.0846553
8.802	0.0489646	1.60956	1.06199	1.92897	0.166253	-0.462584	-0.0846553
8.82	0.0482603	1.60812	1.06198	1.92897	0.166177	-0.460583	-0.0846553
8.838	0.0482603	1.60812	1.06198	1.92897	0.166177	-0.460583	-0.0846553
8.856	0.0475904	1.60676	1.06193	1.92898	0.166046	-0.45813	-0.0846553
8.874	0.0468695	1.60527	1.06193	1.92897	0.165827	-0.455522	-0.0846553
8.892	0.0461242	1.60388	1.06193	1.92897	0.165643	-0.452652	-0.0846553
8.91	0.0452933	1.60254	1.06191	1.92895	0.165445	-0.449797	-0.0846553
8.928	0.0444471	1.60115	1.06188	1.92893	0.165253	-0.447339	-0.0846553
8.946	0.043574	1.59978	1.06184	1.92892	0.165095	-0.445246	-0.0846553
8.964	0.0426702	1.59838	1.06176	1.9289	0.16487	-0.443874	-0.0846553
8.982	0.0416706	1.597	1.06175	1.92884	0.164582	-0.442683	-0.0846553
9	0.0406479	1.59571	1.06169	1.92866	0.164246	-0.441981	-0.0846553
9.018	0.0395843	1.59439	1.06167	1.9285	0.163933	-0.441679	-0.0846553
9.036	0.0386013	1.5931	1.0616	1.92835	0.163625	-0.441517	-0.0846553
9.054	0.0386013	1.5931	1.0616	1.92835	0.163625	-0.441517	-0.0846553
9.072	0.0375339	1.59194	1.06158	1.92817	0.16332	-0.44149	-0.0846553
9.09	0.0365074	1.59079	1.06145	1.92793	0.16299	-0.441461	-0.0846553
9.108	0.0354822	1.58973	1.06137	1.92767	0.162663	-0.441393	-0.0846553
9.126	0.0344928	1.5887	1.06108	1.92737	0.162236	-0.441214	-0.0846553
9.144	0.0334126	1.58781	1.06076	1.927	0.161849	-0.440856	-0.0846553
9.162	0.0323133	1.58696	1.06032	1.92663	0.161454	-0.440138	-0.0846553
9.18	0.0313008	1.58613	1.05989	1.92632	0.161043	-0.438795	-0.0846535
9.198	0.0302156	1.5853	1.05947	1.92605	0.160638	-0.437094	-0.0846535
9.216	0.0290996	1.58457	1.05896	1.92578	0.160305	-0.434984	-0.0846535
9.234	0.0279299	1.58392	1.05845	1.92552	0.16007	-0.432584	-0.0846535
9.252	0.0267449	1.58329	1.05786	1.92532	0.159888	-0.430167	-0.0846535
9.27	0.0267449	1.58329	1.05786	1.92532	0.159888	-0.430167	-0.0846535
9.288	0.0254334	1.58268	1.05731	1.92497	0.159788	-0.428197	-0.0846535
9.306	0.0240784	1.58205	1.05668	1.9246	0.159714	-0.426494	-0.0846535
9.324	0.0227221	1.58154	1.05612	1.9241	0.159612	-0.425472	-0.0846535
9.342	0.0212865	1.58103	1.05551	1.92359	0.159532	-0.425098	-0.0846535
9.36	0.0197934	1.58061	1.05486	1.92306	0.159499	-0.42509	-0.0846535
9.378	0.018294	1.58019	1.05415	1.92255	0.159495	-0.425095	-0.0846535
9.396	0.016728	1.5798	1.05348	1.92197	0.159495	-0.425095	-0.0846535
9.414	0.0151148	1.57943	1.05275	1.92139	0.159497	-0.425095	-0.0846535
9.432	0.0134249	1.57907	1.05206	1.92086	0.159497	-0.425095	-0.0846535
9.45	0.0117618	1.57873	1.05134	1.9203	0.159499	-0.425095	-0.0846535
9.468	0.00999259	1.57838	1.05068	1.91976	0.159501	-0.425095	-0.0846535
9.486	0.00999259	1.57838	1.05068	1.91976	0.159501	-0.425095	-0.0846535
9.504	0.0082464	1.57807	1.04994	1.91913	0.159505	-0.425095	-0.0846535
9.522	0.00641073	1.57775	1.04926	1.91844	0.159505	-0.425095	-0.0846535
9.54	0.0045559	1.57747	1.04856	1.91767	0.159507	-0.425093	-0.0846535
9.558	0.00265376	1.57721	1.04787	1.91681	0.159507	-0.425088	-0.0846535
9.576	0.000700488	1.57697	1.04726	1.91588	0.159509	-0.42508	-0.0846535
9.594	-0.00131922	1.57672	1.04663	1.91489	0.159511	-0.425068	-0.0846535
9.612	-0.003385	1.57646	1.04603	1.91377	0.159511	-0.425056	-0.0846535
9.63	-0.00547375	1.57617	1.0454	1.91262	0.159513	-0.42502	-0.0846535
9.648	-0.00759321	1.57589	1.04484	1.91139	0.159513	-0.424965	-0.0846535
9.666	-0.00976506	1.57557	1.04434	1.91003	0.159516	-0.424943	-0.0846535
9.684	-0.0118641	1.57522	1.04389	1.90859	0.159516	-0.424914	-0.0846535
9.702	-0.0118641	1.57522	1.04389	1.90859	0.159516	-0.424914	-0.0846535
9.72	-0.0140257	1.5748	1.04349	1.90724	0.159516	-0.424836	-0.0846535
9.738	-0.0161464	1.57439	1.04313	1.90578	0.159518	-0.424797	-0.0846535
9.756	-0.0183592	1.57395	1.0429	1.90436	0.159518	-0.424703	-0.0846535
9.774	-0.0204684	1.57351	1.04268	1.90294	0.15952	-0.424522	-0.0846535
9.792	-0.0226799	1.57297	1.0426	1.90162	0.15952	-0.424253	-0.0846535
9.81	-0.0247585	1.57244	1.04251	1.9004	0.15952	-0.423539	-0.0846535
9.828	-0.0268843	1.5719	1.04252	1.89918	0.159522	-0.422511	-0.0846535
9.846	-0.0290255	1.57129	1.04252	1.89787	0.159522	-0.421623	-0.0846535
9.864	-0.0310861	1.57063	1.04252	1.89657	0.159524	-0.420554	-0.0846519
9.882	-0.0331915	1.56993	1.04251	1.89541	0.159526	-0.418763	-0.0846519
9.9	-0.0352585	1.56918	1.04251	1.89402	0.159528	-0.416943	-0.0846519
9.918	-0.0352585	1.56918	1.04251	1.89402	0.159528	-0.416943	-0.0846519
9.936	-0.0373691	1.56845	1.04251	1.89267	0.15953	-0.414763	-0.0846519
9.954	-0.0393926	1.56765	1.04249	1.89118	0.15953	-0.41261	-0.0846519
9.972	-0.0415185	1.56668	1.04249	1.88968	0.159532	-0.410394	-0.0846519
9.99	-0.0435177	1.56573	1.04247	1.888	0.159532	-0.408605	-0.0846519
10.008	-0.0456052	1.56467	1.04245	1.88638	0.159534	-0.406945	-0.0846519
10.026	-0.0475854	1.5636	1.04245	1.88467	0.159534	-0.405876	-0.0846519
10.044	-0.0495731	1.56242	1.04245	1.88301	0.159534	-0.405336	-0.0846519
10.062	-0.0514331	1.56128	1.04244	1.88138	0.159536	-0.405198	-0.0846519
10.08	-0.0533314	1.55999	1.04245	1.87994	0.159536	-0.405179	-0.0846519
10.098	-0.0550878	1.5588	1.04245	1.87852	0.159536	-0.405187	-0.0846519
10.116	-0.0568263	1.55751	1.04245	1.8773	0.159536	-0.405191	-0.0846519
10.134	-0.0568263	1.55751	1.04245	1.8773	0.159536	-0.405191	-0.0846519
10.152	-0.0584012	1.55626	1.04245	1.87615	0.159536	-0.405191	-0.0846519
10.17	-0.0598981	1.55497	1.04245	1.87506	0.159538	-0.405191	-0.0846519
10.188	-0.0613388	1.55371	1.04245	1.87403	0.159538	-0.405191	-0.0846519
10.206	-0.0626618	1.55252	1.04245	1.87304	0.159538	-0.405191	-0.0846519
10.224	-0.0638417	1.55128	1.04245	1.87206	0.159538	-0.405191	-0.0846519
10.242	-0.0649411	1.55014	1.04245	1.87103	0.159538	-0.405189	-0.0846519
10.26	-0.0659714	1.54902	1.04243	1.86994	0.159538	-0.40518	-0.0846519
10.278	-0.0668534	1.5479	1.04244	1.86889	0.159538	-0.405111	-0.0846519
10.296	-0.0676792	1.54679	1.04244	1.86786	0.159538	-0.404892	-0.0846519
10.314	-0.0684309	1.54578	1.04244	1.8668	0.159538	-0.404344	-0.0846519
10.332	-0.0691467	1.54476	1.04244	1.8659	0.159538	-0.403258	-0.0846519
10.35	-0.0691467	1.54476	1.04244	1.8659	0.159538	-0.403258	-0.0846519
10.368	-0.0697552	1.54379	1.04244	1.86511	0.159536	-0.401983	-0.0846519
10.386	-0.0703049	1.54279	1.04244	1.86453	0.159538	-0.400468	-0.0846519
10.404	-0.0707855	1.54187	1.04244	1.8641	0.159538	-0.398354	-0.0846519
10.422	-0.0713109	1.54096	1.04244	1.86376	0.159536	-0.396367	-0.0846519
10.44	-0.0717596	1.54009	1.04244	1.86353	0.159536	-0.394236	-0.0846519
10.458	-0.0721994	1.53917	1.04244	1.86336	0.159538	-0.392641	-0.0846519
10.476	-0.0726084	1.53829	1.04244	1.86329	0.159536	-0.391201	-0.0846519
10.494	-0.0730162	1.53749	1.04244	1.86315	0.159536	-0.390553	-0.0846519
10.512	-0.0734214	1.53674	1.04244	1.86301	0.159536	-0.390528	-0.0846519
10.53	-0.0738049	1.53598	1.04244	1.86295	0.159536	-0.390528	-0.0846519
10.548	-0.0738049	1.53598	1.04244	1.86295	0.159536	-0.390528	-0.0846519
10.566	-0.0742114	1.5352	1.04244	1.86295	0.159536	-0.390528	-0.0846519
10.584	-0.0746064	1.53449	1.04244	1.8629	0.159536	-0.390528	-0.0846501
10.602	-0.0749925	1.53388	1.04244	1.86278	0.159536	-0.390526	-0.0846519
10.62	-0.0754245	1.53335	1.04244	1.86263	0.159536	-0.390526	-0.0846519
10.638	-0.0758132	1.53285	1.04244	1.86241	0.159534	-0.390526	-0.0846519
10.656	-0.0762146	1.53233	1.04244	1.86217	0.159534	-0.390526	-0.0846519
10.674	-0.0765993	1.53185	1.04245	1.86184	0.159534	-0.390524	-0.0846519
10.692	-0.0770237	1.53145	1.04245	1.86145	0.159534	-0.390524	-0.0846519
10.71	-0.0774865	1.53108	1.04244	1.86109	0.159536	-0.390524	-0.0846519
10.728	-0.0779428	1.53077	1.04244	1.86072	0.159536	-0.390524	-0.0846519
10.746	-0.0784567	1.53047	1.04244	1.86037	0.159536	-0.390524	-0.0846519
10.764	-0.0784567	1.53047	1.04244	1.86037	0.159536	-0.390524	-0.0846519
10.782	-0.0789962	1.53021	1.04244	1.86	0.159536	-0.390522	-0.0846519
10.8	-0.0796494	1.53001	1.04244	1.85962	0.159536	-0.390521	-0.0846519
10.818	-0.0803307	1.52985	1.04244	1.8592	0.159536	-0.390517	-0.0846501
10.836	-0.0810006	1.52969	1.04244	1.85882	0.159536	-0.3905	-0.0846501
10.854	-0.0816819	1.52958	1.04244	1.85846	0.159536	-0.390471	-0.0846501
10.872	-0.082376	1.52955	1.04244	1.85813	0.159536	-0.390412	-0.0846501
10.89	-0.083005	1.52953	1.04244	1.85784	0.159538	-0.390342	-0.0846501
10.908	-0.0836083	1.52953	1.04244	1.85758	0.159538	-0.390267	-0.0846501
10.926	-0.0841554	1.52954	1.04244	1.85735	0.159538	-0.390136	-0.0846501
10.944	-0.0846463	1.52955	1.04244	1.85717	0.159538	-0.389955	-0.0846501
10.962	-0.0850899	1.52955	1.04244	1.85705	0.15954	-0.389742	-0.0846501
10.98	-0.0850899	1.52955	1.04244	1.85705	0.15954	-0.389742	-0.0846501
10.998	-0.0854389	1.52955	1.04244	1.85693	0.15954	-0.389582	-0.0846501
11.016	-0.0856869	1.52955	1.04244	1.85683	0.15954	-0.389507	-0.0846501
11.034	-0.0858352	1.52956	1.04244	1.85672	0.159542	-0.389505	-0.0846501
11.052	-0.085917	1.52956	1.04244	1.85662	0.159544	-0.389522	-0.0846501
11.07	-0.0859323	1.52956	1.04244	1.85654	0.159546	-0.389534	-0.0846501
11.088	-0.0859221	1.52956	1.04244	1.85652	0.159554	-0.389539	-0.0846501
11.106	-0.0859119	1.52957	1.04244	1.85653	0.159565	-0.389542	-0.0846501
11.124	-0.0859067	1.52958	1.04244	1.85655	0.159573	-0.389542	-0.0846501
11.142	-0.0859004	1.52962	1.04244	1.85655	0.159585	-0.389544	-0.0846501
11.16	-0.085894	1.52965	1.04244	1.85656	0.159597	-0.389546	-0.0846501
11.178	-0.0858889	1.52968	1.04243	1.85658	0.159608	-0.389547	-0.0846501
11.196	-0.0858889	1.52968	1.04243	1.85658	0.159608	-0.389547	-0.0846501
11.214	-0.0858825	1.5297	1.04243	1.85658	0.15962	-0.389551	-0.0846501
11.232	-0.0858633	1.52976	1.04243	1.85658	0.159632	-0.389554	-0.0846501
11.25	-0.0858428	1.52984	1.04243	1.85658	0.159644	-0.389561	-0.0846501
11.268	-0.0858211	1.52997	1.04243	1.85659	0.159669	-0.389575	-0.0846501
11.286	-0.0857917	1.53012	1.04243	1.85659	0.159689	-0.389592	-0.0846501
11.304	-0.0857431	1.53027	1.04243	1.85659	0.159706	-0.389641	-0.0846501
11.322	-0.0857124	1.5305	1.04244	1.85659	0.159722	-0.389694	-0.0846501
11.34	-0.0857099	1.53077	1.04243	1.8566	0.159734	-0.389728	-0.0846501
11.358	-0.0857086	1.53103	1.04243	1.85661	0.159751	-0.389798	-0.0846501
11.376	-0.0857073	1.53128	1.04243	1.85661	0.159763	-0.389858	-0.0846484
11.394	-0.0857073	1.5315	1.04243	1.85661	0.159771	-0.389916	-0.0846484
11.412	-0.0857073	1.5315	1.04243	1.85661	0.159771	-0.389916	-0.0846484
11.43	-0.0857073	1.53171	1.04243	1.85661	0.159777	-0.389941	-0.0846484
11.448	-0.0857073	1.53192	1.04243	1.85662	0.159786	-0.390006	-0.0846484
11.466	-0.085706	1.5321	1.04244	1.85662	0.159794	-0.390086	-0.0846484
11.484	-0.0857048	1.53227	1.04244	1.85665	0.1598	-0.390112	-0.0846484
11.502	-0.0857048	1.53246	1.04244	1.85669	0.159804	-0.39012	-0.0846484
11.52	-0.0857048	1.53266	1.04244	1.85672	0.159806	-0.390124	-0.0846484
11.538	-0.0857048	1.53285	1.04244	1.85677	0.15981	-0.39013	-0.0846484
11.556	-0.085706	1.53306	1.04244	1.85682	0.159812	-0.390132	-0.0846484
11.574	-0.085706	1.53329	1.04244	1.85686	0.159814	-0.390134	-0.0846484
11.592	-0.085706	1.53359	1.04244	1.85692	0.159818	-0.390136	-0.0846484
11.61	-0.085706	1.53395	1.04243	1.85699	0.15982	-0.390137	-0.0846484
11.628	-0.085706	1.53395	1.04243	1.85699	0.15982	-0.390137	-0.0846484
11.646	-0.085706	1.53424	1.04244	1.85706	0.159824	-0.390139	-0.0846484
11.664	-0.085706	1.53449	1.04244	1.85707	0.159828	-0.390141	-0.0846484
11.682	-0.085706	1.53466	1.04244	1.85708	0.159833	-0.390142	-0.0846484
11.7	-0.085706	1.53479	1.04244	1.85708	0.159837	-0.390142	-0.0846484
11.718	-0.085706	1.53485	1.04244	1.85709	0.159841	-0.390144	-0.0846484
11.736	-0.085706	1.53485	1.04244	1.8571	0.159845	-0.390144	-0.0846484
11.754	-0.085706	1.53485	1.04244	1.8571	0.159849	-0.390144	-0.0846484
11.772	-0.0857073	1.53485	1.04244	1.8571	0.159853	-0.390144	-0.0846467
11.79	-0.0857073	1.53485	1.04244	1.8571	0.159857	-0.390144	-0.0846484
11.808	-0.085706	1.53485	1.04244	1.8571	0.159863	-0.390144	-0.0846484
11.826	-0.0857073	1.53485	1.04244	1.85711	0.159865	-0.390144	-0.0846484
11.844	-0.0857073	1.53485	1.04244	1.85711	0.159865	-0.390144	-0.0846484
11.862	-0.0857073	1.53485	1.04244	1.85711	0.159869	-0.390144	-0.0846484
11.88	-0.085706	1.53485	1.04244	1.85711	0.159871	-0.390144	-0.0846484
11.898	-0.085706	1.53485	1.04244	1.85711	0.159873	-0.390144	-0.0846467
11.916	-0.085706	1.53485	1.04244	1.85711	0.159875	-0.390144	-0.0846467
11.934	-0.0857073	1.53485	1.04244	1.85711	0.15988	-0.390144	-0.0846484
11.952	-0.0857073	1.53485	1.04244	1.85711	0.159882	-0.390144	-0.0846484
11.97	-0.085706	1.53485	1.04244	1.85711	0.159884	-0.390144	-0.0846484
11.988	-0.0857073	1.53485	1.04244	1.85711	0.159886	-0.390144	-0.0846484
12.006	-0.0857073	1.53485	1.04244	1.85711	0.159888	-0.390144	-0.0846467
12.024	-0.085706	1.53485	1.04244	1.85711	0.15989	-0.390144	-0.0846467
12.042	-0.085706	1.53485	1.04244	1.85711	0.159892	-0.390144	-0.0846467
12.06	-0.085706	1.53485	1.04244	1.85711	0.159892	-0.390144	-0.0846467
12.078	-0.085706	1.53485	1.04244	1.85711	0.159896	-0.390144	-0.0846467
12.096	-0.085706	1.53485	1.04244	1.85711	0.159896	-0.390144	-0.0846467
12.114	-0.085706	1.53485	1.04244	1.85711	0.1599	-0.390144	-0.0846467
12.132	-0.085706	1.53485	1.04244	1.85711	0.159902	-0.390144	-0.0846467
12.15	-0.085706	1.53485	1.04244	1.85711	0.159906	-0.390144	-0.0846467
12.168	-0.085706	1.53485	1.04244	1.85711	0.159908	-0.390144	-0.0846467
12.186	-0.0857073	1.53485	1.04244	1.85711	0.15991	-0.390144	-0.0846467
12.204	-0.085706	1.53485	1.04244	1.85711	0.159912	-0.390144	-0.0846467
12.222	-0.085706	1.53485	1.04244	1.85711	0.159914	-0.390144	-0.0846467
12.24	-0.0857073	1.53485	1.04244	1.85711	0.159914	-0.390144	-0.0846467
12.258	-0.085706	1.53485	1.04244	1.85711	0.159916	-0.390144	-0.0846467
12.276	-0.085706	1.53485	1.04244	1.85711	0.159916	-0.390144	-0.0846467
12.294	-0.085706	1.53485	1.04244	1.85711	0.159916	-0.390144	-0.0846467
12.312	-0.085706	1.53485	1.04244	1.85711	0.159918	-0.390144	-0.0846467
12.33	-0.085706	1.53485	1.04244	1.85711	0.15992	-0.390144	-0.0846467
12.348	-0.085706	1.53485	1.04244	1.85711	0.159923	-0.390144	-0.0846467
12.366	-0.085706	1.53485	1.04244	1.85711	0.159923	-0.390144	-0.0846467
12.384	-0.085706	1.53485	1.04244	1.85711	0.159925	-0.390144	-0.0846467
12.402	-0.085706	1.53485	1.04244	1.85711	0.159925	-0.390144	-0.0846467
12.42	-0.0857073	1.53485	1.04244	1.85711	0.159927	-0.390144	-0.0846467
12.438	-0.085706	1.53485	1.04244	1.85711	0.159929	-0.390144	-0.0846467
12.456	-0.0857073	1.53486	1.04244	1.85711	0.159931	-0.390144	-0.0846467
12.474	-0.0857073	1.53485	1.04244	1.85711	0.159931	-0.390144	-0.0846467
12.492	-0.0857073	1.53485	1.04244	1.85711	0.159931	-0.390144	-0.0846467
12.51	-0.085706	1.53485	1.04244	1.85711	0.159933	-0.390144	-0.0846467
12.528	-0.085706	1.53485	1.04244	1.85711	0.159933	-0.390144	-0.0846467
12.546	-0.085706	1.53485	1.04244	1.85711	0.159935	-0.390144	-0.0846467
12.564	-0.085706	1.53485	1.04244	1.85711	0.159937	-0.390144	-0.0846467
12.582	-0.085706	1.53485	1.04244	1.85711	0.159941	-0.390144	-0.0846467
12.6	-0.085706	1.53485	1.04244	1.85711	0.159941	-0.390144	-0.0846467
12.618	-0.085706	1.53485	1.04244	1.85711	0.159943	-0.390144	-0.084645
12.636	-0.085706	1.53485	1.04244	1.85711	0.159945	-0.390144	-0.084645
12.654	-0.085706	1.53485	1.04244	1.85711	0.159947	-0.390144	-0.084645
12.672	-0.085706	1.53485	1.04244	1.85711	0.159949	-0.390144	-0.084645
12.69	-0.085706	1.53485	1.04244	1.85711	0.159951	-0.390144	-0.084645
12.708	-0.085706	1.53485	1.04244	1.85711	0.159951	-0.390144	-0.084645
12.726	-0.085706	1.53485	1.04244	1.85711	0.159951	-0.390144	-0.084645
12.744	-0.085706	1.53485	1.04244	1.85711	0.159953	-0.390144	-0.084645
12.762	-0.085706	1.53485	1.04244	1.85711	0.159953	-0.390144	-0.084645
12.78	-0.085706	1.53485	1.04244	1.85712	0.159953	-0.390144	-0.084645
12.798	-0.085706	1.53485	1.04244	1.85711	0.159955	-0.390144	-0.084645
12.816	-0.085706	1.53485	1.04244	1.85712	0.159955	-0.390144	-0.084645
12.834	-0.085706	1.53485	1.04244	1.85712	0.159957	-0.390144	-0.084645
12.852	-0.085706	1.53485	1.04244	1.85712	0.159957	-0.390144	-0.084645
12.87	-0.085706	1.53485	1.04244	1.85712	0.159959	-0.390144	-0.084645
12.888	-0.085706	1.53485	1.04244	1.85712	0.159959	-0.390144	-0.084645
12.906	-0.085706	1.53485	1.04244	1.85712	0.159959	-0.390144	-0.084645
12.924	-0.085706	1.53485	1.04244	1.85712	0.159959	-0.390144	-0.084645
12.942	-0.0857048	1.53485	1.04244	1.85712	0.159961	-0.390144	-0.084645
12.96	-0.0857048	1.53485	1.04244	1.85712	0.159963	-0.390144	-0.084645
12.978	-0.0857048	1.53486	1.04244	1.85712	0.159963	-0.390144	-0.084645
12.996	-0.085706	1.53485	1.04244	1.85712	0.159966	-0.390144	-0.084645
13.014	-0.0857048	1.53485	1.04244	1.85712	0.159966	-0.390144	-0.084645
13.032	-0.0857048	1.53485	1.04244	1.85712	0.159968	-0.390144	-0.084645
13.05	-0.0857048	1.53485	1.04244	1.85712	0.159968	-0.390144	-0.084645
13.068	-0.0857048	1.53485	1.04244	1.85712	0.15997	-0.390144	-0.084645
13.086	-0.0857048	1.53485	1.04244	1.85712	0.159972	-0.390144	-0.084645
13.104	-0.0857048	1.53485	1.04244	1.85712	0.159972	-0.390144	-0.084645
13.122	-0.0857048	1.53485	1.04244	1.85712	0.159972	-0.390144	-0.084645
13.14	-0.0857048	1.53485	1.04244	1.85712	0.159974	-0.390144	-0.084645
13.158	-0.0857048	1.53485	1.04244	1.85712	0.159974	-0.390144	-0.084645
13.176	-0.0857048	1.53485	1.04244	1.85712	0.159974	-0.390144	-0.084645
13.194	-0.0857048	1.53485	1.04244	1.85712	0.159976	-0.390144	-0.084645
13.212	-0.0857048	1.53485	1.04244	1.85712	0.159976	-0.390144	-0.084645
13.23	-0.0857048	1.53485	1.04244	1.85712	0.159976	-0.390144	-0.084645
13.248	-0.0857048	1.53485	1.04244	1.85712	0.159978	-0.390144	-0.084645
13.266	-0.0857048	1.53485	1.04244	1.85712	0.159978	-0.390144	-0.084645
13.284	-0.0857048	1.53485	1.04244	1.85712	0.159978	-0.390144	-0.084645
13.302	-0.0857048	1.53485	1.04244	1.85712	0.15998	-0.390144	-0.084645
13.32	-0.0857048	1.53485	1.04244	1.85712	0.15998	-0.390144	-0.084645
13.338	-0.0857048	1.53485	1.04244	1.85712	0.15998	-0.390144	-0.084645
13.356	-0.0857048	1.53485	1.04244	1.85712	0.159982	-0.390144	-0.084645
13.374	-0.0857048	1.53485	1.04244	1.85712	0.159982	-0.390144	-0.084645
13.392	-0.0857048	1.53485	1.04244	1.85712	0.159982	-0.390144	-0.084645
13.41	-0.0857048	1.53485	1.04244	1.85712	0.159982	-0.390144	-0.084645
13.428	-0.0857048	1.53486	1.04244	1.85712	0.159984	-0.390144	-0.084645
13.446	-0.0857048	1.53485	1.04244	1.85712	0.159984	-0.390144	-0.084645
13.464	-0.0857048	1.53485	1.04244	1.85712	0.159986	-0.390144	-0.084645
13.482	-0.0857048	1.53485	1.04244	1.85712	0.159986	-0.390144	-0.084645
13.5	-0.0857048	1.53485	1.04244	1.85712	0.159988	-0.390144	-0.0846433
13.518	-0.0857048	1.53485	1.04244	1.85712	0.159988	-0.390144	-0.0846433
13.536	-0.0857048	1.53485	1.04244	1.85712	0.159988	-0.390144	-0.0846433
13.554	-0.0857048	1.53485	1.04244	1.85712	0.15999	-0.390144	-0.0846433
13.572	-0.0857048	1.53485	1.04244	1.85712	0.15999	-0.390144	-0.0846433
13.59	-0.0857048	1.53485	1.04244	1.85712	0.15999	-0.390144	-0.0846433
13.608	-0.0857048	1.53485	1.04244	1.85712	0.159992	-0.390144	-0.0846433
13.626	-0.0857048	1.53485	1.04244	1.85712	0.159992	-0.390144	-0.0846433
13.644	-0.0857048	1.53485	1.04244	1.85712	0.159992	-0.390144	-0.0846433
13.662	-0.0857048	1.53485	1.04244	1.85712	0.159992	-0.390144	-0.0846433
13.68	-0.0857048	1.53485	1.04244	1.85712	0.159994	-0.390144	-0.0846433
13.698	-0.0857048	1.53486	1.04244	1.85712	0.159994	-0.390144	-0.0846433
13.716	-0.0857048	1.53485	1.04244	1.85712	0.159994	-0.390144	-0.0846433
13.734	-0.0857048	1.53485	1.04244	1.85712	0.159994	-0.390144	-0.0846433
13.752	-0.0857048	1.53485	1.04244	1.85712	0.159994	-0.390144	-0.0846433
13.77	-0.0857048	1.53485	1.04244	1.85712	0.159996	-0.390144	-0.0846433
13.788	-0.0857048	1.53485	1.04244	1.85712	0.159996	-0.390144	-0.0846433
13.806	-0.0857048	1.53485	1.04244	1.85712	0.159996	-0.390144	-0.0846433
13.824	-0.0857048	1.53485	1.04244	1.85712	0.159996	-0.390144	-0.0846433
13.842	-0.0857048	1.53485	1.04244	1.85712	0.159998	-0.390144	-0.0846433
13.86	-0.0857048	1.53485	1.04244	1.85712	0.159998	-0.390144	-0.0846433
13.878	-0.0857048	1.53485	1.04244	1.85712	0.159998	-0.390144	-0.0846433
13.896	-0.0857048	1.53485	1.04244	1.85712	0.16	-0.390144	-0.0846433
13.914	-0.0857048	1.53485	1.04244	1.85712	0.16	-0.390144	-0.0846416
13.932	-0.0857048	1.53485	1.04244	1.85712	0.160002	-0.390144	-0.0846433
13.95	-0.0857048	1.53486	1.04244	1.85712	0.160002	-0.390144	-0.0846433
13.968	-0.0857048	1.53486	1.04244	1.85712	0.160002	-0.390144	-0.0846433
13.986	-0.0857035	1.53486	1.04244	1.85712	0.160004	-0.390144	-0.0846433
14.004	-0.0857035	1.53485	1.04244	1.85712	0.160004	-0.390144	-0.0846433
14.022	-0.0857035	1.53485	1.04244	1.85712	0.160004	-0.390144	-0.0846433
14.04	-0.0857035	1.53485	1.04244	1.85712	0.160004	-0.390144	-0.0846433
14.058	-0.0857048	1.53486	1.04244	1.85712	0.160004	-0.390144	-0.0846433
14.076	-0.0857048	1.53486	1.04244	1.85712	0.160006	-0.390144	-0.0846433
