1.584	0.292577	1.87131	1.12764	1.51234	0.182353	-1.18376	-0.0848888
1.602	0.292577	1.87131	1.12764	1.51234	0.182353	-1.18376	-0.0848888
1.62	0.292577	1.8713	1.12764	1.51234	0.182351	-1.18376	-0.0848888
1.638	0.292577	1.8713	1.12764	1.51234	0.182351	-1.18376	-0.0848888
1.656	0.292577	1.8713	1.12764	1.51234	0.182351	-1.18376	-0.0848888
1.674	0.292577	1.8713	1.12764	1.51234	0.182351	-1.18376	-0.0848888
1.692	0.292577	1.8713	1.12764	1.51234	0.182351	-1.18376	-0.0848888
1.71	0.292577	1.8713	1.12764	1.51234	0.182351	-1.18376	-0.0848888
1.728	0.292577	1.8713	1.12764	1.51234	0.182351	-1.18376	-0.0848888
1.746	0.292577	1.87131	1.12764	1.51234	0.182351	-1.18376	-0.0848888
1.764	0.292577	1.87131	1.12764	1.51234	0.182351	-1.18376	-0.0848888
1.782	0.292577	1.87131	1.12764	1.51234	0.182351	-1.18376	-0.0848888
1.8	0.292577	1.8713	1.12764	1.51234	0.182351	-1.18376	-0.0848888
1.818	0.292577	1.8713	1.12764	1.51234	0.182351	-1.18376	-0.0848888
1.836	0.292577	1.8713	1.12764	1.51234	0.182351	-1.18376	-0.0848888
1.854	0.292577	1.8713	1.12764	1.51234	0.182351	-1.18376	-0.0848888
1.872	0.292577	1.87131	1.12764	1.51234	0.182351	-1.18376	-0.0848888
1.89	0.292577	1.87131	1.12764	1.51234	0.182351	-1.18376	-0.0848888
1.908	0.292577	1.87131	1.12764	1.51234	0.182351	-1.18376	-0.0848888
1.926	0.292577	1.87131	1.12764	1.51234	0.182351	-1.18376	-0.0848888
1.944	0.292577	1.87131	1.12764	1.51234	0.182351	-1.18376	-0.0848888
1.962	0.292577	1.8713	1.12764	1.51234	0.182351	-1.18376	-0.0848888
1.98	0.292577	1.8713	1.12764	1.51234	0.182351	-1.18376	-0.0848888
1.998	0.292577	1.8713	1.12764	1.51234	0.182351	-1.18376	-0.0848888
2.016	0.292577	1.87131	1.12764	1.51234	0.182351	-1.18376	-0.0848888
2.034	0.292577	1.87131	1.12764	1.51234	0.182351	-1.18376	-0.0848888
2.052	0.292577	1.87131	1.12764	1.51234	0.182351	-1.18376	-0.0848888
2.07	0.292577	1.87131	1.12764	1.51234	0.182351	-1.18376	-0.0848888
2.088	0.292577	1.87131	1.12764	1.51234	0.182351	-1.18376	-0.0848888
2.106	0.292577	1.8713	1.12764	1.51234	0.182351	-1.18376	-0.0848888
2.124	0.292577	1.8713	1.12764	1.51234	0.182351	-1.18376	-0.0848888
2.142	0.292577	1.87131	1.12764	1.51234	0.182351	-1.18376	-0.0848888
2.16	0.292577	1.87131	1.12764	1.51234	0.182351	-1.18376	-0.0848888
2.178	0.292577	1.87131	1.12764	1.51234	0.182351	-1.18376	-0.0848888
2.196	0.292577	1.87131	1.12764	1.51234	0.182351	-1.18376	-0.0848888
2.214	0.292577	1.87131	1.12764	1.51234	0.182351	-1.18376	-0.0848888
2.232	0.292577	1.87131	1.12764	1.51234	0.182351	-1.18376	-0.0848888
2.25	0.292577	1.87131	1.12764	1.51234	0.182351	-1.18376	-0.0848888
2.268	0.292577	1.87131	1.12764	1.51234	0.182351	-1.18376	-0.0848888
2.286	0.292577	1.87131	1.12763	1.51234	0.182351	-1.18376	-0.0848888
2.304	0.292577	1.87131	1.12764	1.51234	0.182351	-1.18376	-0.0848888
2.322	0.292577	1.87131	1.12764	1.51234	0.182351	-1.18376	-0.0848888
2.34	0.292577	1.87131	1.12764	1.51234	0.182351	-1.18376	-0.0848888
2.358	0.292577	1.87131	1.12764	1.51234	0.182351	-1.18376	-0.0848888
2.376	0.292577	1.87131	1.12764	1.51234	0.182351	-1.18376	-0.0848888
2.394	0.292577	1.87131	1.12764	1.51234	0.182351	-1.18376	-0.0848888
2.412	0.292577	1.87131	1.12764	1.51234	0.182351	-1.18376	-0.0848888
2.43	0.292577	1.87131	1.12764	1.51234	0.182351	-1.18376	-0.0848888
2.448	0.292577	1.87131	1.12764	1.51234	0.182351	-1.18376	-0.0848888
2.466	0.292577	1.87131	1.12764	1.51234	0.182351	-1.18376	-0.0848888
2.484	0.292577	1.87131	1.12764	1.51234	0.182351	-1.18376	-0.0848888
2.502	0.292577	1.87131	1.12764	1.51234	0.182351	-1.18376	-0.0848888
2.52	0.292577	1.87131	1.12764	1.51234	0.182351	-1.18376	-0.0848888
2.538	0.292577	1.87131	1.12764	1.51234	0.182351	-1.18376	-0.0848888
2.556	0.292577	1.87131	1.12763	1.51234	0.182351	-1.18376	-0.0848888
2.574	0.292577	1.87131	1.12763	1.51234	0.182351	-1.18376	-0.0848888
2.592	0.292577	1.87131	1.12763	1.51234	0.182351	-1.18376	-0.0848888
2.61	0.292577	1.87131	1.12763	1.51234	0.182351	-1.18376	-0.0848888
2.628	0.292577	1.87131	1.12763	1.51234	0.182351	-1.18376	-0.0848888
2.646	0.292577	1.87131	1.12763	1.51234	0.182351	-1.18376	-0.0848888
2.664	0.292577	1.87131	1.12763	1.51234	0.182351	-1.18376	-0.0848888
2.682	0.292577	1.87131	1.12763	1.51234	0.182351	-1.18376	-0.0848888
2.7	0.292577	1.87131	1.12763	1.51234	0.182351	-1.18376	-0.0848888
2.718	0.292577	1.87131	1.12763	1.51234	0.182351	-1.18376	-0.0848888
2.736	0.292577	1.8713	1.12763	1.51234	0.182351	-1.18376	-0.0848888
2.754	0.292577	1.87131	1.12763	1.51234	0.182351	-1.18376	-0.0848888
2.772	0.292576	1.8713	1.12763	1.51234	0.182351	-1.18376	-0.0848888
2.79	0.292576	1.8713	1.12763	1.51234	0.182351	-1.18376	-0.0848888
2.808	0.292576	1.8713	1.12763	1.51234	0.182351	-1.18376	-0.0848888
2.826	0.292576	1.8713	1.12763	1.51234	0.182351	-1.18376	-0.0848888
2.844	0.292576	1.8713	1.12763	1.51234	0.182351	-1.18376	-0.0848888
2.862	0.292576	1.8713	1.12763	1.51234	0.182351	-1.18376	-0.0848888
2.88	0.292576	1.8713	1.12763	1.51234	0.182351	-1.18376	-0.0848888
2.898	0.292576	1.8713	1.12763	1.51234	0.182351	-1.18376	-0.0848888
2.916	0.292576	1.8713	1.12763	1.51234	0.182351	-1.18376	-0.0848888
2.934	0.292576	1.8713	1.12763	1.51234	0.182351	-1.18376	-0.0848888
2.952	0.292576	1.8713	1.12763	1.51234	0.182351	-1.18376	-0.0848888
2.97	0.292576	1.8713	1.12763	1.51234	0.182351	-1.18376	-0.0848888
2.988	0.292576	1.8713	1.12763	1.51234	0.182351	-1.18376	-0.0848888
3.006	0.292576	1.8713	1.12763	1.51234	0.182351	-1.18376	-0.0848888
3.024	0.292575	1.8713	1.12763	1.51234	0.182351	-1.18376	-0.0848888
3.042	0.292575	1.8713	1.12763	1.51234	0.182351	-1.18376	-0.0848888
3.06	0.292572	1.87129	1.12763	1.51234	0.182351	-1.18376	-0.0848888
3.078	0.292572	1.87128	1.12763	1.51234	0.182351	-1.18376	-0.0848888
3.096	0.292563	1.87127	1.12763	1.51234	0.182351	-1.18376	-0.0848888
3.114	0.292526	1.87127	1.12762	1.51234	0.182351	-1.18376	-0.0848888
3.132	0.292483	1.87127	1.12762	1.51233	0.182351	-1.18376	-0.0848888
3.15	0.292434	1.87126	1.12762	1.51232	0.182351	-1.18376	-0.0848888
3.168	0.292375	1.87126	1.12762	1.51231	0.182351	-1.18376	-0.0848888
3.186	0.2923	1.87125	1.12761	1.51228	0.182351	-1.18376	-0.0848888
3.204	0.292198	1.87123	1.1276	1.51223	0.182351	-1.18376	-0.0848888
3.222	0.292198	1.87123	1.1276	1.51223	0.182351	-1.18376	-0.0848888
3.24	0.292047	1.87121	1.1276	1.51215	0.182351	-1.18376	-0.0848888
3.258	0.291833	1.8712	1.12759	1.51203	0.182351	-1.18376	-0.0848888
3.276	0.291587	1.87119	1.12758	1.5119	0.182351	-1.18376	-0.0848888
3.294	0.291289	1.87117	1.12758	1.51178	0.182351	-1.18376	-0.0848888
3.312	0.290947	1.87115	1.12757	1.51164	0.182351	-1.18376	-0.0848888
3.33	0.290584	1.87114	1.12757	1.51151	0.182351	-1.18376	-0.0848888
3.348	0.290184	1.87113	1.12756	1.51137	0.182351	-1.18376	-0.0848888
3.366	0.289704	1.8711	1.12756	1.51121	0.182351	-1.18376	-0.0848888
3.384	0.289165	1.87106	1.12754	1.51095	0.182351	-1.18376	-0.0848888
3.402	0.288529	1.87101	1.12753	1.51067	0.182351	-1.18376	-0.0848888
3.42	0.287869	1.87094	1.12752	1.51034	0.182351	-1.18376	-0.0848888
3.438	0.287869	1.87094	1.12752	1.51034	0.182351	-1.18376	-0.0848888
3.456	0.287179	1.87087	1.12751	1.50997	0.182351	-1.18376	-0.0848888
3.474	0.286461	1.87079	1.1275	1.50959	0.182349	-1.18376	-0.0848888
3.492	0.285686	1.8707	1.12749	1.50917	0.182351	-1.18376	-0.0848888
3.51	0.284858	1.87058	1.12748	1.50866	0.182351	-1.18376	-0.0848888
3.528	0.283946	1.87042	1.12747	1.50813	0.182351	-1.18376	-0.0848888
3.546	0.283014	1.87017	1.12747	1.50752	0.182351	-1.18375	-0.0848888
3.564	0.282002	1.86983	1.12747	1.50686	0.182351	-1.18376	-0.0848888
3.582	0.280867	1.86946	1.12743	1.50606	0.182349	-1.18375	-0.0848888
3.6	0.279622	1.86898	1.12739	1.5052	0.182351	-1.18376	-0.0848888
3.618	0.278401	1.86845	1.12736	1.50425	0.182349	-1.18375	-0.0848888
3.636	0.278401	1.86845	1.12736	1.50425	0.182349	-1.18375	-0.0848888
3.654	0.27703	1.86786	1.12736	1.50327	0.182351	-1.18376	-0.0848888
3.672	0.275623	1.86728	1.12732	1.50216	0.182349	-1.18376	-0.0848888
3.69	0.274101	1.86661	1.1273	1.501	0.182351	-1.18376	-0.0848888
3.708	0.272547	1.86585	1.12729	1.4998	0.182349	-1.18376	-0.0848888
3.726	0.270929	1.86507	1.12729	1.49854	0.182351	-1.18376	-0.0848888
3.744	0.269244	1.86427	1.12727	1.49724	0.182349	-1.18376	-0.0848888
3.762	0.267548	1.86347	1.12722	1.49593	0.182349	-1.18376	-0.0848888
3.78	0.265909	1.86268	1.12715	1.49469	0.182349	-1.18376	-0.0848888
3.798	0.264218	1.86183	1.12707	1.49339	0.182349	-1.18376	-0.0848888
3.816	0.262529	1.86094	1.12703	1.4921	0.182349	-1.18376	-0.0848888
3.834	0.260823	1.86008	1.12699	1.49084	0.182349	-1.18376	-0.0848888
3.852	0.260823	1.86008	1.12699	1.49084	0.182349	-1.18376	-0.0848888
3.87	0.259079	1.85921	1.12691	1.48957	0.182349	-1.18376	-0.0848888
3.888	0.257312	1.8584	1.12686	1.48832	0.182349	-1.18376	-0.0848888
3.906	0.255597	1.85762	1.12676	1.48708	0.182349	-1.18376	-0.0848888
3.924	0.2538	1.85679	1.12673	1.48586	0.182349	-1.18376	-0.0848888
3.942	0.252046	1.85601	1.12664	1.48456	0.182347	-1.18376	-0.0848888
3.96	0.250262	1.85524	1.12652	1.48332	0.182349	-1.18376	-0.0848888
3.978	0.248438	1.85449	1.12639	1.48195	0.182347	-1.18376	-0.0848888
3.996	0.246578	1.85374	1.12622	1.48054	0.182349	-1.18376	-0.0848888
4.014	0.244771	1.85301	1.12597	1.47903	0.182347	-1.18376	-0.0848888
4.032	0.242926	1.85229	1.12568	1.47744	0.182347	-1.18376	-0.0848888
4.05	0.241051	1.85161	1.12532	1.47584	0.182347	-1.18376	-0.0848888
4.068	0.241051	1.85161	1.12532	1.47584	0.182347	-1.18376	-0.0848888
4.086	0.239178	1.85095	1.12494	1.47416	0.182347	-1.18376	-0.0848888
4.104	0.237222	1.8502	1.1245	1.47243	0.182347	-1.18375	-0.0848888
4.122	0.235287	1.84945	1.12395	1.47062	0.182347	-1.18376	-0.0848888
4.14	0.233171	1.84864	1.12334	1.46881	0.182347	-1.18376	-0.0848888
4.158	0.231095	1.84786	1.1227	1.4669	0.182347	-1.18376	-0.0848888
4.176	0.228918	1.84703	1.12206	1.46498	0.182347	-1.18376	-0.0848888
4.194	0.226825	1.84622	1.12139	1.46299	0.182347	-1.18376	-0.0848888
4.212	0.224671	1.84535	1.12076	1.46094	0.182347	-1.18376	-0.0848888
4.23	0.222592	1.84452	1.12008	1.4589	0.182347	-1.18376	-0.0848888
4.248	0.220427	1.84371	1.11942	1.45688	0.182347	-1.18375	-0.0848888
4.266	0.218319	1.84288	1.11874	1.45495	0.182347	-1.18376	-0.0848888
4.284	0.218319	1.84288	1.11874	1.45495	0.182347	-1.18376	-0.0848888
4.302	0.216198	1.84203	1.11808	1.45303	0.182347	-1.18376	-0.0848888
4.32	0.214023	1.84118	1.11751	1.45122	0.182347	-1.18376	-0.0848888
4.338	0.211853	1.84029	1.11687	1.44947	0.182347	-1.18376	-0.0848888
4.356	0.209649	1.83944	1.11628	1.44783	0.182347	-1.18376	-0.0848888
4.374	0.207487	1.83858	1.11564	1.44622	0.182347	-1.18376	-0.0848888
4.392	0.205278	1.83771	1.1151	1.4446	0.182347	-1.18376	-0.0848888
4.41	0.203133	1.83679	1.11454	1.44295	0.182347	-1.18376	-0.0848888
4.428	0.200839	1.83576	1.11398	1.4413	0.182347	-1.18375	-0.0848888
4.446	0.198594	1.83477	1.11342	1.43954	0.182347	-1.18375	-0.0848888
4.464	0.196266	1.83368	1.1128	1.43775	0.182347	-1.18375	-0.0848888
4.482	0.193855	1.83257	1.11219	1.43599	0.182347	-1.18375	-0.0848888
4.5	0.193855	1.83257	1.11219	1.43599	0.182347	-1.18375	-0.0848888
4.518	0.191423	1.83139	1.11158	1.43414	0.182347	-1.18375	-0.0848888
4.536	0.188913	1.83012	1.11105	1.43225	0.182347	-1.18375	-0.0848888
4.554	0.186458	1.82875	1.11048	1.43031	0.182347	-1.18375	-0.0848888
4.572	0.18401	1.8274	1.10996	1.42831	0.182347	-1.18375	-0.0848888
4.59	0.181478	1.82597	1.10948	1.4263	0.182347	-1.18375	-0.0848888
4.608	0.178987	1.82455	1.10905	1.42417	0.182347	-1.18375	-0.0848888
4.626	0.176472	1.82305	1.1086	1.42197	0.182347	-1.18375	-0.0848888
4.644	0.173892	1.82156	1.10817	1.4198	0.182347	-1.18375	-0.0848888
4.662	0.171325	1.82006	1.10774	1.41758	0.182347	-1.18375	-0.0848888
4.68	0.16873	1.81857	1.10738	1.41541	0.182347	-1.18376	-0.0848888
4.698	0.166176	1.81695	1.10701	1.41332	0.182347	-1.18375	-0.0848888
4.716	0.166176	1.81695	1.10701	1.41332	0.182347	-1.18375	-0.0848888
4.734	0.163745	1.81536	1.10668	1.41127	0.182347	-1.18375	-0.0848888
4.752	0.161216	1.81371	1.10638	1.40939	0.182347	-1.18375	-0.0848888
4.77	0.158798	1.81216	1.1061	1.40757	0.182347	-1.18375	-0.0848888
4.788	0.156375	1.81054	1.10582	1.40589	0.182347	-1.18375	-0.0848888
4.806	0.153966	1.80894	1.10562	1.40429	0.182347	-1.18375	-0.0848888
4.824	0.151605	1.80729	1.10539	1.40273	0.182347	-1.18375	-0.0848888
4.842	0.149236	1.80574	1.10527	1.40124	0.182347	-1.18375	-0.0848888
4.86	0.146927	1.80414	1.1051	1.39982	0.182347	-1.18375	-0.0848888
4.878	0.144714	1.80262	1.10495	1.39839	0.182345	-1.18375	-0.0848888
4.896	0.142513	1.80113	1.1048	1.39715	0.182345	-1.18375	-0.0848888
4.914	0.140391	1.79972	1.1046	1.39592	0.182347	-1.18375	-0.0848888
4.932	0.140391	1.79972	1.1046	1.39592	0.182347	-1.18375	-0.0848888
4.95	0.138191	1.79828	1.1044	1.39469	0.182345	-1.18375	-0.0848888
4.968	0.136026	1.79693	1.10404	1.39352	0.182347	-1.18375	-0.0848888
4.986	0.133784	1.79558	1.10365	1.3923	0.182345	-1.18375	-0.0848888
5.004	0.131491	1.79422	1.10329	1.39096	0.182345	-1.18375	-0.0848888
5.022	0.12924	1.79282	1.10291	1.38962	0.182345	-1.18375	-0.0848888
5.04	0.126991	1.79143	1.10248	1.38822	0.182345	-1.18375	-0.0848888
5.058	0.124757	1.79002	1.10206	1.38665	0.182345	-1.18375	-0.0848888
5.076	0.122442	1.78862	1.10164	1.3851	0.182345	-1.18375	-0.0848888
5.094	0.120182	1.78718	1.10121	1.3834	0.182345	-1.18375	-0.0848888
5.112	0.117894	1.78577	1.10087	1.38164	0.182345	-1.18374	-0.0848888
5.13	0.117894	1.78577	1.10087	1.38164	0.182345	-1.18374	-0.0848888
5.148	0.115559	1.78433	1.10044	1.37987	0.182345	-1.18375	-0.0848888
5.166	0.113177	1.78284	1.09997	1.37804	0.182345	-1.18374	-0.0848888
5.184	0.110718	1.78142	1.09959	1.37618	0.182345	-1.18374	-0.0848888
5.202	0.108302	1.77991	1.09916	1.37437	0.182345	-1.18374	-0.0848888
5.22	0.105929	1.77842	1.09884	1.37251	0.182345	-1.18374	-0.0848888
5.238	0.103487	1.77685	1.0985	1.37077	0.182345	-1.18374	-0.0848888
5.256	0.101097	1.77535	1.09818	1.36907	0.182345	-1.18374	-0.0848888
5.274	0.0985748	1.77375	1.09785	1.36739	0.182345	-1.18374	-0.0848888
5.292	0.0960438	1.77219	1.09753	1.36577	0.182345	-1.18374	-0.0848888
5.31	0.0935459	1.77054	1.09719	1.36412	0.182345	-1.18374	-0.0848888
5.328	0.0909126	1.76891	1.09689	1.36251	0.182345	-1.18374	-0.0848888
5.346	0.0909126	1.76891	1.09689	1.36251	0.182345	-1.18374	-0.0848888
5.364	0.0883764	1.76726	1.09656	1.36087	0.182345	-1.18374	-0.0848888
5.382	0.0858518	1.76574	1.09623	1.35915	0.182345	-1.18374	-0.0848888
5.4	0.0832798	1.76424	1.09582	1.35761	0.182345	-1.18374	-0.0848888
5.418	0.0807551	1.76277	1.09543	1.35602	0.182345	-1.18374	-0.0848888
5.436	0.0782036	1.76133	1.09506	1.35446	0.182345	-1.18374	-0.0848888
5.454	0.0755945	1.75993	1.09468	1.35293	0.182345	-1.18374	-0.0848888
5.472	0.0729484	1.75847	1.09424	1.35136	0.182345	-1.18374	-0.0848888
5.49	0.0702639	1.7571	1.09381	1.34978	0.182345	-1.18374	-0.0848888
5.508	0.0675705	1.75571	1.09328	1.34816	0.182345	-1.18374	-0.0848888
5.526	0.0649014	1.75439	1.0927	1.34652	0.182345	-1.18373	-0.0848888
5.544	0.0622489	1.75318	1.0921	1.34484	0.182343	-1.18373	-0.0848888
5.562	0.0622489	1.75318	1.0921	1.34484	0.182343	-1.18373	-0.0848888
5.58	0.0595108	1.75191	1.09145	1.34317	0.182343	-1.18373	-0.0848888
5.598	0.0567713	1.75071	1.09085	1.34149	0.182343	-1.18374	-0.0848888
5.616	0.0540063	1.74946	1.0902	1.33976	0.182343	-1.18373	-0.0848888
5.634	0.0511378	1.74821	1.08956	1.33808	0.182343	-1.18373	-0.0848888
5.652	0.0482922	1.74702	1.08896	1.33627	0.182343	-1.18373	-0.0848888
5.67	0.0454493	1.74581	1.08824	1.33452	0.182343	-1.18372	-0.0848888
5.688	0.0425782	1.74471	1.08762	1.33268	0.182343	-1.18372	-0.0848888
5.706	0.0396495	1.74344	1.08695	1.33087	0.182343	-1.18372	-0.0848888
5.724	0.036648	1.74231	1.08638	1.32901	0.182343	-1.18372	-0.0848888
5.742	0.0335801	1.74106	1.08576	1.32709	0.182343	-1.18372	-0.0848888
5.76	0.0304418	1.7398	1.08519	1.32502	0.182343	-1.18372	-0.0848888
5.778	0.0304418	1.7398	1.08519	1.32502	0.182343	-1.18372	-0.0848888
5.796	0.0272665	1.73844	1.08457	1.32283	0.182343	-1.18372	-0.0848888
5.814	0.0240208	1.73709	1.08394	1.3205	0.182343	-1.18372	-0.0848888
5.832	0.0207662	1.73567	1.08339	1.31813	0.182343	-1.18372	-0.0848888
5.85	0.0174439	1.73421	1.08291	1.31575	0.182345	-1.18372	-0.0848888
5.868	0.0141088	1.73267	1.08244	1.31339	0.182343	-1.18373	-0.0848888
5.886	0.0107148	1.73106	1.08207	1.31102	0.182343	-1.18372	-0.0848888
5.904	0.00737075	1.72943	1.08173	1.30859	0.182345	-1.18372	-0.0848888
5.922	0.00397298	1.72774	1.08143	1.30615	0.182345	-1.18372	-0.0848888
5.94	0.000646802	1.72607	1.08122	1.30359	0.182343	-1.18372	-0.0848888
5.958	-0.00271386	1.72438	1.08098	1.30104	0.182343	-1.18373	-0.0848888
5.976	-0.00608736	1.72272	1.08073	1.29853	0.182343	-1.18372	-0.0848888
5.994	-0.00608736	1.72272	1.08073	1.29853	0.182343	-1.18372	-0.0848888
6.012	-0.0094685	1.72112	1.08039	1.29598	0.182345	-1.18372	-0.0848888
6.03	-0.0127602	1.71952	1.07998	1.29339	0.182343	-1.18372	-0.0848888
6.048	-0.0161196	1.71787	1.07958	1.29089	0.182343	-1.18372	-0.0848888
6.066	-0.0194176	1.71624	1.07917	1.28831	0.182343	-1.18372	-0.0848888
6.084	-0.0227911	1.71455	1.07873	1.28578	0.182343	-1.18372	-0.0848888
6.102	-0.0261148	1.71289	1.07829	1.28318	0.182343	-1.18372	-0.0848888
6.12	-0.0294154	1.71123	1.07784	1.2805	0.182343	-1.18372	-0.0848888
6.138	-0.0325971	1.70963	1.07732	1.27781	0.182343	-1.18372	-0.0848888
6.156	-0.0358261	1.70803	1.07679	1.27517	0.182343	-1.18372	-0.0848888
6.174	-0.0390053	1.70653	1.07623	1.27245	0.182343	-1.18372	-0.0848888
6.192	-0.0422433	1.70496	1.07564	1.26985	0.182343	-1.18372	-0.0848888
6.21	-0.0422433	1.70496	1.07564	1.26985	0.182343	-1.18372	-0.0848888
6.228	-0.0454263	1.70341	1.07511	1.2672	0.182343	-1.18372	-0.0848888
6.246	-0.0486195	1.70187	1.07455	1.2645	0.182343	-1.18372	-0.0848888
6.264	-0.0517003	1.70039	1.07396	1.26165	0.182343	-1.18372	-0.0848888
6.282	-0.0548641	1.69885	1.07335	1.2589	0.182343	-1.18371	-0.0848888
6.3	-0.0579512	1.69736	1.07269	1.25611	0.182343	-1.18371	-0.0848888
6.318	-0.0610933	1.69577	1.07206	1.2533	0.182343	-1.18371	-0.0848888
6.336	-0.0642201	1.69416	1.07152	1.25051	0.182343	-1.18371	-0.0848888
6.354	-0.0674108	1.69244	1.07101	1.24764	0.182343	-1.18371	-0.0848888
6.372	-0.070558	1.69075	1.07054	1.24461	0.182343	-1.18371	-0.0848888
6.39	-0.0736669	1.68898	1.07004	1.24147	0.182343	-1.1837	-0.0848888
6.408	-0.0767847	1.68729	1.06966	1.23828	0.182343	-1.18369	-0.0848888
6.426	-0.0767847	1.68729	1.06966	1.23828	0.182343	-1.18369	-0.0848888
6.444	-0.0798935	1.68556	1.06919	1.23508	0.182343	-1.18366	-0.0848888
6.462	-0.0831162	1.68384	1.06874	1.23195	0.182343	-1.18366	-0.0848888
6.48	-0.086367	1.68213	1.06829	1.22875	0.182343	-1.18366	-0.0848888
6.498	-0.0895896	1.68038	1.06791	1.22541	0.182343	-1.18365	-0.0848888
6.516	-0.0927803	1.67861	1.0675	1.22197	0.182343	-1.18362	-0.0848888
6.534	-0.0960106	1.67678	1.06705	1.21858	0.182343	-1.18359	-0.0848888
6.552	-0.0992268	1.67497	1.0666	1.21513	0.182343	-1.18356	-0.0848888
6.57	-0.102566	1.67312	1.0662	1.21182	0.182341	-1.18355	-0.0848888
6.588	-0.105865	1.67126	1.0658	1.20846	0.182343	-1.18354	-0.0848888
6.606	-0.10912	1.66944	1.06541	1.20503	0.182343	-1.18353	-0.0848888
6.624	-0.112314	1.66772	1.06498	1.20149	0.182343	-1.18349	-0.0848888
6.642	-0.112314	1.66772	1.06498	1.20149	0.182343	-1.18349	-0.0848888
6.66	-0.11557	1.66605	1.06449	1.19798	0.182341	-1.18341	-0.0848888
6.678	-0.118802	1.66436	1.06398	1.19446	0.182341	-1.18331	-0.0848888
6.696	-0.122123	1.66265	1.06353	1.19112	0.182341	-1.18319	-0.0848888
6.714	-0.12538	1.66098	1.063	1.18775	0.182341	-1.18308	-0.0848888
6.732	-0.128646	1.65933	1.06248	1.18433	0.182341	-1.18292	-0.0848888
6.75	-0.131844	1.65772	1.06191	1.18091	0.182341	-1.18273	-0.0848888
6.768	-0.13502	1.65609	1.06133	1.1776	0.182341	-1.18249	-0.0848888
6.786	-0.138146	1.65455	1.06066	1.17437	0.182341	-1.18211	-0.0848888
6.804	-0.141396	1.65295	1.06007	1.17141	0.182341	-1.18125	-0.0848888
6.822	-0.144524	1.65138	1.05949	1.16847	0.182341	-1.18009	-0.0848888
6.84	-0.147638	1.64979	1.05893	1.16554	0.182341	-1.17903	-0.0848888
6.858	-0.147638	1.64979	1.05893	1.16554	0.182341	-1.17903	-0.0848888
6.876	-0.150595	1.64831	1.05843	1.16253	0.182341	-1.17786	-0.0848888
6.894	-0.153554	1.64678	1.05794	1.15983	0.182341	-1.17613	-0.0848888
6.912	-0.15648	1.64526	1.05746	1.15714	0.182341	-1.17455	-0.0848888
6.93	-0.159398	1.64379	1.05702	1.1546	0.182343	-1.17285	-0.0848888
6.948	-0.162281	1.64231	1.05656	1.15216	0.182341	-1.17128	-0.0848888
6.966	-0.16523	1.64071	1.05621	1.14972	0.182341	-1.16983	-0.0848888
6.984	-0.168076	1.63918	1.05594	1.14724	0.182341	-1.16832	-0.0848888
7.002	-0.170884	1.63752	1.05564	1.14483	0.182341	-1.16712	-0.0848888
7.02	-0.173642	1.63595	1.05547	1.14238	0.182341	-1.166	-0.0848888
7.038	-0.176415	1.63428	1.05528	1.14008	0.182341	-1.16462	-0.0848888
7.056	-0.179217	1.63262	1.05518	1.13785	0.182341	-1.16337	-0.0848888
7.074	-0.179217	1.63262	1.05518	1.13785	0.182341	-1.16337	-0.0848888
7.092	-0.181925	1.63095	1.0551	1.13565	0.182341	-1.16205	-0.0848888
7.11	-0.184685	1.62931	1.05508	1.13367	0.182341	-1.1603	-0.0848888
7.128	-0.1874	1.6277	1.05508	1.13163	0.182341	-1.15856	-0.0848888
7.146	-0.190033	1.62615	1.05506	1.12977	0.182341	-1.15629	-0.0848888
7.164	-0.192677	1.62462	1.05506	1.1279	0.182341	-1.15405	-0.0848888
7.182	-0.195274	1.62315	1.05503	1.1262	0.182341	-1.15156	-0.0848888
7.2	-0.197855	1.62167	1.05501	1.12451	0.182341	-1.14904	-0.0848888
7.218	-0.200499	1.6202	1.05501	1.1229	0.182339	-1.14658	-0.0848888
7.236	-0.203096	1.61871	1.05495	1.12148	0.182341	-1.14394	-0.0848888
7.254	-0.205698	1.61726	1.05493	1.12006	0.182341	-1.14131	-0.0848888
7.272	-0.208202	1.61584	1.05489	1.11872	0.182339	-1.13848	-0.0848888
7.29	-0.208202	1.61584	1.05489	1.11872	0.182339	-1.13848	-0.0848888
7.308	-0.210691	1.61443	1.05486	1.11754	0.182341	-1.13547	-0.0848888
7.326	-0.213149	1.61304	1.05484	1.11637	0.182339	-1.13253	-0.0848888
7.344	-0.2156	1.61166	1.05484	1.11524	0.182339	-1.12968	-0.0848888
7.362	-0.218026	1.61027	1.05483	1.11423	0.182341	-1.127	-0.0848888
7.38	-0.220396	1.60904	1.05483	1.11314	0.182339	-1.12437	-0.0848888
7.398	-0.222862	1.60776	1.05483	1.11212	0.182341	-1.1218	-0.0848888
7.416	-0.225211	1.60654	1.05482	1.1111	0.182339	-1.1192	-0.0848888
7.434	-0.227494	1.60538	1.05482	1.1101	0.182341	-1.11644	-0.0848888
7.452	-0.229817	1.60424	1.05479	1.10909	0.182339	-1.11383	-0.0848888
7.47	-0.23204	1.60321	1.05477	1.10796	0.182339	-1.11142	-0.0848888
7.488	-0.234273	1.60214	1.05476	1.10694	0.182339	-1.10901	-0.0848888
7.506	-0.234273	1.60214	1.05476	1.10694	0.182339	-1.10901	-0.0848888
7.524	-0.236412	1.60113	1.05472	1.10576	0.182339	-1.107	-0.0848888
7.542	-0.238662	1.60008	1.05471	1.10462	0.182339	-1.10503	-0.0848888
7.56	-0.24083	1.59905	1.05467	1.10336	0.182339	-1.10323	-0.0848888
7.578	-0.24298	1.59801	1.05466	1.10216	0.182339	-1.10113	-0.0848888
7.596	-0.245111	1.59697	1.05464	1.10083	0.182339	-1.09925	-0.0848888
7.614	-0.24717	1.59596	1.05461	1.0995	0.182339	-1.09718	-0.0848888
7.632	-0.249194	1.59488	1.05457	1.09808	0.182341	-1.09543	-0.0848888
7.65	-0.25122	1.59381	1.05455	1.09651	0.182339	-1.0938	-0.0848888
7.668	-0.253273	1.59267	1.05451	1.09483	0.182341	-1.0927	-0.0848888
7.686	-0.255276	1.59148	1.05446	1.09287	0.182339	-1.09213	-0.0848888
7.704	-0.255276	1.59148	1.05446	1.09287	0.182339	-1.09213	-0.0848888
7.722	-0.257404	1.5902	1.05445	1.09079	0.182341	-1.0919	-0.0848888
7.74	-0.259486	1.58892	1.05439	1.0884	0.182339	-1.0919	-0.0848888
7.758	-0.261654	1.58759	1.05435	1.08591	0.182339	-1.0919	-0.0848888
7.776	-0.26379	1.58616	1.05433	1.08329	0.182339	-1.0919	-0.0848888
7.794	-0.265884	1.58476	1.05433	1.08052	0.182341	-1.0919	-0.0848888
7.812	-0.267983	1.58329	1.05432	1.07765	0.182339	-1.09191	-0.0848888
7.83	-0.27017	1.58175	1.05433	1.07476	0.182341	-1.0919	-0.0848888
7.848	-0.272339	1.58025	1.05432	1.07174	0.182339	-1.0919	-0.0848888
7.866	-0.27449	1.57858	1.05431	1.06858	0.182339	-1.0919	-0.0848888
7.884	-0.276729	1.57693	1.05432	1.06529	0.182341	-1.09191	-0.0848888
7.902	-0.27899	1.57528	1.0543	1.06193	0.182341	-1.09191	-0.0848888
7.92	-0.27899	1.57528	1.0543	1.06193	0.182341	-1.09191	-0.0848888
7.938	-0.281299	1.57364	1.0543	1.05853	0.182341	-1.0919	-0.0848888
7.956	-0.283606	1.57202	1.0543	1.05519	0.182339	-1.09189	-0.0848888
7.974	-0.285887	1.57041	1.0543	1.05181	0.182341	-1.0919	-0.0848888
7.992	-0.288183	1.56884	1.0543	1.04835	0.182341	-1.09191	-0.0848888
8.01	-0.290452	1.56735	1.0543	1.04476	0.182339	-1.09191	-0.0848888
8.028	-0.292754	1.56581	1.0543	1.04124	0.182339	-1.09191	-0.0848888
8.046	-0.295001	1.56435	1.05428	1.0377	0.182339	-1.09192	-0.0848888
8.064	-0.297369	1.56277	1.05429	1.0343	0.182341	-1.09191	-0.0848888
8.082	-0.299709	1.56129	1.05429	1.0308	0.182339	-1.09189	-0.0848888
8.1	-0.302102	1.55975	1.05429	1.02732	0.182341	-1.09189	-0.0848888
8.118	-0.304433	1.55824	1.05429	1.02376	0.182341	-1.09189	-0.0848888
8.136	-0.304433	1.55824	1.05429	1.02376	0.182341	-1.09189	-0.0848888
8.154	-0.306731	1.55681	1.05428	1.02022	0.182339	-1.09189	-0.0848888
8.172	-0.309075	1.55533	1.05429	1.01672	0.182339	-1.0919	-0.0848888
8.19	-0.311443	1.5539	1.05429	1.01319	0.182341	-1.0919	-0.0848888
8.208	-0.313809	1.55249	1.05429	1.00959	0.182339	-1.0919	-0.0848888
8.226	-0.316215	1.551	1.0543	1.00599	0.182341	-1.09191	-0.0848888
8.244	-0.318614	1.54966	1.05429	1.00235	0.182339	-1.09189	-0.0848888
8.262	-0.321118	1.54825	1.05429	0.998756	0.182341	-1.09189	-0.0848888
8.28	-0.323621	1.54682	1.05429	0.995248	0.182341	-1.09188	-0.0848888
8.298	-0.326123	1.54547	1.05428	0.9917	0.182341	-1.09187	-0.0848888
8.316	-0.328676	1.54408	1.05428	0.988138	0.182341	-1.09186	-0.0848888
8.334	-0.331252	1.54269	1.05428	0.984519	0.182341	-1.09185	-0.0848888
8.352	-0.331252	1.54269	1.05428	0.984519	0.182341	-1.09185	-0.0848888
8.37	-0.333858	1.54132	1.05428	0.98091	0.182341	-1.09186	-0.0848888
8.388	-0.336566	1.53983	1.05428	0.977399	0.182341	-1.09186	-0.0848888
8.406	-0.339306	1.53836	1.05428	0.973904	0.182339	-1.09185	-0.0848888
8.424	-0.342113	1.53697	1.05428	0.970342	0.182341	-1.09184	-0.0848888
8.442	-0.344932	1.53553	1.05428	0.966675	0.182341	-1.09182	-0.0848888
8.46	-0.34771	1.53412	1.05428	0.963018	0.182341	-1.09178	-0.0848888
8.478	-0.350465	1.53272	1.05428	0.959361	0.182341	-1.09177	-0.0848888
8.496	-0.353258	1.53128	1.05428	0.955777	0.182341	-1.09173	-0.0848888
8.514	-0.356124	1.52991	1.05428	0.952218	0.182341	-1.09169	-0.0848888
8.532	-0.358937	1.52856	1.05428	0.948545	0.182341	-1.09162	-0.0848888
8.55	-0.361778	1.52713	1.05428	0.944844	0.182341	-1.09154	-0.0848888
8.568	-0.361778	1.52713	1.05428	0.944844	0.182341	-1.09154	-0.0848888
8.586	-0.364613	1.52578	1.05427	0.94108	0.182341	-1.09149	-0.0848888
8.604	-0.367399	1.5244	1.05427	0.937359	0.182341	-1.09145	-0.0848888
8.622	-0.370216	1.523	1.05427	0.93369	0.182341	-1.0914	-0.0848888
8.64	-0.372996	1.52163	1.05427	0.929947	0.182341	-1.09136	-0.0848888
8.658	-0.375765	1.5201	1.05427	0.926231	0.182341	-1.09131	-0.0848888
8.676	-0.378522	1.51866	1.05427	0.9225	0.182341	-1.09127	-0.0848888
8.694	-0.381322	1.51719	1.05427	0.918827	0.182341	-1.09126	-0.0848888
8.712	-0.38406	1.51568	1.05427	0.915208	0.182341	-1.09124	-0.0848888
8.73	-0.386761	1.51413	1.05427	0.911601	0.182341	-1.09122	-0.0848888
8.748	-0.389381	1.51262	1.05427	0.90793	0.182341	-1.09121	-0.0848888
8.766	-0.392015	1.51116	1.05427	0.904304	0.182341	-1.09119	-0.0848888
8.784	-0.392015	1.51116	1.05427	0.904304	0.182341	-1.09119	-0.0848888
8.802	-0.394654	1.50971	1.05427	0.90078	0.182341	-1.09118	-0.0848888
8.82	-0.397256	1.50821	1.05427	0.897408	0.182341	-1.09115	-0.0848888
8.838	-0.399872	1.50674	1.05427	0.894124	0.182341	-1.09113	-0.0848888
8.856	-0.402455	1.50531	1.05427	0.890839	0.182341	-1.09112	-0.0848888
8.874	-0.40495	1.50388	1.05427	0.887441	0.182341	-1.09112	-0.0848888
8.892	-0.407495	1.50245	1.05427	0.884148	0.182341	-1.09109	-0.0848888
8.91	-0.409972	1.50093	1.05425	0.880906	0.182341	-1.09108	-0.0848888
8.928	-0.412426	1.49942	1.05425	0.877722	0.182341	-1.09106	-0.0848888
8.946	-0.41494	1.49797	1.05425	0.874617	0.182341	-1.09105	-0.0848888
8.964	-0.417358	1.49653	1.05425	0.87148	0.182341	-1.09104	-0.0848888
8.982	-0.419817	1.49512	1.05425	0.868325	0.182341	-1.09104	-0.0848888
9	-0.419817	1.49512	1.05425	0.868325	0.182341	-1.09104	-0.0848888
9.018	-0.422204	1.49377	1.05425	0.865184	0.182341	-1.09103	-0.0848888
9.036	-0.424535	1.49237	1.05425	0.861964	0.182341	-1.09103	-0.0848888
9.054	-0.426937	1.49115	1.05425	0.858777	0.182341	-1.09102	-0.0848888
9.072	-0.429293	1.48988	1.05424	0.855576	0.182341	-1.09102	-0.0848888
9.09	-0.431608	1.48858	1.05425	0.852356	0.182341	-1.09101	-0.0848888
9.108	-0.433923	1.48736	1.05425	0.849118	0.182341	-1.09101	-0.0848888
9.126	-0.436221	1.48616	1.05424	0.845945	0.182339	-1.09101	-0.0848888
9.144	-0.438528	1.48502	1.05424	0.842816	0.182341	-1.091	-0.0848888
9.162	-0.440835	1.48386	1.05424	0.839801	0.182341	-1.091	-0.0848888
9.18	-0.443132	1.48278	1.05424	0.836827	0.182341	-1.091	-0.0848888
9.198	-0.445382	1.4816	1.05424	0.833872	0.182341	-1.091	-0.0848888
9.216	-0.445382	1.4816	1.05424	0.833872	0.182341	-1.091	-0.0848888
9.234	-0.447613	1.48051	1.05424	0.830893	0.182341	-1.091	-0.0848888
9.252	-0.449813	1.4794	1.05424	0.827981	0.182341	-1.091	-0.0848888
9.27	-0.451963	1.47835	1.05424	0.825105	0.182341	-1.091	-0.0848888
9.288	-0.454148	1.47718	1.05424	0.822358	0.182341	-1.091	-0.0848888
9.306	-0.456302	1.47613	1.05424	0.819615	0.182341	-1.09099	-0.0848888
9.324	-0.458534	1.475	1.05424	0.816958	0.182341	-1.09099	-0.0848888
9.342	-0.460695	1.47391	1.05424	0.814308	0.182341	-1.09099	-0.0848888
9.36	-0.462853	1.47279	1.05424	0.811626	0.182341	-1.09099	-0.0848888
9.378	-0.46499	1.47179	1.05424	0.80893	0.182341	-1.09099	-0.0848888
9.396	-0.467097	1.47073	1.05424	0.806327	0.182341	-1.09099	-0.0848888
9.414	-0.467097	1.47073	1.05424	0.806327	0.182341	-1.09099	-0.0848888
9.432	-0.469176	1.46971	1.05424	0.803755	0.182341	-1.09098	-0.0848888
9.45	-0.471194	1.46862	1.05424	0.801241	0.182341	-1.09098	-0.0848888
9.468	-0.473238	1.46759	1.05424	0.798896	0.182341	-1.09099	-0.0848888
9.486	-0.475291	1.46659	1.05424	0.796541	0.182341	-1.09098	-0.0848888
9.504	-0.477317	1.46563	1.05424	0.794236	0.182341	-1.09098	-0.0848888
9.522	-0.4793	1.4646	1.05424	0.792002	0.182341	-1.09097	-0.0848888
9.54	-0.481221	1.46367	1.05424	0.789711	0.182341	-1.09097	-0.0848888
9.558	-0.48312	1.46272	1.05423	0.787511	0.182341	-1.09097	-0.0848888
9.576	-0.484986	1.46175	1.05424	0.785317	0.182341	-1.09097	-0.0848888
9.594	-0.486801	1.46089	1.05424	0.783151	0.182341	-1.09097	-0.0848888
9.612	-0.488579	1.45993	1.05424	0.781068	0.182341	-1.09096	-0.0848888
9.63	-0.488579	1.45993	1.05424	0.781068	0.182341	-1.09096	-0.0848888
9.648	-0.490293	1.45911	1.05424	0.778971	0.182341	-1.09096	-0.0848888
9.666	-0.492004	1.4582	1.05424	0.776988	0.182341	-1.09095	-0.0848888
9.684	-0.493677	1.45742	1.05424	0.774971	0.182341	-1.09095	-0.0848888
9.702	-0.495321	1.45656	1.05424	0.773044	0.182341	-1.09094	-0.0848888
9.72	-0.496921	1.45581	1.05424	0.7711	0.182341	-1.09094	-0.0848888
9.738	-0.498523	1.45512	1.05424	0.769236	0.182341	-1.09093	-0.0848888
9.756	-0.500021	1.45445	1.05424	0.767447	0.182341	-1.09093	-0.0848888
9.774	-0.501514	1.4538	1.05424	0.765626	0.182341	-1.09093	-0.0848888
9.792	-0.502883	1.45316	1.05424	0.763787	0.182341	-1.09092	-0.0848888
9.81	-0.504382	1.45257	1.05424	0.761989	0.182341	-1.09091	-0.0848888
9.828	-0.505738	1.45201	1.05423	0.760191	0.182341	-1.09091	-0.0848888
9.846	-0.505738	1.45201	1.05423	0.760191	0.182341	-1.09091	-0.0848888
9.864	-0.507065	1.4514	1.05424	0.758381	0.182341	-1.0909	-0.0848888
9.882	-0.508415	1.45089	1.05423	0.756661	0.182341	-1.0909	-0.0848888
9.9	-0.509664	1.45029	1.05423	0.754856	0.182341	-1.09089	-0.0848888
9.918	-0.510928	1.4498	1.05424	0.753136	0.182341	-1.09087	-0.0848888
9.936	-0.512197	1.44925	1.05424	0.751392	0.182341	-1.09086	-0.0848888
9.954	-0.513427	1.44874	1.05424	0.749636	0.182341	-1.09084	-0.0848888
9.972	-0.514639	1.44827	1.05423	0.747973	0.182341	-1.09083	-0.0848888
9.99	-0.515826	1.4478	1.05424	0.746324	0.182341	-1.09083	-0.0848888
10.008	-0.516996	1.44738	1.05423	0.744774	0.182341	-1.09081	-0.0848888
10.026	-0.518103	1.44698	1.05424	0.743221	0.182341	-1.09081	-0.0848888
10.044	-0.519227	1.44663	1.05424	0.741818	0.182341	-1.09081	-0.0848888
10.062	-0.519227	1.44663	1.05424	0.741818	0.182341	-1.09081	-0.0848888
10.08	-0.520293	1.44632	1.05423	0.740443	0.182341	-1.09081	-0.0848888
10.098	-0.521341	1.44595	1.05424	0.739081	0.182343	-1.09081	-0.0848888
10.116	-0.522291	1.44567	1.05423	0.737846	0.182341	-1.0908	-0.0848888
10.134	-0.523225	1.44533	1.05424	0.736768	0.182343	-1.0908	-0.0848888
10.152	-0.524146	1.44508	1.05424	0.735577	0.182343	-1.0908	-0.0848888
10.17	-0.525044	1.44475	1.05424	0.734513	0.182343	-1.0908	-0.0848888
10.188	-0.525856	1.4445	1.05423	0.733483	0.182343	-1.0908	-0.0848888
10.206	-0.526601	1.4442	1.05424	0.732559	0.182343	-1.0908	-0.0848888
10.224	-0.527389	1.44399	1.05424	0.731677	0.182343	-1.0908	-0.0848888
10.242	-0.528084	1.44374	1.05423	0.730779	0.182343	-1.09079	-0.0848888
10.26	-0.528736	1.44349	1.05424	0.730039	0.182343	-1.09079	-0.0848888
10.278	-0.528736	1.44349	1.05424	0.730039	0.182343	-1.09079	-0.0848888
10.296	-0.529384	1.44326	1.05424	0.729317	0.182343	-1.09079	-0.0848888
10.314	-0.529989	1.443	1.05424	0.72851	0.182343	-1.09079	-0.0848888
10.332	-0.530609	1.44275	1.05424	0.72773	0.182343	-1.09079	-0.0848888
10.35	-0.531197	1.44246	1.05424	0.726941	0.182343	-1.09079	-0.0848888
10.368	-0.531776	1.44218	1.05424	0.726121	0.182343	-1.09078	-0.0848888
10.386	-0.532354	1.4419	1.05424	0.72527	0.182343	-1.09078	-0.0848888
10.404	-0.532966	1.44158	1.05424	0.724374	0.182343	-1.09078	-0.0848888
10.422	-0.533577	1.44126	1.05424	0.723434	0.182343	-1.09078	-0.0848888
10.44	-0.534175	1.4409	1.05424	0.722539	0.182343	-1.09077	-0.0848888
10.458	-0.534772	1.44059	1.05424	0.721716	0.182343	-1.09077	-0.0848888
10.476	-0.535436	1.44028	1.05424	0.720872	0.182345	-1.09077	-0.0848888
10.494	-0.535436	1.44028	1.05424	0.720872	0.182345	-1.09077	-0.0848888
10.512	-0.536136	1.43996	1.05424	0.720029	0.182345	-1.09076	-0.0848888
10.53	-0.536838	1.43964	1.05424	0.719281	0.182347	-1.09076	-0.0848888
10.548	-0.537512	1.43934	1.05424	0.718579	0.182345	-1.09075	-0.0848888
10.566	-0.538197	1.43909	1.05424	0.717968	0.182347	-1.09075	-0.0848888
10.584	-0.538903	1.43886	1.05424	0.717381	0.182347	-1.09074	-0.0848888
10.602	-0.539639	1.4386	1.05424	0.716743	0.182347	-1.09074	-0.0848888
10.62	-0.540382	1.43833	1.05424	0.716085	0.182347	-1.09073	-0.0848888
10.638	-0.541146	1.43806	1.05424	0.715404	0.182347	-1.09072	-0.0848888
10.656	-0.541884	1.43787	1.05424	0.714743	0.182347	-1.0907	-0.0848888
10.674	-0.542667	1.43769	1.05424	0.714208	0.182347	-1.09066	-0.0848888
10.692	-0.543436	1.43751	1.05424	0.713563	0.182345	-1.09064	-0.0848888
10.71	-0.543436	1.43751	1.05424	0.713563	0.182345	-1.09064	-0.0848888
10.728	-0.544229	1.43729	1.05424	0.712875	0.182347	-1.09063	-0.0848888
10.746	-0.54512	1.43714	1.05424	0.712139	0.182347	-1.09062	-0.0848888
10.764	-0.545961	1.43695	1.05424	0.711364	0.182347	-1.09059	-0.0848888
10.782	-0.546854	1.43679	1.05424	0.710715	0.182347	-1.09057	-0.0848888
10.8	-0.54771	1.43664	1.05424	0.709966	0.182345	-1.09056	-0.0848888
10.818	-0.548578	1.43644	1.05424	0.709158	0.182347	-1.09055	-0.0848888
10.836	-0.54952	1.4363	1.05424	0.708282	0.182347	-1.09054	-0.0848888
10.854	-0.550406	1.4361	1.05424	0.707385	0.182347	-1.09053	-0.0848888
10.872	-0.551371	1.43598	1.05424	0.706518	0.182347	-1.09051	-0.0848888
10.89	-0.552232	1.43582	1.05424	0.705507	0.182347	-1.0905	-0.0848888
10.908	-0.553198	1.43567	1.05424	0.704468	0.182347	-1.09049	-0.0848888
10.926	-0.553198	1.43567	1.05424	0.704468	0.182347	-1.09049	-0.0848888
10.944	-0.554117	1.43553	1.05424	0.703386	0.182347	-1.09048	-0.0848871
10.962	-0.555059	1.43537	1.05424	0.702387	0.182347	-1.09046	-0.0848871
10.98	-0.555992	1.43524	1.05424	0.701265	0.182349	-1.09046	-0.0848888
10.998	-0.556988	1.43505	1.05424	0.70013	0.182351	-1.09046	-0.0848871
11.016	-0.557916	1.43489	1.05424	0.699055	0.182358	-1.09045	-0.0848871
11.034	-0.558842	1.43468	1.05424	0.698066	0.182386	-1.09043	-0.0848871
11.052	-0.55977	1.4345	1.05424	0.697	0.182425	-1.09042	-0.0848871
11.07	-0.560749	1.43427	1.05424	0.69598	0.182499	-1.09042	-0.0848871
11.088	-0.561621	1.43401	1.05424	0.695057	0.182591	-1.0904	-0.0848871
11.106	-0.562558	1.43372	1.05424	0.694268	0.182787	-1.09035	-0.0848871
11.124	-0.563487	1.43346	1.05424	0.693391	0.182959	-1.09024	-0.0848871
11.142	-0.563487	1.43346	1.05424	0.693391	0.182959	-1.09024	-0.0848871
11.16	-0.564458	1.43312	1.05424	0.692623	0.183012	-1.09006	-0.0848871
11.178	-0.565351	1.43281	1.05424	0.691898	0.18302	-1.08986	-0.0848871
11.196	-0.566182	1.43242	1.05424	0.691384	0.183018	-1.08951	-0.0848871
11.214	-0.567019	1.43212	1.05424	0.690864	0.183014	-1.08912	-0.0848871
11.232	-0.567768	1.43178	1.05424	0.69034	0.183014	-1.0887	-0.0848871
11.25	-0.568503	1.43148	1.05424	0.689911	0.183012	-1.08817	-0.0848871
11.268	-0.569095	1.43117	1.05424	0.689504	0.183012	-1.08748	-0.0848871
11.286	-0.56958	1.4309	1.05424	0.689212	0.183012	-1.08663	-0.0848871
11.304	-0.569959	1.43072	1.05424	0.689005	0.18301	-1.08619	-0.0848871
11.322	-0.570188	1.43059	1.05424	0.68885	0.183012	-1.08615	-0.0848871
11.34	-0.570317	1.4305	1.05424	0.688813	0.183012	-1.08615	-0.0848888
11.358	-0.570317	1.4305	1.05424	0.688813	0.183012	-1.08615	-0.0848888
11.376	-0.570352	1.43046	1.05424	0.688813	0.183012	-1.08615	-0.0848888
11.394	-0.570358	1.43045	1.05424	0.688813	0.183012	-1.08615	-0.0848888
11.412	-0.570358	1.43045	1.05424	0.688813	0.183016	-1.08615	-0.0848888
11.43	-0.570356	1.43045	1.05424	0.688813	0.183055	-1.08615	-0.0848888
11.448	-0.570357	1.43041	1.05424	0.688813	0.183231	-1.08615	-0.0848888
11.466	-0.570363	1.43037	1.05424	0.688813	0.183462	-1.08614	-0.0848888
11.484	-0.570371	1.43033	1.05424	0.688813	0.183632	-1.08614	-0.0848888
11.502	-0.5704	1.43028	1.05424	0.688813	0.183714	-1.08614	-0.0848888
11.52	-0.570446	1.43019	1.05424	0.688813	0.183728	-1.08614	-0.0848888
11.538	-0.570454	1.43009	1.05424	0.688813	0.18373	-1.08614	-0.0848888
11.556	-0.570454	1.43009	1.05424	0.688813	0.18373	-1.08614	-0.0848888
11.574	-0.570458	1.43	1.05424	0.688815	0.183754	-1.08614	-0.0848888
11.592	-0.570458	1.4299	1.05424	0.688815	0.183941	-1.08614	-0.0848888
11.61	-0.570457	1.42977	1.05424	0.688815	0.184321	-1.08614	-0.0848888
11.628	-0.570452	1.4296	1.05424	0.688815	0.184777	-1.08614	-0.0848888
11.646	-0.570449	1.42947	1.05424	0.688815	0.185196	-1.08614	-0.0848888
11.664	-0.570448	1.42939	1.05424	0.688813	0.185432	-1.08614	-0.0848888
11.682	-0.570446	1.42938	1.05424	0.688812	0.185526	-1.08614	-0.0848888
11.7	-0.570443	1.42938	1.05424	0.688812	0.18554	-1.08614	-0.0848888
11.718	-0.570439	1.42938	1.05424	0.688811	0.185538	-1.08614	-0.0848888
11.736	-0.570439	1.42939	1.05424	0.68881	0.185536	-1.08614	-0.0848888
11.754	-0.570439	1.42939	1.05424	0.688808	0.185536	-1.08614	-0.0848888
11.772	-0.570439	1.42939	1.05424	0.688808	0.185536	-1.08614	-0.0848888
11.79	-0.570436	1.42939	1.05424	0.688808	0.185534	-1.08614	-0.0848888
11.808	-0.570394	1.42939	1.05424	0.688803	0.185536	-1.08614	-0.0848888
11.826	-0.570352	1.42939	1.05424	0.688798	0.185534	-1.08614	-0.0848888
11.844	-0.570315	1.42941	1.05424	0.68879	0.185534	-1.08615	-0.0848888
11.862	-0.57028	1.42941	1.05424	0.688785	0.185534	-1.08615	-0.0848888
11.88	-0.570246	1.42941	1.05424	0.688783	0.185534	-1.08615	-0.0848888
11.898	-0.570209	1.42941	1.05424	0.688783	0.185534	-1.08615	-0.0848888
11.916	-0.570186	1.42941	1.05424	0.688783	0.185534	-1.08615	-0.0848888
11.934	-0.570181	1.42944	1.05424	0.688783	0.185532	-1.08615	-0.0848888
11.952	-0.570181	1.42945	1.05424	0.688783	0.185532	-1.08615	-0.0848888
11.97	-0.570181	1.42946	1.05424	0.688783	0.185532	-1.08615	-0.0848888
11.988	-0.570181	1.42946	1.05424	0.688783	0.185532	-1.08615	-0.0848888
12.006	-0.570181	1.42946	1.05424	0.688783	0.185532	-1.08615	-0.0848888
12.024	-0.570177	1.42945	1.05424	0.688783	0.185532	-1.08615	-0.0848888
12.042	-0.570159	1.42944	1.05424	0.688783	0.185532	-1.08615	-0.0848888
12.06	-0.570137	1.42944	1.05424	0.688783	0.185532	-1.08615	-0.0848888
12.078	-0.57012	1.42944	1.05424	0.688783	0.185532	-1.08615	-0.0848888
12.096	-0.570101	1.42946	1.05424	0.688783	0.18553	-1.08615	-0.0848888
12.114	-0.5701	1.42949	1.05424	0.688783	0.185532	-1.08615	-0.0848888
12.132	-0.570099	1.4295	1.05424	0.688783	0.18553	-1.08615	-0.0848888
12.15	-0.570081	1.42951	1.05424	0.688783	0.18553	-1.08615	-0.0848888
12.168	-0.570078	1.42954	1.05424	0.688783	0.18553	-1.08615	-0.0848888
12.186	-0.570078	1.4296	1.05424	0.688783	0.185528	-1.08615	-0.0848888
12.204	-0.570078	1.4296	1.05424	0.688783	0.185528	-1.08615	-0.0848888
12.222	-0.570077	1.42963	1.05424	0.688783	0.185528	-1.08615	-0.0848888
12.24	-0.570051	1.42964	1.05424	0.688783	0.185528	-1.08615	-0.0848888
12.258	-0.570037	1.42963	1.05424	0.688783	0.185528	-1.08615	-0.0848888
12.276	-0.570033	1.42961	1.05424	0.688783	0.185528	-1.08615	-0.0848888
12.294	-0.569998	1.4296	1.05424	0.688783	0.185528	-1.08615	-0.0848888
12.312	-0.569987	1.42963	1.05424	0.688783	0.185528	-1.08615	-0.0848888
12.33	-0.569987	1.42966	1.05424	0.688783	0.185528	-1.08615	-0.0848888
12.348	-0.56998	1.42967	1.05424	0.688783	0.185528	-1.08615	-0.0848888
12.366	-0.569976	1.4297	1.05424	0.688783	0.185528	-1.08615	-0.0848888
12.384	-0.569976	1.4297	1.05424	0.688783	0.185528	-1.08615	-0.0848888
12.402	-0.569975	1.4297	1.05424	0.688783	0.185526	-1.08615	-0.0848888
12.42	-0.569975	1.4297	1.05424	0.688783	0.185526	-1.08615	-0.0848888
12.438	-0.56997	1.4297	1.05424	0.688783	0.185526	-1.08615	-0.0848888
12.456	-0.569964	1.42971	1.05424	0.688783	0.185526	-1.08615	-0.0848888
12.474	-0.569964	1.42972	1.05424	0.688783	0.185526	-1.08615	-0.0848888
12.492	-0.569964	1.42973	1.05424	0.688783	0.185526	-1.08615	-0.0848888
12.51	-0.569962	1.42975	1.05424	0.688783	0.185526	-1.08615	-0.0848888
12.528	-0.569961	1.42976	1.05424	0.688783	0.185526	-1.08615	-0.0848888
12.546	-0.569961	1.42977	1.05424	0.688784	0.185526	-1.08615	-0.0848888
12.564	-0.569961	1.42976	1.05424	0.688784	0.185526	-1.08615	-0.0848888
12.582	-0.569958	1.42976	1.05424	0.688784	0.185526	-1.08615	-0.0848888
12.6	-0.569957	1.42977	1.05424	0.688784	0.185526	-1.08615	-0.0848888
12.618	-0.569957	1.42978	1.05424	0.688784	0.185526	-1.08615	-0.0848888
12.636	-0.569957	1.42978	1.05424	0.688784	0.185526	-1.08615	-0.0848888
12.654	-0.569952	1.4298	1.05424	0.688784	0.185526	-1.08615	-0.0848888
12.672	-0.569926	1.42984	1.05424	0.688784	0.185526	-1.08615	-0.0848888
12.69	-0.56988	1.42989	1.05424	0.688784	0.185526	-1.08615	-0.0848888
12.708	-0.569821	1.42996	1.05424	0.688784	0.185526	-1.08615	-0.0848888
12.726	-0.56974	1.43005	1.05424	0.688784	0.185526	-1.08615	-0.0848888
12.744	-0.569676	1.43013	1.05424	0.688784	0.185526	-1.08616	-0.0848888
12.762	-0.569627	1.43021	1.05424	0.688784	0.185526	-1.08616	-0.0848888
12.78	-0.569592	1.43027	1.05424	0.688784	0.185526	-1.08616	-0.0848888
12.798	-0.569576	1.43032	1.05424	0.688784	0.185526	-1.08616	-0.0848888
12.816	-0.569573	1.43035	1.05424	0.688785	0.185526	-1.08616	-0.0848871
12.834	-0.569573	1.43035	1.05424	0.688785	0.185526	-1.08616	-0.0848871
12.852	-0.569573	1.43037	1.05424	0.688785	0.185526	-1.08616	-0.0848888
12.87	-0.569572	1.43038	1.05424	0.688785	0.185526	-1.08616	-0.0848888
12.888	-0.569571	1.4304	1.05424	0.688785	0.185526	-1.08616	-0.0848888
12.906	-0.569571	1.43041	1.05424	0.688785	0.185526	-1.08616	-0.0848888
12.924	-0.56957	1.43041	1.05424	0.688785	0.185526	-1.08616	-0.0848888
12.942	-0.56957	1.43042	1.05424	0.688785	0.185526	-1.08616	-0.0848888
12.96	-0.569568	1.43042	1.05424	0.688786	0.185526	-1.08616	-0.0848888
12.978	-0.569568	1.43043	1.05424	0.688786	0.185526	-1.08616	-0.0848888
12.996	-0.569567	1.43043	1.05424	0.688786	0.185526	-1.08616	-0.0848888
13.014	-0.569567	1.43044	1.05424	0.688786	0.185526	-1.08616	-0.0848888
13.032	-0.569566	1.43044	1.05424	0.688786	0.185526	-1.08616	-0.0848888
13.05	-0.569566	1.43044	1.05424	0.688786	0.185526	-1.08616	-0.0848888
13.068	-0.569566	1.43046	1.05424	0.688786	0.185526	-1.08616	-0.0848888
13.086	-0.569564	1.43047	1.05424	0.688786	0.185526	-1.08616	-0.0848888
13.104	-0.569564	1.43048	1.05424	0.688786	0.185526	-1.08616	-0.0848888
13.122	-0.569563	1.43048	1.05424	0.688786	0.185526	-1.08616	-0.0848888
13.14	-0.569563	1.43049	1.05424	0.688786	0.185526	-1.08616	-0.0848888
13.158	-0.569563	1.43049	1.05424	0.688786	0.185526	-1.08616	-0.0848888
13.176	-0.569562	1.43049	1.05424	0.688786	0.185526	-1.08616	-0.0848871
13.194	-0.569562	1.43049	1.05424	0.688786	0.185526	-1.08616	-0.0848888
13.212	-0.569562	1.43049	1.05424	0.688786	0.185526	-1.08616	-0.0848888
13.23	-0.569562	1.43049	1.05424	0.688786	0.185526	-1.08616	-0.0848888
13.248	-0.569561	1.43049	1.05424	0.688786	0.185526	-1.08616	-0.0848888
13.266	-0.569561	1.43049	1.05424	0.688786	0.185526	-1.08616	-0.0848888
13.284	-0.569561	1.4305	1.05424	0.688786	0.185526	-1.08616	-0.0848888
13.302	-0.569561	1.4305	1.05424	0.688786	0.185526	-1.08616	-0.0848888
13.32	-0.569559	1.43051	1.05424	0.688786	0.185526	-1.08616	-0.0848888
13.338	-0.569559	1.43051	1.05424	0.688786	0.185526	-1.08616	-0.0848888
13.356	-0.569559	1.43051	1.05424	0.688786	0.185526	-1.08616	-0.0848888
13.374	-0.569559	1.43051	1.05424	0.688786	0.185526	-1.08616	-0.0848888
13.392	-0.569559	1.43051	1.05424	0.688786	0.185526	-1.08616	-0.0848888
13.41	-0.569558	1.43051	1.05424	0.688786	0.185526	-1.08616	-0.0848888
13.428	-0.569558	1.43052	1.05424	0.688786	0.185526	-1.08616	-0.0848888
13.446	-0.569558	1.43052	1.05424	0.688786	0.185526	-1.08616	-0.0848888
13.464	-0.569558	1.43052	1.05424	0.688786	0.185526	-1.08616	-0.0848888
13.482	-0.569558	1.43052	1.05424	0.688786	0.185526	-1.08616	-0.0848888
13.5	-0.569557	1.43052	1.05424	0.688786	0.185526	-1.08616	-0.0848888
13.518	-0.569557	1.43052	1.05424	0.688786	0.185526	-1.08616	-0.0848888
13.536	-0.569557	1.43052	1.05424	0.688786	0.185526	-1.08616	-0.0848888
13.554	-0.569557	1.43053	1.05424	0.688786	0.185526	-1.08616	-0.0848888
13.572	-0.569557	1.43053	1.05424	0.688786	0.185526	-1.08616	-0.0848888
13.59	-0.569557	1.43054	1.05424	0.688786	0.185526	-1.08616	-0.0848888
13.608	-0.569557	1.43054	1.05424	0.688786	0.185526	-1.08616	-0.0848888
13.626	-0.569555	1.43054	1.05424	0.688786	0.185524	-1.08616	-0.0848888
13.644	-0.569555	1.43054	1.05424	0.688786	0.185524	-1.08616	-0.0848888
13.662	-0.569555	1.43054	1.05424	0.688786	0.185524	-1.08616	-0.0848888
13.68	-0.569555	1.43054	1.05424	0.688786	0.185526	-1.08616	-0.0848888
13.698	-0.569555	1.43054	1.05424	0.688786	0.185526	-1.08616	-0.0848888
13.716	-0.569555	1.43055	1.05424	0.688786	0.185524	-1.08616	-0.0848888
13.734	-0.569555	1.43055	1.05424	0.688786	0.185526	-1.08616	-0.0848888
13.752	-0.569554	1.43055	1.05424	0.688786	0.185524	-1.08616	-0.0848888
13.77	-0.569554	1.43055	1.05424	0.688786	0.185524	-1.08616	-0.0848888
13.788	-0.569554	1.43055	1.05424	0.688786	0.185524	-1.08616	-0.0848888
13.806	-0.569554	1.43055	1.05424	0.688786	0.185524	-1.08616	-0.0848888
13.824	-0.569554	1.43056	1.05424	0.688786	0.185524	-1.08616	-0.0848888
13.842	-0.569554	1.43056	1.05424	0.688786	0.185526	-1.08616	-0.0848888
13.86	-0.569554	1.43056	1.05424	0.688786	0.185526	-1.08616	-0.0848888
13.878	-0.569554	1.43056	1.05424	0.688786	0.185524	-1.08616	-0.0848888
13.896	-0.569554	1.43056	1.05424	0.688786	0.185524	-1.08616	-0.0848888
13.914	-0.569554	1.43056	1.05424	0.688786	0.185524	-1.08616	-0.0848888
13.932	-0.569554	1.43056	1.05424	0.688786	0.185526	-1.08616	-0.0848888
13.95	-0.569554	1.43056	1.05424	0.688786	0.185524	-1.08616	-0.0848888
13.968	-0.569554	1.43056	1.05424	0.688786	0.185526	-1.08616	-0.0848888
13.986	-0.569553	1.43056	1.05424	0.688786	0.185524	-1.08616	-0.0848888
14.004	-0.569553	1.43056	1.05424	0.688786	0.185524	-1.08616	-0.0848888
14.022	-0.569553	1.43056	1.05424	0.688786	0.185524	-1.08616	-0.0848888
14.04	-0.569553	1.43057	1.05424	0.688786	0.185524	-1.08616	-0.0848888
14.058	-0.569553	1.43057	1.05424	0.688786	0.185524	-1.08616	-0.0848888
14.076	-0.569553	1.43057	1.05424	0.688786	0.185524	-1.08616	-0.0848888
14.094	-0.569553	1.43057	1.05424	0.688786	0.185524	-1.08616	-0.0848888
14.112	-0.569553	1.43057	1.05424	0.688786	0.185524	-1.08616	-0.0848888
14.13	-0.569553	1.43057	1.05424	0.688786	0.185524	-1.08616	-0.0848888
14.148	-0.569553	1.43057	1.05424	0.688786	0.185524	-1.08616	-0.0848888
14.166	-0.569553	1.43057	1.05424	0.688786	0.185524	-1.08616	-0.0848888
14.184	-0.569553	1.43057	1.05424	0.688786	0.185524	-1.08616	-0.0848888
14.202	-0.569552	1.43057	1.05424	0.688786	0.185524	-1.08616	-0.0848888
14.22	-0.569552	1.43057	1.05424	0.688786	0.185524	-1.08616	-0.0848888
14.238	-0.569552	1.43058	1.05424	0.688786	0.185524	-1.08616	-0.0848888
14.256	-0.569552	1.43058	1.05424	0.688786	0.185524	-1.08616	-0.0848888
14.274	-0.569552	1.43058	1.05424	0.688786	0.185526	-1.08616	-0.0848888
14.292	-0.569552	1.43058	1.05424	0.688786	0.185524	-1.08616	-0.0848888
14.31	-0.569552	1.43058	1.05424	0.688786	0.185524	-1.08616	-0.0848888
14.328	-0.569552	1.43058	1.05424	0.688786	0.185524	-1.08616	-0.0848888
14.346	-0.569552	1.43058	1.05424	0.688786	0.185524	-1.08616	-0.0848888
14.364	-0.569552	1.43058	1.05424	0.688786	0.185524	-1.08616	-0.0848888
14.382	-0.569552	1.43058	1.05424	0.688786	0.185524	-1.08616	-0.0848888
14.4	-0.569552	1.43058	1.05424	0.688786	0.185524	-1.08616	-0.0848888
14.418	-0.569552	1.43059	1.05424	0.688786	0.185524	-1.08616	-0.0848888
14.436	-0.569552	1.43059	1.05424	0.688786	0.185524	-1.08616	-0.0848888
14.454	-0.569552	1.43059	1.05424	0.688786	0.185524	-1.08616	-0.0848888
14.472	-0.56955	1.43059	1.05424	0.688786	0.185524	-1.08616	-0.0848871
14.49	-0.56955	1.43059	1.05424	0.688786	0.185524	-1.08616	-0.0848888
14.508	-0.56955	1.43059	1.05424	0.688786	0.185524	-1.08616	-0.0848888
14.526	-0.56955	1.43059	1.05424	0.688786	0.185524	-1.08616	-0.0848888
14.544	-0.56955	1.43059	1.05424	0.688786	0.185524	-1.08616	-0.0848888
14.562	-0.56955	1.43059	1.05424	0.688786	0.185524	-1.08616	-0.0848888
14.58	-0.56955	1.43059	1.05424	0.688786	0.185524	-1.08616	-0.0848888
14.598	-0.56955	1.43059	1.05424	0.688786	0.185524	-1.08616	-0.0848888
14.616	-0.56955	1.43059	1.05424	0.688786	0.185524	-1.08616	-0.0848888
14.634	-0.56955	1.43059	1.05424	0.688786	0.185524	-1.08616	-0.0848888
14.652	-0.56955	1.43059	1.05424	0.688786	0.185524	-1.08616	-0.0848888
14.67	-0.56955	1.43059	1.05424	0.688786	0.185524	-1.08616	-0.0848888
14.688	-0.56955	1.43059	1.05424	0.688786	0.185524	-1.08616	-0.0848888
14.706	-0.56955	1.43059	1.05424	0.688786	0.185524	-1.08616	-0.0848888
14.724	-0.56955	1.43059	1.05424	0.688786	0.185524	-1.08616	-0.0848888
14.742	-0.56955	1.43059	1.05424	0.688786	0.185524	-1.08616	-0.0848871
14.76	-0.569549	1.43059	1.05424	0.688786	0.185524	-1.08616	-0.0848888
14.778	-0.569549	1.43059	1.05424	0.688786	0.185524	-1.08616	-0.0848888
14.796	-0.569549	1.43059	1.05424	0.688786	0.185524	-1.08616	-0.0848871
14.814	-0.569549	1.4306	1.05424	0.688786	0.185524	-1.08616	-0.0848888
14.832	-0.569549	1.4306	1.05424	0.688786	0.185524	-1.08616	-0.0848888
14.85	-0.569549	1.4306	1.05424	0.688786	0.185524	-1.08616	-0.0848888
14.868	-0.569549	1.4306	1.05424	0.688786	0.185524	-1.08616	-0.0848888
14.886	-0.569549	1.4306	1.05424	0.688786	0.185524	-1.08616	-0.0848888
14.904	-0.569549	1.4306	1.05424	0.688786	0.185524	-1.08616	-0.0848888
14.922	-0.569549	1.4306	1.05424	0.688786	0.185524	-1.08616	-0.0848888
14.94	-0.569549	1.4306	1.05424	0.688786	0.185524	-1.08616	-0.0848888
14.958	-0.569549	1.4306	1.05424	0.688786	0.185524	-1.08616	-0.0848888
14.976	-0.569549	1.4306	1.05424	0.688786	0.185524	-1.08616	-0.0848888
14.994	-0.569549	1.4306	1.05424	0.688786	0.185524	-1.08616	-0.0848888
15.012	-0.569549	1.4306	1.05424	0.688786	0.185524	-1.08616	-0.0848888
15.03	-0.569549	1.4306	1.05424	0.688786	0.185524	-1.08616	-0.0848888
15.048	-0.569549	1.4306	1.05424	0.688786	0.185524	-1.08616	-0.0848888
15.066	-0.569549	1.43061	1.05424	0.688786	0.185524	-1.08616	-0.0848888
15.084	-0.569549	1.43061	1.05424	0.688786	0.185524	-1.08616	-0.0848888
15.102	-0.569549	1.43061	1.05424	0.688786	0.185524	-1.08616	-0.0848888
15.12	-0.569549	1.43061	1.05424	0.688786	0.185524	-1.08616	-0.0848871
15.138	-0.569549	1.43061	1.05424	0.688786	0.185524	-1.08616	-0.0848888
