1.584	0.29131	1.87207	1.12852	1.51334	0.18148	-1.18377	-0.0848768
1.602	0.29131	1.87207	1.12852	1.51334	0.18148	-1.18377	-0.0848768
1.62	0.291171	1.87207	1.12852	1.51334	0.18148	-1.18377	-0.0848768
1.638	0.291008	1.87207	1.12852	1.51334	0.18148	-1.18377	-0.0848768
1.656	0.290798	1.87207	1.12852	1.51333	0.18148	-1.18377	-0.0848768
1.674	0.290515	1.87207	1.12853	1.51333	0.181478	-1.18378	-0.0848768
1.692	0.290174	1.87208	1.12853	1.51333	0.18148	-1.18378	-0.0848768
1.71	0.289747	1.87208	1.12853	1.51333	0.181478	-1.18378	-0.0848768
1.728	0.289266	1.87208	1.12853	1.51333	0.181478	-1.18377	-0.0848768
1.746	0.288662	1.87208	1.12854	1.51333	0.181478	-1.18378	-0.0848751
1.764	0.288662	1.87208	1.12854	1.51333	0.181478	-1.18378	-0.0848751
1.782	0.287974	1.87208	1.12855	1.51333	0.181478	-1.18378	-0.0848751
1.8	0.287179	1.87208	1.12856	1.51333	0.181478	-1.18378	-0.0848751
1.818	0.286325	1.87209	1.12859	1.51333	0.181478	-1.18378	-0.0848751
1.836	0.285375	1.87209	1.12861	1.51333	0.181478	-1.18378	-0.0848751
1.854	0.284417	1.8721	1.12862	1.51333	0.181478	-1.18378	-0.0848751
1.872	0.283353	1.87211	1.12866	1.51333	0.181478	-1.18378	-0.0848751
1.89	0.28233	1.87211	1.12867	1.51333	0.181478	-1.18377	-0.0848751
1.908	0.281176	1.87211	1.1287	1.51333	0.181478	-1.18377	-0.0848734
1.926	0.280057	1.87212	1.12871	1.51333	0.181478	-1.18377	-0.0848734
1.944	0.278867	1.87212	1.12876	1.51332	0.181478	-1.18377	-0.0848734
1.962	0.277662	1.87212	1.12881	1.51332	0.181478	-1.18377	-0.0848734
1.98	0.277662	1.87212	1.12881	1.51332	0.181478	-1.18377	-0.0848734
1.998	0.276451	1.87212	1.12884	1.51331	0.181478	-1.18377	-0.0848734
2.016	0.275169	1.87214	1.1289	1.51331	0.181478	-1.18377	-0.0848734
2.034	0.273888	1.87214	1.12892	1.5133	0.181478	-1.18377	-0.0848734
2.052	0.272535	1.87214	1.12895	1.51328	0.181478	-1.18377	-0.0848734
2.07	0.271145	1.87215	1.12898	1.51327	0.181478	-1.18377	-0.0848734
2.088	0.269726	1.87215	1.12901	1.51327	0.181478	-1.18377	-0.0848717
2.106	0.268255	1.87215	1.12904	1.51326	0.181478	-1.18377	-0.0848717
2.124	0.266757	1.87216	1.12909	1.51326	0.181478	-1.18377	-0.0848717
2.142	0.265228	1.87216	1.12914	1.51325	0.181478	-1.18377	-0.0848717
2.16	0.263704	1.87218	1.12918	1.51324	0.181478	-1.18377	-0.0848717
2.178	0.262187	1.8722	1.12925	1.51324	0.181478	-1.18377	-0.0848717
2.196	0.262187	1.8722	1.12925	1.51324	0.181478	-1.18377	-0.0848717
2.214	0.260626	1.8722	1.12931	1.51323	0.181478	-1.18377	-0.0848717
2.232	0.259051	1.87221	1.12939	1.51322	0.181478	-1.18377	-0.0848717
2.25	0.257458	1.87222	1.12946	1.51322	0.181478	-1.18377	-0.0848717
2.268	0.2559	1.87226	1.12954	1.5132	0.18148	-1.18377	-0.08487
2.286	0.254303	1.87228	1.12966	1.5132	0.18148	-1.18377	-0.08487
2.304	0.252668	1.87229	1.12975	1.51318	0.18148	-1.18377	-0.08487
2.322	0.251079	1.87232	1.12985	1.51317	0.18148	-1.18377	-0.08487
2.34	0.249458	1.87235	1.12998	1.51317	0.18148	-1.18377	-0.0848683
2.358	0.247873	1.87238	1.13012	1.51314	0.18148	-1.18377	-0.0848683
2.376	0.246324	1.87241	1.13036	1.51313	0.18148	-1.18377	-0.0848683
2.394	0.24483	1.8724	1.13065	1.51309	0.18148	-1.18377	-0.0848683
2.412	0.24483	1.8724	1.13065	1.51309	0.18148	-1.18377	-0.0848683
2.43	0.243357	1.8724	1.131	1.51307	0.18148	-1.18377	-0.0848683
2.448	0.241887	1.87242	1.13133	1.51305	0.18148	-1.18377	-0.0848683
2.466	0.240418	1.8725	1.13158	1.51296	0.18148	-1.18377	-0.0848683
2.484	0.238983	1.87258	1.13177	1.51285	0.18148	-1.18377	-0.0848683
2.502	0.237507	1.8727	1.13189	1.51273	0.18148	-1.18377	-0.0848683
2.52	0.236054	1.87283	1.13194	1.51261	0.18148	-1.18377	-0.0848666
2.538	0.234635	1.87299	1.13199	1.51248	0.18148	-1.18377	-0.0848666
2.556	0.233169	1.87314	1.13199	1.51233	0.18148	-1.18377	-0.0848666
2.574	0.231729	1.87329	1.13197	1.5122	0.181482	-1.18377	-0.0848666
2.592	0.230308	1.87342	1.13197	1.51211	0.181482	-1.18377	-0.0848666
2.61	0.228872	1.87355	1.13197	1.51195	0.181482	-1.18377	-0.0848666
2.628	0.228872	1.87355	1.13197	1.51195	0.181482	-1.18377	-0.0848666
2.646	0.227414	1.87366	1.13197	1.51179	0.181482	-1.18377	-0.0848649
2.664	0.225948	1.87378	1.13197	1.51161	0.18148	-1.18377	-0.0848649
2.682	0.224503	1.87387	1.13196	1.51138	0.18148	-1.18377	-0.0848649
2.7	0.223103	1.87398	1.13197	1.51118	0.18148	-1.18377	-0.0848632
2.718	0.221654	1.8741	1.13198	1.51094	0.18148	-1.18377	-0.0848632
2.736	0.220193	1.87422	1.13197	1.51068	0.181482	-1.18377	-0.0848632
2.754	0.218792	1.87438	1.13198	1.51042	0.181482	-1.18377	-0.0848632
2.772	0.217415	1.87454	1.13198	1.51012	0.181482	-1.18377	-0.0848615
2.79	0.215996	1.87471	1.13201	1.50986	0.181482	-1.18377	-0.0848615
2.808	0.214656	1.87493	1.13206	1.50961	0.181486	-1.18377	-0.0848615
2.826	0.214656	1.87493	1.13206	1.50961	0.181486	-1.18377	-0.0848615
2.844	0.213332	1.87516	1.13212	1.50931	0.181505	-1.18377	-0.0848615
2.862	0.212037	1.87547	1.13217	1.50905	0.181556	-1.18377	-0.0848615
2.88	0.21081	1.87587	1.13216	1.50886	0.181648	-1.18377	-0.0848598
2.898	0.209579	1.87634	1.13216	1.50862	0.181805	-1.18377	-0.0848598
2.916	0.208373	1.87677	1.13216	1.5084	0.182008	-1.18377	-0.0848598
2.934	0.207208	1.87717	1.13219	1.50817	0.182241	-1.18377	-0.0848598
2.952	0.206053	1.87755	1.13223	1.50791	0.18248	-1.18377	-0.0848598
2.97	0.204882	1.87793	1.13228	1.50769	0.18274	-1.18377	-0.0848598
2.988	0.203805	1.87832	1.13237	1.50749	0.183018	-1.18377	-0.0848581
3.006	0.202648	1.87869	1.13249	1.50731	0.183364	-1.18377	-0.0848581
3.024	0.201507	1.87902	1.13258	1.50711	0.183812	-1.18377	-0.0848564
3.042	0.201507	1.87902	1.13258	1.50711	0.183812	-1.18377	-0.0848564
3.06	0.200331	1.87934	1.13276	1.50689	0.184368	-1.18377	-0.0848564
3.078	0.199129	1.87958	1.13298	1.50672	0.18498	-1.18377	-0.0848547
3.096	0.197942	1.87986	1.13321	1.50647	0.185583	-1.18377	-0.0848547
3.114	0.196645	1.88013	1.13347	1.50628	0.186049	-1.18377	-0.084853
3.132	0.19545	1.88041	1.13376	1.50605	0.186452	-1.18377	-0.084853
3.15	0.194148	1.88066	1.13415	1.50582	0.186894	-1.18377	-0.084853
3.168	0.192903	1.88083	1.13462	1.50558	0.187317	-1.18377	-0.0848513
3.186	0.191689	1.88091	1.13517	1.50533	0.18779	-1.18377	-0.0848513
3.204	0.190398	1.88094	1.13572	1.50507	0.188356	-1.18377	-0.0848496
3.222	0.189124	1.88096	1.13625	1.50478	0.1889	-1.18377	-0.0848496
3.24	0.187906	1.88098	1.13685	1.50449	0.189371	-1.18377	-0.0848496
3.258	0.187906	1.88098	1.13685	1.50449	0.189371	-1.18377	-0.0848496
3.276	0.186687	1.88099	1.13743	1.50422	0.189862	-1.18377	-0.0848479
3.294	0.185488	1.881	1.13802	1.50393	0.190371	-1.18377	-0.0848479
3.312	0.184372	1.88099	1.1387	1.50361	0.190854	-1.18377	-0.0848462
3.33	0.183194	1.88098	1.13934	1.50333	0.191367	-1.18377	-0.0848462
3.348	0.182062	1.881	1.13992	1.50297	0.191872	-1.18377	-0.0848462
3.366	0.180855	1.88099	1.14051	1.5026	0.192298	-1.18377	-0.0848445
3.384	0.179662	1.88098	1.14105	1.50222	0.192656	-1.18377	-0.0848445
3.402	0.178466	1.881	1.14155	1.50178	0.193093	-1.18377	-0.0848427
3.42	0.1772	1.881	1.14206	1.5014	0.193558	-1.18377	-0.084841
3.438	0.176041	1.88097	1.14265	1.50103	0.193958	-1.18377	-0.084841
3.456	0.174782	1.88097	1.14318	1.50073	0.194462	-1.18377	-0.0848393
3.474	0.174782	1.88097	1.14318	1.50073	0.194462	-1.18377	-0.0848393
3.492	0.173531	1.881	1.1436	1.50042	0.195047	-1.18377	-0.0848376
3.51	0.172265	1.88101	1.14401	1.50015	0.195674	-1.18377	-0.0848359
3.528	0.170953	1.881	1.14439	1.49994	0.196399	-1.18377	-0.0848342
3.546	0.169659	1.88102	1.14473	1.49976	0.19727	-1.18377	-0.0848325
3.564	0.168426	1.88104	1.14502	1.49964	0.198217	-1.18377	-0.0848308
3.582	0.167165	1.88107	1.14536	1.49952	0.198998	-1.18377	-0.0848291
3.6	0.165904	1.88111	1.1457	1.49938	0.199726	-1.18377	-0.0848274
3.618	0.164693	1.88114	1.14605	1.49923	0.200532	-1.18377	-0.084824
3.636	0.163401	1.88114	1.14648	1.49911	0.201385	-1.18377	-0.0848223
3.654	0.162169	1.88113	1.14688	1.49893	0.202197	-1.18376	-0.0848206
3.672	0.16087	1.88116	1.14727	1.49871	0.20313	-1.18376	-0.0848189
3.69	0.16087	1.88116	1.14727	1.49871	0.20313	-1.18376	-0.0848189
3.708	0.159549	1.88118	1.14762	1.49848	0.204095	-1.18376	-0.0848172
3.726	0.15832	1.88124	1.14799	1.49816	0.204819	-1.18376	-0.0848155
3.744	0.157	1.88129	1.14847	1.49789	0.205304	-1.18376	-0.0848138
3.762	0.155718	1.88132	1.14899	1.49759	0.205666	-1.18376	-0.0848121
3.78	0.154416	1.88137	1.14953	1.49723	0.205962	-1.18376	-0.0848121
3.798	0.153081	1.88141	1.15009	1.49688	0.206173	-1.18376	-0.0848103
3.816	0.151768	1.88143	1.15068	1.49653	0.206316	-1.18376	-0.0848087
3.834	0.150394	1.88146	1.15125	1.49616	0.2064	-1.18376	-0.0848087
3.852	0.149027	1.88153	1.1518	1.4958	0.206419	-1.18376	-0.0848069
3.87	0.147643	1.88158	1.15237	1.49546	0.206421	-1.18376	-0.0848053
3.888	0.147643	1.88158	1.15237	1.49546	0.206421	-1.18376	-0.0848053
3.906	0.146273	1.88164	1.15293	1.49509	0.206423	-1.18376	-0.0848053
3.924	0.14493	1.8817	1.15349	1.49474	0.206423	-1.18376	-0.0848035
3.942	0.143487	1.88174	1.15409	1.49441	0.206427	-1.18376	-0.0848035
3.96	0.142045	1.88176	1.15464	1.49404	0.206433	-1.18376	-0.0848018
3.978	0.140616	1.88179	1.15515	1.49367	0.206455	-1.18376	-0.0848001
3.996	0.139081	1.8818	1.15559	1.49328	0.206504	-1.18376	-0.0848001
4.014	0.13751	1.88181	1.15602	1.49292	0.206531	-1.18376	-0.0847984
4.032	0.135954	1.88185	1.15648	1.49264	0.206551	-1.18376	-0.0847967
4.05	0.134393	1.88187	1.15693	1.49237	0.206603	-1.18376	-0.0847967
4.068	0.132821	1.88188	1.15741	1.49217	0.20668	-1.18376	-0.084795
4.086	0.131206	1.88188	1.15795	1.49202	0.206719	-1.18376	-0.084795
4.104	0.131206	1.88188	1.15795	1.49202	0.206719	-1.18376	-0.084795
4.122	0.129625	1.88188	1.15854	1.4919	0.206719	-1.18376	-0.0847933
4.14	0.128008	1.8819	1.15913	1.49184	0.206721	-1.18375	-0.0847933
4.158	0.126428	1.88197	1.15971	1.49177	0.206723	-1.18375	-0.0847933
4.176	0.124861	1.88201	1.16034	1.49174	0.206725	-1.18375	-0.0847933
4.194	0.123257	1.88206	1.16103	1.49169	0.206725	-1.18375	-0.0847916
4.212	0.121665	1.88213	1.1618	1.49163	0.206725	-1.18375	-0.0847916
4.23	0.120067	1.88216	1.16266	1.4916	0.206725	-1.18375	-0.0847916
4.248	0.118469	1.8822	1.1635	1.4915	0.206729	-1.18375	-0.0847899
4.266	0.116815	1.88225	1.16442	1.4914	0.206731	-1.18375	-0.0847899
4.284	0.115142	1.88228	1.16533	1.49125	0.206736	-1.18375	-0.0847899
4.302	0.113465	1.88232	1.16631	1.49106	0.206736	-1.18374	-0.0847882
4.32	0.113465	1.88232	1.16631	1.49106	0.206736	-1.18374	-0.0847882
4.338	0.111766	1.88236	1.16726	1.49089	0.206758	-1.18374	-0.0847865
4.356	0.110066	1.88246	1.16821	1.4906	0.206787	-1.18374	-0.0847865
4.374	0.108312	1.88252	1.1692	1.49031	0.206826	-1.18374	-0.0847848
4.392	0.106578	1.88267	1.17019	1.48996	0.206871	-1.18374	-0.0847848
4.41	0.104818	1.88289	1.1711	1.48965	0.206916	-1.18373	-0.0847831
4.428	0.103013	1.88319	1.17191	1.48928	0.206993	-1.18373	-0.0847831
4.446	0.101213	1.88346	1.17278	1.48885	0.207038	-1.18372	-0.0847831
4.464	0.0993763	1.88369	1.17372	1.48843	0.207061	-1.18371	-0.0847814
4.482	0.0975458	1.88389	1.17469	1.48802	0.207073	-1.18369	-0.0847814
4.5	0.0956539	1.8841	1.17569	1.48761	0.207122	-1.18368	-0.0847814
4.518	0.093785	1.88431	1.17668	1.48712	0.207185	-1.18368	-0.0847814
4.536	0.093785	1.88431	1.17668	1.48712	0.207185	-1.18368	-0.0847814
4.554	0.0918036	1.88447	1.17774	1.48662	0.207278	-1.18368	-0.0847797
4.572	0.0899066	1.88454	1.17872	1.48604	0.207335	-1.18368	-0.0847797
4.59	0.0879009	1.88464	1.17978	1.48541	0.207429	-1.18366	-0.0847797
4.608	0.0859642	1.88467	1.18076	1.48471	0.207505	-1.18361	-0.084778
4.626	0.0839381	1.88472	1.1819	1.48409	0.207607	-1.18344	-0.084778
4.644	0.0820449	1.88475	1.18292	1.4835	0.207687	-1.18316	-0.0847763
4.662	0.0800495	1.88482	1.18406	1.48292	0.207844	-1.18275	-0.0847763
4.68	0.0781013	1.88484	1.18513	1.48234	0.207971	-1.1821	-0.0847763
4.698	0.0760381	1.88486	1.18629	1.48187	0.208079	-1.18078	-0.0847746
4.716	0.0740861	1.88487	1.18733	1.4814	0.208286	-1.1792	-0.0847746
4.734	0.0720127	1.88487	1.18839	1.48105	0.208539	-1.1773	-0.0847729
4.752	0.0720127	1.88487	1.18839	1.48105	0.208539	-1.1773	-0.0847729
4.77	0.0700581	1.88487	1.1894	1.48069	0.208814	-1.17498	-0.0847729
4.788	0.0679975	1.88488	1.19037	1.48041	0.209098	-1.17252	-0.0847712
4.806	0.0660314	1.88488	1.19118	1.48003	0.209466	-1.17002	-0.0847712
4.824	0.0639657	1.88489	1.19199	1.47971	0.209881	-1.16738	-0.0847712
4.842	0.0619613	1.88489	1.19269	1.47933	0.210309	-1.1648	-0.0847712
4.86	0.0598648	1.88489	1.19341	1.47893	0.210708	-1.16215	-0.0847695
4.878	0.0578106	1.88489	1.19403	1.47859	0.21101	-1.15927	-0.0847695
4.896	0.0556694	1.88491	1.19459	1.47832	0.211342	-1.15621	-0.0847677
4.914	0.0535487	1.88491	1.19507	1.47801	0.211777	-1.15302	-0.0847677
4.932	0.0513921	1.88491	1.1955	1.47772	0.212329	-1.14987	-0.0847661
4.95	0.0492753	1.88491	1.19585	1.47749	0.213019	-1.14683	-0.0847661
4.968	0.0492753	1.88491	1.19585	1.47749	0.213019	-1.14683	-0.0847661
4.986	0.0472133	1.88491	1.19613	1.47732	0.213884	-1.14382	-0.0847661
5.004	0.0451092	1.88492	1.19638	1.47723	0.214778	-1.14081	-0.0847643
5.022	0.0430665	1.88492	1.19654	1.47716	0.21587	-1.13764	-0.0847643
5.04	0.040924	1.88492	1.19668	1.47716	0.217009	-1.1344	-0.0847626
5.058	0.0388659	1.88493	1.19678	1.47712	0.217956	-1.13121	-0.0847626
5.076	0.0366416	1.88493	1.19693	1.47712	0.21893	-1.12815	-0.0847626
5.094	0.0345248	1.88493	1.19703	1.47707	0.220022	-1.12518	-0.0847626
5.112	0.0322915	1.88492	1.1972	1.47707	0.221169	-1.12216	-0.0847609
5.13	0.0301849	1.88492	1.19735	1.47706	0.222429	-1.11905	-0.0847609
5.148	0.028022	1.88493	1.19752	1.47704	0.223757	-1.11576	-0.0847592
5.166	0.028022	1.88493	1.19752	1.47704	0.223757	-1.11576	-0.0847592
5.184	0.0258961	1.88495	1.19772	1.477	0.225074	-1.11245	-0.0847592
5.202	0.0237	1.88496	1.19782	1.47694	0.2268	-1.1092	-0.0847575
5.22	0.0214706	1.88497	1.19784	1.4768	0.22887	-1.10604	-0.0847575
5.238	0.0192987	1.88498	1.19784	1.47661	0.231083	-1.10286	-0.0847575
5.256	0.0170054	1.88498	1.19785	1.47652	0.233476	-1.09954	-0.0847558
5.274	0.014817	1.88499	1.19785	1.47635	0.236092	-1.09603	-0.0847558
5.292	0.0124994	1.88499	1.19787	1.47619	0.238587	-1.09251	-0.0847558
5.31	0.0102521	1.88501	1.19787	1.47594	0.241017	-1.08913	-0.0847558
5.328	0.00799713	1.88501	1.19787	1.47558	0.243169	-1.08596	-0.0847558
5.346	0.005723	1.88503	1.19789	1.47513	0.244897	-1.08288	-0.0847558
5.364	0.00350129	1.88506	1.19789	1.47464	0.246372	-1.07986	-0.0847541
5.382	0.00350129	1.88506	1.19789	1.47464	0.246372	-1.07986	-0.0847541
5.4	0.00119648	1.88511	1.1979	1.47419	0.247593	-1.07678	-0.0847541
5.418	-0.00103416	1.88516	1.19791	1.47372	0.248413	-1.0739	-0.0847541
5.436	-0.00340416	1.8852	1.19799	1.47322	0.248705	-1.07131	-0.0847541
5.454	-0.00573325	1.88523	1.19804	1.4727	0.248711	-1.06907	-0.0847541
5.472	-0.0080777	1.88529	1.19808	1.47222	0.248707	-1.06717	-0.0847541
5.49	-0.0104426	1.88531	1.19807	1.47174	0.248703	-1.06544	-0.0847524
5.508	-0.0127525	1.88535	1.19807	1.47127	0.248701	-1.06394	-0.0847524
5.526	-0.0151532	1.88541	1.19808	1.47091	0.248701	-1.06221	-0.0847507
5.544	-0.0175244	1.88547	1.19807	1.4705	0.248701	-1.06066	-0.0847507
5.562	-0.0198804	1.88552	1.19808	1.47019	0.248701	-1.05884	-0.0847507
5.58	-0.0223616	1.88556	1.19807	1.46991	0.248701	-1.05706	-0.0847507
5.598	-0.0223616	1.88556	1.19807	1.46991	0.248701	-1.05706	-0.0847507
5.616	-0.0247725	1.88559	1.19807	1.46959	0.248699	-1.05527	-0.084749
5.634	-0.0272742	1.88559	1.19807	1.46925	0.248699	-1.05357	-0.084749
5.652	-0.0297375	1.8856	1.19807	1.46887	0.248699	-1.05206	-0.084749
5.67	-0.0320934	1.88563	1.19807	1.46849	0.248699	-1.05052	-0.084749
5.688	-0.0345606	1.88568	1.19807	1.46808	0.248699	-1.04933	-0.0847473
5.706	-0.036914	1.88574	1.19807	1.46762	0.248699	-1.04819	-0.0847473
5.724	-0.0392737	1.88579	1.19807	1.46721	0.248699	-1.04681	-0.0847473
5.742	-0.0417025	1.88582	1.19807	1.46676	0.248699	-1.0455	-0.0847456
5.76	-0.0440265	1.88584	1.19807	1.46623	0.248699	-1.04406	-0.0847456
5.778	-0.0464592	1.88588	1.19808	1.46576	0.248699	-1.04219	-0.0847456
5.796	-0.0488087	1.88594	1.19807	1.46524	0.248699	-1.04028	-0.0847439
5.814	-0.0488087	1.88594	1.19807	1.46524	0.248699	-1.04028	-0.0847439
5.832	-0.0510726	1.88601	1.19807	1.46475	0.248699	-1.03802	-0.0847439
5.85	-0.0534094	1.88609	1.19808	1.46427	0.248699	-1.03585	-0.0847439
5.868	-0.0556426	1.8862	1.19807	1.46371	0.248699	-1.03372	-0.0847422
5.886	-0.0580036	1.88629	1.19808	1.46312	0.248699	-1.03166	-0.0847422
5.904	-0.0603251	1.88643	1.19807	1.46244	0.248697	-1.02982	-0.0847422
5.922	-0.0626976	1.88657	1.19807	1.46173	0.248699	-1.02802	-0.0847422
5.94	-0.0650612	1.88675	1.19807	1.46103	0.248697	-1.02606	-0.0847405
5.958	-0.0673443	1.887	1.19807	1.46037	0.248699	-1.02398	-0.0847405
5.976	-0.0696811	1.88733	1.19807	1.45977	0.248699	-1.02164	-0.0847405
5.994	-0.0719002	1.88762	1.19808	1.45918	0.248699	-1.0191	-0.0847388
6.012	-0.0742166	1.88789	1.19814	1.45854	0.248701	-1.01661	-0.0847388
6.03	-0.0742166	1.88789	1.19814	1.45854	0.248701	-1.01661	-0.0847388
6.048	-0.076515	1.88813	1.19816	1.45794	0.248703	-1.01413	-0.0847371
6.066	-0.0788108	1.88837	1.19819	1.45729	0.248707	-1.01176	-0.0847371
6.084	-0.0811974	1.88857	1.19822	1.45676	0.248711	-1.00952	-0.0847371
6.102	-0.0834984	1.88878	1.19825	1.45624	0.248717	-1.0071	-0.0847354
6.12	-0.0859259	1.88894	1.19828	1.45574	0.248722	-1.00462	-0.0847354
6.138	-0.0882652	1.8891	1.19831	1.45528	0.24873	-1.0019	-0.0847354
6.156	-0.0905688	1.88925	1.19836	1.45485	0.248765	-0.99887	-0.0847354
6.174	-0.0929452	1.88939	1.1984	1.45449	0.248795	-0.995702	-0.0847337
6.192	-0.0952359	1.88954	1.19845	1.4541	0.248822	-0.99256	-0.0847337
6.21	-0.0976302	1.88966	1.19854	1.45379	0.248852	-0.989455	-0.0847337
6.228	-0.100007	1.88977	1.19863	1.45358	0.248865	-0.986182	-0.0847337
6.246	-0.100007	1.88977	1.19863	1.45358	0.248865	-0.986182	-0.0847337
6.264	-0.102327	1.88988	1.19876	1.45341	0.248881	-0.982642	-0.084732
6.282	-0.10472	1.88996	1.19892	1.45336	0.24894	-0.978828	-0.084732
6.3	-0.107045	1.89003	1.19906	1.45331	0.249061	-0.97495	-0.084732
6.318	-0.109423	1.89012	1.19922	1.45327	0.249198	-0.971151	-0.0847303
6.336	-0.111731	1.89023	1.19937	1.45322	0.2493	-0.96741	-0.0847303
6.354	-0.114031	1.89034	1.19955	1.4532	0.249425	-0.963647	-0.0847303
6.372	-0.116392	1.89045	1.19975	1.45322	0.249601	-0.959788	-0.0847285
6.39	-0.118719	1.89055	1.19991	1.45322	0.249865	-0.956052	-0.0847285
6.408	-0.121182	1.89071	1.20005	1.45323	0.250229	-0.95258	-0.0847285
6.426	-0.123603	1.89095	1.20009	1.45322	0.250685	-0.94943	-0.0847285
6.444	-0.126038	1.89126	1.20011	1.45323	0.251237	-0.946512	-0.0847285
6.462	-0.126038	1.89126	1.20011	1.45323	0.251237	-0.946512	-0.0847285
6.48	-0.128462	1.89163	1.20012	1.45324	0.251816	-0.943514	-0.0847269
6.498	-0.130831	1.89195	1.20012	1.45325	0.252485	-0.940528	-0.0847269
6.516	-0.133247	1.89225	1.20016	1.45323	0.253467	-0.937717	-0.0847269
6.534	-0.135627	1.89256	1.20018	1.45321	0.254688	-0.935126	-0.0847269
6.552	-0.137956	1.89284	1.20023	1.45319	0.255833	-0.932745	-0.0847251
6.57	-0.140404	1.8931	1.20028	1.45318	0.25715	-0.930729	-0.0847251
6.588	-0.142727	1.89338	1.2003	1.45317	0.258672	-0.928583	-0.0847251
6.606	-0.145125	1.89365	1.20032	1.45314	0.260425	-0.926506	-0.0847251
6.624	-0.147464	1.89392	1.20033	1.45312	0.262151	-0.924101	-0.0847251
6.642	-0.149722	1.89422	1.20034	1.45306	0.263849	-0.921515	-0.0847235
6.66	-0.15203	1.89451	1.20034	1.45303	0.265593	-0.918841	-0.0847235
6.678	-0.15203	1.89451	1.20034	1.45303	0.265593	-0.918841	-0.0847235
6.696	-0.154225	1.89487	1.20034	1.45296	0.267348	-0.916049	-0.0847235
6.714	-0.156463	1.89529	1.20034	1.45289	0.268749	-0.913405	-0.0847235
6.732	-0.158698	1.89577	1.20033	1.45281	0.269985	-0.910924	-0.0847235
6.75	-0.160867	1.89626	1.20035	1.45274	0.271079	-0.908301	-0.0847217
6.768	-0.163107	1.89672	1.20037	1.45269	0.27195	-0.90555	-0.0847217
6.786	-0.165246	1.8972	1.2004	1.45256	0.272619	-0.902601	-0.0847217
6.804	-0.16744	1.89769	1.20044	1.45251	0.272993	-0.899605	-0.0847217
6.822	-0.169501	1.89821	1.20044	1.45239	0.273075	-0.896668	-0.0847217
6.84	-0.17167	1.89866	1.20044	1.4523	0.273075	-0.894002	-0.08472
6.858	-0.173753	1.89912	1.20044	1.45209	0.273075	-0.891599	-0.08472
6.876	-0.173753	1.89912	1.20044	1.45209	0.273075	-0.891599	-0.08472
6.894	-0.175891	1.89956	1.20044	1.45192	0.273075	-0.889114	-0.08472
6.912	-0.178015	1.89989	1.20044	1.45175	0.273075	-0.88668	-0.0847183
6.93	-0.180135	1.90019	1.20048	1.45159	0.273085	-0.884093	-0.0847183
6.948	-0.182285	1.90041	1.20048	1.45146	0.273085	-0.881292	-0.0847183
6.966	-0.184378	1.90057	1.20048	1.45126	0.273085	-0.878563	-0.0847183
6.984	-0.186496	1.90067	1.20048	1.4511	0.273087	-0.875973	-0.0847183
7.002	-0.18848	1.90074	1.20048	1.45084	0.273093	-0.873476	-0.0847183
7.02	-0.190588	1.90073	1.20048	1.45059	0.273098	-0.871182	-0.0847183
7.038	-0.192589	1.90071	1.20048	1.45026	0.27311	-0.868773	-0.0847166
7.056	-0.194676	1.90067	1.20048	1.45004	0.273112	-0.866145	-0.0847166
7.074	-0.196661	1.90065	1.20048	1.44974	0.273114	-0.863328	-0.0847166
7.092	-0.196661	1.90065	1.20048	1.44974	0.273114	-0.863328	-0.0847166
7.11	-0.198759	1.90064	1.20048	1.44957	0.273116	-0.86044	-0.0847166
7.128	-0.200775	1.90066	1.20048	1.44929	0.273116	-0.85765	-0.0847166
7.146	-0.202894	1.90065	1.20048	1.44897	0.273122	-0.85515	-0.0847166
7.164	-0.204923	1.90064	1.20048	1.44856	0.273122	-0.852932	-0.0847149
7.182	-0.207012	1.90064	1.20048	1.44813	0.273124	-0.850747	-0.0847149
7.2	-0.209044	1.90064	1.20048	1.44758	0.273124	-0.848624	-0.0847149
7.218	-0.211129	1.90063	1.20048	1.44704	0.273126	-0.846312	-0.0847149
7.236	-0.213193	1.90063	1.20048	1.44639	0.273126	-0.843959	-0.0847149
7.254	-0.215224	1.90062	1.20048	1.44576	0.273126	-0.841439	-0.0847149
7.272	-0.217329	1.90062	1.20048	1.44511	0.273126	-0.839011	-0.0847149
7.29	-0.219409	1.90062	1.20048	1.44431	0.273128	-0.836873	-0.0847132
7.308	-0.219409	1.90062	1.20048	1.44431	0.273128	-0.836873	-0.0847132
7.326	-0.221569	1.90059	1.20048	1.44346	0.273128	-0.83485	-0.0847132
7.344	-0.22374	1.90059	1.20048	1.44239	0.273128	-0.833282	-0.0847132
7.362	-0.225935	1.90058	1.20048	1.44134	0.273128	-0.831666	-0.0847132
7.38	-0.228022	1.90058	1.20048	1.44016	0.27313	-0.829972	-0.0847132
7.398	-0.230262	1.90058	1.20048	1.43893	0.273132	-0.828414	-0.0847132
7.416	-0.232407	1.90058	1.20048	1.43766	0.273136	-0.826558	-0.0847132
7.434	-0.234615	1.90058	1.20048	1.43643	0.273143	-0.82475	-0.0847132
7.452	-0.236825	1.90058	1.20048	1.43524	0.273145	-0.822633	-0.0847115
7.47	-0.239128	1.90057	1.20048	1.43391	0.273153	-0.820783	-0.0847115
7.488	-0.241428	1.90057	1.20048	1.43266	0.273157	-0.818842	-0.0847115
7.506	-0.243755	1.90056	1.20047	1.43126	0.273169	-0.817409	-0.0847115
7.524	-0.243755	1.90056	1.20047	1.43126	0.273169	-0.817409	-0.0847115
7.542	-0.246167	1.90055	1.20047	1.42985	0.273173	-0.816165	-0.0847115
7.56	-0.248497	1.90055	1.20047	1.42841	0.273183	-0.815005	-0.0847115
7.578	-0.250935	1.90055	1.20047	1.42692	0.273214	-0.814331	-0.0847115
7.596	-0.253379	1.90053	1.20047	1.42533	0.273235	-0.813942	-0.0847115
7.614	-0.255744	1.90053	1.20047	1.42372	0.273239	-0.813575	-0.0847098
7.632	-0.25827	1.90051	1.20047	1.42214	0.273245	-0.813206	-0.0847098
7.65	-0.2607	1.90051	1.20046	1.42053	0.273247	-0.812664	-0.0847098
7.668	-0.263165	1.90051	1.20046	1.41893	0.273251	-0.811869	-0.0847098
7.686	-0.265627	1.9005	1.20046	1.41732	0.273251	-0.810985	-0.0847098
7.704	-0.26798	1.9005	1.20046	1.41566	0.273251	-0.810214	-0.0847098
7.722	-0.270404	1.90049	1.20046	1.41398	0.273251	-0.809575	-0.0847098
7.74	-0.270404	1.90049	1.20046	1.41398	0.273251	-0.809575	-0.0847098
7.758	-0.272735	1.90048	1.20044	1.41233	0.273251	-0.808621	-0.0847081
7.776	-0.275016	1.90046	1.20042	1.41066	0.273251	-0.807308	-0.0847081
7.794	-0.277369	1.90044	1.2004	1.40908	0.273251	-0.805994	-0.0847081
7.812	-0.279576	1.90044	1.20038	1.40739	0.273251	-0.804718	-0.0847081
7.83	-0.281877	1.90043	1.20037	1.40579	0.273251	-0.803136	-0.0847081
7.848	-0.28406	1.90043	1.20032	1.40405	0.273251	-0.801864	-0.0847081
7.866	-0.286204	1.90042	1.20026	1.40224	0.273253	-0.800861	-0.0847081
7.884	-0.288285	1.90042	1.20023	1.4005	0.273255	-0.79972	-0.0847081
7.902	-0.290312	1.9004	1.20022	1.3986	0.273265	-0.799146	-0.0847064
7.92	-0.292375	1.90037	1.20017	1.39676	0.273275	-0.798986	-0.0847064
7.938	-0.294336	1.90036	1.20007	1.39484	0.273284	-0.798992	-0.0847064
7.956	-0.294336	1.90036	1.20007	1.39484	0.273284	-0.798992	-0.0847064
7.974	-0.29637	1.90034	1.19998	1.39305	0.273302	-0.798992	-0.0847064
7.992	-0.298297	1.90032	1.19985	1.3912	0.273339	-0.798992	-0.0847064
8.01	-0.300314	1.90028	1.19974	1.38951	0.273386	-0.798992	-0.0847064
8.028	-0.30219	1.90025	1.19957	1.38781	0.273431	-0.798992	-0.0847064
8.046	-0.304173	1.90019	1.19939	1.3862	0.273478	-0.798992	-0.0847064
8.064	-0.305975	1.90016	1.19915	1.38453	0.273529	-0.798992	-0.0847047
8.082	-0.307912	1.9001	1.19893	1.38295	0.27359	-0.798992	-0.0847047
8.1	-0.309731	1.90003	1.19859	1.38134	0.273662	-0.798991	-0.0847047
8.118	-0.311621	1.9	1.19816	1.37979	0.273732	-0.798991	-0.0847047
8.136	-0.313464	1.89994	1.19765	1.37831	0.273742	-0.798987	-0.0847047
8.154	-0.315285	1.89987	1.1972	1.37701	0.273744	-0.798989	-0.0847047
8.172	-0.315285	1.89987	1.1972	1.37701	0.273744	-0.798989	-0.0847047
8.19	-0.317122	1.89977	1.19671	1.3758	0.273744	-0.798989	-0.084703
8.208	-0.31893	1.89967	1.19615	1.37464	0.273742	-0.798987	-0.084703
8.226	-0.32073	1.8996	1.19554	1.37364	0.273742	-0.798987	-0.084703
8.244	-0.322526	1.89955	1.1949	1.37268	0.273742	-0.798987	-0.084703
8.262	-0.324338	1.89951	1.1942	1.37179	0.273742	-0.798989	-0.084703
8.28	-0.326099	1.89947	1.19344	1.37092	0.27374	-0.798987	-0.084703
8.298	-0.327877	1.89941	1.19264	1.37016	0.27374	-0.798987	-0.084703
8.316	-0.329595	1.8994	1.19172	1.36936	0.27374	-0.798987	-0.0847013
8.334	-0.331368	1.89939	1.1907	1.36861	0.27374	-0.798987	-0.0847013
8.352	-0.333059	1.89938	1.18959	1.36776	0.273738	-0.798984	-0.0847013
8.37	-0.334796	1.89932	1.18844	1.367	0.273738	-0.798972	-0.0847013
8.388	-0.334796	1.89932	1.18844	1.367	0.273738	-0.798972	-0.0847013
8.406	-0.336513	1.89932	1.18724	1.36621	0.273738	-0.798928	-0.0847013
8.424	-0.338241	1.89933	1.18603	1.36543	0.273738	-0.798829	-0.0847013
8.442	-0.33997	1.89931	1.18482	1.36462	0.273738	-0.79872	-0.0846996
8.46	-0.341671	1.89931	1.18359	1.36379	0.273738	-0.798635	-0.0846996
8.478	-0.343396	1.89932	1.18234	1.36304	0.27374	-0.798498	-0.0846996
8.496	-0.345047	1.89934	1.18119	1.36225	0.27374	-0.798253	-0.0846996
8.514	-0.346704	1.89933	1.18009	1.36152	0.27374	-0.797944	-0.0846996
8.532	-0.348334	1.89932	1.179	1.3607	0.273742	-0.797672	-0.0846996
8.55	-0.350002	1.8993	1.17793	1.35989	0.273744	-0.797331	-0.0846996
8.568	-0.351637	1.89925	1.17691	1.35915	0.273748	-0.796673	-0.0846996
8.586	-0.353235	1.89923	1.17591	1.35844	0.273773	-0.795815	-0.0846979
8.604	-0.353235	1.89923	1.17591	1.35844	0.273773	-0.795815	-0.0846979
8.622	-0.354812	1.89919	1.17492	1.35776	0.273815	-0.79511	-0.0846979
8.64	-0.356382	1.89917	1.17402	1.35698	0.273873	-0.794464	-0.0846979
8.658	-0.357917	1.89909	1.17315	1.35624	0.273899	-0.793726	-0.0846979
8.676	-0.359465	1.89901	1.17242	1.35551	0.274004	-0.792604	-0.0846979
8.694	-0.360962	1.89893	1.17169	1.35478	0.274155	-0.791167	-0.0846979
8.712	-0.362451	1.89884	1.17102	1.35402	0.274404	-0.789719	-0.0846979
8.73	-0.363913	1.89873	1.1704	1.35319	0.274754	-0.787842	-0.0846979
8.748	-0.365381	1.89855	1.16988	1.35234	0.275112	-0.785795	-0.0846979
8.766	-0.36685	1.89838	1.16949	1.35154	0.27556	-0.783414	-0.0846979
8.784	-0.368286	1.8982	1.16905	1.35064	0.276174	-0.781125	-0.0846962
8.802	-0.368286	1.8982	1.16905	1.35064	0.276174	-0.781125	-0.0846962
8.82	-0.369678	1.89804	1.16867	1.34973	0.2769	-0.778872	-0.0846979
8.838	-0.371156	1.89781	1.16829	1.34871	0.277679	-0.777065	-0.0846962
8.856	-0.372571	1.89755	1.16787	1.34765	0.27863	-0.775388	-0.0846962
8.874	-0.373972	1.89727	1.16743	1.3466	0.279708	-0.774145	-0.0846962
8.892	-0.375408	1.897	1.16694	1.34557	0.280645	-0.772823	-0.0846962
8.91	-0.376877	1.89667	1.16647	1.34447	0.281539	-0.771504	-0.0846962
8.928	-0.37828	1.89623	1.16611	1.3434	0.282508	-0.770426	-0.0846962
8.946	-0.379633	1.89581	1.16575	1.3424	0.283441	-0.769187	-0.0846962
8.964	-0.381011	1.8954	1.16537	1.34149	0.284396	-0.767653	-0.0846962
8.982	-0.382402	1.89503	1.16493	1.34051	0.285607	-0.76637	-0.0846962
9	-0.383772	1.89466	1.16447	1.33963	0.286719	-0.764913	-0.0846962
9.018	-0.383772	1.89466	1.16447	1.33963	0.286719	-0.764913	-0.0846962
9.036	-0.385083	1.89434	1.16403	1.33882	0.287734	-0.763246	-0.0846962
9.054	-0.386484	1.89402	1.16352	1.33803	0.288959	-0.761954	-0.0846962
9.072	-0.387841	1.8938	1.16288	1.33718	0.290378	-0.760541	-0.0846945
9.09	-0.389232	1.89363	1.16219	1.33634	0.292088	-0.759457	-0.0846945
9.108	-0.390618	1.89345	1.16147	1.33552	0.293555	-0.75877	-0.0846945
9.126	-0.391964	1.89339	1.16068	1.33464	0.295003	-0.758323	-0.0846945
9.144	-0.393347	1.89334	1.15981	1.33376	0.296535	-0.75802	-0.0846945
9.162	-0.394806	1.8933	1.15886	1.33282	0.298058	-0.757744	-0.0846945
9.18	-0.396202	1.89329	1.15789	1.33187	0.2992	-0.757405	-0.0846945
9.198	-0.397569	1.89328	1.15689	1.33098	0.299777	-0.757054	-0.0846945
9.216	-0.398961	1.89328	1.15591	1.33003	0.300073	-0.75676	-0.0846945
9.234	-0.398961	1.89328	1.15591	1.33003	0.300073	-0.75676	-0.0846945
9.252	-0.400383	1.89327	1.1549	1.32899	0.300108	-0.756697	-0.0846945
9.27	-0.401761	1.89327	1.15393	1.328	0.300104	-0.756692	-0.0846945
9.288	-0.403078	1.89327	1.15295	1.32705	0.300102	-0.756687	-0.0846945
9.306	-0.404425	1.89327	1.15199	1.32612	0.300102	-0.756687	-0.0846928
9.324	-0.405794	1.89326	1.15104	1.32517	0.300104	-0.756685	-0.0846928
9.342	-0.407097	1.89324	1.1501	1.32419	0.300104	-0.75668	-0.0846928
9.36	-0.408427	1.89322	1.14919	1.32335	0.300104	-0.756678	-0.0846928
9.378	-0.409697	1.89322	1.14831	1.32256	0.300106	-0.756678	-0.0846928
9.396	-0.410946	1.89322	1.14747	1.32168	0.300122	-0.756678	-0.0846928
9.414	-0.412298	1.89322	1.14673	1.32084	0.300169	-0.756677	-0.0846928
9.432	-0.41353	1.89316	1.14603	1.32007	0.300204	-0.756675	-0.0846928
9.45	-0.41353	1.89316	1.14603	1.32007	0.300204	-0.756675	-0.0846928
9.468	-0.414759	1.89313	1.14535	1.31929	0.300353	-0.756675	-0.0846928
9.486	-0.415987	1.8931	1.14467	1.31852	0.300627	-0.756675	-0.0846928
9.504	-0.417155	1.89304	1.14398	1.31775	0.300975	-0.756675	-0.0846928
9.522	-0.418319	1.89299	1.1432	1.31703	0.301349	-0.756673	-0.0846928
9.54	-0.419439	1.89296	1.14246	1.31631	0.301668	-0.756672	-0.0846911
9.558	-0.420484	1.8929	1.14177	1.31564	0.301869	-0.75667	-0.0846911
9.576	-0.421498	1.89288	1.14112	1.31498	0.302045	-0.756668	-0.0846911
9.594	-0.422422	1.89285	1.14043	1.31432	0.302147	-0.756667	-0.0846911
9.612	-0.423368	1.8928	1.13979	1.31371	0.302178	-0.756667	-0.0846911
9.63	-0.42422	1.89278	1.13911	1.31308	0.302194	-0.756665	-0.0846911
9.648	-0.425108	1.89276	1.13853	1.31251	0.3022	-0.756661	-0.0846893
9.666	-0.425108	1.89276	1.13853	1.31251	0.3022	-0.756661	-0.0846893
9.684	-0.425883	1.89271	1.13797	1.31196	0.302206	-0.756655	-0.0846893
9.702	-0.426657	1.89266	1.13748	1.31158	0.302217	-0.756643	-0.0846893
9.72	-0.427376	1.8926	1.13703	1.31127	0.302253	-0.756639	-0.0846893
9.738	-0.428053	1.89255	1.13667	1.31099	0.302366	-0.756639	-0.0846893
9.756	-0.428691	1.89242	1.13641	1.31078	0.302587	-0.756639	-0.0846893
9.774	-0.429309	1.89225	1.13622	1.31058	0.302875	-0.756639	-0.0846893
9.792	-0.429893	1.89207	1.13607	1.31042	0.3032	-0.756639	-0.0846893
9.81	-0.430455	1.8919	1.13595	1.31029	0.303634	-0.756639	-0.0846893
9.828	-0.431008	1.89176	1.13579	1.31016	0.304166	-0.756639	-0.0846893
9.846	-0.431523	1.89166	1.13556	1.31004	0.30472	-0.756639	-0.0846893
9.864	-0.431523	1.89166	1.13556	1.31004	0.30472	-0.756639	-0.0846893
9.882	-0.432019	1.8916	1.13533	1.30998	0.30516	-0.756636	-0.0846893
9.9	-0.432479	1.89153	1.1352	1.30991	0.30542	-0.756626	-0.0846876
9.918	-0.432912	1.89144	1.13516	1.3098	0.305604	-0.756622	-0.0846876
9.936	-0.433332	1.89133	1.13516	1.30968	0.305786	-0.756621	-0.0846876
9.954	-0.433727	1.89122	1.13516	1.30955	0.305959	-0.756609	-0.0846876
9.972	-0.434114	1.89114	1.13516	1.30944	0.306084	-0.756581	-0.0846876
9.99	-0.434483	1.89109	1.13515	1.30933	0.306119	-0.756532	-0.0846876
10.008	-0.43485	1.89103	1.13515	1.3092	0.306123	-0.756447	-0.0846876
10.026	-0.435181	1.89096	1.13515	1.3091	0.306127	-0.756297	-0.0846876
10.044	-0.435524	1.89091	1.13515	1.30898	0.306144	-0.756136	-0.0846859
10.062	-0.435886	1.89086	1.13515	1.30882	0.306219	-0.755946	-0.0846859
10.08	-0.435886	1.89086	1.13515	1.30882	0.306219	-0.755946	-0.0846859
10.098	-0.436259	1.8908	1.13515	1.30865	0.306393	-0.755707	-0.0846859
10.116	-0.436617	1.89072	1.13515	1.30847	0.306628	-0.755472	-0.0846842
10.134	-0.436995	1.89063	1.13515	1.30824	0.306935	-0.755269	-0.0846859
10.152	-0.437385	1.89054	1.13515	1.30798	0.307303	-0.754978	-0.0846842
10.17	-0.437816	1.89044	1.13515	1.3077	0.307718	-0.754548	-0.0846842
10.188	-0.438243	1.89028	1.13515	1.30741	0.308048	-0.753842	-0.0846842
10.206	-0.438722	1.89011	1.13515	1.30714	0.308424	-0.752779	-0.0846842
10.224	-0.439235	1.88985	1.13515	1.30682	0.308805	-0.751635	-0.0846842
10.242	-0.439795	1.88953	1.13515	1.30643	0.309273	-0.750451	-0.0846842
10.26	-0.440393	1.8892	1.13515	1.30608	0.309846	-0.748727	-0.0846842
10.278	-0.441055	1.88881	1.13515	1.30574	0.31032	-0.74681	-0.0846825
10.296	-0.441055	1.88881	1.13515	1.30574	0.31032	-0.74681	-0.0846825
10.314	-0.441772	1.88844	1.13515	1.30541	0.310764	-0.744727	-0.0846825
10.332	-0.44255	1.88802	1.13515	1.30502	0.31102	-0.742908	-0.0846825
10.35	-0.443299	1.88759	1.13515	1.30461	0.311112	-0.741492	-0.0846825
10.368	-0.444018	1.88717	1.13515	1.30429	0.311136	-0.740544	-0.0846825
10.386	-0.444734	1.88672	1.13515	1.30402	0.311142	-0.740405	-0.0846808
10.404	-0.445341	1.88627	1.13514	1.30373	0.311142	-0.740405	-0.0846808
10.422	-0.445885	1.8858	1.13515	1.30351	0.311142	-0.740403	-0.0846808
10.44	-0.446283	1.88535	1.13515	1.30325	0.311142	-0.740401	-0.0846808
10.458	-0.446538	1.88502	1.13515	1.30292	0.311142	-0.740403	-0.0846808
10.476	-0.446666	1.88479	1.13515	1.30272	0.311142	-0.740405	-0.0846808
10.494	-0.446676	1.88472	1.13515	1.30263	0.311144	-0.740405	-0.0846808
10.512	-0.446676	1.88472	1.13515	1.30263	0.311144	-0.740405	-0.0846808
10.53	-0.446676	1.88473	1.13515	1.30263	0.311146	-0.740406	-0.0846808
10.548	-0.446676	1.88473	1.13515	1.30263	0.311159	-0.740406	-0.0846808
10.566	-0.446677	1.88474	1.13515	1.30263	0.311181	-0.740406	-0.0846791
10.584	-0.446689	1.88474	1.13515	1.30263	0.311189	-0.740405	-0.0846808
10.602	-0.446689	1.88474	1.13515	1.30264	0.311191	-0.740405	-0.0846808
10.62	-0.446689	1.88474	1.13515	1.30264	0.311193	-0.740405	-0.0846791
10.638	-0.446727	1.88473	1.13515	1.30264	0.311197	-0.740405	-0.0846791
10.656	-0.446774	1.88472	1.13515	1.30264	0.311204	-0.740405	-0.0846791
10.674	-0.446843	1.88469	1.13515	1.30264	0.31121	-0.740405	-0.0846791
10.692	-0.44696	1.88464	1.13515	1.30264	0.311216	-0.740403	-0.0846791
10.71	-0.447123	1.88455	1.13515	1.30264	0.311222	-0.740401	-0.0846791
10.728	-0.447123	1.88455	1.13515	1.30264	0.311222	-0.740401	-0.0846791
10.746	-0.447332	1.88444	1.13515	1.30264	0.311228	-0.740394	-0.0846791
10.764	-0.447543	1.8843	1.13515	1.30264	0.311234	-0.740311	-0.0846791
10.782	-0.447762	1.8841	1.13515	1.30264	0.31124	-0.740072	-0.0846791
10.8	-0.447958	1.88389	1.13515	1.30263	0.311249	-0.739716	-0.0846791
10.818	-0.448166	1.88367	1.13515	1.30263	0.311273	-0.739396	-0.0846791
10.836	-0.448284	1.88348	1.13515	1.3026	0.31132	-0.739121	-0.0846774
10.854	-0.448298	1.88331	1.13515	1.3026	0.311361	-0.739039	-0.0846774
10.872	-0.448275	1.88327	1.13515	1.3026	0.311394	-0.739045	-0.0846774
10.89	-0.448242	1.8833	1.13515	1.30259	0.311394	-0.739056	-0.0846774
10.908	-0.448236	1.88336	1.13516	1.30257	0.311394	-0.739058	-0.0846774
10.926	-0.448232	1.88341	1.13516	1.30254	0.311392	-0.739062	-0.0846774
10.944	-0.448232	1.88341	1.13516	1.30254	0.311392	-0.739062	-0.0846774
10.962	-0.448219	1.88344	1.13516	1.30249	0.31139	-0.739065	-0.0846774
10.98	-0.448207	1.88348	1.13516	1.30247	0.311388	-0.739068	-0.0846774
10.998	-0.448191	1.88351	1.13516	1.30247	0.311388	-0.739072	-0.0846774
11.016	-0.448155	1.88352	1.13516	1.30247	0.311386	-0.739073	-0.0846757
11.034	-0.448091	1.88352	1.13516	1.30247	0.311386	-0.739075	-0.0846757
11.052	-0.44803	1.88352	1.13516	1.30246	0.311386	-0.73908	-0.0846757
11.07	-0.447953	1.88353	1.13516	1.30247	0.311386	-0.739087	-0.0846757
11.088	-0.447895	1.88357	1.13516	1.30247	0.311384	-0.739092	-0.0846757
11.106	-0.447851	1.88363	1.13516	1.30247	0.311384	-0.739097	-0.0846757
11.124	-0.447807	1.8837	1.13516	1.30247	0.311384	-0.739099	-0.0846757
11.142	-0.447737	1.88377	1.13516	1.30247	0.311384	-0.739106	-0.0846757
11.16	-0.447737	1.88377	1.13516	1.30247	0.311384	-0.739106	-0.0846757
11.178	-0.447644	1.88381	1.13516	1.30247	0.311384	-0.739113	-0.0846757
11.196	-0.447511	1.88387	1.13516	1.30247	0.311384	-0.739126	-0.084674
11.214	-0.44736	1.88394	1.13516	1.30247	0.311382	-0.73915	-0.084674
11.232	-0.447201	1.88401	1.13516	1.30247	0.311382	-0.739189	-0.084674
11.25	-0.447022	1.88404	1.13516	1.30248	0.311382	-0.739249	-0.084674
11.268	-0.446863	1.88406	1.13516	1.30248	0.311384	-0.739304	-0.084674
11.286	-0.446765	1.88413	1.13516	1.30248	0.311382	-0.739324	-0.0846723
11.304	-0.446718	1.88421	1.13516	1.30248	0.311382	-0.739338	-0.0846723
11.322	-0.446709	1.88431	1.13516	1.30248	0.311382	-0.739348	-0.0846723
11.34	-0.44671	1.88439	1.13516	1.30248	0.311382	-0.739353	-0.0846723
11.358	-0.44671	1.88439	1.13516	1.30248	0.311382	-0.739353	-0.0846723
11.376	-0.446713	1.88446	1.13516	1.30248	0.311382	-0.739355	-0.0846723
11.394	-0.446716	1.88449	1.13516	1.30248	0.311382	-0.739358	-0.0846723
11.412	-0.446716	1.88449	1.13516	1.30248	0.311382	-0.73936	-0.0846723
11.43	-0.446714	1.88449	1.13516	1.30248	0.311382	-0.73936	-0.0846723
11.448	-0.446713	1.88449	1.13516	1.30248	0.311382	-0.739362	-0.0846723
11.466	-0.446713	1.88449	1.13516	1.30248	0.311382	-0.739363	-0.0846723
11.484	-0.446712	1.88449	1.13516	1.30248	0.31138	-0.739365	-0.0846706
11.502	-0.44671	1.88449	1.13516	1.30248	0.311382	-0.739365	-0.0846706
11.52	-0.44671	1.88449	1.13516	1.30248	0.31138	-0.739367	-0.0846706
11.538	-0.44671	1.8845	1.13516	1.30248	0.31138	-0.739367	-0.0846689
11.556	-0.44671	1.8845	1.13516	1.30248	0.31138	-0.739368	-0.0846689
11.574	-0.44671	1.8845	1.13516	1.30248	0.31138	-0.739368	-0.0846689
11.592	-0.44671	1.8845	1.13516	1.30248	0.31138	-0.739368	-0.0846689
11.61	-0.44671	1.8845	1.13516	1.30248	0.31138	-0.739368	-0.0846689
11.628	-0.44671	1.8845	1.13516	1.30248	0.31138	-0.739368	-0.0846689
11.646	-0.44671	1.8845	1.13516	1.30248	0.31138	-0.73937	-0.0846689
11.664	-0.44671	1.8845	1.13516	1.30248	0.31138	-0.73937	-0.0846689
11.682	-0.44671	1.8845	1.13516	1.30248	0.31138	-0.73937	-0.0846689
11.7	-0.44671	1.88451	1.13516	1.30248	0.31138	-0.73937	-0.0846689
11.718	-0.446709	1.88451	1.13516	1.30248	0.31138	-0.73937	-0.0846672
11.736	-0.446709	1.88451	1.13516	1.30248	0.31138	-0.73937	-0.0846672
11.754	-0.446709	1.88451	1.13516	1.30248	0.31138	-0.73937	-0.0846672
11.772	-0.446708	1.88451	1.13516	1.30248	0.31138	-0.73937	-0.0846672
11.79	-0.446708	1.88451	1.13516	1.30248	0.31138	-0.73937	-0.0846672
11.808	-0.446708	1.88451	1.13516	1.30248	0.31138	-0.739372	-0.0846672
11.826	-0.446708	1.88452	1.13516	1.30248	0.31138	-0.739372	-0.0846672
11.844	-0.446707	1.88452	1.13516	1.30248	0.311378	-0.739372	-0.0846672
11.862	-0.446705	1.88452	1.13516	1.30248	0.311378	-0.739372	-0.0846672
11.88	-0.446705	1.88452	1.13516	1.30248	0.311378	-0.739372	-0.0846655
11.898	-0.446705	1.88452	1.13516	1.30248	0.311378	-0.739372	-0.0846655
11.916	-0.446705	1.88452	1.13516	1.30248	0.311378	-0.739372	-0.0846655
11.934	-0.446705	1.88452	1.13516	1.30248	0.311378	-0.739372	-0.0846655
11.952	-0.446705	1.88452	1.13516	1.30248	0.31138	-0.739372	-0.0846655
11.97	-0.446705	1.88452	1.13516	1.30248	0.311378	-0.739372	-0.0846655
11.988	-0.446705	1.88453	1.13516	1.30248	0.311378	-0.739373	-0.0846638
12.006	-0.446705	1.88453	1.13516	1.30248	0.311378	-0.739373	-0.0846638
12.024	-0.446705	1.88453	1.13516	1.30248	0.311378	-0.739373	-0.0846638
12.042	-0.446704	1.88453	1.13516	1.30248	0.311378	-0.739373	-0.0846638
12.06	-0.446704	1.88453	1.13516	1.30248	0.311378	-0.739373	-0.0846638
12.078	-0.446704	1.88453	1.13516	1.30248	0.311378	-0.739373	-0.0846638
12.096	-0.446704	1.88453	1.13516	1.30248	0.311378	-0.739373	-0.0846638
12.114	-0.446704	1.88453	1.13516	1.30248	0.311378	-0.739373	-0.0846638
12.132	-0.446703	1.88453	1.13516	1.30248	0.311378	-0.739373	-0.0846638
12.15	-0.446703	1.88453	1.13516	1.30248	0.311378	-0.739373	-0.0846638
12.168	-0.446703	1.88453	1.13516	1.30248	0.311378	-0.739373	-0.0846638
12.186	-0.446703	1.88453	1.13516	1.30248	0.311378	-0.739373	-0.0846621
12.204	-0.446703	1.88453	1.13516	1.30248	0.311378	-0.739373	-0.0846621
12.222	-0.446703	1.88453	1.13516	1.30248	0.311378	-0.739373	-0.0846621
12.24	-0.446702	1.88453	1.13516	1.30248	0.311378	-0.739373	-0.0846621
12.258	-0.446702	1.88453	1.13516	1.30248	0.311378	-0.739373	-0.0846621
12.276	-0.446702	1.88453	1.13516	1.30248	0.311378	-0.739373	-0.0846604
12.294	-0.4467	1.88453	1.13516	1.30248	0.311378	-0.739373	-0.0846604
12.312	-0.4467	1.88453	1.13516	1.30248	0.311378	-0.739373	-0.0846604
12.33	-0.4467	1.88453	1.13516	1.30248	0.311378	-0.739373	-0.0846604
12.348	-0.446699	1.88453	1.13516	1.30248	0.311378	-0.739373	-0.0846604
12.366	-0.446699	1.88453	1.13516	1.30248	0.311378	-0.739373	-0.0846604
12.384	-0.446699	1.88453	1.13516	1.30248	0.311378	-0.739373	-0.0846604
12.402	-0.4467	1.88453	1.13516	1.30248	0.311378	-0.739373	-0.0846604
12.42	-0.446699	1.88453	1.13516	1.30248	0.311378	-0.739373	-0.0846604
12.438	-0.446699	1.88453	1.13516	1.30248	0.311378	-0.739373	-0.0846604
12.456	-0.446699	1.88453	1.13516	1.30248	0.311378	-0.739373	-0.0846604
12.474	-0.446699	1.88453	1.13516	1.30248	0.311378	-0.739375	-0.0846604
12.492	-0.446699	1.88453	1.13516	1.30248	0.311378	-0.739375	-0.0846604
12.51	-0.446699	1.88453	1.13516	1.30248	0.311378	-0.739375	-0.0846604
12.528	-0.446699	1.88453	1.13516	1.30248	0.311378	-0.739375	-0.0846604
12.546	-0.446699	1.88453	1.13516	1.30248	0.311378	-0.739375	-0.0846587
12.564	-0.446699	1.88453	1.13516	1.30248	0.311378	-0.739375	-0.0846587
12.582	-0.446698	1.88454	1.13516	1.30248	0.311378	-0.739375	-0.0846587
12.6	-0.446698	1.88454	1.13516	1.30248	0.311378	-0.739375	-0.0846587
12.618	-0.446696	1.88454	1.13516	1.30248	0.311378	-0.739375	-0.084657
12.636	-0.446696	1.88454	1.13516	1.30248	0.311378	-0.739375	-0.084657
12.654	-0.446696	1.88454	1.13516	1.30248	0.311378	-0.739375	-0.084657
12.672	-0.446696	1.88454	1.13516	1.30248	0.311378	-0.739375	-0.084657
12.69	-0.446696	1.88454	1.13516	1.30248	0.311378	-0.739375	-0.084657
12.708	-0.446696	1.88454	1.13516	1.30248	0.311378	-0.739375	-0.084657
12.726	-0.446696	1.88454	1.13516	1.30248	0.311378	-0.739375	-0.084657
12.744	-0.446696	1.88454	1.13516	1.30248	0.311378	-0.739375	-0.084657
12.762	-0.446696	1.88454	1.13516	1.30248	0.311378	-0.739375	-0.084657
12.78	-0.446696	1.88454	1.13516	1.30248	0.311378	-0.739375	-0.084657
12.798	-0.446696	1.88454	1.13516	1.30248	0.311378	-0.739375	-0.084657
12.816	-0.446696	1.88454	1.13516	1.30248	0.311378	-0.739375	-0.084657
12.834	-0.446696	1.88454	1.13516	1.30248	0.311378	-0.739375	-0.084657
12.852	-0.446696	1.88454	1.13516	1.30248	0.311378	-0.739375	-0.084657
12.87	-0.446696	1.88454	1.13516	1.30248	0.311378	-0.739375	-0.084657
12.888	-0.446696	1.88454	1.13516	1.30248	0.311378	-0.739375	-0.0846553
12.906	-0.446695	1.88454	1.13516	1.30248	0.311378	-0.739375	-0.0846553
12.924	-0.446695	1.88454	1.13516	1.30248	0.311378	-0.739375	-0.0846553
12.942	-0.446694	1.88454	1.13516	1.30248	0.311378	-0.739375	-0.0846553
12.96	-0.446694	1.88454	1.13516	1.30248	0.311378	-0.739375	-0.0846553
12.978	-0.446694	1.88454	1.13516	1.30248	0.311378	-0.739375	-0.0846553
12.996	-0.446694	1.88454	1.13516	1.30248	0.311378	-0.739375	-0.0846553
13.014	-0.446694	1.88454	1.13516	1.30248	0.311378	-0.739375	-0.0846553
13.032	-0.446694	1.88454	1.13516	1.30248	0.311378	-0.739375	-0.0846553
13.05	-0.446694	1.88454	1.13516	1.30248	0.311378	-0.739375	-0.0846535
13.068	-0.446694	1.88454	1.13516	1.30248	0.311378	-0.739375	-0.0846535
13.086	-0.446694	1.88454	1.13516	1.30248	0.311378	-0.739375	-0.0846535
13.104	-0.446694	1.88454	1.13516	1.30248	0.311378	-0.739375	-0.0846535
13.122	-0.446694	1.88454	1.13516	1.30248	0.311378	-0.739375	-0.0846535
13.14	-0.446694	1.88454	1.13516	1.30248	0.311378	-0.739375	-0.0846535
13.158	-0.446694	1.88454	1.13516	1.30248	0.311378	-0.739375	-0.0846535
13.176	-0.446694	1.88454	1.13516	1.30248	0.311378	-0.739375	-0.0846535
13.194	-0.446694	1.88454	1.13516	1.30248	0.311378	-0.739377	-0.0846535
13.212	-0.446694	1.88454	1.13516	1.30248	0.311378	-0.739377	-0.0846535
13.23	-0.446693	1.88454	1.13516	1.30248	0.311378	-0.739377	-0.0846535
13.248	-0.446693	1.88454	1.13516	1.30248	0.311378	-0.739375	-0.0846519
13.266	-0.446693	1.88454	1.13516	1.30248	0.311378	-0.739375	-0.0846519
13.284	-0.446693	1.88454	1.13516	1.30248	0.311378	-0.739375	-0.0846519
13.302	-0.446693	1.88454	1.13516	1.30248	0.311378	-0.739375	-0.0846519
13.32	-0.446693	1.88454	1.13516	1.30248	0.311378	-0.739375	-0.0846519
13.338	-0.446693	1.88454	1.13516	1.30248	0.311378	-0.739377	-0.0846519
13.356	-0.446693	1.88454	1.13516	1.30248	0.311378	-0.739377	-0.0846519
13.374	-0.446693	1.88454	1.13516	1.30248	0.311378	-0.739377	-0.0846519
13.392	-0.446693	1.88454	1.13516	1.30248	0.311378	-0.739377	-0.0846519
13.41	-0.446693	1.88454	1.13516	1.30248	0.311378	-0.739377	-0.0846519
13.428	-0.446691	1.88454	1.13516	1.30248	0.311378	-0.739377	-0.0846519
