1.584	0.292464	1.87111	1.12763	1.51277	0.175275	-1.18378	-0.0846757
1.602	0.292464	1.87111	1.12763	1.51277	0.175275	-1.18378	-0.0846757
1.62	0.292464	1.87111	1.12763	1.51277	0.175275	-1.18378	-0.0846757
1.638	0.292464	1.87111	1.12763	1.51277	0.175277	-1.18378	-0.0846757
1.656	0.292464	1.87111	1.12763	1.51277	0.175275	-1.18378	-0.0846757
1.674	0.292464	1.87111	1.12763	1.51277	0.175275	-1.18378	-0.0846757
1.692	0.292464	1.87111	1.12762	1.51277	0.175275	-1.18378	-0.084674
1.71	0.292464	1.87111	1.12762	1.51277	0.175275	-1.18378	-0.084674
1.728	0.292464	1.87111	1.12762	1.51277	0.175275	-1.18378	-0.084674
1.746	0.292464	1.87111	1.12762	1.51277	0.175275	-1.18378	-0.0846723
1.764	0.292464	1.87111	1.12762	1.51277	0.175275	-1.18378	-0.0846723
1.782	0.292464	1.87111	1.12762	1.51277	0.175275	-1.18378	-0.0846723
1.8	0.292464	1.87111	1.12762	1.51277	0.175277	-1.18378	-0.0846723
1.818	0.292464	1.87111	1.12762	1.51277	0.175275	-1.18378	-0.0846723
1.836	0.292464	1.87111	1.12762	1.51277	0.175275	-1.18378	-0.0846706
1.854	0.292464	1.87111	1.12762	1.51277	0.175275	-1.18378	-0.0846706
1.872	0.292464	1.87111	1.12762	1.51277	0.175275	-1.18378	-0.0846706
1.89	0.292464	1.87111	1.12762	1.51277	0.175275	-1.18378	-0.0846706
1.908	0.292464	1.87111	1.12762	1.51277	0.175275	-1.18378	-0.0846706
1.926	0.292464	1.87111	1.12762	1.51277	0.175275	-1.18378	-0.0846706
1.944	0.292464	1.87111	1.12762	1.51277	0.175275	-1.18378	-0.0846706
1.962	0.292464	1.87111	1.12762	1.51277	0.175275	-1.18378	-0.0846706
1.98	0.292464	1.87111	1.12762	1.51277	0.175277	-1.18378	-0.0846689
1.998	0.292464	1.87111	1.12762	1.51277	0.175277	-1.18378	-0.0846689
2.016	0.292464	1.87111	1.12761	1.51277	0.175275	-1.18378	-0.0846689
2.034	0.292462	1.8711	1.12761	1.51277	0.175275	-1.18378	-0.0846689
2.052	0.292461	1.87107	1.12761	1.51277	0.175275	-1.18378	-0.0846689
2.07	0.292457	1.87104	1.12761	1.51277	0.175275	-1.18378	-0.0846689
2.088	0.292442	1.87099	1.1276	1.51277	0.175275	-1.18378	-0.0846672
2.106	0.292442	1.87099	1.1276	1.51277	0.175275	-1.18378	-0.0846672
2.124	0.292392	1.87092	1.12759	1.51277	0.175275	-1.18378	-0.0846672
2.142	0.292327	1.87081	1.12759	1.51277	0.175275	-1.18378	-0.0846672
2.16	0.292214	1.87066	1.12758	1.51277	0.175275	-1.18378	-0.0846672
2.178	0.292042	1.87044	1.12757	1.51277	0.175275	-1.18378	-0.0846672
2.196	0.291789	1.8701	1.12755	1.51277	0.175275	-1.18378	-0.0846672
2.214	0.291496	1.86971	1.12754	1.51277	0.175275	-1.18378	-0.0846655
2.232	0.2911	1.86921	1.12751	1.51279	0.175275	-1.18378	-0.0846655
2.25	0.290683	1.86867	1.12749	1.5128	0.175275	-1.18378	-0.0846655
2.268	0.290234	1.86804	1.12748	1.51285	0.175275	-1.18378	-0.0846655
2.286	0.289748	1.86744	1.12748	1.51293	0.175275	-1.18378	-0.0846655
2.304	0.289249	1.86676	1.12742	1.51303	0.175275	-1.18378	-0.0846655
2.322	0.289249	1.86676	1.12742	1.51303	0.175275	-1.18378	-0.0846655
2.34	0.288718	1.86602	1.12741	1.51319	0.175275	-1.18378	-0.0846655
2.358	0.288263	1.86524	1.12741	1.5134	0.175277	-1.18378	-0.0846655
2.376	0.287789	1.86444	1.12739	1.51372	0.175275	-1.18378	-0.0846655
2.394	0.287385	1.86362	1.12735	1.51411	0.175275	-1.18378	-0.0846655
2.412	0.287069	1.86287	1.12732	1.51462	0.175275	-1.18378	-0.0846655
2.43	0.286819	1.86209	1.12726	1.51525	0.175275	-1.18378	-0.0846655
2.448	0.286627	1.86127	1.12724	1.51589	0.175275	-1.18378	-0.0846638
2.466	0.286495	1.86047	1.12721	1.51657	0.175275	-1.18378	-0.0846638
2.484	0.286424	1.85964	1.12709	1.51733	0.175275	-1.18378	-0.0846638
2.502	0.286415	1.85887	1.12696	1.51812	0.175275	-1.18378	-0.0846638
2.52	0.286424	1.85809	1.12671	1.51896	0.175275	-1.18378	-0.0846638
2.538	0.286424	1.85809	1.12671	1.51896	0.175275	-1.18378	-0.0846638
2.556	0.286426	1.85729	1.12641	1.51981	0.175275	-1.18378	-0.0846638
2.574	0.286426	1.85646	1.12603	1.52064	0.175275	-1.18378	-0.0846638
2.592	0.286426	1.85563	1.1255	1.52145	0.175275	-1.18378	-0.0846638
2.61	0.286426	1.85479	1.12493	1.52228	0.175275	-1.18378	-0.0846638
2.628	0.286431	1.85398	1.12422	1.52317	0.175275	-1.18378	-0.0846638
2.646	0.286432	1.85319	1.12334	1.52417	0.175275	-1.18378	-0.0846638
2.664	0.286434	1.85241	1.12245	1.5252	0.175275	-1.18378	-0.0846638
2.682	0.286443	1.85163	1.12143	1.5263	0.175275	-1.18378	-0.0846638
2.7	0.286447	1.85091	1.12035	1.52751	0.175275	-1.18378	-0.0846638
2.718	0.28645	1.85016	1.11925	1.52873	0.175275	-1.18378	-0.0846638
2.736	0.286452	1.84937	1.11817	1.53006	0.175275	-1.18378	-0.0846638
2.754	0.286452	1.84937	1.11817	1.53006	0.175275	-1.18378	-0.0846638
2.772	0.286463	1.8486	1.11704	1.53147	0.175273	-1.18378	-0.0846621
2.79	0.286464	1.84787	1.11584	1.53292	0.175275	-1.18378	-0.0846621
2.808	0.286466	1.84713	1.11469	1.53446	0.175275	-1.18378	-0.0846621
2.826	0.286473	1.84641	1.11355	1.53603	0.175275	-1.18378	-0.0846621
2.844	0.286473	1.84569	1.11244	1.5376	0.175275	-1.18378	-0.0846621
2.862	0.286478	1.84496	1.11132	1.53926	0.175273	-1.18378	-0.0846621
2.88	0.286481	1.84423	1.11014	1.54084	0.175275	-1.18378	-0.0846621
2.898	0.286481	1.84357	1.10901	1.54246	0.175275	-1.18378	-0.0846621
2.916	0.286485	1.84294	1.10775	1.54413	0.175275	-1.18378	-0.0846604
2.934	0.286485	1.84231	1.10659	1.54573	0.175273	-1.18378	-0.0846604
2.952	0.286493	1.84161	1.10544	1.54739	0.175273	-1.18378	-0.0846604
2.97	0.286493	1.84161	1.10544	1.54739	0.175273	-1.18378	-0.0846604
2.988	0.286494	1.84101	1.10425	1.549	0.175273	-1.18378	-0.0846604
3.006	0.286495	1.8404	1.10311	1.55076	0.175273	-1.18378	-0.0846604
3.024	0.286501	1.83984	1.10192	1.55255	0.175273	-1.18378	-0.0846604
3.042	0.286501	1.83934	1.10079	1.55432	0.175273	-1.18377	-0.0846604
3.06	0.286507	1.83888	1.09961	1.55619	0.175273	-1.18378	-0.0846604
3.078	0.286505	1.83838	1.09845	1.55801	0.175273	-1.18377	-0.0846604
3.096	0.286508	1.83791	1.09734	1.55989	0.175273	-1.18377	-0.0846604
3.114	0.286508	1.83737	1.09615	1.56166	0.175273	-1.18377	-0.0846604
3.132	0.286509	1.83689	1.09514	1.56341	0.175273	-1.18377	-0.0846587
3.15	0.286512	1.8364	1.09396	1.56514	0.175273	-1.18377	-0.0846587
3.168	0.286513	1.83602	1.09283	1.56686	0.175273	-1.18377	-0.0846587
3.186	0.286513	1.83602	1.09283	1.56686	0.175273	-1.18377	-0.0846587
3.204	0.286514	1.83561	1.09164	1.56856	0.175273	-1.18377	-0.0846587
3.222	0.286516	1.83518	1.09045	1.57028	0.175273	-1.18377	-0.0846587
3.24	0.286517	1.83485	1.08932	1.57196	0.175273	-1.18377	-0.0846587
3.258	0.286517	1.83449	1.08807	1.5737	0.175275	-1.18377	-0.0846587
3.276	0.286519	1.83421	1.08696	1.57542	0.175273	-1.18377	-0.0846587
3.294	0.286521	1.83391	1.08575	1.57712	0.175273	-1.18376	-0.0846587
3.312	0.286523	1.83367	1.08454	1.5789	0.175273	-1.18376	-0.0846587
3.33	0.286528	1.83347	1.08337	1.58053	0.175273	-1.18376	-0.084657
3.348	0.28653	1.83322	1.08216	1.58225	0.175275	-1.18376	-0.084657
3.366	0.286531	1.83305	1.08099	1.58385	0.175273	-1.18376	-0.084657
3.384	0.286531	1.83285	1.07979	1.58548	0.175273	-1.18376	-0.084657
3.402	0.286531	1.83285	1.07979	1.58548	0.175273	-1.18376	-0.084657
3.42	0.286535	1.83269	1.07861	1.58713	0.175273	-1.18376	-0.084657
3.438	0.286533	1.83254	1.07736	1.58873	0.175273	-1.18376	-0.084657
3.456	0.286535	1.83237	1.07615	1.59049	0.175275	-1.18376	-0.084657
3.474	0.286536	1.83221	1.07496	1.59212	0.175273	-1.18376	-0.084657
3.492	0.286537	1.83202	1.07377	1.59384	0.175273	-1.18375	-0.084657
3.51	0.28654	1.83187	1.07254	1.59558	0.175275	-1.18375	-0.084657
3.528	0.28654	1.83165	1.07127	1.5973	0.175273	-1.18374	-0.084657
3.546	0.28654	1.8314	1.07008	1.59907	0.175273	-1.18374	-0.084657
3.564	0.28654	1.83115	1.06885	1.60075	0.175275	-1.18374	-0.084657
3.582	0.286541	1.83086	1.06776	1.60252	0.175275	-1.18371	-0.084657
3.6	0.286541	1.83086	1.06776	1.60252	0.175275	-1.18371	-0.084657
3.618	0.286544	1.83051	1.06663	1.60421	0.175273	-1.1837	-0.084657
3.636	0.286544	1.83015	1.06551	1.60595	0.175275	-1.18358	-0.084657
3.654	0.286546	1.8298	1.06433	1.60768	0.175275	-1.1834	-0.084657
3.672	0.286546	1.8294	1.06317	1.60947	0.175275	-1.18307	-0.084657
3.69	0.286549	1.82901	1.06202	1.6113	0.175273	-1.18264	-0.0846553
3.708	0.286549	1.82856	1.06076	1.61321	0.175273	-1.1819	-0.0846553
3.726	0.28655	1.82818	1.0596	1.61521	0.175273	-1.18039	-0.0846553
3.744	0.28655	1.8277	1.05829	1.61729	0.175275	-1.17865	-0.0846553
3.762	0.286551	1.8273	1.05711	1.61944	0.175275	-1.17632	-0.0846553
3.78	0.286553	1.82678	1.05586	1.6216	0.175275	-1.17374	-0.0846553
3.798	0.286553	1.82621	1.05473	1.62379	0.175273	-1.17091	-0.0846553
3.816	0.286553	1.82621	1.05473	1.62379	0.175273	-1.17091	-0.0846553
3.834	0.286553	1.82559	1.05358	1.62603	0.175275	-1.16801	-0.0846553
3.852	0.286553	1.82498	1.05246	1.62829	0.175273	-1.16514	-0.0846553
3.87	0.286554	1.82429	1.05138	1.63073	0.175275	-1.16216	-0.0846553
3.888	0.286554	1.82363	1.05031	1.63324	0.175273	-1.15901	-0.0846553
3.906	0.286554	1.8229	1.04921	1.6359	0.175273	-1.15558	-0.0846553
3.924	0.286555	1.82212	1.04821	1.63863	0.175273	-1.15212	-0.0846553
3.942	0.286555	1.82132	1.04729	1.64126	0.175273	-1.14876	-0.0846553
3.96	0.286555	1.82052	1.04637	1.64391	0.175273	-1.14545	-0.0846553
3.978	0.286556	1.81972	1.04543	1.64666	0.175273	-1.14215	-0.0846553
3.996	0.286556	1.81896	1.04453	1.64951	0.175273	-1.13877	-0.0846553
4.014	0.286558	1.81816	1.04371	1.65248	0.175273	-1.13511	-0.0846553
4.032	0.286558	1.81816	1.04371	1.65248	0.175273	-1.13511	-0.0846553
4.05	0.286558	1.8173	1.04294	1.65541	0.175273	-1.13141	-0.0846535
4.068	0.286559	1.8164	1.04216	1.65844	0.175273	-1.12773	-0.0846535
4.086	0.28656	1.81553	1.0414	1.66132	0.175273	-1.1241	-0.0846535
4.104	0.28656	1.81469	1.04067	1.66422	0.175273	-1.12036	-0.0846535
4.122	0.286563	1.81379	1.03999	1.66718	0.175273	-1.11642	-0.0846535
4.14	0.286563	1.8129	1.03932	1.67018	0.175273	-1.11242	-0.0846535
4.158	0.286563	1.812	1.03863	1.67323	0.175273	-1.10849	-0.0846535
4.176	0.286563	1.81109	1.03797	1.67622	0.175273	-1.10471	-0.0846535
4.194	0.286563	1.81013	1.03733	1.67922	0.175273	-1.10082	-0.0846535
4.212	0.286564	1.80917	1.03676	1.68223	0.175271	-1.09685	-0.0846535
4.23	0.286564	1.80823	1.03624	1.68518	0.175271	-1.09289	-0.0846535
4.248	0.286564	1.80823	1.03624	1.68518	0.175271	-1.09289	-0.0846535
4.266	0.286564	1.80725	1.03571	1.68816	0.175271	-1.08907	-0.0846535
4.284	0.286564	1.80627	1.0353	1.69123	0.175271	-1.08546	-0.0846535
4.302	0.286565	1.80527	1.03487	1.69432	0.175271	-1.08185	-0.0846535
4.32	0.286565	1.80435	1.03445	1.69741	0.175271	-1.07821	-0.0846535
4.338	0.286567	1.80345	1.034	1.70043	0.175271	-1.07467	-0.0846535
4.356	0.286567	1.80252	1.03355	1.70337	0.175271	-1.07133	-0.0846535
4.374	0.286568	1.80162	1.03315	1.70625	0.175271	-1.06825	-0.0846535
4.392	0.286568	1.80069	1.03272	1.70923	0.175271	-1.06528	-0.0846535
4.41	0.286569	1.79984	1.03238	1.71215	0.175271	-1.06241	-0.0846519
4.428	0.286571	1.79898	1.03193	1.71505	0.175271	-1.05945	-0.0846519
4.446	0.286571	1.79808	1.0315	1.71793	0.175271	-1.05641	-0.0846519
4.464	0.286571	1.79808	1.0315	1.71793	0.175271	-1.05641	-0.0846519
4.482	0.286571	1.79724	1.0311	1.7207	0.175271	-1.05336	-0.0846519
4.5	0.286571	1.79642	1.03066	1.72334	0.175271	-1.05044	-0.0846519
4.518	0.286572	1.79562	1.03019	1.72591	0.175271	-1.04769	-0.0846519
4.536	0.286572	1.79479	1.02961	1.7286	0.175271	-1.04487	-0.0846519
4.554	0.286572	1.79404	1.02903	1.73121	0.175268	-1.04178	-0.0846519
4.572	0.286572	1.79328	1.02843	1.73379	0.175268	-1.03842	-0.0846519
4.59	0.286572	1.79251	1.02781	1.73637	0.175268	-1.03494	-0.0846519
4.608	0.286573	1.79177	1.02717	1.73878	0.175268	-1.03149	-0.0846519
4.626	0.286573	1.79098	1.02645	1.74116	0.175268	-1.02802	-0.0846519
4.644	0.286573	1.79021	1.02576	1.74352	0.175266	-1.02443	-0.0846519
4.662	0.286573	1.78945	1.02506	1.74588	0.175266	-1.02062	-0.0846519
4.68	0.286573	1.78945	1.02506	1.74588	0.175266	-1.02062	-0.0846519
4.698	0.286573	1.78863	1.02433	1.74841	0.175266	-1.01661	-0.0846519
4.716	0.286573	1.78778	1.0236	1.7509	0.175264	-1.01259	-0.0846519
4.734	0.286573	1.78689	1.02292	1.75343	0.175264	-1.00861	-0.0846519
4.752	0.286573	1.78595	1.02223	1.75606	0.175264	-1.00456	-0.0846519
4.77	0.286573	1.78504	1.02154	1.75865	0.175264	-1.00036	-0.0846519
4.788	0.286573	1.78412	1.02087	1.7613	0.175264	-0.996049	-0.0846519
4.806	0.286573	1.78305	1.02025	1.76394	0.175264	-0.991821	-0.0846519
4.824	0.286572	1.78197	1.01975	1.76651	0.175262	-0.987854	-0.0846519
4.842	0.286572	1.78077	1.01923	1.76923	0.17526	-0.983885	-0.0846519
4.86	0.286572	1.77953	1.01878	1.77194	0.17526	-0.979842	-0.0846519
4.878	0.286572	1.77818	1.0184	1.77472	0.175258	-0.975847	-0.0846519
4.896	0.286572	1.77818	1.0184	1.77472	0.175258	-0.975847	-0.0846519
4.914	0.286572	1.77683	1.01803	1.77737	0.175258	-0.971973	-0.0846519
4.932	0.286572	1.77536	1.0176	1.78002	0.175258	-0.968311	-0.0846519
4.95	0.286572	1.7739	1.01725	1.78258	0.175254	-0.96472	-0.0846501
4.968	0.286572	1.77235	1.01691	1.78511	0.175254	-0.960988	-0.0846501
4.986	0.286572	1.7707	1.01667	1.78772	0.175252	-0.957246	-0.0846501
5.004	0.286572	1.76897	1.01649	1.79025	0.17525	-0.953671	-0.0846501
5.022	0.286572	1.76724	1.01636	1.79271	0.17525	-0.950323	-0.0846501
5.04	0.286573	1.76543	1.01628	1.79524	0.175248	-0.947022	-0.0846501
5.058	0.286572	1.76371	1.01628	1.79767	0.175248	-0.943655	-0.0846501
5.076	0.286573	1.76194	1.01628	1.80015	0.175246	-0.940074	-0.0846501
5.094	0.286573	1.76021	1.01629	1.80263	0.175244	-0.936492	-0.0846501
5.112	0.286573	1.76021	1.01629	1.80263	0.175244	-0.936492	-0.0846501
5.13	0.286573	1.7585	1.0163	1.80504	0.175244	-0.932975	-0.0846501
5.148	0.286573	1.75678	1.01629	1.80763	0.17524	-0.929633	-0.0846501
5.166	0.286573	1.75511	1.01629	1.8103	0.175238	-0.926282	-0.0846501
5.184	0.286573	1.7535	1.01628	1.81305	0.175228	-0.922713	-0.0846501
5.202	0.286573	1.75187	1.01623	1.81586	0.175209	-0.918887	-0.0846501
5.22	0.286573	1.75032	1.0162	1.81861	0.175164	-0.915084	-0.0846501
5.238	0.286573	1.74889	1.01615	1.82128	0.175019	-0.911326	-0.0846501
5.256	0.286573	1.74748	1.01608	1.82398	0.174823	-0.907428	-0.0846501
5.274	0.286573	1.74612	1.01603	1.82677	0.174612	-0.903272	-0.0846501
5.292	0.286573	1.74482	1.0159	1.82958	0.174336	-0.898812	-0.0846501
5.31	0.286573	1.74354	1.01575	1.83236	0.174029	-0.894232	-0.0846501
5.328	0.286573	1.74354	1.01575	1.83236	0.174029	-0.894232	-0.0846501
5.346	0.286572	1.74229	1.01568	1.83515	0.173712	-0.889637	-0.0846484
5.364	0.286569	1.74112	1.01558	1.83792	0.173409	-0.884931	-0.0846501
5.382	0.286567	1.73997	1.01546	1.84064	0.173244	-0.879918	-0.0846484
5.4	0.286562	1.73874	1.01532	1.84333	0.173088	-0.874727	-0.0846501
5.418	0.286535	1.73757	1.0152	1.84607	0.172914	-0.869694	-0.0846501
5.436	0.286518	1.73639	1.01511	1.84886	0.172775	-0.864638	-0.0846501
5.454	0.28651	1.73516	1.01497	1.85166	0.17272	-0.859537	-0.0846501
5.472	0.286491	1.73393	1.01484	1.85439	0.172698	-0.854674	-0.0846501
5.49	0.286476	1.73268	1.01472	1.85707	0.172655	-0.850284	-0.0846501
5.508	0.286466	1.73146	1.01465	1.85966	0.172597	-0.846043	-0.0846501
5.526	0.28645	1.73017	1.01453	1.86227	0.172544	-0.841881	-0.0846501
5.544	0.28645	1.73017	1.01453	1.86227	0.172544	-0.841881	-0.0846501
5.562	0.286421	1.72893	1.01439	1.86486	0.172462	-0.838083	-0.0846501
5.58	0.286381	1.72767	1.0142	1.86737	0.172295	-0.834629	-0.0846501
5.598	0.286328	1.72641	1.01393	1.86985	0.17209	-0.83152	-0.0846501
5.616	0.286266	1.72525	1.01367	1.87224	0.171793	-0.828685	-0.0846484
5.634	0.286191	1.72402	1.01337	1.87461	0.171309	-0.825723	-0.0846501
5.652	0.286126	1.72276	1.01319	1.8769	0.170652	-0.822851	-0.0846484
5.67	0.286096	1.72156	1.01303	1.87901	0.169742	-0.819948	-0.0846484
5.688	0.286011	1.72033	1.01286	1.88115	0.168681	-0.817168	-0.0846484
5.706	0.285971	1.7191	1.01276	1.88318	0.167398	-0.814561	-0.0846484
5.724	0.285864	1.71783	1.01258	1.88526	0.166126	-0.812076	-0.0846484
5.742	0.285772	1.71657	1.0124	1.88729	0.164811	-0.809475	-0.0846484
5.76	0.285772	1.71657	1.0124	1.88729	0.164811	-0.809475	-0.0846484
5.778	0.285663	1.71529	1.01224	1.88939	0.163201	-0.806538	-0.0846484
5.796	0.285541	1.71402	1.01205	1.89144	0.161444	-0.803468	-0.0846484
5.814	0.285396	1.71269	1.01187	1.89348	0.159657	-0.800182	-0.0846484
5.832	0.285253	1.71131	1.0116	1.89548	0.157914	-0.797	-0.0846484
5.85	0.285132	1.70992	1.01135	1.89745	0.156022	-0.793833	-0.0846484
5.868	0.284978	1.70838	1.01106	1.89942	0.153975	-0.790668	-0.0846484
5.886	0.28484	1.70683	1.01076	1.90136	0.152216	-0.787266	-0.0846484
5.904	0.284688	1.7052	1.01037	1.90332	0.150344	-0.783627	-0.0846484
5.922	0.284516	1.70348	1.00989	1.90531	0.148422	-0.779828	-0.0846484
5.94	0.28429	1.70173	1.00938	1.90723	0.146763	-0.776242	-0.0846484
5.958	0.28408	1.69981	1.00876	1.90911	0.145317	-0.772811	-0.0846484
5.976	0.28408	1.69981	1.00876	1.90911	0.145317	-0.772811	-0.0846484
5.994	0.283774	1.69775	1.00819	1.91097	0.143943	-0.769473	-0.0846484
6.012	0.283472	1.69553	1.00756	1.91278	0.142634	-0.765954	-0.0846484
6.03	0.28312	1.69324	1.00695	1.91445	0.141449	-0.762375	-0.0846484
6.048	0.282724	1.69075	1.00629	1.91605	0.140617	-0.758893	-0.0846484
6.066	0.282296	1.68819	1.00561	1.91749	0.13984	-0.755612	-0.0846467
6.084	0.281802	1.6856	1.00504	1.91875	0.138833	-0.752486	-0.0846467
6.102	0.281291	1.68286	1.00452	1.92003	0.137676	-0.749138	-0.0846484
6.12	0.280727	1.68007	1.00413	1.92129	0.13632	-0.745523	-0.0846484
6.138	0.280078	1.6771	1.00377	1.92254	0.134837	-0.741787	-0.0846484
6.156	0.279389	1.67407	1.00345	1.9237	0.133321	-0.737938	-0.0846484
6.174	0.278683	1.67088	1.00324	1.92482	0.131446	-0.733914	-0.0846484
6.192	0.278683	1.67088	1.00324	1.92482	0.131446	-0.733914	-0.0846484
6.21	0.277948	1.66767	1.00311	1.92592	0.1292	-0.729539	-0.0846484
6.228	0.277152	1.66442	1.00304	1.92703	0.126964	-0.724496	-0.0846467
6.246	0.276371	1.66116	1.00299	1.9283	0.124375	-0.718941	-0.0846467
6.264	0.275517	1.65773	1.00297	1.92956	0.121538	-0.712882	-0.0846467
6.282	0.274674	1.65423	1.0029	1.93097	0.118593	-0.70642	-0.0846467
6.3	0.273789	1.65064	1.00289	1.93241	0.11547	-0.699512	-0.0846467
6.318	0.272859	1.64702	1.00281	1.93366	0.112398	-0.692548	-0.0846467
6.336	0.271874	1.64332	1.00278	1.93503	0.109301	-0.685417	-0.0846467
6.354	0.270933	1.63957	1.00265	1.93637	0.106591	-0.678301	-0.0846467
6.372	0.269868	1.63562	1.00249	1.93764	0.10403	-0.671488	-0.0846467
6.39	0.268769	1.63167	1.00223	1.93881	0.101924	-0.664912	-0.0846467
6.408	0.268769	1.63167	1.00223	1.93881	0.101924	-0.664912	-0.0846467
6.426	0.267628	1.62775	1.00188	1.93998	0.099903	-0.658843	-0.0846467
6.444	0.266521	1.62388	1.00153	1.94097	0.0979313	-0.653334	-0.0846467
6.462	0.265327	1.6199	1.00121	1.94189	0.096158	-0.648313	-0.0846467
6.48	0.264104	1.61584	1.00087	1.94269	0.09417	-0.643718	-0.0846467
6.498	0.262936	1.61172	1.00054	1.94336	0.0917934	-0.639704	-0.0846467
6.516	0.261691	1.60769	1.00028	1.94398	0.0892735	-0.636259	-0.0846467
6.534	0.260481	1.60375	1.00004	1.94444	0.0864776	-0.633057	-0.0846467
6.552	0.259212	1.59981	0.999864	1.9449	0.0834526	-0.629956	-0.0846467
6.57	0.257916	1.59574	0.999553	1.94538	0.0802619	-0.626893	-0.0846467
6.588	0.256674	1.59181	0.999296	1.94571	0.0769281	-0.623911	-0.0846467
6.606	0.255321	1.58798	0.999005	1.94602	0.0735063	-0.620962	-0.0846467
6.624	0.255321	1.58798	0.999005	1.94602	0.0735063	-0.620962	-0.0846467
6.642	0.254002	1.58417	0.998743	1.94626	0.0700681	-0.617961	-0.0846467
6.66	0.252682	1.58037	0.998399	1.94643	0.0665236	-0.614755	-0.0846467
6.678	0.251306	1.57654	0.997951	1.94673	0.0629934	-0.611109	-0.0846467
6.696	0.249949	1.57277	0.997558	1.94699	0.0591953	-0.606959	-0.0846467
6.714	0.248575	1.5691	0.997152	1.94724	0.0553542	-0.602558	-0.0846467
6.732	0.247285	1.56554	0.99676	1.9475	0.0514047	-0.598029	-0.0846467
6.75	0.245989	1.56197	0.996265	1.94781	0.0475084	-0.593265	-0.0846467
6.768	0.244647	1.5584	0.995726	1.94807	0.0440027	-0.588188	-0.0846467
6.786	0.243298	1.55489	0.995145	1.94828	0.0406157	-0.583117	-0.0846467
6.804	0.241893	1.55145	0.994461	1.94841	0.0375927	-0.578273	-0.0846467
6.822	0.240519	1.5482	0.993787	1.94846	0.0346004	-0.57361	-0.0846467
6.84	0.240519	1.5482	0.993787	1.94846	0.0346004	-0.57361	-0.0846467
6.858	0.239153	1.54492	0.993072	1.9485	0.0319702	-0.569173	-0.0846467
6.876	0.237709	1.5417	0.992368	1.94852	0.0293236	-0.565123	-0.0846467
6.894	0.236239	1.53844	0.991634	1.94851	0.0268733	-0.561611	-0.0846467
6.912	0.234778	1.53531	0.990905	1.94851	0.0245253	-0.558616	-0.0846467
6.93	0.233235	1.53224	0.990175	1.9485	0.0222284	-0.555913	-0.0846467
6.948	0.231682	1.52932	0.989485	1.94848	0.0203487	-0.553474	-0.0846467
6.966	0.230139	1.52643	0.98886	1.94849	0.0185427	-0.551139	-0.0846467
6.984	0.228577	1.52367	0.988221	1.94848	0.0169106	-0.549007	-0.0846467
7.002	0.227015	1.52092	0.987647	1.94848	0.0154195	-0.546893	-0.0846467
7.02	0.22544	1.51833	0.987084	1.94848	0.0142926	-0.544923	-0.0846467
7.038	0.223915	1.51591	0.986499	1.94847	0.0131288	-0.542959	-0.0846467
7.056	0.223915	1.51591	0.986499	1.94847	0.0131288	-0.542959	-0.0846467
7.074	0.222362	1.51358	0.985939	1.94847	0.0120243	-0.54104	-0.0846467
7.092	0.220804	1.51139	0.985457	1.94847	0.0107481	-0.538923	-0.0846467
7.11	0.219312	1.5094	0.985152	1.94847	0.00945544	-0.536349	-0.0846467
7.128	0.217676	1.50741	0.984815	1.94846	0.00850642	-0.533518	-0.0846467
7.146	0.216101	1.50563	0.984527	1.94846	0.00758808	-0.530234	-0.0846467
7.164	0.214429	1.50388	0.984279	1.94847	0.00658996	-0.526849	-0.0846467
7.182	0.212727	1.50225	0.984082	1.94846	0.0056389	-0.52336	-0.0846467
7.2	0.210995	1.50064	0.983895	1.94848	0.00462034	-0.519876	-0.0846467
7.218	0.209154	1.49911	0.983717	1.94847	0.00358541	-0.516428	-0.0846467
7.236	0.207297	1.49771	0.983494	1.94847	0.00286342	-0.512926	-0.0846467
7.254	0.205284	1.49628	0.983288	1.94843	0.00239505	-0.509564	-0.0846467
7.272	0.205284	1.49628	0.983288	1.94843	0.00239505	-0.509564	-0.0846467
7.29	0.2033	1.49502	0.983009	1.94844	0.00208825	-0.506403	-0.0846467
7.308	0.201139	1.49383	0.982742	1.94844	0.00192053	-0.503645	-0.084645
7.326	0.198985	1.49269	0.982263	1.94843	0.00181827	-0.501255	-0.084645
7.344	0.196734	1.49173	0.98185	1.94839	0.00178758	-0.499248	-0.084645
7.362	0.194404	1.49079	0.981315	1.94839	0.00175282	-0.497182	-0.084645
7.38	0.191976	1.49001	0.980862	1.94831	0.00174259	-0.495285	-0.084645
7.398	0.189429	1.48925	0.980273	1.94828	0.00173645	-0.493136	-0.084645
7.416	0.18689	1.48861	0.979619	1.94819	0.0017344	-0.491111	-0.084645
7.434	0.184336	1.488	0.97896	1.9481	0.0017344	-0.488915	-0.0846467
7.452	0.181674	1.48756	0.978206	1.94792	0.0017344	-0.487003	-0.0846467
7.47	0.178995	1.48727	0.977468	1.94773	0.00172828	-0.485043	-0.0846467
7.488	0.178995	1.48727	0.977468	1.94773	0.00172828	-0.485043	-0.0846467
7.506	0.176289	1.48705	0.976649	1.94741	0.00172622	-0.483436	-0.084645
7.524	0.173433	1.48694	0.975798	1.94715	0.00172828	-0.481641	-0.084645
7.542	0.17057	1.4869	0.974883	1.94671	0.00172828	-0.479899	-0.084645
7.56	0.167606	1.48691	0.974056	1.94627	0.00173032	-0.477806	-0.084645
7.578	0.164692	1.48692	0.973171	1.94579	0.00173032	-0.475548	-0.084645
7.596	0.161726	1.48693	0.972315	1.94544	0.0017344	-0.472855	-0.084645
7.614	0.158819	1.48693	0.971486	1.94502	0.00173645	-0.470116	-0.084645
7.632	0.155877	1.48693	0.970594	1.9446	0.00173849	-0.467486	-0.084645
7.65	0.152855	1.48692	0.969812	1.94419	0.00173849	-0.464995	-0.084645
7.668	0.149831	1.48687	0.968874	1.94369	0.00174055	-0.462885	-0.084645
7.686	0.146793	1.48685	0.968023	1.94315	0.00174259	-0.460772	-0.084645
7.704	0.146793	1.48685	0.968023	1.94315	0.00174259	-0.460772	-0.084645
7.722	0.143807	1.48681	0.96704	1.94247	0.00174259	-0.458808	-0.084645
7.74	0.140761	1.48675	0.966101	1.94181	0.00174463	-0.456697	-0.084645
7.758	0.137764	1.48664	0.965081	1.94111	0.00174667	-0.454588	-0.084645
7.776	0.134778	1.48651	0.964076	1.94052	0.00174872	-0.452451	-0.084645
7.794	0.131852	1.48633	0.963019	1.93991	0.00175077	-0.450365	-0.084645
7.812	0.128911	1.48612	0.961996	1.93924	0.00175077	-0.448541	-0.084645
7.83	0.126006	1.48582	0.960885	1.93841	0.00175282	-0.447123	-0.084645
7.848	0.123173	1.48547	0.959721	1.93749	0.00175282	-0.445886	-0.084645
7.866	0.120392	1.48504	0.958537	1.93645	0.00175282	-0.445183	-0.084645
7.884	0.117691	1.48457	0.957317	1.93531	0.00175486	-0.444895	-0.084645
7.902	0.115028	1.48396	0.956131	1.93412	0.00175486	-0.444817	-0.084645
7.92	0.115028	1.48396	0.956131	1.93412	0.00175486	-0.444817	-0.084645
7.938	0.112531	1.48332	0.95491	1.93285	0.0017569	-0.444818	-0.084645
7.956	0.110069	1.48256	0.953734	1.93165	0.0017569	-0.444818	-0.084645
7.974	0.107745	1.48168	0.952512	1.93034	0.0017569	-0.444818	-0.084645
7.992	0.105505	1.48075	0.951398	1.92892	0.0017569	-0.444818	-0.084645
8.01	0.103356	1.47972	0.950343	1.92759	0.0017569	-0.444812	-0.084645
8.028	0.101401	1.47864	0.949302	1.92627	0.0017569	-0.444812	-0.084645
8.046	0.0994645	1.4774	0.948371	1.92502	0.0017569	-0.44481	-0.084645
8.064	0.0977542	1.47617	0.947477	1.9238	0.0017569	-0.444791	-0.084645
8.082	0.0960898	1.47481	0.946697	1.92262	0.0017569	-0.444776	-0.084645
8.1	0.0945673	1.47343	0.9461	1.92138	0.0017569	-0.444773	-0.084645
8.118	0.093234	1.4719	0.945609	1.92019	0.0017569	-0.444744	-0.084645
8.136	0.093234	1.4719	0.945609	1.92019	0.0017569	-0.444744	-0.084645
8.154	0.0920056	1.47033	0.945276	1.91906	0.0017569	-0.44468	-0.084645
8.172	0.0908947	1.46859	0.94507	1.91786	0.0017569	-0.444617	-0.084645
8.19	0.0900101	1.46692	0.945044	1.9167	0.0017569	-0.444568	-0.084645
8.208	0.0892904	1.46509	0.945049	1.91568	0.0017569	-0.444496	-0.084645
8.226	0.0886985	1.46328	0.94507	1.91463	0.0017569	-0.444471	-0.084645
8.244	0.0881195	1.46138	0.945067	1.91365	0.0017569	-0.444457	-0.084645
8.262	0.0876784	1.45949	0.945067	1.91266	0.0017569	-0.444421	-0.084645
8.28	0.087295	1.45751	0.945067	1.91174	0.0017569	-0.444355	-0.084645
8.298	0.0870725	1.45553	0.945067	1.91084	0.0017569	-0.444314	-0.084645
8.316	0.0869255	1.45352	0.945067	1.91	0.0017569	-0.444297	-0.084645
8.334	0.0868731	1.4516	0.945067	1.9092	0.0017569	-0.444265	-0.084645
8.352	0.0868731	1.4516	0.945067	1.9092	0.0017569	-0.444265	-0.084645
8.37	0.0868744	1.44966	0.945065	1.90854	0.00174667	-0.444118	-0.084645
8.388	0.0868782	1.44783	0.945064	1.90789	0.00171395	-0.443803	-0.084645
8.406	0.0868731	1.44599	0.945064	1.90727	0.00160965	-0.443102	-0.084645
8.424	0.0868501	1.44415	0.945074	1.90668	0.00129467	-0.442175	-0.084645
8.442	0.0868092	1.44239	0.945074	1.906	0.000834477	-0.441217	-0.084645
8.46	0.0867197	1.44065	0.945074	1.90531	0.000110427	-0.440109	-0.084645
8.478	0.0866469	1.439	0.945074	1.90472	-0.000705637	-0.438371	-0.084645
8.496	0.0865497	1.43727	0.945075	1.90417	-0.0017835	-0.43652	-0.084645
8.514	0.0864295	1.4356	0.945117	1.90355	-0.00298615	-0.43443	-0.084645
8.532	0.0861624	1.43389	0.94512	1.90281	-0.00391472	-0.432617	-0.084645
8.55	0.0858479	1.43228	0.945124	1.90196	-0.00485556	-0.43097	-0.084645
8.568	0.0858479	1.43228	0.945124	1.90196	-0.00485556	-0.43097	-0.084645
8.586	0.0854018	1.43061	0.945122	1.90109	-0.00589867	-0.429675	-0.084645
8.604	0.0849352	1.42893	0.945122	1.90012	-0.00683132	-0.429085	-0.084645
8.622	0.0844392	1.42729	0.945126	1.89909	-0.0076699	-0.429044	-0.084645
8.64	0.0838831	1.42565	0.945133	1.89815	-0.00841031	-0.429063	-0.084645
8.658	0.0832683	1.42407	0.945135	1.89723	-0.00895026	-0.429061	-0.084645
8.676	0.0825805	1.42245	0.945134	1.89639	-0.00917729	-0.429063	-0.084645
8.694	0.0819158	1.4209	0.945149	1.89556	-0.00919979	-0.429063	-0.084645
8.712	0.0810875	1.41938	0.945165	1.89472	-0.00919775	-0.429063	-0.084645
8.73	0.0802118	1.41793	0.945166	1.89382	-0.00919775	-0.429063	-0.084645
8.748	0.079285	1.41648	0.945177	1.89296	-0.00919775	-0.429061	-0.084645
8.766	0.0783685	1.41514	0.94518	1.89207	-0.00919775	-0.429061	-0.084645
8.784	0.0783685	1.41514	0.94518	1.89207	-0.00919775	-0.429061	-0.084645
8.802	0.0773497	1.41378	0.945236	1.89113	-0.00919775	-0.429061	-0.084645
8.82	0.0762682	1.41259	0.945338	1.89	-0.00919775	-0.429059	-0.084645
8.838	0.0750947	1.41142	0.94541	1.88888	-0.00919979	-0.429054	-0.084645
8.856	0.0739161	1.41029	0.945553	1.88769	-0.00919979	-0.429053	-0.084645
8.874	0.0725739	1.4092	0.945864	1.88637	-0.00920183	-0.429047	-0.084645
8.892	0.0711894	1.4082	0.94625	1.88505	-0.00920593	-0.429015	-0.084645
8.91	0.0698319	1.40729	0.946622	1.8838	-0.00920387	-0.428872	-0.084645
8.928	0.0683708	1.40649	0.946907	1.88263	-0.00920387	-0.428604	-0.0846433
8.946	0.0668764	1.40586	0.947018	1.88154	-0.00920183	-0.427955	-0.084645
8.964	0.0653143	1.4053	0.947065	1.88063	-0.00920183	-0.426801	-0.0846433
8.982	0.0637394	1.4049	0.94704	1.87972	-0.00920183	-0.425714	-0.084645
9	0.0637394	1.4049	0.94704	1.87972	-0.00920183	-0.425714	-0.084645
9.018	0.06213	1.4046	0.946991	1.87882	-0.00920387	-0.424812	-0.084645
9.036	0.0604644	1.40442	0.946954	1.87804	-0.00920183	-0.423535	-0.084645
9.054	0.058855	1.40431	0.946904	1.87737	-0.00920183	-0.421843	-0.084645
9.072	0.0572404	1.40423	0.946904	1.87683	-0.00920183	-0.420072	-0.084645
9.09	0.0557052	1.40423	0.946903	1.87634	-0.00920183	-0.417783	-0.084645
9.108	0.0541278	1.40422	0.946911	1.87581	-0.00920183	-0.415426	-0.084645
9.126	0.0524889	1.40423	0.946911	1.87525	-0.00919979	-0.412941	-0.0846433
9.144	0.0508629	1.40422	0.946907	1.87458	-0.00919979	-0.410594	-0.084645
9.162	0.0491781	1.40415	0.946908	1.87383	-0.00919979	-0.40884	-0.0846433
9.18	0.0475508	1.40415	0.946909	1.87304	-0.00919979	-0.407381	-0.0846433
9.198	0.0459184	1.40412	0.946911	1.87222	-0.00919775	-0.406464	-0.0846433
9.216	0.0459184	1.40412	0.946911	1.87222	-0.00919775	-0.406464	-0.0846433
9.234	0.0442579	1.4041	0.946924	1.87131	-0.00919775	-0.406181	-0.0846433
9.252	0.0426267	1.40408	0.94692	1.87039	-0.0091957	-0.406193	-0.0846433
9.27	0.0409458	1.40398	0.94692	1.86959	-0.0091957	-0.406193	-0.0846433
9.288	0.0393184	1.40387	0.946912	1.86887	-0.0091957	-0.406193	-0.0846433
9.306	0.0376566	1.40365	0.946925	1.86821	-0.00919366	-0.406193	-0.0846433
9.324	0.0360472	1.40347	0.946961	1.86752	-0.0091916	-0.406193	-0.0846433
9.342	0.034466	1.4032	0.946954	1.86693	-0.0091916	-0.406193	-0.0846433
9.36	0.0329192	1.40293	0.946952	1.86642	-0.00918956	-0.406193	-0.0846433
9.378	0.0314491	1.40263	0.946948	1.866	-0.00918956	-0.406191	-0.084645
9.396	0.0300174	1.40229	0.946949	1.86563	-0.00918752	-0.406193	-0.084645
9.414	0.0286828	1.40197	0.946966	1.86519	-0.00918548	-0.406191	-0.0846433
9.432	0.0286828	1.40197	0.946966	1.86519	-0.00918548	-0.406191	-0.0846433
9.45	0.0274173	1.40162	0.946978	1.86469	-0.00918548	-0.406191	-0.0846433
9.468	0.0261556	1.40124	0.947059	1.86416	-0.00918548	-0.406191	-0.0846433
9.486	0.0249962	1.40087	0.94716	1.86351	-0.00918343	-0.406191	-0.0846433
9.504	0.0238483	1.40048	0.947288	1.86285	-0.00918343	-0.406189	-0.0846433
9.522	0.0228384	1.40007	0.947356	1.8622	-0.00918343	-0.406157	-0.0846433
9.54	0.0218196	1.39961	0.947544	1.86154	-0.00918137	-0.405987	-0.0846433
9.558	0.020903	1.39912	0.947697	1.86089	-0.00918137	-0.405716	-0.0846433
9.576	0.019975	1.39851	0.947992	1.86023	-0.00918137	-0.405334	-0.0846433
9.594	0.0191377	1.39782	0.948252	1.85954	-0.00918137	-0.404863	-0.0846433
9.612	0.0182249	1.39706	0.948658	1.8589	-0.00918137	-0.404039	-0.0846433
9.63	0.0174081	1.39629	0.948994	1.85829	-0.00918137	-0.402878	-0.0846433
9.648	0.0174081	1.39629	0.948994	1.85829	-0.00918137	-0.402878	-0.0846433
9.666	0.0165401	1.39537	0.949396	1.85782	-0.00918137	-0.401678	-0.0846433
9.684	0.0157987	1.39438	0.949802	1.8574	-0.00918137	-0.400123	-0.0846433
9.702	0.0150777	1.39335	0.950378	1.85704	-0.00918137	-0.398	-0.0846433
9.72	0.0143376	1.39223	0.950936	1.85674	-0.00917933	-0.395549	-0.0846433
9.738	0.0135693	1.39112	0.951481	1.85643	-0.00918137	-0.392885	-0.0846433
9.756	0.012787	1.38987	0.952056	1.85612	-0.00917933	-0.390205	-0.0846433
9.774	0.0120302	1.38864	0.952694	1.85568	-0.00918137	-0.38793	-0.0846433
9.792	0.0112261	1.38738	0.953357	1.85522	-0.00918137	-0.386105	-0.0846433
9.81	0.0104425	1.38613	0.953991	1.85467	-0.00918137	-0.385125	-0.0846433
9.828	0.00975993	1.38502	0.954454	1.85413	-0.00918137	-0.384562	-0.0846433
9.846	0.00913994	1.38411	0.954707	1.85362	-0.00918137	-0.384364	-0.0846433
9.864	0.00913994	1.38411	0.954707	1.85362	-0.00918137	-0.384364	-0.0846433
9.882	0.00865034	1.38344	0.954721	1.85308	-0.00918137	-0.384361	-0.0846433
9.9	0.00834227	1.38298	0.954705	1.85259	-0.00918137	-0.384363	-0.0846433
9.918	0.0082464	1.38266	0.954703	1.85231	-0.00918137	-0.384363	-0.0846433
9.936	0.00825406	1.38249	0.954703	1.85226	-0.00918137	-0.384363	-0.0846433
9.954	0.00825536	1.38248	0.954702	1.85228	-0.00917933	-0.384364	-0.0846433
9.972	0.00825536	1.38249	0.954705	1.85228	-0.00917933	-0.384364	-0.0846433
9.99	0.00825536	1.38249	0.954705	1.85228	-0.00917933	-0.384364	-0.0846433
10.008	0.00825663	1.38249	0.954703	1.85228	-0.00917933	-0.384364	-0.0846433
10.026	0.00825663	1.38249	0.954703	1.85228	-0.00917933	-0.384364	-0.0846433
10.044	0.00825663	1.38249	0.954703	1.85228	-0.00917933	-0.384364	-0.0846433
10.062	0.00825663	1.38249	0.954702	1.85228	-0.00917933	-0.384364	-0.0846433
10.08	0.00825663	1.38249	0.954702	1.85228	-0.00917933	-0.384364	-0.0846433
10.098	0.00825663	1.38249	0.954703	1.85228	-0.00917933	-0.384364	-0.0846433
10.116	0.00825663	1.3825	0.954702	1.85228	-0.00917933	-0.384364	-0.0846433
10.134	0.00825663	1.3825	0.954702	1.85228	-0.00917729	-0.384364	-0.0846433
10.152	0.00825663	1.3825	0.954702	1.85229	-0.00917525	-0.384364	-0.0846433
10.17	0.00825663	1.3825	0.9547	1.85229	-0.00915684	-0.384364	-0.0846433
10.188	0.00825663	1.3825	0.95468	1.85229	-0.00911592	-0.384363	-0.0846433
10.206	0.00825663	1.3825	0.954674	1.85229	-0.00909138	-0.384363	-0.0846433
10.224	0.00825663	1.38251	0.954674	1.85229	-0.0090648	-0.384363	-0.0846433
10.242	0.00825663	1.38252	0.954673	1.85229	-0.00903208	-0.384364	-0.0846433
10.26	0.0082579	1.38253	0.95467	1.85229	-0.00898913	-0.384364	-0.0846433
10.278	0.00825918	1.38256	0.954669	1.85229	-0.00896049	-0.384364	-0.0846433
10.296	0.00825918	1.38256	0.954669	1.85229	-0.00896049	-0.384364	-0.0846433
10.314	0.00826047	1.3826	0.954665	1.85229	-0.0089523	-0.384364	-0.0846433
10.332	0.00826047	1.38269	0.954664	1.85229	-0.0089523	-0.384364	-0.0846433
10.35	0.00826174	1.38278	0.954654	1.8523	-0.00894822	-0.384364	-0.0846433
10.368	0.00826686	1.38288	0.954651	1.8523	-0.00893595	-0.384366	-0.0846416
10.386	0.00826686	1.38297	0.95465	1.8523	-0.00892368	-0.384366	-0.0846416
10.404	0.00826686	1.38303	0.95465	1.8523	-0.00892163	-0.384368	-0.0846416
10.422	0.00826686	1.38314	0.95465	1.8523	-0.00891958	-0.384369	-0.0846416
10.44	0.00826686	1.3833	0.954648	1.8523	-0.00891958	-0.384369	-0.0846416
10.458	0.00826686	1.38349	0.954648	1.8523	-0.00891958	-0.384371	-0.0846433
10.476	0.00826686	1.3837	0.954648	1.8523	-0.00891958	-0.384371	-0.0846416
10.494	0.00826686	1.38394	0.954648	1.85231	-0.00891958	-0.384371	-0.0846416
10.512	0.00826686	1.38394	0.954648	1.85231	-0.00891958	-0.384371	-0.0846416
10.53	0.00826686	1.38423	0.954648	1.85231	-0.00891958	-0.384373	-0.0846416
10.548	0.00826686	1.3846	0.954647	1.85231	-0.00891958	-0.384371	-0.0846416
10.566	0.00826686	1.38499	0.954634	1.85233	-0.00891958	-0.384371	-0.0846433
10.584	0.00826686	1.38541	0.954634	1.85233	-0.00891958	-0.384369	-0.0846433
10.602	0.00826686	1.38583	0.954634	1.85233	-0.00891958	-0.384369	-0.0846433
10.62	0.00826686	1.38624	0.954636	1.85233	-0.00891958	-0.384368	-0.0846433
10.638	0.00826686	1.38666	0.954634	1.85233	-0.00891753	-0.384368	-0.0846433
10.656	0.00826686	1.38704	0.954634	1.85233	-0.00891753	-0.384368	-0.0846416
10.674	0.00826686	1.38741	0.954634	1.85233	-0.00891753	-0.384366	-0.0846416
10.692	0.00826813	1.38779	0.954634	1.85233	-0.00891753	-0.384366	-0.0846416
10.71	0.00826813	1.38812	0.954636	1.85233	-0.00891753	-0.384366	-0.0846416
10.728	0.00826813	1.38812	0.954636	1.85233	-0.00891753	-0.384366	-0.0846416
10.746	0.00826813	1.38846	0.954636	1.85233	-0.00891549	-0.384364	-0.0846416
10.764	0.00826813	1.38874	0.954636	1.85233	-0.00891549	-0.384364	-0.0846416
10.782	0.00826813	1.38902	0.954636	1.85233	-0.00891345	-0.384364	-0.0846416
10.8	0.00826813	1.38927	0.954636	1.85233	-0.00891345	-0.384364	-0.0846416
10.818	0.00826813	1.38949	0.954636	1.85233	-0.00891141	-0.384363	-0.0846416
10.836	0.00826813	1.38968	0.954636	1.85233	-0.00891345	-0.384363	-0.0846416
10.854	0.00826813	1.38981	0.954636	1.85233	-0.00891345	-0.384363	-0.0846416
10.872	0.00826813	1.38991	0.954636	1.85233	-0.00891141	-0.384363	-0.0846416
10.89	0.00826813	1.38995	0.954636	1.85233	-0.00891141	-0.384363	-0.0846416
10.908	0.00826813	1.38996	0.954636	1.85233	-0.00891345	-0.384363	-0.0846416
10.926	0.00826813	1.38995	0.954636	1.85233	-0.00891141	-0.384363	-0.0846416
10.944	0.00826813	1.38995	0.954636	1.85233	-0.00891141	-0.384363	-0.0846416
10.962	0.00826813	1.38994	0.954636	1.85233	-0.00891141	-0.384363	-0.0846416
10.98	0.00826813	1.38994	0.954636	1.85233	-0.00891345	-0.384363	-0.0846416
10.998	0.00826813	1.38994	0.954636	1.85233	-0.00891141	-0.384363	-0.0846416
11.016	0.00826813	1.38994	0.954636	1.85233	-0.00891141	-0.384363	-0.0846416
11.034	0.00826813	1.38994	0.954636	1.85233	-0.00891141	-0.384363	-0.0846416
11.052	0.00826813	1.38994	0.954636	1.85233	-0.00890937	-0.384363	-0.0846416
11.07	0.00826813	1.38994	0.954636	1.85233	-0.00890731	-0.384361	-0.0846416
11.088	0.00826813	1.38994	0.954636	1.85233	-0.00890731	-0.384361	-0.0846416
11.106	0.00826813	1.38994	0.954636	1.85233	-0.00890526	-0.384361	-0.0846416
11.124	0.00826813	1.38994	0.954636	1.85233	-0.00890526	-0.384361	-0.0846416
11.142	0.00826813	1.38994	0.954636	1.85233	-0.00890322	-0.384361	-0.0846416
11.16	0.00826813	1.38994	0.954636	1.85233	-0.00890322	-0.384361	-0.0846416
11.178	0.00826813	1.38994	0.954636	1.85233	-0.00890322	-0.384361	-0.0846416
11.196	0.00826813	1.38994	0.954636	1.85233	-0.00890322	-0.384361	-0.0846416
11.214	0.00826813	1.38994	0.954636	1.85233	-0.00890322	-0.384361	-0.0846416
11.232	0.00826813	1.38994	0.954636	1.85233	-0.00890322	-0.384361	-0.0846416
11.25	0.00826813	1.38994	0.954636	1.85233	-0.00890322	-0.384361	-0.0846416
11.268	0.00826813	1.38994	0.954636	1.85233	-0.00890322	-0.384361	-0.0846416
11.286	0.00826813	1.38994	0.954636	1.85233	-0.00890322	-0.384361	-0.0846416
11.304	0.00826813	1.38994	0.954636	1.85233	-0.00890322	-0.384361	-0.0846416
11.322	0.00826813	1.38994	0.954636	1.85233	-0.00890322	-0.384361	-0.0846416
11.34	0.00826813	1.38994	0.954636	1.85233	-0.00890322	-0.384361	-0.0846416
11.358	0.00826813	1.38994	0.954636	1.85233	-0.00890322	-0.384361	-0.0846416
11.376	0.00826813	1.38994	0.954636	1.85233	-0.00890322	-0.384361	-0.0846416
11.394	0.00826813	1.38994	0.954636	1.85233	-0.00890322	-0.384361	-0.0846416
11.412	0.00826813	1.38994	0.954636	1.85233	-0.00890322	-0.384361	-0.0846416
11.43	0.00826813	1.38994	0.954636	1.85233	-0.00890322	-0.384361	-0.0846416
11.448	0.00826813	1.38994	0.954636	1.85233	-0.00890118	-0.384361	-0.0846416
11.466	0.0082694	1.38994	0.954636	1.85233	-0.00890118	-0.384361	-0.0846416
11.484	0.0082694	1.38994	0.954636	1.85233	-0.00890118	-0.384361	-0.0846416
11.502	0.0082694	1.38994	0.954636	1.85233	-0.00890118	-0.384361	-0.0846416
11.52	0.0082694	1.38994	0.954636	1.85233	-0.00890118	-0.384361	-0.0846416
11.538	0.0082694	1.38994	0.954636	1.85233	-0.00890118	-0.384361	-0.0846416
11.556	0.0082694	1.38994	0.954636	1.85233	-0.00890118	-0.384361	-0.0846416
11.574	0.0082694	1.38994	0.954636	1.85233	-0.00890118	-0.384361	-0.0846416
11.592	0.0082694	1.38994	0.954636	1.85233	-0.00890118	-0.384361	-0.0846416
11.61	0.0082694	1.38994	0.954636	1.85233	-0.00890118	-0.384361	-0.0846416
11.628	0.0082694	1.38994	0.954636	1.85233	-0.00890118	-0.384361	-0.0846416
11.646	0.0082694	1.38994	0.954636	1.85233	-0.00890118	-0.384361	-0.0846416
11.664	0.0082694	1.38994	0.954636	1.85233	-0.00890118	-0.384361	-0.0846416
11.682	0.0082694	1.38994	0.954636	1.85233	-0.00890118	-0.384361	-0.0846416
11.7	0.0082694	1.38994	0.954636	1.85233	-0.00890118	-0.384361	-0.0846416
11.718	0.0082694	1.38994	0.954636	1.85233	-0.00890118	-0.384361	-0.0846416
11.736	0.0082694	1.38994	0.954636	1.85233	-0.00890118	-0.384361	-0.0846416
11.754	0.0082694	1.38994	0.954636	1.85233	-0.00890118	-0.384361	-0.0846416
11.772	0.0082694	1.38994	0.954636	1.85233	-0.00890118	-0.384361	-0.0846416
11.79	0.0082694	1.38994	0.954636	1.85233	-0.00890118	-0.384361	-0.0846416
11.808	0.0082694	1.38994	0.954636	1.85233	-0.00890118	-0.384361	-0.0846416
11.826	0.0082694	1.38994	0.954636	1.85233	-0.00890118	-0.384361	-0.0846416
11.844	0.0082694	1.38994	0.954636	1.85233	-0.00890118	-0.384361	-0.0846416
11.862	0.0082694	1.38994	0.954636	1.85233	-0.00890118	-0.384361	-0.0846416
11.88	0.0082694	1.38994	0.954636	1.85233	-0.00890118	-0.384361	-0.0846416
11.898	0.0082694	1.38994	0.954636	1.85233	-0.00890118	-0.384361	-0.0846416
11.916	0.0082694	1.38994	0.954636	1.85233	-0.00890118	-0.384361	-0.0846416
11.934	0.0082694	1.38994	0.954636	1.85233	-0.00890118	-0.384361	-0.0846416
11.952	0.0082694	1.38994	0.954636	1.85233	-0.00890118	-0.384361	-0.0846416
11.97	0.0082694	1.38994	0.954636	1.85233	-0.00890118	-0.384361	-0.0846416
11.988	0.0082694	1.38994	0.954636	1.85233	-0.00890118	-0.384361	-0.0846399
12.006	0.0082694	1.38994	0.954636	1.85233	-0.00890118	-0.384361	-0.0846416
12.024	0.0082694	1.38994	0.954636	1.85233	-0.00890118	-0.384361	-0.0846416
12.042	0.0082694	1.38994	0.954636	1.85233	-0.00890118	-0.384361	-0.0846416
12.06	0.0082694	1.38994	0.954636	1.85233	-0.00890118	-0.384361	-0.0846416
12.078	0.0082694	1.38994	0.954636	1.85233	-0.00890118	-0.384361	-0.0846416
12.096	0.00827068	1.38994	0.954636	1.85233	-0.00890118	-0.384361	-0.0846416
12.114	0.00827068	1.38994	0.954636	1.85233	-0.00890118	-0.384361	-0.0846416
12.132	0.00827068	1.38994	0.954636	1.85233	-0.00890118	-0.384361	-0.0846416
12.15	0.00827068	1.38994	0.954636	1.85233	-0.00890118	-0.384361	-0.0846416
12.168	0.00827068	1.38994	0.954636	1.85233	-0.00890118	-0.384361	-0.0846416
12.186	0.00827068	1.38994	0.954636	1.85233	-0.00890118	-0.384361	-0.0846416
12.204	0.00827068	1.38995	0.954636	1.85233	-0.00890118	-0.384361	-0.0846416
12.222	0.00827068	1.38994	0.954636	1.85233	-0.00890118	-0.384361	-0.0846416
12.24	0.00827068	1.38994	0.954636	1.85233	-0.00890118	-0.384361	-0.0846416
12.258	0.00827068	1.38994	0.954636	1.85233	-0.00890118	-0.384361	-0.0846416
12.276	0.00827068	1.38994	0.954636	1.85233	-0.00890118	-0.384361	-0.0846416
12.294	0.00827068	1.38994	0.954636	1.85233	-0.00890118	-0.384361	-0.0846399
12.312	0.00827068	1.38994	0.954636	1.85233	-0.00890118	-0.384361	-0.0846399
12.33	0.00827068	1.38994	0.954636	1.85233	-0.00890118	-0.384361	-0.0846399
12.348	0.00827068	1.38995	0.954636	1.85233	-0.00890118	-0.384359	-0.0846399
12.366	0.00827068	1.38995	0.954636	1.85233	-0.00890118	-0.384361	-0.0846399
12.384	0.00827068	1.38994	0.954636	1.85233	-0.00889914	-0.384359	-0.0846399
12.402	0.00827068	1.38994	0.954636	1.85233	-0.00890118	-0.384359	-0.0846399
12.42	0.00827068	1.38994	0.954636	1.85233	-0.00889914	-0.384359	-0.0846416
12.438	0.00827068	1.38994	0.954636	1.85233	-0.00889914	-0.384359	-0.0846416
12.456	0.00827068	1.38994	0.954636	1.85233	-0.00889914	-0.384359	-0.0846416
12.474	0.00827068	1.38994	0.954636	1.85233	-0.00890118	-0.384359	-0.0846399
12.492	0.00827068	1.38994	0.954636	1.85233	-0.00890118	-0.384359	-0.0846399
12.51	0.00827068	1.38994	0.954636	1.85233	-0.00889914	-0.384359	-0.0846399
12.528	0.00827068	1.38994	0.954636	1.85233	-0.00889914	-0.384359	-0.0846399
12.546	0.00827068	1.38995	0.954636	1.85233	-0.00889914	-0.384359	-0.0846416
12.564	0.00827068	1.38995	0.954636	1.85233	-0.00889914	-0.384359	-0.0846399
12.582	0.00827068	1.38994	0.954636	1.85233	-0.00890118	-0.384359	-0.0846399
12.6	0.00827068	1.38994	0.954636	1.85233	-0.00890118	-0.384359	-0.0846416
12.618	0.00827068	1.38995	0.954636	1.85233	-0.00890118	-0.384359	-0.0846399
12.636	0.00827068	1.38995	0.954636	1.85233	-0.00890118	-0.384359	-0.0846399
12.654	0.00827068	1.38994	0.954636	1.85233	-0.00890118	-0.384359	-0.0846399
12.672	0.00827068	1.38994	0.954636	1.85233	-0.00890118	-0.384359	-0.0846399
12.69	0.00827068	1.38994	0.954636	1.85233	-0.00890118	-0.384359	-0.0846399
12.708	0.00827068	1.38995	0.954636	1.85233	-0.00889914	-0.384359	-0.0846399
12.726	0.00827068	1.38995	0.954636	1.85233	-0.00889914	-0.384359	-0.0846399
12.744	0.00827068	1.38994	0.954636	1.85233	-0.00889914	-0.384359	-0.0846399
12.762	0.00827068	1.38994	0.954636	1.85233	-0.00889914	-0.384359	-0.0846416
12.78	0.00827068	1.38995	0.954636	1.85233	-0.00889914	-0.384359	-0.0846416
12.798	0.00827068	1.38995	0.954636	1.85233	-0.00889914	-0.384359	-0.0846399
12.816	0.00827068	1.38994	0.954636	1.85233	-0.00889914	-0.384359	-0.0846399
12.834	0.00827068	1.38994	0.954636	1.85233	-0.00889914	-0.384359	-0.0846399
12.852	0.00827197	1.38995	0.954636	1.85233	-0.00889914	-0.384359	-0.0846399
12.87	0.00827197	1.38995	0.954636	1.85233	-0.00889914	-0.384359	-0.0846399
12.888	0.00827197	1.38995	0.954636	1.85233	-0.00889914	-0.384359	-0.0846399
12.906	0.00827197	1.38994	0.954636	1.85233	-0.00889914	-0.384359	-0.0846399
12.924	0.00827197	1.38994	0.954636	1.85233	-0.00889914	-0.384359	-0.0846399
12.942	0.00827197	1.38995	0.954636	1.85233	-0.00889914	-0.384359	-0.0846399
