1.584	0.291512	1.8699	1.12761	1.51334	0.175285	-1.18379	-0.0847081
1.602	0.291512	1.8699	1.12761	1.51334	0.175285	-1.18379	-0.0847081
1.62	0.291512	1.8699	1.1276	1.51334	0.175285	-1.18379	-0.0847081
1.638	0.291512	1.8699	1.1276	1.51334	0.175285	-1.18379	-0.0847064
1.656	0.291511	1.8699	1.1276	1.51334	0.175285	-1.18379	-0.0847064
1.674	0.29151	1.8699	1.1276	1.51334	0.175285	-1.18379	-0.0847064
1.692	0.291506	1.8699	1.1276	1.51334	0.175285	-1.18379	-0.0847047
1.71	0.291501	1.8699	1.1276	1.51334	0.175285	-1.18379	-0.0847047
1.728	0.2915	1.8699	1.1276	1.51334	0.175285	-1.18379	-0.0847047
1.746	0.2915	1.8699	1.1276	1.51334	0.175285	-1.18379	-0.0847047
1.764	0.291501	1.8699	1.12759	1.51334	0.175285	-1.18379	-0.0847047
1.782	0.291501	1.8699	1.12759	1.51334	0.175285	-1.18379	-0.084703
1.8	0.291495	1.8699	1.12759	1.51334	0.175285	-1.18379	-0.084703
1.818	0.29146	1.8699	1.12759	1.51334	0.175285	-1.18379	-0.084703
1.836	0.291429	1.8699	1.12759	1.51334	0.175285	-1.18379	-0.084703
1.854	0.291377	1.8699	1.12759	1.51334	0.175285	-1.18379	-0.0847013
1.872	0.291304	1.86989	1.12758	1.51334	0.175285	-1.18379	-0.0847013
1.89	0.291224	1.86989	1.12758	1.51334	0.175285	-1.18379	-0.0847013
1.908	0.291149	1.86989	1.12758	1.51334	0.175285	-1.18379	-0.0847013
1.926	0.291069	1.86989	1.12758	1.51334	0.175285	-1.18379	-0.0847013
1.944	0.291069	1.86989	1.12758	1.51334	0.175285	-1.18379	-0.0847013
1.962	0.290981	1.86989	1.12758	1.51334	0.175283	-1.18379	-0.0846996
1.98	0.290899	1.86989	1.12758	1.51334	0.175285	-1.18379	-0.0846996
1.998	0.290823	1.86989	1.12758	1.51334	0.175285	-1.18379	-0.0846996
2.016	0.29074	1.86989	1.12758	1.51334	0.175285	-1.18379	-0.0846996
2.034	0.290669	1.86989	1.12758	1.51334	0.175285	-1.18379	-0.0846979
2.052	0.29062	1.86989	1.12758	1.51334	0.175285	-1.18379	-0.0846979
2.07	0.290584	1.86989	1.12757	1.51334	0.175285	-1.18379	-0.0846979
2.088	0.290559	1.86989	1.12757	1.51334	0.175285	-1.18379	-0.0846979
2.106	0.290531	1.86989	1.12757	1.51334	0.175285	-1.18379	-0.0846979
2.124	0.2905	1.86989	1.12756	1.51334	0.175285	-1.18379	-0.0846962
2.142	0.290486	1.86989	1.12755	1.51334	0.175285	-1.18379	-0.0846962
2.16	0.290486	1.86989	1.12755	1.51334	0.175285	-1.18379	-0.0846962
2.178	0.290469	1.86987	1.12752	1.51334	0.175285	-1.18379	-0.0846962
2.196	0.290446	1.86985	1.1275	1.51334	0.175285	-1.18379	-0.0846962
2.214	0.290432	1.86982	1.12748	1.51334	0.175285	-1.18379	-0.0846962
2.232	0.290418	1.86978	1.12747	1.51334	0.175285	-1.18379	-0.0846962
2.25	0.290404	1.86972	1.12746	1.51334	0.175283	-1.18379	-0.0846962
2.268	0.29038	1.86963	1.12745	1.51334	0.175285	-1.18379	-0.0846945
2.286	0.290326	1.86951	1.12745	1.51334	0.175285	-1.18379	-0.0846945
2.304	0.290256	1.86935	1.12745	1.51334	0.175285	-1.18379	-0.0846945
2.322	0.290154	1.86915	1.12745	1.51334	0.175285	-1.18379	-0.0846945
2.34	0.290028	1.86893	1.12744	1.51334	0.175285	-1.18379	-0.0846928
2.358	0.289904	1.86867	1.12742	1.51334	0.175283	-1.18379	-0.0846928
2.376	0.289904	1.86867	1.12742	1.51334	0.175283	-1.18379	-0.0846928
2.394	0.289778	1.86835	1.1274	1.51335	0.175283	-1.18379	-0.0846928
2.412	0.289661	1.868	1.12738	1.51337	0.175283	-1.18379	-0.0846928
2.43	0.289546	1.86764	1.12736	1.51342	0.175285	-1.18379	-0.0846928
2.448	0.289444	1.86726	1.12732	1.51349	0.175283	-1.18379	-0.0846928
2.466	0.289352	1.86686	1.12727	1.51357	0.175283	-1.18379	-0.0846928
2.484	0.289264	1.86641	1.1272	1.51368	0.175283	-1.18379	-0.0846911
2.502	0.289167	1.86585	1.12713	1.51375	0.175283	-1.18379	-0.0846911
2.52	0.289056	1.86522	1.12709	1.51378	0.175283	-1.18379	-0.0846911
2.538	0.288934	1.86454	1.12698	1.5138	0.175283	-1.18379	-0.0846911
2.556	0.288804	1.86383	1.12686	1.51381	0.175283	-1.18379	-0.0846911
2.574	0.288663	1.8631	1.12669	1.51381	0.175283	-1.18379	-0.0846911
2.592	0.288663	1.8631	1.12669	1.51381	0.175283	-1.18379	-0.0846911
2.61	0.288505	1.86231	1.12644	1.51383	0.175283	-1.18379	-0.0846911
2.628	0.288308	1.86142	1.12619	1.51384	0.175283	-1.18379	-0.0846893
2.646	0.28809	1.8605	1.12591	1.51384	0.175283	-1.18379	-0.0846893
2.664	0.28784	1.85955	1.12554	1.51388	0.175283	-1.18379	-0.0846893
2.682	0.287556	1.85862	1.12516	1.51392	0.175283	-1.18379	-0.0846893
2.7	0.287274	1.8576	1.12468	1.51401	0.175283	-1.18379	-0.0846893
2.718	0.286971	1.85655	1.12417	1.51413	0.175283	-1.18379	-0.0846893
2.736	0.286628	1.85544	1.12352	1.51427	0.175283	-1.18379	-0.0846893
2.754	0.286239	1.85433	1.12287	1.51439	0.175281	-1.18379	-0.0846893
2.772	0.285824	1.85309	1.12215	1.51453	0.175281	-1.18379	-0.0846876
2.79	0.285357	1.85187	1.12136	1.51463	0.175281	-1.18379	-0.0846876
2.808	0.285357	1.85187	1.12136	1.51463	0.175281	-1.18379	-0.0846876
2.826	0.284875	1.85058	1.12048	1.51474	0.175279	-1.18379	-0.0846876
2.844	0.284369	1.84928	1.11962	1.51483	0.175279	-1.18379	-0.0846876
2.862	0.283854	1.84789	1.11873	1.51493	0.175279	-1.18379	-0.0846876
2.88	0.28332	1.84647	1.11784	1.51499	0.175279	-1.18379	-0.0846876
2.898	0.282779	1.845	1.11698	1.51502	0.175279	-1.18379	-0.0846876
2.916	0.282201	1.8435	1.1161	1.51503	0.175277	-1.18379	-0.0846876
2.934	0.281576	1.84196	1.11528	1.51503	0.175277	-1.18379	-0.0846876
2.952	0.281001	1.84043	1.1145	1.51504	0.175277	-1.18379	-0.0846859
2.97	0.280421	1.83884	1.1137	1.51509	0.175277	-1.18379	-0.0846859
2.988	0.27979	1.83722	1.11297	1.51509	0.175277	-1.18379	-0.0846859
3.006	0.27921	1.83559	1.11217	1.5151	0.175277	-1.18379	-0.0846859
3.024	0.27921	1.83559	1.11217	1.5151	0.175277	-1.18379	-0.0846859
3.042	0.278626	1.83395	1.11145	1.51513	0.175277	-1.18379	-0.0846859
3.06	0.278039	1.83218	1.11075	1.51516	0.175277	-1.18379	-0.0846842
3.078	0.277411	1.83038	1.11008	1.51516	0.175277	-1.18379	-0.0846842
3.096	0.276793	1.82858	1.10946	1.51517	0.175277	-1.18379	-0.0846842
3.114	0.276152	1.82675	1.10885	1.51518	0.175277	-1.18379	-0.0846842
3.132	0.275498	1.82499	1.1083	1.51518	0.175277	-1.18378	-0.0846842
3.15	0.274912	1.82323	1.10769	1.51522	0.175275	-1.18378	-0.0846842
3.168	0.274295	1.82145	1.10718	1.51523	0.175275	-1.18378	-0.0846842
3.186	0.273702	1.81967	1.10667	1.51523	0.175275	-1.18378	-0.0846842
3.204	0.273107	1.81796	1.1061	1.51523	0.175275	-1.18378	-0.0846825
3.222	0.272522	1.81625	1.1055	1.51524	0.175273	-1.18378	-0.0846825
3.24	0.272522	1.81625	1.1055	1.51524	0.175273	-1.18378	-0.0846825
3.258	0.271922	1.81453	1.10484	1.51524	0.175273	-1.18378	-0.0846825
3.276	0.271393	1.8129	1.10413	1.51525	0.175271	-1.18378	-0.0846825
3.294	0.270892	1.81133	1.10336	1.51525	0.175271	-1.18378	-0.0846825
3.312	0.270454	1.80977	1.10258	1.51525	0.175268	-1.18377	-0.0846825
3.33	0.270018	1.80825	1.10172	1.51525	0.175268	-1.18378	-0.0846825
3.348	0.269596	1.80677	1.1008	1.51525	0.175266	-1.18377	-0.0846825
3.366	0.269151	1.80534	1.09984	1.51525	0.175266	-1.18377	-0.0846808
3.384	0.268729	1.80396	1.09881	1.51526	0.175266	-1.18377	-0.0846808
3.402	0.26832	1.80253	1.09773	1.51526	0.175264	-1.18377	-0.0846808
3.42	0.267913	1.80119	1.09661	1.51526	0.175264	-1.18377	-0.0846808
3.438	0.26752	1.79989	1.09545	1.51527	0.175264	-1.18377	-0.0846808
3.456	0.26752	1.79989	1.09545	1.51527	0.175264	-1.18377	-0.0846808
3.474	0.267093	1.79856	1.09426	1.51528	0.175264	-1.18377	-0.0846808
3.492	0.266686	1.79721	1.09301	1.51528	0.175262	-1.18377	-0.0846808
3.51	0.266225	1.79588	1.09169	1.5153	0.175262	-1.18377	-0.0846808
3.528	0.265748	1.79457	1.09032	1.51531	0.175262	-1.18377	-0.0846791
3.546	0.265253	1.79326	1.08893	1.51533	0.17526	-1.18377	-0.0846791
3.564	0.264729	1.79199	1.08751	1.51538	0.17526	-1.18377	-0.0846791
3.582	0.264227	1.79072	1.08606	1.5154	0.17526	-1.18377	-0.0846791
3.6	0.2637	1.78946	1.08455	1.51546	0.175258	-1.18377	-0.0846791
3.618	0.263194	1.78826	1.08314	1.51555	0.175254	-1.18377	-0.0846791
3.636	0.262686	1.78695	1.08161	1.51569	0.175254	-1.18377	-0.0846791
3.654	0.262107	1.78578	1.08012	1.51571	0.175252	-1.18377	-0.0846791
3.672	0.262107	1.78578	1.08012	1.51571	0.175252	-1.18377	-0.0846791
3.69	0.261503	1.78452	1.07858	1.51575	0.175252	-1.18377	-0.0846774
3.708	0.260907	1.78331	1.07704	1.51583	0.17525	-1.18377	-0.0846774
3.726	0.260293	1.78212	1.07553	1.51589	0.17525	-1.18377	-0.0846774
3.744	0.259689	1.7809	1.07392	1.51592	0.17525	-1.18377	-0.0846774
3.762	0.259056	1.77978	1.07242	1.51593	0.17525	-1.18377	-0.0846774
3.78	0.258446	1.77855	1.07091	1.51595	0.175248	-1.18377	-0.0846774
3.798	0.257767	1.77738	1.06945	1.51595	0.175248	-1.18376	-0.0846757
3.816	0.257078	1.77623	1.06798	1.51595	0.175248	-1.18375	-0.0846757
3.834	0.256319	1.77503	1.06654	1.51596	0.175246	-1.18375	-0.0846757
3.852	0.255556	1.77387	1.06514	1.51595	0.175246	-1.18375	-0.0846757
3.87	0.254829	1.77281	1.06378	1.51596	0.175246	-1.18375	-0.0846757
3.888	0.254829	1.77281	1.06378	1.51596	0.175246	-1.18375	-0.0846757
3.906	0.254018	1.7716	1.06238	1.51597	0.175246	-1.18375	-0.0846757
3.924	0.253223	1.77052	1.06102	1.51597	0.175244	-1.18373	-0.0846757
3.942	0.252378	1.76936	1.0597	1.51599	0.175244	-1.18373	-0.084674
3.96	0.251554	1.76821	1.05831	1.51599	0.175244	-1.18372	-0.084674
3.978	0.250715	1.7671	1.05699	1.51599	0.175244	-1.18371	-0.084674
3.996	0.249862	1.76598	1.05574	1.51599	0.175242	-1.18371	-0.084674
4.014	0.249021	1.76486	1.05442	1.51599	0.175242	-1.1837	-0.084674
4.032	0.248151	1.76379	1.05309	1.516	0.175242	-1.18369	-0.084674
4.05	0.247354	1.76271	1.05183	1.516	0.175242	-1.18368	-0.084674
4.068	0.246557	1.76162	1.05061	1.516	0.175242	-1.18364	-0.0846723
4.086	0.245722	1.76061	1.04933	1.516	0.175242	-1.18358	-0.0846723
4.104	0.245722	1.76061	1.04933	1.516	0.175242	-1.18358	-0.0846723
4.122	0.244899	1.75964	1.0481	1.51601	0.17524	-1.18352	-0.0846723
4.14	0.244072	1.7586	1.0468	1.51601	0.17524	-1.18345	-0.0846723
4.158	0.243269	1.75768	1.04555	1.51605	0.17524	-1.1833	-0.0846723
4.176	0.242424	1.75673	1.04428	1.51609	0.17524	-1.18317	-0.0846723
4.194	0.241624	1.75584	1.04299	1.5161	0.17524	-1.18293	-0.0846706
4.212	0.240772	1.75494	1.04169	1.51612	0.17524	-1.18269	-0.0846706
4.23	0.239949	1.75407	1.04038	1.51612	0.175238	-1.18235	-0.0846706
4.248	0.23914	1.75321	1.03903	1.51619	0.175238	-1.18161	-0.0846706
4.266	0.238267	1.75233	1.03769	1.51629	0.175238	-1.18047	-0.0846706
4.284	0.237431	1.75145	1.03633	1.51632	0.175238	-1.17934	-0.0846706
4.302	0.236544	1.7505	1.03494	1.51641	0.175236	-1.1782	-0.0846706
4.32	0.236544	1.7505	1.03494	1.51641	0.175236	-1.1782	-0.0846706
4.338	0.235663	1.74963	1.03357	1.5165	0.175236	-1.17656	-0.0846706
4.356	0.234733	1.74869	1.03227	1.51665	0.175234	-1.17493	-0.0846689
4.374	0.233788	1.74767	1.031	1.51671	0.175234	-1.17342	-0.0846689
4.392	0.232788	1.74664	1.02973	1.51676	0.175234	-1.17185	-0.0846689
4.41	0.231747	1.74556	1.02851	1.5168	0.175234	-1.17077	-0.0846689
4.428	0.230688	1.74442	1.0273	1.51684	0.175234	-1.16971	-0.0846689
4.446	0.229569	1.74324	1.02611	1.51685	0.175232	-1.16874	-0.0846689
4.464	0.22848	1.74209	1.0249	1.51685	0.175232	-1.16824	-0.0846689
4.482	0.227395	1.74087	1.02367	1.51685	0.175232	-1.16802	-0.0846689
4.5	0.226267	1.73967	1.02249	1.51684	0.17523	-1.16793	-0.0846689
4.518	0.225215	1.73846	1.02118	1.51684	0.17523	-1.16792	-0.0846689
4.536	0.225215	1.73846	1.02118	1.51684	0.17523	-1.16792	-0.0846689
4.554	0.224117	1.7372	1.01988	1.51684	0.175223	-1.1679	-0.0846672
4.572	0.223066	1.73597	1.0185	1.51683	0.175219	-1.16787	-0.0846672
4.59	0.221975	1.73475	1.01711	1.51683	0.175215	-1.16776	-0.0846672
4.608	0.220897	1.73362	1.01568	1.51683	0.175195	-1.16752	-0.0846672
4.626	0.219874	1.73243	1.01419	1.51683	0.175176	-1.16714	-0.0846672
4.644	0.218825	1.73127	1.01275	1.51683	0.17516	-1.16656	-0.0846672
4.662	0.217847	1.73008	1.01117	1.51682	0.175146	-1.16552	-0.0846672
4.68	0.216781	1.72899	1.00965	1.51682	0.175142	-1.1641	-0.0846672
4.698	0.215779	1.72777	1.00815	1.51682	0.175113	-1.16265	-0.0846655
4.716	0.214776	1.72662	1.00674	1.51684	0.175111	-1.16064	-0.0846655
4.734	0.213731	1.72542	1.00519	1.51683	0.175105	-1.15852	-0.0846655
4.752	0.213731	1.72542	1.00519	1.51683	0.175105	-1.15852	-0.0846655
4.77	0.21269	1.72419	1.00372	1.51685	0.175086	-1.15601	-0.0846655
4.788	0.21168	1.72289	1.0023	1.51685	0.175086	-1.15356	-0.0846655
4.806	0.210603	1.72155	1.00092	1.51686	0.175084	-1.15123	-0.0846655
4.824	0.209538	1.72019	0.999498	1.51685	0.17508	-1.14902	-0.0846655
4.842	0.208444	1.7187	0.998107	1.51684	0.17508	-1.14723	-0.0846655
4.86	0.207356	1.71713	0.996803	1.51685	0.175074	-1.1456	-0.0846655
4.878	0.206242	1.71544	0.995497	1.51683	0.175074	-1.14415	-0.0846655
4.896	0.205128	1.71381	0.994179	1.51682	0.175072	-1.14297	-0.0846655
4.914	0.204035	1.712	0.992926	1.51683	0.175052	-1.14152	-0.0846638
4.932	0.202877	1.71013	0.991754	1.51683	0.175052	-1.14003	-0.0846638
4.95	0.201809	1.70826	0.990489	1.51682	0.175043	-1.1385	-0.0846638
4.968	0.201809	1.70826	0.990489	1.51682	0.175043	-1.1385	-0.0846638
4.986	0.20067	1.70642	0.989379	1.51683	0.175031	-1.13662	-0.0846638
5.004	0.199642	1.70447	0.98814	1.51683	0.174978	-1.1348	-0.0846638
5.022	0.198515	1.70257	0.987036	1.51682	0.174951	-1.13287	-0.0846638
5.04	0.197463	1.70064	0.985783	1.51681	0.174931	-1.13119	-0.0846638
5.058	0.19631	1.69864	0.984654	1.51682	0.174839	-1.12948	-0.0846638
5.076	0.195181	1.6965	0.983425	1.51681	0.174722	-1.12806	-0.0846638
5.094	0.194022	1.69445	0.982173	1.51681	0.174573	-1.12666	-0.0846638
5.112	0.192834	1.69231	0.98091	1.51681	0.174358	-1.12514	-0.0846638
5.13	0.191714	1.69015	0.979615	1.51681	0.174011	-1.12382	-0.0846638
5.148	0.190525	1.68801	0.978351	1.51681	0.173483	-1.12233	-0.0846638
5.166	0.189347	1.68592	0.977119	1.5168	0.172918	-1.12056	-0.0846638
5.184	0.189347	1.68592	0.977119	1.5168	0.172918	-1.12056	-0.0846638
5.202	0.188212	1.68376	0.975891	1.5168	0.172293	-1.11873	-0.0846638
5.22	0.186987	1.68166	0.974709	1.5168	0.17164	-1.1166	-0.0846638
5.238	0.185785	1.6795	0.97352	1.51679	0.170775	-1.11441	-0.0846621
5.256	0.184576	1.67728	0.972375	1.51678	0.169679	-1.11211	-0.0846621
5.274	0.183286	1.67506	0.971316	1.51678	0.168478	-1.10981	-0.0846621
5.292	0.182018	1.6728	0.970189	1.51676	0.167093	-1.10772	-0.0846621
5.31	0.180698	1.67058	0.969189	1.51676	0.165793	-1.10545	-0.0846621
5.328	0.179431	1.66831	0.968163	1.51675	0.164392	-1.10305	-0.0846621
5.346	0.178206	1.66617	0.967235	1.51675	0.162806	-1.10024	-0.0846621
5.364	0.17691	1.66398	0.966286	1.51674	0.161146	-1.09717	-0.0846621
5.382	0.175624	1.6618	0.965435	1.51671	0.159524	-1.09404	-0.0846621
5.4	0.175624	1.6618	0.965435	1.51671	0.159524	-1.09404	-0.0846621
5.418	0.174336	1.65951	0.96458	1.51662	0.15809	-1.09104	-0.0846621
5.436	0.173036	1.65725	0.963772	1.51661	0.15655	-1.0882	-0.0846604
5.454	0.171793	1.65494	0.962968	1.51661	0.154952	-1.08542	-0.0846621
5.472	0.17048	1.65258	0.962235	1.5166	0.153482	-1.0827	-0.0846604
5.49	0.169262	1.65019	0.961517	1.5166	0.152103	-1.07995	-0.0846604
5.508	0.168154	1.64783	0.960902	1.51658	0.150584	-1.07717	-0.0846604
5.526	0.167022	1.64541	0.960286	1.51657	0.149193	-1.07461	-0.0846604
5.544	0.165911	1.64303	0.959734	1.51655	0.147892	-1.07237	-0.0846604
5.562	0.164895	1.64059	0.959135	1.51655	0.146982	-1.07032	-0.0846604
5.58	0.16381	1.63802	0.958536	1.51655	0.146366	-1.06878	-0.0846604
5.598	0.162797	1.63543	0.957934	1.51654	0.145863	-1.0673	-0.0846604
5.616	0.162797	1.63543	0.957934	1.51654	0.145863	-1.0673	-0.0846604
5.634	0.161768	1.63274	0.957401	1.51654	0.145474	-1.06577	-0.0846604
5.652	0.160862	1.63004	0.956848	1.5165	0.145153	-1.06429	-0.0846604
5.67	0.15998	1.62743	0.956447	1.5165	0.144746	-1.0623	-0.0846604
5.688	0.159171	1.6248	0.956008	1.51645	0.144229	-1.06007	-0.0846604
5.706	0.158382	1.62226	0.955704	1.51645	0.143525	-1.05735	-0.0846604
5.724	0.157604	1.61961	0.955423	1.51645	0.142433	-1.05442	-0.0846604
5.742	0.156858	1.61696	0.955158	1.5164	0.141108	-1.05129	-0.0846604
5.76	0.156071	1.61439	0.954914	1.51635	0.139729	-1.04814	-0.0846604
5.778	0.155277	1.61182	0.954693	1.51629	0.137995	-1.04481	-0.0846604
5.796	0.154531	1.60926	0.954528	1.51627	0.13581	-1.04122	-0.0846604
5.814	0.153834	1.60678	0.954409	1.51628	0.13354	-1.03733	-0.0846604
5.832	0.153834	1.60678	0.954409	1.51628	0.13354	-1.03733	-0.0846604
5.85	0.153144	1.60424	0.954308	1.51629	0.131055	-1.03346	-0.0846604
5.868	0.152469	1.60173	0.954247	1.51629	0.128329	-1.02976	-0.0846604
5.886	0.151752	1.59915	0.954089	1.51629	0.125584	-1.02622	-0.0846604
5.904	0.151006	1.59651	0.953941	1.5163	0.122528	-1.02268	-0.0846604
5.922	0.150249	1.5938	0.953761	1.51631	0.11946	-1.01915	-0.0846604
5.94	0.149517	1.59103	0.953584	1.51627	0.116249	-1.01584	-0.0846587
5.958	0.148799	1.58826	0.953411	1.51623	0.113271	-1.01289	-0.0846604
5.976	0.14811	1.58542	0.953213	1.5162	0.110424	-1.01024	-0.0846587
5.994	0.147441	1.58256	0.952975	1.51617	0.108178	-1.00788	-0.0846587
6.012	0.146758	1.5795	0.952723	1.51617	0.106387	-1.0057	-0.0846587
6.03	0.146067	1.57637	0.952462	1.51614	0.1049	-1.00335	-0.0846587
6.048	0.146067	1.57637	0.952462	1.51614	0.1049	-1.00335	-0.0846587
6.066	0.145397	1.5731	0.9522	1.51601	0.10375	-1.0009	-0.0846587
6.084	0.144725	1.5698	0.952	1.51585	0.103145	-0.998226	-0.0846587
6.102	0.144036	1.56646	0.95186	1.51552	0.102848	-0.995569	-0.0846587
6.12	0.143343	1.56308	0.951766	1.51509	0.102562	-0.992975	-0.0846587
6.138	0.142641	1.55958	0.951758	1.51459	0.102231	-0.990365	-0.0846587
6.156	0.141887	1.556	0.951754	1.514	0.101822	-0.987652	-0.0846587
6.174	0.141147	1.55241	0.951754	1.51337	0.101347	-0.984701	-0.0846587
6.192	0.140396	1.5489	0.951754	1.51277	0.100707	-0.98142	-0.0846587
6.21	0.139574	1.54541	0.95175	1.51213	0.0998703	-0.977849	-0.0846587
6.228	0.138733	1.54192	0.95175	1.51154	0.0986145	-0.974168	-0.0846587
6.246	0.137759	1.53837	0.951735	1.51098	0.0971234	-0.970609	-0.0846587
6.264	0.137759	1.53837	0.951735	1.51098	0.0971234	-0.970609	-0.0846587
6.282	0.136793	1.53485	0.95171	1.51042	0.0953195	-0.9671	-0.0846587
6.3	0.135774	1.53133	0.951708	1.5099	0.0929101	-0.963543	-0.0846587
6.318	0.134816	1.52799	0.951693	1.50935	0.0898585	-0.959827	-0.0846587
6.336	0.13379	1.52452	0.951671	1.50887	0.0864162	-0.956093	-0.0846587
6.354	0.13277	1.52107	0.951657	1.50836	0.0825486	-0.952508	-0.0846587
6.372	0.131628	1.5175	0.951605	1.50786	0.0783168	-0.949099	-0.0846587
6.39	0.130528	1.51395	0.951458	1.50734	0.0741096	-0.945782	-0.0846587
6.408	0.12947	1.51039	0.951244	1.50685	0.0700252	-0.94252	-0.0846587
6.426	0.128416	1.50689	0.950921	1.50632	0.0661248	-0.93934	-0.084657
6.444	0.127293	1.5033	0.95061	1.50564	0.0624269	-0.936492	-0.084657
6.462	0.126169	1.49956	0.950376	1.50488	0.0586512	-0.934093	-0.084657
6.48	0.126169	1.49956	0.950376	1.50488	0.0586512	-0.934093	-0.084657
6.498	0.125157	1.49573	0.950067	1.50409	0.0550392	-0.932111	-0.084657
6.516	0.124111	1.49182	0.949857	1.50317	0.0517237	-0.930744	-0.084657
6.534	0.123125	1.48793	0.949669	1.50211	0.0487151	-0.929337	-0.084657
6.552	0.122114	1.48396	0.949585	1.50091	0.0461094	-0.928178	-0.084657
6.57	0.121229	1.47982	0.949421	1.4997	0.0439536	-0.92723	-0.084657
6.588	0.120301	1.47564	0.949401	1.49837	0.0421088	-0.926027	-0.084657
6.606	0.119459	1.4715	0.949394	1.49689	0.0405686	-0.924607	-0.084657
6.624	0.118665	1.46743	0.94941	1.49532	0.0396073	-0.923236	-0.084657
6.642	0.117912	1.46332	0.94941	1.49374	0.0387626	-0.92154	-0.084657
6.66	0.1171	1.45907	0.94942	1.49211	0.0380181	-0.91985	-0.084657
6.678	0.116236	1.45503	0.949424	1.49028	0.0372818	-0.918265	-0.084657
6.696	0.116236	1.45503	0.949424	1.49028	0.0372818	-0.918265	-0.084657
6.714	0.115359	1.45102	0.949424	1.48835	0.0363062	-0.916722	-0.084657
6.732	0.114528	1.44716	0.949448	1.48631	0.0350218	-0.91567	-0.084657
6.75	0.113627	1.44334	0.949448	1.48419	0.0335696	-0.914883	-0.084657
6.768	0.112675	1.43949	0.949451	1.48206	0.0317268	-0.913959	-0.084657
6.786	0.111651	1.43582	0.949451	1.47977	0.0292929	-0.913322	-0.084657
6.804	0.110657	1.43223	0.949449	1.47734	0.0264029	-0.913047	-0.084657
6.822	0.109701	1.42872	0.949452	1.47487	0.023114	-0.912965	-0.084657
6.84	0.10864	1.42528	0.949449	1.47241	0.019684	-0.912967	-0.084657
6.858	0.107567	1.42185	0.949449	1.4699	0.01598	-0.912967	-0.084657
6.876	0.106438	1.41836	0.949449	1.46746	0.0123843	-0.912967	-0.084657
6.894	0.105441	1.41495	0.949451	1.46498	0.00877845	-0.912964	-0.084657
6.912	0.105441	1.41495	0.949451	1.46498	0.00877845	-0.912964	-0.084657
6.93	0.104375	1.41159	0.949451	1.46241	0.00553254	-0.912965	-0.084657
6.948	0.103284	1.40826	0.949452	1.45973	0.00237459	-0.912955	-0.084657
6.966	0.102139	1.40499	0.949451	1.45691	-0.000429508	-0.912957	-0.084657
6.984	0.10095	1.40157	0.949452	1.45413	-0.00329703	-0.912955	-0.084657
7.002	0.0997176	1.39821	0.949449	1.4512	-0.00575959	-0.912952	-0.0846553
7.02	0.0984214	1.39482	0.949453	1.44832	-0.00812191	-0.912948	-0.0846553
7.038	0.0971508	1.39156	0.949453	1.44535	-0.0100609	-0.912945	-0.0846553
7.056	0.0957613	1.38826	0.949451	1.44223	-0.0114721	-0.912928	-0.0846553
7.074	0.0943385	1.38499	0.949455	1.43901	-0.0128057	-0.912901	-0.0846553
7.092	0.0928288	1.38165	0.949453	1.43581	-0.0138283	-0.912853	-0.0846553
7.11	0.091245	1.37838	0.949453	1.43253	-0.0146914	-0.912799	-0.0846553
7.128	0.091245	1.37838	0.949453	1.43253	-0.0146914	-0.912799	-0.0846553
7.146	0.0895959	1.37514	0.949453	1.42921	-0.0152805	-0.912732	-0.0846553
7.164	0.0878434	1.37204	0.949453	1.42589	-0.0155362	-0.912662	-0.0846553
7.182	0.0860422	1.36892	0.949453	1.4225	-0.0156916	-0.912531	-0.0846553
7.2	0.0841132	1.36592	0.949462	1.41905	-0.0157386	-0.912354	-0.0846553
7.218	0.0820833	1.36298	0.949461	1.41558	-0.0157611	-0.912066	-0.0846553
7.236	0.0798884	1.36012	0.949475	1.41216	-0.0158061	-0.911621	-0.0846553
7.254	0.0775772	1.35735	0.949475	1.40884	-0.0158429	-0.910867	-0.0846553
7.272	0.0750755	1.35468	0.949478	1.4056	-0.0158879	-0.909613	-0.0846553
7.29	0.0724652	1.35222	0.94948	1.40222	-0.0159125	-0.908222	-0.0846553
7.308	0.069704	1.34977	0.94948	1.39889	-0.0159125	-0.906461	-0.0846553
7.326	0.066824	1.34753	0.949481	1.3957	-0.0159309	-0.904162	-0.0846553
7.344	0.066824	1.34753	0.949481	1.3957	-0.0159309	-0.904162	-0.0846553
7.362	0.0638545	1.34533	0.94948	1.3927	-0.0159432	-0.901539	-0.0846553
7.38	0.0607852	1.34314	0.949478	1.38983	-0.0159452	-0.898793	-0.0846553
7.398	0.0576482	1.34107	0.94948	1.38704	-0.0159452	-0.89603	-0.0846553
7.416	0.054285	1.33896	0.94948	1.38441	-0.0159432	-0.893414	-0.0846553
7.434	0.050831	1.33696	0.94948	1.38166	-0.0159391	-0.891185	-0.0846535
7.452	0.0473118	1.33501	0.949481	1.37894	-0.015937	-0.88893	-0.0846553
7.47	0.0438066	1.33318	0.949479	1.37634	-0.015935	-0.886883	-0.0846553
7.488	0.0402823	1.33132	0.949478	1.37392	-0.0159329	-0.884754	-0.0846553
7.506	0.0367145	1.32959	0.94948	1.37161	-0.0159329	-0.88271	-0.0846535
7.524	0.0330304	1.3278	0.949479	1.36953	-0.0159309	-0.880629	-0.0846553
7.542	0.0292926	1.32614	0.94948	1.36733	-0.0159289	-0.878773	-0.0846535
7.56	0.0292926	1.32614	0.94948	1.36733	-0.0159289	-0.878773	-0.0846535
7.578	0.0255331	1.3244	0.949461	1.36514	-0.0159309	-0.87696	-0.0846553
7.596	0.0217825	1.32269	0.949469	1.36274	-0.0159289	-0.875593	-0.0846553
7.614	0.0180089	1.32106	0.949469	1.36031	-0.0159289	-0.87406	-0.0846535
7.632	0.0141126	1.31933	0.94947	1.35783	-0.0159268	-0.872835	-0.0846535
7.65	0.0102278	1.31772	0.94947	1.35525	-0.0159268	-0.871483	-0.0846535
7.668	0.00643885	1.31606	0.949449	1.35272	-0.0159268	-0.86959	-0.0846535
7.686	0.00272151	1.31445	0.949458	1.35015	-0.0159247	-0.867577	-0.0846535
7.704	-0.0009792	1.31282	0.949452	1.34766	-0.0159247	-0.864967	-0.0846535
7.722	-0.00476557	1.31104	0.949467	1.34518	-0.0159227	-0.862039	-0.0846535
7.74	-0.00855834	1.30934	0.949466	1.34256	-0.0159207	-0.859007	-0.0846535
7.758	-0.0122706	1.3076	0.949457	1.3399	-0.0159207	-0.856062	-0.0846535
7.776	-0.0122706	1.3076	0.949457	1.3399	-0.0159207	-0.856062	-0.0846535
7.794	-0.0159215	1.30575	0.949433	1.33729	-0.0159186	-0.853202	-0.0846535
7.812	-0.0195199	1.30376	0.949434	1.33474	-0.0159166	-0.850461	-0.0846535
7.83	-0.0230762	1.30176	0.949443	1.33217	-0.0159166	-0.847657	-0.0846535
7.848	-0.0266465	1.29966	0.949446	1.32973	-0.0159145	-0.844739	-0.0846535
7.866	-0.030153	1.29763	0.949446	1.32716	-0.0159145	-0.841848	-0.0846535
7.884	-0.033552	1.29551	0.949435	1.32443	-0.0159145	-0.839176	-0.0846535
7.902	-0.036836	1.29344	0.949443	1.32161	-0.0159145	-0.836841	-0.0846535
7.92	-0.0400458	1.29129	0.949439	1.31866	-0.0159145	-0.834826	-0.0846535
7.938	-0.0432404	1.28914	0.949446	1.3156	-0.0159145	-0.833427	-0.0846535
7.956	-0.0463876	1.28693	0.949444	1.31249	-0.0159145	-0.83235	-0.0846535
7.974	-0.0494376	1.28469	0.94944	1.3094	-0.0159145	-0.831276	-0.0846535
7.992	-0.0494376	1.28469	0.94944	1.3094	-0.0159145	-0.831276	-0.0846535
8.01	-0.0523394	1.28245	0.949442	1.30613	-0.0159145	-0.830594	-0.0846535
8.028	-0.0552131	1.28017	0.949443	1.3028	-0.0159145	-0.830197	-0.0846535
8.046	-0.0579806	1.27797	0.949443	1.2993	-0.0159145	-0.829975	-0.0846535
8.064	-0.0606881	1.27571	0.949443	1.29582	-0.0159125	-0.82979	-0.0846535
8.082	-0.0632946	1.27355	0.949444	1.29235	-0.0159145	-0.829657	-0.0846535
8.1	-0.0659267	1.27126	0.94944	1.28897	-0.0159145	-0.829512	-0.0846535
8.118	-0.0684386	1.26905	0.949438	1.28559	-0.0159145	-0.82926	-0.0846535
8.136	-0.070852	1.26686	0.949439	1.28216	-0.0159145	-0.828769	-0.0846535
8.154	-0.0732655	1.26458	0.949418	1.27889	-0.0159145	-0.827729	-0.0846519
8.172	-0.0755294	1.26239	0.94942	1.27564	-0.0159145	-0.826355	-0.0846519
8.19	-0.077824	1.26015	0.949424	1.27246	-0.0159145	-0.825113	-0.0846535
8.208	-0.077824	1.26015	0.949424	1.27246	-0.0159145	-0.825113	-0.0846535
8.226	-0.0800687	1.25798	0.949425	1.26943	-0.0159145	-0.823483	-0.0846535
8.244	-0.0822955	1.25583	0.949426	1.26646	-0.0159145	-0.821859	-0.0846535
8.262	-0.0845057	1.25372	0.949414	1.2635	-0.0159145	-0.820514	-0.0846535
8.28	-0.086606	1.25161	0.949411	1.26057	-0.0159166	-0.819164	-0.0846535
8.298	-0.0887612	1.24949	0.94942	1.25776	-0.0159166	-0.818385	-0.0846535
8.316	-0.0908091	1.24745	0.949414	1.25491	-0.0159166	-0.818285	-0.0846519
8.334	-0.0929337	1.24535	0.949407	1.25234	-0.0159166	-0.818309	-0.0846519
8.352	-0.0949278	1.24337	0.949409	1.24986	-0.0159166	-0.818314	-0.0846519
8.37	-0.0969361	1.24134	0.949412	1.24762	-0.0159166	-0.818314	-0.0846519
8.388	-0.098796	1.23947	0.949409	1.24539	-0.0159166	-0.818312	-0.0846519
8.406	-0.100707	1.23756	0.949415	1.24337	-0.0159166	-0.818312	-0.0846519
8.424	-0.100707	1.23756	0.949415	1.24337	-0.0159166	-0.818312	-0.0846519
8.442	-0.102495	1.23591	0.949415	1.2413	-0.0159166	-0.81831	-0.0846519
8.46	-0.104318	1.23419	0.949415	1.23944	-0.0159166	-0.81831	-0.0846519
8.478	-0.106042	1.23256	0.949414	1.23756	-0.0159166	-0.81831	-0.0846519
8.496	-0.107734	1.23097	0.949416	1.23576	-0.0159166	-0.818304	-0.0846519
8.514	-0.109369	1.22953	0.949403	1.23398	-0.0159166	-0.818304	-0.0846519
8.532	-0.110922	1.22804	0.9494	1.23231	-0.0159166	-0.818302	-0.0846519
8.55	-0.112466	1.22661	0.9494	1.23072	-0.0159166	-0.818304	-0.0846519
8.568	-0.113922	1.22517	0.949391	1.22917	-0.0159166	-0.818302	-0.0846519
8.586	-0.115311	1.22377	0.949393	1.22782	-0.0159166	-0.818302	-0.0846519
8.604	-0.116612	1.22244	0.949384	1.2264	-0.0159166	-0.818298	-0.0846519
8.622	-0.117899	1.2211	0.949392	1.22516	-0.0159166	-0.81828	-0.0846519
8.64	-0.117899	1.2211	0.949392	1.22516	-0.0159166	-0.81828	-0.0846519
8.658	-0.119078	1.21979	0.949389	1.22406	-0.0159166	-0.818269	-0.0846519
8.676	-0.120176	1.21853	0.949388	1.22293	-0.0159166	-0.818269	-0.0846519
8.694	-0.121237	1.21725	0.949396	1.22194	-0.0159166	-0.818266	-0.0846519
8.712	-0.122132	1.21608	0.949384	1.22106	-0.0159166	-0.818227	-0.0846519
8.73	-0.122998	1.21491	0.949391	1.22024	-0.0159166	-0.818195	-0.0846519
8.748	-0.123829	1.21379	0.949391	1.21934	-0.0159166	-0.818169	-0.0846519
8.766	-0.124581	1.21271	0.949389	1.21844	-0.0159166	-0.81815	-0.0846519
8.784	-0.125275	1.21158	0.949389	1.21759	-0.0159166	-0.818111	-0.0846519
8.802	-0.125877	1.21054	0.949396	1.21673	-0.0159166	-0.818074	-0.0846519
8.82	-0.1265	1.2095	0.949396	1.21586	-0.0159166	-0.818062	-0.0846519
8.838	-0.127122	1.20853	0.949394	1.21488	-0.0159166	-0.818062	-0.0846519
8.856	-0.127122	1.20853	0.949394	1.21488	-0.0159166	-0.818062	-0.0846519
8.874	-0.127732	1.20747	0.949394	1.21396	-0.0159166	-0.818058	-0.0846519
8.892	-0.128243	1.20642	0.949396	1.21308	-0.0159166	-0.818043	-0.0846519
8.91	-0.128778	1.20536	0.949396	1.21217	-0.0159166	-0.818022	-0.0846519
8.928	-0.129332	1.20438	0.949398	1.2112	-0.0159166	-0.818019	-0.0846519
8.946	-0.129896	1.20341	0.949398	1.21031	-0.0159166	-0.818012	-0.0846519
8.964	-0.130427	1.20241	0.9494	1.20942	-0.0159166	-0.818005	-0.0846519
8.982	-0.130952	1.20146	0.9494	1.20852	-0.0159166	-0.818004	-0.0846519
9	-0.131506	1.20049	0.9494	1.20764	-0.0159166	-0.818005	-0.0846519
9.018	-0.132054	1.19957	0.949401	1.20677	-0.0159166	-0.818005	-0.0846519
9.036	-0.132664	1.19862	0.949401	1.20597	-0.0159166	-0.818005	-0.0846519
9.054	-0.133166	1.19773	0.949403	1.20517	-0.0159166	-0.818005	-0.0846519
9.072	-0.133166	1.19773	0.949403	1.20517	-0.0159166	-0.818005	-0.0846519
9.09	-0.133694	1.19683	0.949407	1.20446	-0.0159166	-0.818004	-0.0846519
9.108	-0.134265	1.19597	0.949407	1.20377	-0.0159166	-0.818004	-0.0846519
9.126	-0.134912	1.1952	0.949407	1.20305	-0.0159166	-0.818004	-0.0846519
9.144	-0.13554	1.19439	0.949409	1.20236	-0.0159166	-0.818005	-0.0846501
9.162	-0.136145	1.19355	0.949423	1.20175	-0.0159166	-0.818004	-0.0846519
9.18	-0.13686	1.19281	0.949435	1.20116	-0.0159166	-0.818	-0.0846519
9.198	-0.137616	1.19213	0.949439	1.20046	-0.0159166	-0.818	-0.0846501
9.216	-0.138476	1.19147	0.949475	1.19971	-0.0159166	-0.818	-0.0846501
9.234	-0.139431	1.19083	0.949474	1.19883	-0.0159145	-0.818	-0.0846501
9.252	-0.140408	1.19011	0.949484	1.19791	-0.0159145	-0.817995	-0.0846501
9.27	-0.141447	1.18941	0.949533	1.19698	-0.0159145	-0.817971	-0.0846501
9.288	-0.141447	1.18941	0.949533	1.19698	-0.0159145	-0.817971	-0.0846501
9.306	-0.142596	1.18877	0.949547	1.19596	-0.0159145	-0.817961	-0.0846501
9.324	-0.143841	1.18813	0.949547	1.19486	-0.0159145	-0.817959	-0.0846519
9.342	-0.145066	1.18741	0.949547	1.19375	-0.0159145	-0.817937	-0.0846501
9.36	-0.146288	1.18668	0.949558	1.19265	-0.0159125	-0.81777	-0.0846501
9.378	-0.147602	1.18598	0.949568	1.19143	-0.0159125	-0.81745	-0.0846501
9.396	-0.148969	1.1853	0.949575	1.19019	-0.0159125	-0.816923	-0.0846501
9.414	-0.150298	1.18463	0.949576	1.18906	-0.0159104	-0.81589	-0.0846501
9.432	-0.151629	1.18393	0.949577	1.1879	-0.0159104	-0.814782	-0.0846501
9.45	-0.152969	1.18322	0.949605	1.1867	-0.0159084	-0.813824	-0.0846501
9.468	-0.154255	1.18251	0.94963	1.18561	-0.0159064	-0.812578	-0.0846501
9.486	-0.155547	1.18185	0.949677	1.18455	-0.0159064	-0.810886	-0.0846501
9.504	-0.155547	1.18185	0.949677	1.18455	-0.0159064	-0.810886	-0.0846501
9.522	-0.156876	1.18119	0.949713	1.18353	-0.0159043	-0.80911	-0.0846501
9.54	-0.158136	1.1805	0.949761	1.18276	-0.0159043	-0.806739	-0.0846501
9.558	-0.159418	1.17985	0.949864	1.182	-0.0159023	-0.804145	-0.0846501
9.576	-0.160705	1.17925	0.949967	1.18132	-0.0159023	-0.80145	-0.0846501
9.594	-0.162009	1.17862	0.950128	1.1807	-0.0159002	-0.798803	-0.0846501
9.612	-0.163363	1.17804	0.95033	1.17992	-0.0158982	-0.796637	-0.0846501
9.63	-0.164774	1.17748	0.950407	1.17919	-0.0158961	-0.79475	-0.0846501
9.648	-0.166207	1.17702	0.950421	1.17844	-0.015892	-0.793552	-0.0846501
9.666	-0.167548	1.17669	0.950422	1.1777	-0.0158859	-0.792657	-0.0846501
9.684	-0.168765	1.17647	0.950435	1.17701	-0.0158593	-0.792335	-0.0846501
9.702	-0.169828	1.17639	0.950443	1.1764	-0.0157407	-0.792332	-0.0846501
9.72	-0.169828	1.17639	0.950443	1.1764	-0.0157407	-0.792332	-0.0846501
9.738	-0.17069	1.1764	0.950444	1.17584	-0.0155771	-0.792332	-0.0846501
9.756	-0.171287	1.17641	0.950471	1.17539	-0.0154462	-0.792333	-0.0846501
9.774	-0.17166	1.17643	0.950481	1.17512	-0.0153562	-0.792333	-0.0846501
9.792	-0.171792	1.17643	0.950482	1.17499	-0.0153521	-0.792333	-0.0846484
9.81	-0.171808	1.17643	0.950484	1.17499	-0.0153521	-0.792335	-0.0846484
9.828	-0.171808	1.17642	0.950484	1.17499	-0.01535	-0.792335	-0.0846484
9.846	-0.171808	1.17642	0.950484	1.17499	-0.0153378	-0.792333	-0.0846484
9.864	-0.171808	1.17642	0.950484	1.17499	-0.0153153	-0.792333	-0.0846484
9.882	-0.171808	1.17642	0.950484	1.17499	-0.0152989	-0.792333	-0.0846484
9.9	-0.17181	1.17642	0.950484	1.175	-0.0152907	-0.792333	-0.0846501
9.918	-0.17182	1.17641	0.950484	1.175	-0.0152825	-0.792333	-0.0846501
9.936	-0.17182	1.17641	0.950484	1.175	-0.0152825	-0.792333	-0.0846501
9.954	-0.17183	1.17641	0.950484	1.175	-0.0152744	-0.792333	-0.0846484
9.972	-0.171843	1.1764	0.950484	1.175	-0.0152744	-0.792333	-0.0846501
9.99	-0.171903	1.1764	0.950484	1.175	-0.0152744	-0.792333	-0.0846501
10.008	-0.171985	1.17641	0.950484	1.175	-0.0152764	-0.792333	-0.0846484
10.026	-0.172076	1.17641	0.950485	1.175	-0.0152744	-0.792332	-0.0846484
10.044	-0.172137	1.17641	0.950485	1.175	-0.0152682	-0.792332	-0.0846484
10.062	-0.172139	1.17641	0.950484	1.175	-0.015213	-0.792332	-0.0846484
10.08	-0.172138	1.17641	0.950482	1.175	-0.0150862	-0.792332	-0.0846484
10.098	-0.172138	1.17641	0.950481	1.175	-0.0149389	-0.792332	-0.0846484
10.116	-0.172138	1.17641	0.950479	1.175	-0.0148428	-0.792332	-0.0846484
10.134	-0.172137	1.17642	0.950476	1.175	-0.0148326	-0.792332	-0.0846484
10.152	-0.172137	1.17642	0.950476	1.175	-0.0148326	-0.792332	-0.0846484
10.17	-0.172137	1.17645	0.950477	1.175	-0.0148346	-0.792332	-0.0846484
10.188	-0.172136	1.1765	0.950476	1.175	-0.0148367	-0.792332	-0.0846484
10.206	-0.172136	1.17659	0.950476	1.175	-0.0148469	-0.792332	-0.0846484
10.224	-0.172136	1.1767	0.950476	1.175	-0.014851	-0.792333	-0.0846484
10.242	-0.172134	1.17683	0.950473	1.175	-0.014851	-0.792333	-0.0846484
10.26	-0.172134	1.17696	0.950464	1.175	-0.0148551	-0.792333	-0.0846484
10.278	-0.172134	1.17704	0.950441	1.175	-0.0148551	-0.792335	-0.0846484
10.296	-0.172134	1.17711	0.95042	1.175	-0.0148571	-0.792335	-0.0846484
10.314	-0.172133	1.17715	0.950404	1.175	-0.0148571	-0.792335	-0.0846484
10.332	-0.172133	1.17718	0.950407	1.175	-0.0148571	-0.792337	-0.0846484
10.35	-0.172133	1.17719	0.950408	1.17501	-0.0148592	-0.792337	-0.0846484
10.368	-0.172133	1.17719	0.950408	1.17501	-0.0148592	-0.792337	-0.0846484
10.386	-0.172133	1.17719	0.950407	1.17501	-0.0148592	-0.792337	-0.0846484
10.404	-0.172132	1.1772	0.950406	1.17501	-0.0148592	-0.792337	-0.0846484
10.422	-0.172118	1.17723	0.950404	1.17501	-0.0148592	-0.792337	-0.0846484
10.44	-0.172108	1.17733	0.950404	1.17501	-0.0148592	-0.792338	-0.0846484
10.458	-0.172108	1.17747	0.950404	1.17501	-0.0148612	-0.79234	-0.0846484
10.476	-0.172109	1.17765	0.950403	1.17501	-0.0148612	-0.79234	-0.0846484
10.494	-0.172108	1.17785	0.950379	1.17501	-0.0148632	-0.79234	-0.0846484
10.512	-0.172108	1.17804	0.950349	1.17501	-0.0148632	-0.79234	-0.0846484
10.53	-0.172109	1.17822	0.950347	1.17501	-0.0148632	-0.79234	-0.0846484
10.548	-0.172109	1.17839	0.950349	1.17501	-0.0148653	-0.79234	-0.0846484
10.566	-0.172109	1.17854	0.950353	1.17501	-0.0148653	-0.792338	-0.0846484
10.584	-0.172109	1.17854	0.950353	1.17501	-0.0148653	-0.792338	-0.0846484
10.602	-0.172109	1.17865	0.950353	1.17501	-0.0148653	-0.792338	-0.0846484
10.62	-0.172108	1.17874	0.950355	1.17501	-0.0148653	-0.792338	-0.0846484
10.638	-0.172108	1.17881	0.950355	1.17501	-0.0148673	-0.792338	-0.0846484
10.656	-0.172108	1.17885	0.950356	1.17501	-0.0148653	-0.792338	-0.0846484
10.674	-0.172109	1.17888	0.950356	1.17501	-0.0148673	-0.792338	-0.0846484
10.692	-0.172108	1.17889	0.950356	1.17501	-0.0148673	-0.792338	-0.0846484
10.71	-0.172108	1.17889	0.950356	1.17501	-0.0148673	-0.792338	-0.0846484
10.728	-0.172108	1.17889	0.950356	1.17501	-0.0148673	-0.792338	-0.0846484
10.746	-0.172108	1.17888	0.950356	1.17501	-0.0148673	-0.792338	-0.0846484
10.764	-0.172108	1.17888	0.950357	1.17501	-0.0148673	-0.792338	-0.0846484
10.782	-0.172106	1.17889	0.950357	1.17501	-0.0148673	-0.792337	-0.0846484
10.8	-0.172106	1.17889	0.950357	1.17501	-0.0148673	-0.792337	-0.0846484
10.818	-0.172106	1.17889	0.950357	1.17501	-0.0148673	-0.792337	-0.0846467
10.836	-0.172106	1.17889	0.950357	1.17501	-0.0148673	-0.792337	-0.0846467
10.854	-0.172106	1.17889	0.950357	1.17501	-0.0148673	-0.792337	-0.0846467
10.872	-0.172106	1.17889	0.950357	1.17501	-0.0148673	-0.792337	-0.0846467
10.89	-0.172106	1.17889	0.950357	1.17501	-0.0148673	-0.792337	-0.0846467
10.908	-0.172106	1.17889	0.950358	1.17501	-0.0148673	-0.792337	-0.0846467
10.926	-0.172106	1.1789	0.950358	1.17501	-0.0148673	-0.792337	-0.0846467
10.944	-0.172106	1.1789	0.950358	1.17501	-0.0148673	-0.792337	-0.0846467
10.962	-0.172106	1.1789	0.950358	1.17501	-0.0148673	-0.792337	-0.0846484
10.98	-0.172106	1.17891	0.950358	1.17501	-0.0148673	-0.792337	-0.0846467
10.998	-0.172106	1.17891	0.950358	1.17501	-0.0148673	-0.792337	-0.0846467
11.016	-0.172106	1.17891	0.950358	1.17501	-0.0148673	-0.792337	-0.0846467
11.034	-0.172106	1.17891	0.950358	1.17501	-0.0148673	-0.792337	-0.0846467
11.052	-0.172106	1.17891	0.950358	1.17501	-0.0148673	-0.792337	-0.0846467
11.07	-0.172106	1.17891	0.950358	1.17501	-0.0148673	-0.792337	-0.0846467
11.088	-0.172106	1.17891	0.950358	1.17501	-0.0148673	-0.792337	-0.0846467
11.106	-0.172106	1.17892	0.950358	1.17501	-0.0148673	-0.792337	-0.0846467
11.124	-0.172106	1.17892	0.950358	1.17501	-0.0148673	-0.792337	-0.0846467
11.142	-0.172106	1.17892	0.950358	1.17501	-0.0148673	-0.792337	-0.0846467
11.16	-0.172106	1.17892	0.950358	1.17501	-0.0148673	-0.792337	-0.0846467
11.178	-0.172106	1.17892	0.950358	1.17501	-0.0148673	-0.792337	-0.0846467
11.196	-0.172106	1.17892	0.950358	1.17501	-0.0148673	-0.792337	-0.0846467
11.214	-0.172106	1.17892	0.95036	1.17501	-0.0148673	-0.792337	-0.0846467
11.232	-0.172106	1.17892	0.95036	1.17501	-0.0148673	-0.792337	-0.0846467
11.25	-0.172106	1.17893	0.95036	1.17501	-0.0148673	-0.792337	-0.0846467
11.268	-0.172106	1.17893	0.950358	1.17501	-0.0148673	-0.792337	-0.0846467
11.286	-0.172106	1.17893	0.95036	1.17501	-0.0148673	-0.792337	-0.0846467
11.304	-0.172106	1.17893	0.95036	1.17501	-0.0148673	-0.792337	-0.0846467
11.322	-0.172106	1.17893	0.95036	1.17501	-0.0148673	-0.792337	-0.0846467
11.34	-0.172106	1.17894	0.95036	1.17501	-0.0148673	-0.792337	-0.0846467
11.358	-0.172106	1.17894	0.95036	1.17501	-0.0148673	-0.792337	-0.0846467
11.376	-0.172106	1.17894	0.95036	1.17501	-0.0148673	-0.792337	-0.0846467
11.394	-0.172105	1.17894	0.95036	1.17501	-0.0148673	-0.792337	-0.0846467
11.412	-0.172105	1.17894	0.95036	1.17501	-0.0148673	-0.792337	-0.0846467
11.43	-0.172105	1.17894	0.95036	1.17501	-0.0148673	-0.792337	-0.0846467
11.448	-0.172105	1.17894	0.95036	1.17501	-0.0148673	-0.792337	-0.0846467
11.466	-0.172105	1.17894	0.95036	1.17501	-0.0148673	-0.792337	-0.0846467
11.484	-0.172105	1.17894	0.95036	1.17501	-0.0148673	-0.792337	-0.0846467
11.502	-0.172105	1.17894	0.95036	1.17501	-0.0148673	-0.792337	-0.0846467
11.52	-0.172105	1.17894	0.95036	1.17501	-0.0148673	-0.792337	-0.0846467
11.538	-0.172105	1.17894	0.95036	1.17501	-0.0148673	-0.792337	-0.0846467
11.556	-0.172105	1.17895	0.95036	1.17501	-0.0148673	-0.792337	-0.0846467
11.574	-0.172105	1.17895	0.95036	1.17501	-0.0148673	-0.792337	-0.0846467
11.592	-0.172105	1.17895	0.95036	1.17501	-0.0148673	-0.792337	-0.0846467
11.61	-0.172105	1.17895	0.95036	1.17501	-0.0148673	-0.792337	-0.0846467
11.628	-0.172105	1.17895	0.95036	1.17501	-0.0148673	-0.792337	-0.0846467
11.646	-0.172105	1.17895	0.95036	1.17501	-0.0148673	-0.792337	-0.0846467
11.664	-0.172105	1.17895	0.95036	1.17501	-0.0148673	-0.792337	-0.0846467
11.682	-0.172105	1.17895	0.95036	1.17501	-0.0148673	-0.792337	-0.0846467
11.7	-0.172105	1.17895	0.95036	1.17501	-0.0148673	-0.792337	-0.0846467
11.718	-0.172105	1.17895	0.95036	1.17501	-0.0148673	-0.792337	-0.0846467
11.736	-0.172105	1.17896	0.95036	1.17501	-0.0148673	-0.792337	-0.0846467
11.754	-0.172105	1.17896	0.95036	1.17501	-0.0148673	-0.792337	-0.0846467
11.772	-0.172105	1.17896	0.95036	1.17501	-0.0148673	-0.792337	-0.0846467
11.79	-0.172105	1.17896	0.95036	1.17501	-0.0148673	-0.792337	-0.0846467
11.808	-0.172105	1.17896	0.95036	1.17501	-0.0148673	-0.792337	-0.0846467
11.826	-0.172105	1.17896	0.95036	1.17501	-0.0148673	-0.792337	-0.0846467
11.844	-0.172105	1.17896	0.95036	1.17501	-0.0148673	-0.792337	-0.0846467
11.862	-0.172105	1.17896	0.95036	1.17501	-0.0148673	-0.792337	-0.0846467
11.88	-0.172105	1.17896	0.95036	1.17501	-0.0148673	-0.792337	-0.0846467
11.898	-0.172105	1.17896	0.95036	1.17501	-0.0148673	-0.792337	-0.0846467
11.916	-0.172105	1.17896	0.950361	1.17501	-0.0148673	-0.792337	-0.0846467
11.934	-0.172105	1.17896	0.95036	1.17501	-0.0148673	-0.792337	-0.0846467
11.952	-0.172105	1.17896	0.950361	1.17501	-0.0148673	-0.792337	-0.0846467
11.97	-0.172105	1.17897	0.950361	1.17501	-0.0148673	-0.792337	-0.0846467
11.988	-0.172105	1.17897	0.950361	1.17501	-0.0148673	-0.792337	-0.0846467
12.006	-0.172105	1.17897	0.950361	1.17501	-0.0148673	-0.792337	-0.0846467
12.024	-0.172105	1.17896	0.950361	1.17501	-0.0148673	-0.792337	-0.0846467
12.042	-0.172105	1.17897	0.950361	1.17501	-0.0148673	-0.792337	-0.0846467
12.06	-0.172105	1.17897	0.950361	1.17501	-0.0148673	-0.792337	-0.0846467
12.078	-0.172105	1.17897	0.950361	1.17501	-0.0148673	-0.792337	-0.0846467
12.096	-0.172105	1.17897	0.950361	1.17501	-0.0148673	-0.792337	-0.0846467
12.114	-0.172105	1.17897	0.950361	1.17501	-0.0148673	-0.792337	-0.0846467
12.132	-0.172105	1.17897	0.950361	1.17501	-0.0148673	-0.792337	-0.084645
12.15	-0.172105	1.17897	0.950361	1.17501	-0.0148673	-0.792337	-0.084645
12.168	-0.172105	1.17897	0.950361	1.17501	-0.0148673	-0.792337	-0.084645
12.186	-0.172105	1.17897	0.950361	1.17501	-0.0148673	-0.792337	-0.084645
12.204	-0.172105	1.17898	0.950361	1.17501	-0.0148673	-0.792337	-0.084645
12.222	-0.172105	1.17898	0.950361	1.17501	-0.0148673	-0.792337	-0.0846467
12.24	-0.172105	1.17897	0.950361	1.17501	-0.0148673	-0.792337	-0.0846467
12.258	-0.172105	1.17897	0.950361	1.17501	-0.0148673	-0.792337	-0.084645
12.276	-0.172105	1.17898	0.950361	1.17501	-0.0148673	-0.792337	-0.0846467
12.294	-0.172105	1.17898	0.950361	1.17501	-0.0148673	-0.792337	-0.084645
12.312	-0.172105	1.17898	0.950361	1.17501	-0.0148673	-0.792337	-0.084645
12.33	-0.172104	1.17898	0.950361	1.17501	-0.0148673	-0.792337	-0.084645
12.348	-0.172104	1.17898	0.950361	1.17501	-0.0148673	-0.792337	-0.084645
12.366	-0.172104	1.17898	0.950361	1.17501	-0.0148673	-0.792337	-0.084645
12.384	-0.172104	1.17898	0.950361	1.17501	-0.0148673	-0.792337	-0.084645
12.402	-0.172104	1.17898	0.950361	1.17501	-0.0148673	-0.792337	-0.084645
12.42	-0.172104	1.17898	0.950361	1.17501	-0.0148673	-0.792337	-0.084645
12.438	-0.172104	1.17898	0.950361	1.17501	-0.0148694	-0.792337	-0.084645
12.456	-0.172104	1.17898	0.950361	1.17501	-0.0148694	-0.792337	-0.084645
12.474	-0.172104	1.17898	0.950361	1.17501	-0.0148673	-0.792337	-0.084645
12.492	-0.172104	1.17898	0.950361	1.17501	-0.0148694	-0.792337	-0.084645
12.51	-0.172104	1.17898	0.950361	1.17501	-0.0148673	-0.792337	-0.084645
12.528	-0.172104	1.17898	0.950361	1.17501	-0.0148673	-0.792337	-0.084645
12.546	-0.172104	1.17898	0.950361	1.17501	-0.0148673	-0.792337	-0.084645
12.564	-0.172104	1.17898	0.950361	1.17501	-0.0148673	-0.792337	-0.084645
12.582	-0.172105	1.17898	0.950361	1.17501	-0.0148673	-0.792337	-0.084645
12.6	-0.172104	1.17898	0.950361	1.17501	-0.0148673	-0.792337	-0.084645
12.618	-0.172104	1.17898	0.950361	1.17501	-0.0148673	-0.792337	-0.084645
12.636	-0.172104	1.17898	0.950361	1.17501	-0.0148673	-0.792337	-0.084645
12.654	-0.172104	1.17898	0.950361	1.17501	-0.0148673	-0.792337	-0.084645
12.672	-0.172104	1.17898	0.950361	1.17501	-0.0148673	-0.792337	-0.084645
12.69	-0.172104	1.17899	0.950361	1.17501	-0.0148673	-0.792337	-0.084645
