1.566	0.288337	1.86995	1.12762	1.51753	0.175264	-1.18378	-0.0847507
1.584	0.288337	1.86995	1.12762	1.51753	0.175264	-1.18378	-0.0847507
1.602	0.288338	1.86995	1.12762	1.5177	0.175266	-1.18378	-0.084749
1.62	0.288338	1.86995	1.12762	1.5177	0.175266	-1.18378	-0.084749
1.638	0.288338	1.86994	1.12761	1.5179	0.175266	-1.18378	-0.084749
1.656	0.288338	1.86994	1.1276	1.51813	0.175264	-1.18378	-0.0847473
1.674	0.288338	1.86994	1.12759	1.51837	0.175266	-1.18378	-0.0847473
1.692	0.28834	1.86994	1.12759	1.51863	0.175266	-1.18378	-0.0847456
1.71	0.28834	1.86994	1.12758	1.51891	0.175266	-1.18378	-0.0847456
1.728	0.28834	1.86994	1.12758	1.51921	0.175266	-1.18378	-0.0847456
1.746	0.28834	1.86994	1.12757	1.51952	0.175266	-1.18378	-0.0847439
1.764	0.28834	1.86994	1.12757	1.51981	0.175266	-1.18378	-0.0847439
1.782	0.28834	1.86994	1.12757	1.5201	0.175266	-1.18378	-0.0847439
1.8	0.28834	1.86993	1.12756	1.52038	0.175266	-1.18378	-0.0847439
1.818	0.28834	1.86993	1.12756	1.52038	0.175266	-1.18378	-0.0847439
1.836	0.28834	1.86993	1.12756	1.52066	0.175264	-1.18378	-0.0847439
1.854	0.288341	1.86993	1.12755	1.52092	0.175266	-1.18378	-0.0847422
1.872	0.288341	1.86993	1.12755	1.52117	0.175266	-1.18378	-0.0847422
1.89	0.288341	1.86993	1.12754	1.5214	0.175264	-1.18378	-0.0847422
1.908	0.288341	1.86993	1.12753	1.52162	0.175266	-1.18378	-0.0847422
1.926	0.288342	1.86992	1.12751	1.52186	0.175266	-1.18378	-0.0847422
1.944	0.288342	1.86992	1.1275	1.52209	0.175266	-1.18378	-0.0847405
1.962	0.288342	1.86992	1.1275	1.52234	0.175264	-1.18378	-0.0847405
1.98	0.288342	1.86992	1.1275	1.52261	0.175266	-1.18378	-0.0847388
1.998	0.288342	1.86992	1.1275	1.52289	0.175266	-1.18378	-0.0847388
2.016	0.288342	1.86992	1.12749	1.5232	0.175266	-1.18378	-0.0847371
2.034	0.288342	1.86992	1.12749	1.5232	0.175266	-1.18378	-0.0847371
2.052	0.288342	1.86991	1.12749	1.52351	0.175266	-1.18378	-0.0847371
2.07	0.288342	1.86991	1.12749	1.52382	0.175266	-1.18378	-0.0847354
2.088	0.288342	1.86991	1.12749	1.52412	0.175266	-1.18378	-0.0847354
2.106	0.288342	1.86991	1.12748	1.52442	0.175266	-1.18378	-0.0847337
2.124	0.288342	1.86991	1.12748	1.52473	0.175266	-1.18378	-0.0847337
2.142	0.288342	1.86989	1.12746	1.52503	0.175266	-1.18378	-0.0847337
2.16	0.288342	1.86987	1.12745	1.52533	0.175266	-1.18378	-0.0847337
2.178	0.288342	1.86984	1.12744	1.52563	0.175266	-1.18378	-0.084732
2.196	0.288342	1.8698	1.12743	1.52596	0.175266	-1.18378	-0.084732
2.214	0.288342	1.86974	1.12742	1.52632	0.175266	-1.18378	-0.084732
2.232	0.288342	1.86965	1.1274	1.52673	0.175266	-1.18378	-0.084732
2.25	0.288342	1.86965	1.1274	1.52673	0.175266	-1.18378	-0.084732
2.268	0.288342	1.86952	1.12737	1.5272	0.175266	-1.18378	-0.084732
2.286	0.288342	1.86936	1.12735	1.52769	0.175266	-1.18378	-0.0847303
2.304	0.288342	1.86915	1.12732	1.52819	0.175266	-1.18378	-0.0847303
2.322	0.288342	1.8689	1.1273	1.52872	0.175266	-1.18378	-0.0847303
2.34	0.288342	1.86861	1.12725	1.52925	0.175266	-1.18378	-0.0847285
2.358	0.288342	1.86828	1.1272	1.52981	0.175266	-1.18378	-0.0847285
2.376	0.288342	1.86793	1.12713	1.53038	0.175266	-1.18378	-0.0847269
2.394	0.288344	1.86758	1.12702	1.53102	0.175266	-1.18378	-0.0847269
2.412	0.288342	1.86722	1.12685	1.53171	0.175266	-1.18378	-0.0847269
2.43	0.288342	1.86684	1.12667	1.53238	0.175266	-1.18378	-0.0847251
2.448	0.288344	1.86639	1.12645	1.53308	0.175266	-1.18378	-0.0847251
2.466	0.288344	1.86639	1.12645	1.53308	0.175266	-1.18378	-0.0847251
2.484	0.288342	1.86589	1.12621	1.53375	0.175266	-1.18378	-0.0847251
2.502	0.288344	1.86535	1.12599	1.53444	0.175266	-1.18378	-0.0847235
2.52	0.288344	1.86479	1.12569	1.53522	0.175266	-1.18377	-0.0847235
2.538	0.288344	1.86426	1.12536	1.53604	0.175266	-1.18377	-0.0847235
2.556	0.288344	1.86372	1.12496	1.53694	0.175266	-1.18377	-0.0847235
2.574	0.288344	1.86322	1.12451	1.53786	0.175266	-1.18377	-0.0847235
2.592	0.288344	1.86274	1.12393	1.5389	0.175266	-1.18377	-0.0847217
2.61	0.288344	1.86235	1.12327	1.54002	0.175266	-1.18376	-0.0847217
2.628	0.288344	1.8619	1.12259	1.54116	0.175266	-1.18376	-0.0847217
2.646	0.288344	1.86137	1.12191	1.54233	0.175266	-1.18376	-0.08472
2.664	0.288344	1.86092	1.12122	1.54352	0.175264	-1.18376	-0.08472
2.682	0.288344	1.86092	1.12122	1.54352	0.175264	-1.18376	-0.08472
2.7	0.288344	1.86049	1.12039	1.54475	0.175266	-1.18375	-0.08472
2.718	0.288344	1.86017	1.11954	1.54596	0.175264	-1.18375	-0.0847183
2.736	0.288344	1.85988	1.11865	1.54724	0.175264	-1.18375	-0.0847183
2.754	0.288344	1.85964	1.11768	1.54846	0.175264	-1.18374	-0.0847183
2.772	0.288344	1.85944	1.11667	1.54971	0.175264	-1.18374	-0.0847166
2.79	0.288344	1.85928	1.11558	1.551	0.175264	-1.18374	-0.0847166
2.808	0.288344	1.85916	1.11448	1.55225	0.175264	-1.18374	-0.0847166
2.826	0.288344	1.85902	1.11331	1.5535	0.175264	-1.18374	-0.0847166
2.844	0.288344	1.85894	1.11204	1.55473	0.175264	-1.18374	-0.0847166
2.862	0.288344	1.85887	1.11076	1.55596	0.175264	-1.18373	-0.0847149
2.88	0.288344	1.85875	1.10946	1.55719	0.175264	-1.18373	-0.0847149
2.898	0.288344	1.85875	1.10946	1.55719	0.175264	-1.18373	-0.0847149
2.916	0.288344	1.85864	1.10814	1.55841	0.175264	-1.18371	-0.0847149
2.934	0.288344	1.85854	1.10686	1.5596	0.175264	-1.18368	-0.0847149
2.952	0.288344	1.85839	1.10554	1.56075	0.175264	-1.18364	-0.0847149
2.97	0.288344	1.85826	1.10423	1.56191	0.175264	-1.18357	-0.0847132
2.988	0.288344	1.85812	1.10297	1.5631	0.175264	-1.18349	-0.0847132
3.006	0.288344	1.85794	1.10168	1.5643	0.175264	-1.18335	-0.0847132
3.024	0.288344	1.85778	1.10046	1.56546	0.175264	-1.18311	-0.0847115
3.042	0.288344	1.85756	1.09926	1.56667	0.175264	-1.1828	-0.0847115
3.06	0.288344	1.85724	1.09814	1.56787	0.175264	-1.18238	-0.0847115
3.078	0.288344	1.85686	1.09711	1.5691	0.175264	-1.18159	-0.0847115
3.096	0.288345	1.85648	1.09603	1.57055	0.175264	-1.18022	-0.0847098
3.114	0.288345	1.85648	1.09603	1.57055	0.175264	-1.18022	-0.0847098
3.132	0.288345	1.85616	1.09501	1.57196	0.175264	-1.17877	-0.0847098
3.15	0.288345	1.85579	1.09398	1.57356	0.175264	-1.17694	-0.0847098
3.168	0.288345	1.85545	1.09297	1.5752	0.175264	-1.17475	-0.0847098
3.186	0.288345	1.85506	1.09201	1.57697	0.175264	-1.17243	-0.0847098
3.204	0.288345	1.85462	1.09112	1.5788	0.175264	-1.17015	-0.0847098
3.222	0.288345	1.85417	1.09026	1.58056	0.175264	-1.16782	-0.0847081
3.24	0.288344	1.85365	1.08945	1.58242	0.175264	-1.16574	-0.0847081
3.258	0.288345	1.85312	1.08865	1.58422	0.175264	-1.16368	-0.0847081
3.276	0.288344	1.85258	1.08789	1.58604	0.175264	-1.16176	-0.0847081
3.294	0.288347	1.85206	1.08719	1.58798	0.175264	-1.15971	-0.0847081
3.312	0.288347	1.85148	1.08641	1.58993	0.175264	-1.15783	-0.0847064
3.33	0.288347	1.85148	1.08641	1.58993	0.175264	-1.15783	-0.0847064
3.348	0.288347	1.85092	1.08577	1.59203	0.175264	-1.15574	-0.0847064
3.366	0.288347	1.85025	1.08513	1.59407	0.175264	-1.15391	-0.0847064
3.384	0.288347	1.84961	1.08456	1.59616	0.175264	-1.15204	-0.0847047
3.402	0.288347	1.84886	1.08396	1.59822	0.175264	-1.15048	-0.0847047
3.42	0.288347	1.84812	1.08343	1.60019	0.175264	-1.14878	-0.0847047
3.438	0.288347	1.84733	1.0829	1.60208	0.175264	-1.14742	-0.0847047
3.456	0.288347	1.84655	1.08244	1.60395	0.175264	-1.14603	-0.0847047
3.474	0.288347	1.84567	1.082	1.60574	0.175264	-1.14442	-0.0847047
3.492	0.288347	1.84482	1.08164	1.60747	0.175264	-1.14286	-0.0847047
3.51	0.288347	1.84392	1.08124	1.60929	0.175264	-1.14077	-0.0847047
3.528	0.288347	1.84312	1.08082	1.61112	0.175262	-1.1384	-0.084703
3.546	0.288347	1.84312	1.08082	1.61112	0.175262	-1.1384	-0.084703
3.564	0.288347	1.84232	1.08031	1.61304	0.175262	-1.13564	-0.084703
3.582	0.288347	1.84153	1.07993	1.61499	0.175262	-1.13263	-0.084703
3.6	0.288347	1.84072	1.07951	1.61694	0.175262	-1.12953	-0.084703
3.618	0.288349	1.83997	1.07909	1.61895	0.175262	-1.12643	-0.084703
3.636	0.288347	1.83928	1.07856	1.62094	0.175262	-1.12331	-0.0847013
3.654	0.288349	1.83865	1.07805	1.62307	0.175262	-1.1199	-0.0847013
3.672	0.288347	1.83806	1.07746	1.62521	0.175262	-1.11637	-0.0847013
3.69	0.288347	1.83746	1.07686	1.62742	0.175262	-1.11286	-0.0847013
3.708	0.288347	1.83689	1.07623	1.6297	0.175262	-1.10954	-0.0847013
3.726	0.288347	1.83633	1.07557	1.63203	0.175262	-1.10635	-0.0847013
3.744	0.288347	1.83582	1.07487	1.6344	0.175262	-1.10328	-0.0846996
3.762	0.288347	1.83582	1.07487	1.6344	0.175262	-1.10328	-0.0846996
3.78	0.288347	1.83529	1.07412	1.63691	0.175262	-1.10024	-0.0846996
3.798	0.288349	1.83481	1.07332	1.63941	0.17526	-1.09714	-0.0846996
3.816	0.288347	1.83436	1.07242	1.64191	0.17526	-1.09417	-0.0846996
3.834	0.288347	1.83397	1.07159	1.6443	0.17526	-1.09152	-0.0846996
3.852	0.288347	1.83353	1.07058	1.64675	0.17526	-1.08911	-0.0846996
3.87	0.288346	1.83308	1.06958	1.6492	0.17526	-1.08716	-0.0846996
3.888	0.288347	1.83268	1.06851	1.65165	0.175258	-1.0852	-0.0846996
3.906	0.288347	1.83229	1.06742	1.65414	0.175258	-1.08326	-0.0846996
3.924	0.288347	1.83191	1.06631	1.65663	0.175256	-1.0812	-0.0846996
3.942	0.288347	1.83154	1.06504	1.65908	0.175256	-1.07911	-0.0846996
3.96	0.288347	1.83154	1.06504	1.65908	0.175256	-1.07911	-0.0846996
3.978	0.288347	1.83118	1.06382	1.66157	0.175254	-1.07687	-0.0846996
3.996	0.288347	1.83076	1.06262	1.66397	0.175254	-1.07466	-0.0846996
4.014	0.288347	1.83039	1.06145	1.6663	0.175254	-1.0726	-0.0846979
4.032	0.288347	1.82996	1.06019	1.6687	0.175254	-1.07062	-0.0846979
4.05	0.288347	1.82956	1.05898	1.67097	0.175252	-1.06894	-0.0846979
4.068	0.288347	1.82907	1.0577	1.6733	0.175252	-1.0673	-0.0846979
4.086	0.288347	1.82863	1.05649	1.67554	0.17525	-1.06567	-0.0846979
4.104	0.288347	1.82814	1.05527	1.67779	0.17525	-1.06412	-0.0846979
4.122	0.288347	1.82767	1.05403	1.68004	0.17525	-1.06231	-0.0846979
4.14	0.288347	1.8272	1.05277	1.68224	0.17525	-1.06051	-0.0846979
4.158	0.288349	1.82666	1.05155	1.68448	0.17525	-1.05839	-0.0846962
4.176	0.288349	1.82666	1.05155	1.68448	0.17525	-1.05839	-0.0846962
4.194	0.288347	1.82606	1.05047	1.68662	0.17525	-1.0564	-0.0846962
4.212	0.288349	1.82543	1.04934	1.68897	0.17525	-1.05427	-0.0846979
4.23	0.288347	1.8248	1.04825	1.69115	0.17525	-1.05248	-0.0846962
4.248	0.288349	1.82412	1.04713	1.69344	0.17525	-1.05058	-0.0846962
4.266	0.288347	1.82349	1.04605	1.69561	0.175248	-1.04912	-0.0846962
4.284	0.288349	1.82281	1.04493	1.69785	0.175248	-1.04746	-0.0846962
4.302	0.288349	1.82206	1.04386	1.70005	0.175248	-1.04573	-0.0846962
4.32	0.288351	1.82133	1.04286	1.70216	0.175248	-1.04384	-0.0846962
4.338	0.288351	1.82058	1.04173	1.7044	0.175246	-1.04157	-0.0846962
4.356	0.288351	1.81986	1.04072	1.70662	0.175246	-1.03903	-0.0846962
4.374	0.288351	1.81911	1.03962	1.70896	0.175246	-1.03628	-0.0846945
4.392	0.288351	1.81911	1.03962	1.70896	0.175246	-1.03628	-0.0846945
4.41	0.288351	1.81834	1.03854	1.71123	0.175246	-1.03337	-0.0846945
4.428	0.288351	1.81746	1.03746	1.71356	0.175246	-1.03037	-0.0846945
4.446	0.28835	1.81655	1.03642	1.71585	0.175244	-1.02747	-0.0846945
4.464	0.288351	1.81556	1.03541	1.71802	0.175244	-1.02437	-0.0846945
4.482	0.288351	1.8145	1.03438	1.72024	0.175244	-1.02103	-0.0846945
4.5	0.288351	1.8134	1.03338	1.72239	0.175244	-1.01746	-0.0846945
4.518	0.28835	1.81225	1.03241	1.72456	0.175244	-1.01379	-0.0846945
4.536	0.28835	1.81091	1.0315	1.72674	0.175242	-1.01018	-0.0846945
4.554	0.288351	1.80953	1.03065	1.72896	0.175242	-1.00659	-0.0846945
4.572	0.28835	1.80798	1.02972	1.73122	0.175242	-1.00295	-0.0846945
4.59	0.28835	1.80642	1.02895	1.73352	0.17524	-0.999041	-0.0846945
4.608	0.28835	1.80642	1.02895	1.73352	0.17524	-0.999041	-0.0846945
4.626	0.288351	1.8047	1.02821	1.73589	0.175238	-0.995097	-0.0846945
4.644	0.28835	1.80303	1.0275	1.73809	0.175238	-0.991255	-0.0846945
4.662	0.28835	1.80121	1.02679	1.74035	0.175238	-0.987652	-0.0846928
4.68	0.28835	1.7994	1.02614	1.74251	0.175234	-0.984188	-0.0846928
4.698	0.28835	1.79751	1.02542	1.74467	0.175234	-0.980614	-0.0846928
4.716	0.288349	1.79555	1.02478	1.74686	0.175215	-0.977217	-0.0846928
4.734	0.28835	1.79352	1.02418	1.74902	0.175201	-0.974064	-0.0846928
4.752	0.28835	1.79145	1.0235	1.75116	0.175162	-0.971272	-0.0846928
4.77	0.28835	1.78937	1.02292	1.75316	0.175074	-0.968852	-0.0846928
4.788	0.28835	1.78723	1.02227	1.7552	0.174851	-0.966638	-0.0846928
4.806	0.28835	1.78522	1.02171	1.75708	0.174612	-0.964391	-0.0846928
4.824	0.28835	1.78522	1.02171	1.75708	0.174612	-0.964391	-0.0846928
4.842	0.28835	1.78319	1.02103	1.75896	0.174313	-0.962208	-0.0846928
4.86	0.28835	1.78123	1.02048	1.76078	0.173865	-0.959789	-0.0846928
4.878	0.28835	1.77924	1.01985	1.76252	0.173405	-0.957563	-0.0846928
4.896	0.28835	1.77731	1.01926	1.76424	0.173109	-0.955274	-0.0846928
4.914	0.28835	1.77532	1.01856	1.76593	0.172722	-0.953146	-0.0846911
4.932	0.28835	1.77343	1.01792	1.76758	0.172248	-0.951095	-0.0846911
4.95	0.28835	1.77159	1.01722	1.76913	0.171632	-0.949055	-0.0846911
4.968	0.28835	1.76978	1.01661	1.77075	0.170736	-0.946941	-0.0846911
4.986	0.28835	1.76802	1.01597	1.77235	0.169585	-0.944496	-0.0846911
5.004	0.28835	1.76638	1.01533	1.77394	0.168096	-0.941924	-0.0846911
5.022	0.28835	1.76479	1.01474	1.77559	0.166394	-0.939103	-0.0846911
5.04	0.28835	1.76479	1.01474	1.77559	0.166394	-0.939103	-0.0846911
5.058	0.288349	1.76323	1.01405	1.77722	0.164915	-0.936319	-0.0846911
5.076	0.28835	1.76173	1.01343	1.77885	0.163344	-0.933734	-0.0846911
5.094	0.28835	1.76027	1.01273	1.78038	0.161542	-0.931433	-0.0846911
5.112	0.288349	1.75873	1.0121	1.78195	0.159589	-0.929203	-0.0846893
5.13	0.28835	1.75725	1.01137	1.78348	0.15774	-0.927114	-0.0846893
5.148	0.288349	1.75573	1.01061	1.78505	0.155691	-0.924926	-0.0846893
5.166	0.28835	1.75417	1.00985	1.78669	0.153492	-0.922764	-0.0846893
5.184	0.28835	1.75272	1.00903	1.78831	0.151428	-0.920443	-0.0846893
5.202	0.28835	1.75108	1.00814	1.78997	0.149154	-0.918324	-0.0846893
5.22	0.28835	1.74949	1.00725	1.79159	0.147027	-0.916235	-0.0846893
5.238	0.288349	1.74775	1.00618	1.79316	0.145178	-0.914506	-0.0846893
5.256	0.288349	1.74775	1.00618	1.79316	0.145178	-0.914506	-0.0846893
5.274	0.28835	1.74608	1.00522	1.79473	0.143511	-0.912749	-0.0846893
5.292	0.28835	1.74429	1.00413	1.79613	0.141907	-0.91127	-0.0846893
5.31	0.28835	1.74244	1.00302	1.79759	0.140909	-0.909494	-0.0846893
5.328	0.28835	1.74053	1.00177	1.79899	0.140378	-0.907724	-0.0846893
5.346	0.288349	1.73852	1.0006	1.80036	0.140034	-0.905534	-0.0846893
5.364	0.288349	1.73633	0.999419	1.80174	0.139793	-0.903032	-0.0846893
5.382	0.28835	1.73419	0.998268	1.80311	0.13958	-0.900099	-0.0846893
5.4	0.288349	1.7319	0.997175	1.80452	0.139306	-0.897084	-0.0846893
5.418	0.28835	1.72952	0.996178	1.80587	0.13888	-0.894	-0.0846893
5.436	0.28835	1.72714	0.995217	1.80716	0.13825	-0.890917	-0.0846876
5.454	0.28835	1.72478	0.994368	1.80851	0.137256	-0.887633	-0.0846876
5.472	0.28835	1.72478	0.994368	1.80851	0.137256	-0.887633	-0.0846876
5.49	0.28835	1.72236	0.993673	1.8099	0.135733	-0.883915	-0.0846876
5.508	0.288349	1.71995	0.993059	1.81132	0.133941	-0.879806	-0.0846876
5.526	0.288349	1.71742	0.992576	1.81276	0.131689	-0.875586	-0.0846876
5.544	0.28835	1.71484	0.992172	1.81424	0.128852	-0.871306	-0.0846876
5.562	0.288349	1.71226	0.99181	1.81566	0.125721	-0.866961	-0.0846876
5.58	0.288349	1.70956	0.991565	1.8172	0.122041	-0.862547	-0.0846876
5.598	0.28835	1.70682	0.991309	1.81868	0.118112	-0.858266	-0.0846876
5.616	0.288349	1.704	0.991103	1.8201	0.114042	-0.85435	-0.0846876
5.634	0.288349	1.7012	0.990849	1.82148	0.110062	-0.85085	-0.0846876
5.652	0.288349	1.69826	0.990448	1.82286	0.106581	-0.847613	-0.0846876
5.67	0.288342	1.69514	0.989987	1.82433	0.103488	-0.844591	-0.0846876
5.688	0.288342	1.69514	0.989987	1.82433	0.103488	-0.844591	-0.0846876
5.706	0.288344	1.69199	0.989488	1.8258	0.100917	-0.841729	-0.0846876
5.724	0.288344	1.68869	0.988967	1.82711	0.0985797	-0.839352	-0.0846876
5.742	0.288345	1.6854	0.988515	1.82838	0.0964485	-0.837487	-0.0846876
5.76	0.288345	1.68205	0.987951	1.82955	0.0943889	-0.836149	-0.0846859
5.778	0.288345	1.67868	0.987473	1.83069	0.0920736	-0.834896	-0.0846859
5.796	0.288345	1.6751	0.987	1.83174	0.0896724	-0.834143	-0.0846859
5.814	0.288346	1.67154	0.986472	1.83271	0.0870933	-0.833645	-0.0846859
5.832	0.288346	1.66802	0.985905	1.83365	0.0843116	-0.832989	-0.0846859
5.85	0.288346	1.66455	0.985446	1.83451	0.0814932	-0.831711	-0.0846859
5.868	0.288346	1.66107	0.985049	1.83533	0.0784048	-0.829824	-0.0846859
5.886	0.288346	1.65752	0.984629	1.83626	0.0754493	-0.827337	-0.0846859
5.904	0.288346	1.65752	0.984629	1.83626	0.0754493	-0.827337	-0.0846859
5.922	0.288347	1.65399	0.984175	1.83725	0.0723343	-0.82394	-0.0846859
5.94	0.288347	1.65054	0.983698	1.8383	0.0693829	-0.819844	-0.0846859
5.958	0.288347	1.64709	0.983271	1.83933	0.0662925	-0.815305	-0.0846859
5.976	0.288347	1.64367	0.982817	1.84041	0.0632961	-0.810458	-0.0846859
5.994	0.288347	1.64024	0.982256	1.84165	0.0600379	-0.805151	-0.0846859
6.012	0.288341	1.63672	0.981712	1.84289	0.0568063	-0.799391	-0.0846859
6.03	0.288338	1.63309	0.981244	1.84417	0.053315	-0.793799	-0.0846859
6.048	0.288344	1.62945	0.980704	1.8455	0.0500691	-0.788163	-0.0846859
6.066	0.288346	1.6259	0.980158	1.84679	0.0467925	-0.78263	-0.0846859
6.084	0.288345	1.62225	0.979513	1.84816	0.0438002	-0.777411	-0.0846859
6.102	0.288345	1.61848	0.978982	1.84944	0.0409409	-0.772521	-0.0846842
6.12	0.288345	1.61848	0.978982	1.84944	0.0409409	-0.772521	-0.0846842
6.138	0.288344	1.61457	0.978348	1.85073	0.0384149	-0.767987	-0.0846842
6.156	0.288344	1.61062	0.977814	1.85199	0.0358153	-0.763754	-0.0846842
6.174	0.288345	1.60665	0.977296	1.85314	0.0330971	-0.759876	-0.0846842
6.192	0.288345	1.60264	0.976808	1.85412	0.0303135	-0.756508	-0.0846842
6.21	0.288342	1.59844	0.976418	1.855	0.0273682	-0.753708	-0.0846842
6.228	0.288344	1.59415	0.976012	1.85589	0.0243003	-0.750998	-0.0846842
6.246	0.288344	1.5899	0.975693	1.85675	0.0209807	-0.748209	-0.0846842
6.264	0.288345	1.58577	0.9753	1.85746	0.0176898	-0.745204	-0.0846842
6.282	0.288345	1.58157	0.97487	1.85823	0.0143437	-0.742111	-0.0846842
6.3	0.288345	1.57725	0.974452	1.85899	0.0110733	-0.738927	-0.0846842
6.318	0.288345	1.57294	0.974087	1.85967	0.00765761	-0.735736	-0.0846842
6.336	0.288345	1.57294	0.974087	1.85967	0.00765761	-0.735736	-0.0846842
6.354	0.288346	1.56866	0.97369	1.86033	0.0040681	-0.732285	-0.0846842
6.372	0.288346	1.56447	0.973305	1.8611	0.000406993	-0.728319	-0.0846842
6.39	0.288346	1.56023	0.972807	1.86203	-0.00352202	-0.7237	-0.0846842
6.408	0.288344	1.55592	0.972307	1.86307	-0.00759627	-0.718675	-0.0846842
6.426	0.288346	1.55164	0.971894	1.86407	-0.0118873	-0.71335	-0.0846825
6.444	0.28835	1.54749	0.971315	1.86523	-0.0162254	-0.707688	-0.0846825
6.462	0.288349	1.54335	0.970581	1.86642	-0.020226	-0.701668	-0.0846825
6.48	0.288344	1.53902	0.969881	1.86757	-0.0240528	-0.695788	-0.0846825
6.498	0.288344	1.53463	0.969111	1.86877	-0.0280452	-0.689984	-0.0846825
6.516	0.288344	1.53036	0.968408	1.86984	-0.0319477	-0.684302	-0.0846808
6.534	0.288345	1.52607	0.967708	1.87082	-0.036026	-0.67918	-0.0846825
6.552	0.288345	1.52607	0.967708	1.87082	-0.036026	-0.67918	-0.0846825
6.57	0.288345	1.52172	0.966883	1.87165	-0.040356	-0.674645	-0.0846808
6.588	0.288341	1.51728	0.966075	1.87255	-0.0446756	-0.670404	-0.0846808
6.606	0.288338	1.51283	0.965405	1.87329	-0.0491753	-0.66653	-0.0846808
6.624	0.288341	1.50847	0.964667	1.87386	-0.0537261	-0.663334	-0.0846825
6.642	0.288342	1.50407	0.963906	1.87434	-0.0581972	-0.660762	-0.0846808
6.66	0.288341	1.49955	0.963106	1.87469	-0.0627725	-0.658879	-0.0846825
6.678	0.288333	1.49508	0.962303	1.87507	-0.0676035	-0.657445	-0.0846808
6.696	0.288333	1.49069	0.961551	1.87535	-0.0726554	-0.656603	-0.0846808
6.714	0.288338	1.48643	0.960741	1.87564	-0.0776705	-0.655722	-0.0846808
6.732	0.288338	1.48215	0.959783	1.87606	-0.0825731	-0.654447	-0.0846808
6.75	0.288338	1.47779	0.958754	1.87654	-0.0873898	-0.653067	-0.0846808
6.768	0.288338	1.47779	0.958754	1.87654	-0.0873898	-0.653067	-0.0846808
6.786	0.288338	1.47353	0.957801	1.87695	-0.0921472	-0.651388	-0.0846808
6.804	0.28834	1.46936	0.956765	1.87741	-0.0970028	-0.649111	-0.0846808
6.822	0.28834	1.46521	0.955726	1.87787	-0.101924	-0.646494	-0.0846808
6.84	0.288338	1.46097	0.954578	1.87829	-0.106859	-0.643703	-0.0846808
6.858	0.288332	1.45671	0.953436	1.87874	-0.111778	-0.640674	-0.0846791
6.876	0.288333	1.45253	0.952419	1.8791	-0.116566	-0.63748	-0.0846791
6.894	0.288336	1.44843	0.951352	1.87946	-0.121162	-0.633934	-0.0846791
6.912	0.288337	1.44432	0.950191	1.87991	-0.125629	-0.629915	-0.0846791
6.93	0.288336	1.44007	0.949011	1.88047	-0.130174	-0.625539	-0.0846791
6.948	0.288328	1.43589	0.947942	1.88099	-0.134716	-0.621058	-0.0846791
6.966	0.288328	1.43173	0.946893	1.88145	-0.139083	-0.616689	-0.0846791
6.984	0.288328	1.43173	0.946893	1.88145	-0.139083	-0.616689	-0.0846791
7.002	0.288329	1.42765	0.945956	1.88186	-0.143288	-0.612287	-0.0846791
7.02	0.288331	1.42349	0.944869	1.88226	-0.147405	-0.607855	-0.0846791
7.038	0.288274	1.41923	0.943891	1.88264	-0.151314	-0.603589	-0.0846791
7.056	0.288267	1.41504	0.943098	1.88289	-0.155407	-0.599713	-0.0846791
7.074	0.288267	1.41097	0.942371	1.88308	-0.159661	-0.596204	-0.0846791
7.092	0.288268	1.40686	0.941709	1.88327	-0.16406	-0.592851	-0.0846791
7.11	0.288266	1.4027	0.941065	1.88346	-0.16855	-0.58956	-0.0846791
7.128	0.28824	1.39849	0.9405	1.88368	-0.173066	-0.586463	-0.0846791
7.146	0.28824	1.39439	0.940077	1.8837	-0.177363	-0.583775	-0.0846791
7.164	0.288244	1.39041	0.939697	1.88372	-0.181531	-0.581569	-0.0846791
7.182	0.288245	1.3865	0.93919	1.88376	-0.185632	-0.57957	-0.0846774
7.2	0.288245	1.3865	0.93919	1.88376	-0.185632	-0.57957	-0.0846774
7.218	0.288236	1.38251	0.938695	1.88377	-0.189483	-0.57791	-0.0846774
7.236	0.288225	1.37851	0.938314	1.88379	-0.193419	-0.576074	-0.0846774
7.254	0.288227	1.37464	0.937966	1.88379	-0.197386	-0.574104	-0.0846774
7.272	0.288228	1.37095	0.937596	1.88379	-0.201183	-0.571873	-0.0846774
7.29	0.288228	1.36724	0.937112	1.8838	-0.204872	-0.569572	-0.0846774
7.308	0.288227	1.36357	0.936637	1.88382	-0.208229	-0.567082	-0.0846774
7.326	0.288218	1.3599	0.936271	1.88382	-0.211609	-0.564743	-0.0846774
7.344	0.288221	1.35638	0.935921	1.88382	-0.214931	-0.562432	-0.0846774
7.362	0.288222	1.35297	0.93548	1.88382	-0.218343	-0.560169	-0.0846774
7.38	0.288221	1.34963	0.935013	1.88382	-0.221877	-0.557963	-0.0846774
7.398	0.288217	1.3463	0.934617	1.88382	-0.225622	-0.555429	-0.0846774
7.416	0.288217	1.3463	0.934617	1.88382	-0.225622	-0.555429	-0.0846774
7.434	0.288204	1.34294	0.93428	1.88383	-0.229541	-0.552748	-0.0846774
7.452	0.288198	1.33959	0.933846	1.88386	-0.233329	-0.549923	-0.0846774
7.47	0.2882	1.33634	0.933338	1.88387	-0.237029	-0.547021	-0.0846774
7.488	0.2882	1.33311	0.932751	1.88387	-0.240452	-0.54428	-0.0846774
7.506	0.288199	1.32996	0.932139	1.88387	-0.243664	-0.54186	-0.0846774
7.524	0.288193	1.32686	0.93151	1.88387	-0.246772	-0.539586	-0.0846757
7.542	0.288182	1.32372	0.930891	1.88387	-0.249765	-0.537498	-0.0846757
7.56	0.288168	1.32057	0.93016	1.88387	-0.252831	-0.535421	-0.0846757
7.578	0.288168	1.31747	0.929451	1.88387	-0.25589	-0.533377	-0.0846757
7.596	0.288149	1.31441	0.928705	1.88388	-0.258907	-0.531408	-0.0846757
7.614	0.288148	1.31143	0.927989	1.88388	-0.261942	-0.529557	-0.0846757
7.632	0.288148	1.31143	0.927989	1.88388	-0.261942	-0.529557	-0.0846757
7.65	0.288145	1.30855	0.927144	1.88389	-0.264828	-0.527884	-0.0846757
7.668	0.288116	1.30565	0.926476	1.88389	-0.267686	-0.526665	-0.0846757
7.686	0.288092	1.30268	0.92565	1.88389	-0.270388	-0.525624	-0.0846757
7.704	0.288021	1.29985	0.924981	1.88389	-0.273267	-0.52464	-0.0846757
7.722	0.288004	1.29708	0.924274	1.88389	-0.276131	-0.524095	-0.0846757
7.74	0.287968	1.29438	0.923672	1.88389	-0.279317	-0.523766	-0.0846757
7.758	0.287933	1.29174	0.923101	1.88389	-0.282526	-0.523616	-0.0846757
7.776	0.287915	1.28923	0.922635	1.88389	-0.286206	-0.523503	-0.0846757
7.794	0.28789	1.28672	0.922242	1.88389	-0.289959	-0.523348	-0.0846757
7.812	0.287858	1.28419	0.921874	1.88389	-0.2937	-0.523092	-0.0846757
7.83	0.287858	1.28419	0.921874	1.88389	-0.2937	-0.523092	-0.0846757
7.848	0.287822	1.28176	0.921444	1.88389	-0.297169	-0.522704	-0.0846757
7.866	0.287745	1.27932	0.921006	1.88389	-0.300314	-0.52191	-0.0846757
7.884	0.287658	1.27693	0.920539	1.88389	-0.303196	-0.520684	-0.0846757
7.902	0.287562	1.27462	0.92002	1.88389	-0.305837	-0.519331	-0.084674
7.92	0.287437	1.27224	0.919394	1.8839	-0.308099	-0.517366	-0.084674
7.938	0.287248	1.26996	0.918789	1.8839	-0.310291	-0.514962	-0.084674
7.956	0.287038	1.26759	0.918109	1.8839	-0.312247	-0.512092	-0.084674
7.974	0.286748	1.26518	0.917451	1.88391	-0.314151	-0.508939	-0.084674
7.992	0.286374	1.26278	0.916776	1.88389	-0.316231	-0.505728	-0.084674
8.01	0.285917	1.26045	0.916152	1.88385	-0.318364	-0.502631	-0.084674
8.028	0.285352	1.25818	0.915583	1.88383	-0.320477	-0.499493	-0.084674
8.046	0.285352	1.25818	0.915583	1.88383	-0.320477	-0.499493	-0.084674
8.064	0.284695	1.25591	0.91507	1.8838	-0.322745	-0.496249	-0.084674
8.082	0.283984	1.25375	0.914646	1.88378	-0.324917	-0.492926	-0.084674
8.1	0.283157	1.25162	0.914219	1.88371	-0.327008	-0.48972	-0.084674
8.118	0.282264	1.24958	0.913876	1.88367	-0.329198	-0.486884	-0.084674
8.136	0.281218	1.24759	0.913636	1.8836	-0.331133	-0.48438	-0.084674
8.154	0.280056	1.24562	0.913407	1.88348	-0.332996	-0.482479	-0.084674
8.172	0.278792	1.24374	0.913249	1.8833	-0.334776	-0.480698	-0.084674
8.19	0.277452	1.24192	0.913081	1.88312	-0.336392	-0.479277	-0.084674
8.208	0.276029	1.24023	0.9129	1.88292	-0.337537	-0.477538	-0.084674
8.226	0.274499	1.23856	0.91272	1.88272	-0.338682	-0.475952	-0.084674
8.244	0.272868	1.23693	0.912507	1.88256	-0.339672	-0.474182	-0.084674
8.262	0.272868	1.23693	0.912507	1.88256	-0.339672	-0.474182	-0.084674
8.28	0.271236	1.23546	0.912211	1.88231	-0.340462	-0.472342	-0.084674
8.298	0.269449	1.23402	0.911905	1.88214	-0.341188	-0.470598	-0.084674
8.316	0.267566	1.23262	0.911499	1.88191	-0.341767	-0.468769	-0.084674
8.334	0.265564	1.23128	0.911207	1.8816	-0.342028	-0.467199	-0.084674
8.352	0.263524	1.23008	0.910855	1.88125	-0.342102	-0.465406	-0.084674
8.37	0.26138	1.22887	0.910546	1.88085	-0.342125	-0.4639	-0.084674
8.388	0.259154	1.22782	0.910231	1.88042	-0.342131	-0.462188	-0.084674
8.406	0.256791	1.22678	0.909806	1.87993	-0.342137	-0.460383	-0.084674
8.424	0.254329	1.22591	0.909448	1.87938	-0.342149	-0.458082	-0.0846723
8.442	0.25173	1.22501	0.908947	1.87882	-0.342176	-0.455481	-0.0846723
8.46	0.249024	1.22424	0.908321	1.87823	-0.342213	-0.452477	-0.0846723
8.478	0.249024	1.22424	0.908321	1.87823	-0.342213	-0.452477	-0.0846723
8.496	0.24619	1.22353	0.907636	1.87763	-0.342215	-0.449293	-0.0846723
8.514	0.243261	1.22292	0.906981	1.87694	-0.342215	-0.446172	-0.0846723
8.532	0.240255	1.22235	0.906166	1.87617	-0.342219	-0.443353	-0.0846723
8.55	0.237202	1.22185	0.905311	1.87536	-0.342219	-0.440506	-0.0846723
8.568	0.234014	1.22137	0.904377	1.8745	-0.342219	-0.437379	-0.0846723
8.586	0.230722	1.22098	0.903383	1.87355	-0.342217	-0.434072	-0.0846723
8.604	0.227321	1.22066	0.902369	1.87244	-0.342219	-0.430762	-0.0846723
8.622	0.2239	1.22039	0.901316	1.87114	-0.342217	-0.427866	-0.0846723
8.64	0.220401	1.22017	0.900232	1.86974	-0.342217	-0.425299	-0.0846723
8.658	0.216951	1.22004	0.899159	1.86822	-0.342217	-0.423017	-0.0846723
8.676	0.213375	1.21996	0.898007	1.86659	-0.342217	-0.420982	-0.0846723
8.694	0.213375	1.21996	0.898007	1.86659	-0.342217	-0.420982	-0.0846723
8.712	0.209814	1.21992	0.896868	1.86501	-0.342217	-0.418845	-0.0846723
8.73	0.20632	1.21993	0.895607	1.86336	-0.342217	-0.416735	-0.0846723
8.748	0.202818	1.21993	0.894397	1.86165	-0.342217	-0.414555	-0.0846706
8.766	0.199415	1.21994	0.893173	1.85981	-0.342217	-0.41263	-0.0846723
8.784	0.196012	1.21993	0.891956	1.85787	-0.342217	-0.410829	-0.0846706
8.802	0.1926	1.21991	0.890848	1.85581	-0.342215	-0.409528	-0.0846706
8.82	0.189264	1.2199	0.889753	1.85359	-0.342215	-0.408802	-0.0846706
8.838	0.186033	1.2199	0.888681	1.85128	-0.342215	-0.408092	-0.0846706
8.856	0.182946	1.21989	0.887575	1.849	-0.342215	-0.407372	-0.0846706
8.874	0.179892	1.21987	0.886609	1.84662	-0.342215	-0.406965	-0.0846706
8.892	0.176927	1.2198	0.885601	1.84431	-0.342215	-0.40687	-0.0846706
8.91	0.176927	1.2198	0.885601	1.84431	-0.342215	-0.40687	-0.0846706
8.928	0.17402	1.21971	0.884705	1.8421	-0.342213	-0.406873	-0.0846706
8.946	0.171306	1.21959	0.88378	1.84	-0.342213	-0.406875	-0.0846706
8.964	0.168644	1.21939	0.883032	1.83797	-0.342213	-0.406875	-0.0846706
8.982	0.166241	1.21917	0.882243	1.83598	-0.342211	-0.406873	-0.0846706
9	0.164007	1.21886	0.881607	1.83415	-0.342211	-0.406873	-0.0846706
9.018	0.161917	1.21848	0.88099	1.83238	-0.342209	-0.406868	-0.0846706
9.036	0.16002	1.21801	0.880512	1.83068	-0.342209	-0.406871	-0.0846706
9.054	0.158289	1.2174	0.880253	1.82907	-0.342206	-0.40687	-0.0846706
9.072	0.156711	1.2167	0.880002	1.82755	-0.342206	-0.40687	-0.0846706
9.09	0.155267	1.2158	0.879969	1.82612	-0.342204	-0.40687	-0.0846706
9.108	0.154119	1.21488	0.879973	1.82474	-0.342204	-0.406868	-0.0846706
9.126	0.154119	1.21488	0.879973	1.82474	-0.342204	-0.406868	-0.0846706
9.144	0.153109	1.21372	0.879995	1.82352	-0.342202	-0.406861	-0.0846706
9.162	0.152317	1.2126	0.879996	1.82241	-0.342202	-0.406837	-0.0846706
9.18	0.15163	1.21131	0.879987	1.82144	-0.342202	-0.406728	-0.0846706
9.198	0.151125	1.21002	0.879992	1.82046	-0.342202	-0.40672	-0.0846689
9.216	0.150863	1.20855	0.879992	1.81959	-0.342202	-0.406721	-0.0846689
9.234	0.150818	1.20703	0.879992	1.81883	-0.342202	-0.406721	-0.0846689
9.252	0.150829	1.2056	0.880011	1.81811	-0.342202	-0.406723	-0.0846689
9.27	0.150839	1.20433	0.880019	1.81743	-0.342202	-0.406723	-0.0846689
9.288	0.150864	1.20322	0.880016	1.81681	-0.3422	-0.406725	-0.0846689
9.306	0.150932	1.20217	0.880018	1.81629	-0.342202	-0.406725	-0.0846689
9.324	0.150965	1.20131	0.88002	1.81592	-0.342202	-0.406725	-0.0846689
9.342	0.150965	1.20131	0.88002	1.81592	-0.342202	-0.406725	-0.0846689
9.36	0.150964	1.20064	0.880022	1.81562	-0.342202	-0.406725	-0.0846689
9.378	0.150964	1.20013	0.880022	1.81542	-0.3422	-0.406725	-0.0846689
9.396	0.150964	1.19974	0.88002	1.81529	-0.3422	-0.406725	-0.0846689
9.414	0.150964	1.19943	0.88002	1.8152	-0.3422	-0.406723	-0.0846689
9.432	0.150963	1.19918	0.880022	1.81512	-0.3422	-0.406723	-0.0846706
9.45	0.150964	1.199	0.880022	1.81506	-0.3422	-0.40672	-0.0846689
9.468	0.150964	1.19881	0.880022	1.81502	-0.342198	-0.406699	-0.0846689
9.486	0.150964	1.19855	0.880022	1.81498	-0.342198	-0.406629	-0.0846689
9.504	0.150963	1.19821	0.880022	1.81493	-0.342198	-0.40652	-0.0846689
9.522	0.150963	1.19781	0.880022	1.81478	-0.342198	-0.406425	-0.0846689
9.54	0.15096	1.19734	0.880022	1.81459	-0.342196	-0.406389	-0.0846689
9.558	0.15096	1.19734	0.880022	1.81459	-0.342196	-0.406389	-0.0846689
9.576	0.15096	1.19684	0.880022	1.81434	-0.342194	-0.40636	-0.0846689
9.594	0.15096	1.19625	0.880022	1.81404	-0.342192	-0.406343	-0.0846689
9.612	0.15096	1.19569	0.880025	1.81367	-0.342192	-0.406343	-0.0846689
9.63	0.15096	1.19512	0.880027	1.81329	-0.34219	-0.406351	-0.0846689
9.648	0.15096	1.19457	0.880037	1.81292	-0.342188	-0.406355	-0.0846689
9.666	0.150959	1.19404	0.880038	1.81263	-0.342186	-0.406356	-0.0846689
9.684	0.150959	1.19358	0.880043	1.8124	-0.342184	-0.406356	-0.0846689
9.702	0.150959	1.1932	0.880042	1.81225	-0.342174	-0.406356	-0.0846689
9.72	0.150959	1.19297	0.880042	1.81221	-0.342143	-0.406355	-0.0846689
9.738	0.15096	1.19294	0.880037	1.8122	-0.342061	-0.406355	-0.0846689
9.756	0.15096	1.193	0.880038	1.81219	-0.341994	-0.406355	-0.0846689
9.774	0.15096	1.193	0.880038	1.81219	-0.341994	-0.406355	-0.0846689
9.792	0.15096	1.19309	0.880038	1.81218	-0.341926	-0.406356	-0.0846689
9.81	0.150962	1.1932	0.880038	1.81218	-0.3419	-0.406358	-0.0846689
9.828	0.150962	1.19333	0.880043	1.81218	-0.341885	-0.406365	-0.0846672
9.846	0.150963	1.19351	0.880046	1.81218	-0.341869	-0.406374	-0.0846672
9.864	0.150969	1.19376	0.880047	1.81218	-0.341863	-0.406384	-0.0846672
9.882	0.15097	1.19407	0.880048	1.81219	-0.341861	-0.406401	-0.0846672
9.9	0.15097	1.19441	0.880062	1.81223	-0.341857	-0.406423	-0.0846672
9.918	0.15097	1.19486	0.880082	1.81233	-0.341851	-0.406447	-0.0846672
9.936	0.15097	1.1954	0.880083	1.81254	-0.341777	-0.406459	-0.0846672
9.954	0.15097	1.19598	0.880079	1.81273	-0.341613	-0.406471	-0.0846672
9.972	0.150972	1.19656	0.880084	1.81291	-0.34157	-0.406472	-0.0846672
9.99	0.150972	1.19656	0.880084	1.81291	-0.34157	-0.406472	-0.0846672
10.008	0.150973	1.1972	0.880088	1.81308	-0.341568	-0.406474	-0.0846672
10.026	0.150973	1.19778	0.880087	1.81326	-0.34157	-0.406474	-0.0846672
10.044	0.150972	1.19833	0.880088	1.81337	-0.34157	-0.406474	-0.0846672
10.062	0.150973	1.19885	0.880087	1.81346	-0.34157	-0.406474	-0.0846672
10.08	0.150973	1.19931	0.880083	1.81351	-0.34157	-0.406474	-0.0846672
10.098	0.150972	1.19971	0.880084	1.81354	-0.341572	-0.406474	-0.0846672
10.116	0.150972	1.20013	0.880084	1.81354	-0.341572	-0.406474	-0.0846672
10.134	0.150972	1.20042	0.880085	1.81354	-0.341572	-0.406474	-0.0846672
10.152	0.150972	1.20069	0.880085	1.81354	-0.341572	-0.406472	-0.0846672
10.17	0.150972	1.20085	0.880085	1.81354	-0.341572	-0.406472	-0.0846655
10.188	0.150972	1.20093	0.880088	1.81354	-0.341572	-0.406471	-0.0846655
10.206	0.150972	1.20093	0.880088	1.81354	-0.341572	-0.406471	-0.0846655
10.224	0.150972	1.20098	0.880087	1.81354	-0.341572	-0.406471	-0.0846655
10.242	0.150972	1.20098	0.880087	1.81354	-0.341572	-0.406471	-0.0846655
10.26	0.150972	1.20097	0.880085	1.81354	-0.341572	-0.406471	-0.0846655
10.278	0.150972	1.20096	0.880084	1.81354	-0.341572	-0.406471	-0.0846655
10.296	0.150972	1.20096	0.880085	1.81354	-0.341572	-0.406471	-0.0846655
10.314	0.150972	1.20096	0.880088	1.81354	-0.341572	-0.406469	-0.0846655
10.332	0.150972	1.20097	0.880089	1.81354	-0.341572	-0.406467	-0.0846655
10.35	0.150972	1.20097	0.880089	1.81354	-0.341572	-0.406467	-0.0846655
10.368	0.150972	1.20098	0.880088	1.81354	-0.341572	-0.406467	-0.0846655
10.386	0.150972	1.20098	0.880088	1.81354	-0.341572	-0.406467	-0.0846655
10.404	0.150972	1.20097	0.880088	1.81354	-0.341572	-0.406467	-0.0846655
10.422	0.150972	1.20097	0.880088	1.81354	-0.341572	-0.406467	-0.0846655
10.44	0.150972	1.20098	0.880088	1.81354	-0.341572	-0.406467	-0.0846655
10.458	0.150972	1.20098	0.880088	1.81354	-0.341572	-0.406467	-0.0846655
10.476	0.150972	1.20097	0.880088	1.81354	-0.341572	-0.406467	-0.0846655
10.494	0.150972	1.20098	0.880088	1.81354	-0.341572	-0.406467	-0.0846655
10.512	0.150972	1.20098	0.880088	1.81354	-0.341572	-0.406467	-0.0846655
10.53	0.150972	1.20098	0.880088	1.81354	-0.341572	-0.406466	-0.0846655
10.548	0.150972	1.20099	0.880088	1.81352	-0.341572	-0.406466	-0.0846655
10.566	0.150972	1.201	0.880093	1.81351	-0.341572	-0.406466	-0.0846638
10.584	0.150972	1.201	0.880116	1.81351	-0.34157	-0.406466	-0.0846655
10.602	0.150972	1.201	0.880125	1.81351	-0.341572	-0.406466	-0.0846655
10.62	0.150972	1.20101	0.880121	1.8135	-0.341572	-0.406466	-0.0846655
10.638	0.150972	1.20101	0.880121	1.8135	-0.341572	-0.406466	-0.0846655
10.656	0.150972	1.20101	0.880119	1.81348	-0.341572	-0.406466	-0.0846655
10.674	0.150972	1.20101	0.88012	1.81346	-0.341572	-0.406466	-0.0846655
10.692	0.150973	1.20101	0.880121	1.81346	-0.341572	-0.406466	-0.0846655
10.71	0.150972	1.20101	0.880123	1.81346	-0.341572	-0.406466	-0.0846638
10.728	0.150972	1.20101	0.880123	1.81346	-0.34157	-0.406466	-0.0846638
10.746	0.150972	1.20101	0.880123	1.81346	-0.341572	-0.406466	-0.0846638
10.764	0.150973	1.20101	0.88012	1.81346	-0.341572	-0.406466	-0.0846638
10.782	0.150973	1.20101	0.88012	1.81346	-0.341572	-0.406466	-0.0846638
10.8	0.150973	1.20101	0.880121	1.81346	-0.341572	-0.406466	-0.0846638
10.818	0.150973	1.20102	0.880123	1.81347	-0.341572	-0.406466	-0.0846638
10.836	0.150973	1.20102	0.880123	1.81347	-0.341572	-0.406466	-0.0846638
10.854	0.150973	1.20102	0.880123	1.81347	-0.341572	-0.406466	-0.0846638
10.872	0.150973	1.20101	0.880123	1.81347	-0.341572	-0.406466	-0.0846638
10.89	0.150973	1.20101	0.880123	1.81347	-0.341572	-0.406466	-0.0846638
10.908	0.150973	1.20102	0.880121	1.81347	-0.341572	-0.406466	-0.0846638
10.926	0.150973	1.20102	0.880121	1.81347	-0.341572	-0.406466	-0.0846638
10.944	0.150973	1.20101	0.880123	1.81347	-0.341572	-0.406466	-0.0846638
10.962	0.150973	1.20101	0.880124	1.81347	-0.341572	-0.406466	-0.0846638
10.98	0.150973	1.20102	0.880125	1.81347	-0.341572	-0.406466	-0.0846638
10.998	0.150973	1.20102	0.880124	1.81347	-0.341572	-0.406466	-0.0846638
11.016	0.150974	1.20102	0.880121	1.81347	-0.341572	-0.406466	-0.0846638
11.034	0.150974	1.20102	0.880121	1.81346	-0.341572	-0.406466	-0.0846638
11.052	0.150974	1.20102	0.880123	1.81347	-0.341572	-0.406466	-0.0846638
11.07	0.150974	1.20102	0.880123	1.81347	-0.341572	-0.406466	-0.0846638
11.088	0.150974	1.20102	0.880126	1.81347	-0.341572	-0.406466	-0.0846638
11.106	0.150974	1.20102	0.88013	1.81347	-0.341572	-0.406466	-0.0846638
11.124	0.150974	1.20103	0.880128	1.81347	-0.341572	-0.406466	-0.0846638
11.142	0.150974	1.20103	0.880125	1.81347	-0.341572	-0.406466	-0.0846621
11.16	0.150976	1.20102	0.880125	1.81347	-0.341572	-0.406466	-0.0846638
11.178	0.150976	1.20103	0.880126	1.81347	-0.341572	-0.406466	-0.0846638
11.196	0.150974	1.20103	0.880126	1.81347	-0.341572	-0.406466	-0.0846638
11.214	0.150974	1.20103	0.880126	1.81347	-0.341572	-0.406466	-0.0846638
11.232	0.150974	1.20103	0.880126	1.81347	-0.341572	-0.406466	-0.0846638
11.25	0.150974	1.20102	0.880126	1.81347	-0.341572	-0.406466	-0.0846638
11.268	0.150974	1.20102	0.880125	1.81347	-0.341572	-0.406466	-0.0846638
11.286	0.150974	1.20102	0.880125	1.81347	-0.341572	-0.406466	-0.0846638
11.304	0.150974	1.20103	0.880126	1.81347	-0.341572	-0.406466	-0.0846638
11.322	0.150974	1.20103	0.880126	1.81347	-0.341572	-0.406466	-0.0846638
11.34	0.150974	1.20103	0.880126	1.81347	-0.341572	-0.406466	-0.0846638
11.358	0.150974	1.20103	0.880126	1.81347	-0.341572	-0.406466	-0.0846621
11.376	0.150974	1.20103	0.880126	1.81347	-0.341572	-0.406466	-0.0846621
11.394	0.150976	1.20103	0.880125	1.81347	-0.341572	-0.406466	-0.0846621
11.412	0.150976	1.20103	0.880125	1.81347	-0.341572	-0.406466	-0.0846621
11.43	0.150976	1.20103	0.880126	1.81347	-0.341572	-0.406466	-0.0846621
11.448	0.150976	1.20103	0.880126	1.81347	-0.341572	-0.406466	-0.0846621
11.466	0.150976	1.20103	0.880126	1.81347	-0.341572	-0.406466	-0.0846621
11.484	0.150976	1.20103	0.880126	1.81347	-0.341572	-0.406466	-0.0846621
11.502	0.150976	1.20103	0.880126	1.81347	-0.341572	-0.406466	-0.0846621
11.52	0.150976	1.20103	0.880126	1.81347	-0.341572	-0.406466	-0.0846621
11.538	0.150976	1.20103	0.880125	1.81347	-0.341572	-0.406466	-0.0846621
11.556	0.150976	1.20103	0.880126	1.81347	-0.341572	-0.406466	-0.0846621
11.574	0.150976	1.20103	0.880126	1.81347	-0.341572	-0.406466	-0.0846621
11.592	0.150976	1.20104	0.880128	1.81347	-0.341572	-0.406466	-0.0846621
11.61	0.150976	1.20104	0.880126	1.81347	-0.341572	-0.406466	-0.0846621
11.628	0.150976	1.20103	0.880126	1.81347	-0.341572	-0.406466	-0.0846621
11.646	0.150976	1.20103	0.880126	1.81347	-0.341572	-0.406466	-0.0846621
11.664	0.150976	1.20103	0.880126	1.81347	-0.341572	-0.406466	-0.0846621
11.682	0.150976	1.20103	0.880126	1.81347	-0.341572	-0.406466	-0.0846621
11.7	0.150976	1.20103	0.880126	1.81347	-0.341572	-0.406466	-0.0846621
11.718	0.150976	1.20103	0.880126	1.81347	-0.341572	-0.406466	-0.0846621
11.736	0.150976	1.20103	0.880126	1.81347	-0.341572	-0.406466	-0.0846621
11.754	0.150976	1.20103	0.880126	1.81347	-0.341572	-0.406466	-0.0846621
11.772	0.150976	1.20103	0.880126	1.81347	-0.341572	-0.406466	-0.0846621
11.79	0.150976	1.20104	0.880126	1.81347	-0.341572	-0.406466	-0.0846621
11.808	0.150976	1.20104	0.880126	1.81347	-0.341572	-0.406466	-0.0846621
11.826	0.150976	1.20103	0.880126	1.81347	-0.341572	-0.406466	-0.0846621
11.844	0.150976	1.20103	0.880126	1.81347	-0.341572	-0.406466	-0.0846621
11.862	0.150977	1.20104	0.880126	1.81347	-0.341572	-0.406466	-0.0846621
11.88	0.150976	1.20104	0.880126	1.81347	-0.341572	-0.406466	-0.0846621
11.898	0.150977	1.20104	0.880126	1.81347	-0.341572	-0.406466	-0.0846621
11.916	0.150977	1.20104	0.880126	1.81347	-0.341572	-0.406466	-0.0846621
11.934	0.150977	1.20104	0.880126	1.81347	-0.341572	-0.406466	-0.0846621
11.952	0.150977	1.20104	0.880126	1.81347	-0.341572	-0.406466	-0.0846604
11.97	0.150977	1.20104	0.880126	1.81347	-0.341572	-0.406466	-0.0846604
11.988	0.150977	1.20104	0.880126	1.81347	-0.34157	-0.406466	-0.0846604
12.006	0.150977	1.20104	0.880126	1.81347	-0.341572	-0.406466	-0.0846604
12.024	0.150977	1.20104	0.880126	1.81347	-0.341572	-0.406466	-0.0846604
12.042	0.150977	1.20104	0.880126	1.81347	-0.341572	-0.406466	-0.0846604
12.06	0.150977	1.20104	0.880126	1.81347	-0.341572	-0.406466	-0.0846604
12.078	0.150977	1.20104	0.880126	1.81347	-0.341572	-0.406466	-0.0846604
12.096	0.150977	1.20104	0.880126	1.81347	-0.341572	-0.406466	-0.0846604
12.114	0.150977	1.20104	0.880126	1.81347	-0.341572	-0.406466	-0.0846604
12.132	0.150977	1.20104	0.880126	1.81347	-0.341572	-0.406466	-0.0846604
12.15	0.150977	1.20104	0.880126	1.81347	-0.34157	-0.406466	-0.0846604
12.168	0.150977	1.20104	0.880126	1.81347	-0.341572	-0.406466	-0.0846604
12.186	0.150977	1.20104	0.880126	1.81347	-0.341572	-0.406466	-0.0846604
12.204	0.150977	1.20104	0.880126	1.81347	-0.341572	-0.406466	-0.0846604
12.222	0.150977	1.20104	0.880126	1.81347	-0.34157	-0.406466	-0.0846604
12.24	0.150977	1.20104	0.880126	1.81347	-0.341572	-0.406466	-0.0846604
12.258	0.150977	1.20104	0.880126	1.81347	-0.341572	-0.406466	-0.0846604
12.276	0.150977	1.20104	0.880126	1.81347	-0.341572	-0.406466	-0.0846604
12.294	0.150977	1.20104	0.880126	1.81347	-0.341572	-0.406466	-0.0846604
12.312	0.150977	1.20104	0.880126	1.81347	-0.341572	-0.406466	-0.0846604
