   0.0000000e+00   1.6918979e-09
   5.0000000e-02   2.5000002e-02
   1.0000000e-01   5.0000002e-02
   1.5000000e-01   7.5000003e-02
   2.0000000e-01   1.0000000e-01
   2.5000000e-01   1.2500000e-01
   3.0000000e-01   1.5000000e-01
   3.5000000e-01   1.7500000e-01
   4.0000000e-01   2.0000001e-01
   4.5000000e-01   2.2500001e-01
   5.0000000e-01   2.5000001e-01
   5.5000000e-01   2.7500001e-01
   6.0000000e-01   3.0000001e-01
   6.5000000e-01   3.2500001e-01
   7.0000000e-01   3.5000001e-01
   7.5000000e-01   3.7500002e-01
   8.0000000e-01   4.0000002e-01
   8.5000000e-01   4.2500002e-01
   9.0000000e-01   4.5000002e-01
   9.5000000e-01   4.7500003e-01
   1.0000000e+00   5.0000003e-01
   1.0500000e+00   5.2500004e-01
   1.1000000e+00   5.5000004e-01
   1.1500000e+00   5.7500005e-01
   1.2000000e+00   6.0000005e-01
   1.2500000e+00   6.2500006e-01
   1.3000000e+00   6.5000007e-01
   1.3500000e+00   6.7500008e-01
   1.4000000e+00   7.0000009e-01
   1.4500000e+00   7.2500011e-01
   1.5000000e+00   7.5000012e-01
   1.5500000e+00   7.7500014e-01
   1.6000000e+00   8.0000016e-01
   1.6500000e+00   8.2500018e-01
   1.7000000e+00   8.5000021e-01
   1.7500000e+00   8.7500024e-01
   1.8000000e+00   9.0000027e-01
   1.8500000e+00   9.2500031e-01
   1.9000000e+00   9.5000035e-01
   1.9500000e+00   9.7500040e-01
   2.0000000e+00   1.0000005e+00
   2.0500000e+00   1.0250005e+00
   2.1000000e+00   1.0500006e+00
   2.1500000e+00   1.0750007e+00
   2.2000000e+00   1.1000008e+00
   2.2500000e+00   1.1250009e+00
   2.3000000e+00   1.1500010e+00
   2.3500000e+00   1.1750011e+00
   2.4000000e+00   1.2000013e+00
   2.4500000e+00   1.2250014e+00
   2.5000000e+00   1.2500016e+00
   2.5500000e+00   1.2750019e+00
   2.6000000e+00   1.3000021e+00
   2.6500000e+00   1.3250024e+00
   2.7000000e+00   1.3500027e+00
   2.7500000e+00   1.3750030e+00
   2.8000000e+00   1.4000034e+00
   2.8500000e+00   1.4250039e+00
   2.9000000e+00   1.4500044e+00
   2.9500000e+00   1.4750049e+00
   3.0000000e+00   1.5000056e+00
   3.0500000e+00   1.5250063e+00
   3.1000000e+00   1.5500071e+00
   3.1500000e+00   1.5750080e+00
   3.2000000e+00   1.6000090e+00
   3.2500000e+00   1.6250101e+00
   3.3000000e+00   1.6500113e+00
   3.3500000e+00   1.6750128e+00
   3.4000000e+00   1.7000143e+00
   3.4500000e+00   1.7250161e+00
   3.5000000e+00   1.7500180e+00
   3.5500000e+00   1.7750202e+00
   3.6000000e+00   1.8000227e+00
   3.6500000e+00   1.8250254e+00
   3.7000000e+00   1.8500285e+00
   3.7500000e+00   1.8750319e+00
   3.8000000e+00   1.9000357e+00
   3.8500000e+00   1.9250399e+00
   3.9000000e+00   1.9500446e+00
   3.9500000e+00   1.9750498e+00
   4.0000000e+00   2.0000556e+00
   4.0500000e+00   2.0250620e+00
   4.1000000e+00   2.0500692e+00
   4.1500000e+00   2.0750772e+00
   4.2000000e+00   2.1000860e+00
   4.2500000e+00   2.1250958e+00
   4.3000000e+00   2.1501066e+00
   4.3500000e+00   2.1751186e+00
   4.4000000e+00   2.2001319e+00
   4.4500000e+00   2.2251466e+00
   4.5000000e+00   2.2501629e+00
   4.5500000e+00   2.2751809e+00
   4.6000000e+00   2.3002008e+00
   4.6500000e+00   2.3252227e+00
   4.7000000e+00   2.3502469e+00
   4.7500000e+00   2.3752736e+00
   4.8000000e+00   2.4003031e+00
   4.8500000e+00   2.4253356e+00
   4.9000000e+00   2.4503713e+00
   4.9500000e+00   2.4754107e+00
   5.0000000e+00   2.5004540e+00
   5.0500000e+00   2.5255016e+00
   5.1000000e+00   2.5505540e+00
   5.1500000e+00   2.5756115e+00
   5.2000000e+00   2.6006746e+00
   5.2500000e+00   2.6257439e+00
   5.3000000e+00   2.6508198e+00
   5.3500000e+00   2.6759031e+00
   5.4000000e+00   2.7009944e+00
   5.4500000e+00   2.7260943e+00
   5.5000000e+00   2.7512036e+00
   5.5500000e+00   2.7763232e+00
   5.6000000e+00   2.8014540e+00
   5.6500000e+00   2.8265969e+00
   5.7000000e+00   2.8517530e+00
   5.7500000e+00   2.8769234e+00
   5.8000000e+00   2.9021093e+00
   5.8500000e+00   2.9273119e+00
   5.9000000e+00   2.9525328e+00
   5.9500000e+00   2.9777734e+00
   6.0000000e+00   3.0030354e+00
   6.0500000e+00   3.0283204e+00
   6.1000000e+00   3.0536304e+00
   6.1500000e+00   3.0789673e+00
   6.2000000e+00   3.1043333e+00
   6.2500000e+00   3.1297308e+00
   6.3000000e+00   3.1551621e+00
   6.3500000e+00   3.1806299e+00
   6.4000000e+00   3.2061370e+00
   6.4500000e+00   3.2316865e+00
   6.5000000e+00   3.2572815e+00
   6.5500000e+00   3.2829255e+00
   6.6000000e+00   3.3086222e+00
   6.6500000e+00   3.3343754e+00
   6.7000000e+00   3.3601893e+00
   6.7500000e+00   3.3860684e+00
   6.8000000e+00   3.4120172e+00
   6.8500000e+00   3.4380409e+00
   6.9000000e+00   3.4641447e+00
   6.9500000e+00   3.4903343e+00
   7.0000000e+00   3.5166156e+00
   7.0500000e+00   3.5429949e+00
   7.1000000e+00   3.5694791e+00
   7.1500000e+00   3.5960751e+00
   7.2000000e+00   3.6227904e+00
   7.2500000e+00   3.6496331e+00
   7.3000000e+00   3.6766114e+00
   7.3500000e+00   3.7037343e+00
   7.4000000e+00   3.7310110e+00
   7.4500000e+00   3.7584513e+00
   7.5000000e+00   3.7860656e+00
   7.5500000e+00   3.8138649e+00
   7.6000000e+00   3.8418604e+00
   7.6500000e+00   3.8700643e+00
   7.7000000e+00   3.8984892e+00
   7.7500000e+00   3.9271482e+00
   7.8000000e+00   3.9560554e+00
   7.8500000e+00   3.9852252e+00
   7.9000000e+00   4.0146728e+00
   7.9500000e+00   4.0444141e+00
   8.0000000e+00   4.0744658e+00
   8.0500000e+00   4.1048452e+00
   8.1000000e+00   4.1355705e+00
   8.1500000e+00   4.1666604e+00
   8.2000000e+00   4.1981346e+00
   8.2500000e+00   4.2300137e+00
   8.3000000e+00   4.2623187e+00
   8.3500000e+00   4.2950719e+00
   8.4000000e+00   4.3282960e+00
   8.4500000e+00   4.3620150e+00
   8.5000000e+00   4.3962533e+00
   8.5500000e+00   4.4310366e+00
   8.6000000e+00   4.4663910e+00
   8.6500000e+00   4.5023438e+00
   8.7000000e+00   4.5389232e+00
   8.7500000e+00   4.5761579e+00
   8.8000000e+00   4.6140780e+00
   8.8500000e+00   4.6527140e+00
   8.9000000e+00   4.6920975e+00
   8.9500000e+00   4.7322608e+00
   9.0000000e+00   4.7732372e+00
   9.0500000e+00   4.8150607e+00
   9.1000000e+00   4.8577662e+00
   9.1500000e+00   4.9013891e+00
   9.2000000e+00   4.9459660e+00
   9.2500000e+00   4.9915337e+00
   9.3000000e+00   5.0381300e+00
   9.3500000e+00   5.0857934e+00
   9.4000000e+00   5.1345628e+00
   9.4500000e+00   5.1844777e+00
   9.5000000e+00   5.2355782e+00
   9.5500000e+00   5.2879049e+00
   9.6000000e+00   5.3414985e+00
   9.6500000e+00   5.3964005e+00
   9.7000000e+00   5.4526523e+00
   9.7500000e+00   5.5102956e+00
   9.8000000e+00   5.5693723e+00
   9.8500000e+00   5.6299243e+00
   9.9000000e+00   5.6919934e+00
   9.9500000e+00   5.7556215e+00
   1.0000000e+01   5.8208500e+00
   1.0050000e+01   5.8877202e+00
   1.0100000e+01   5.9562728e+00
   1.0150000e+01   6.0265482e+00
   1.0200000e+01   6.0985861e+00
   1.0250000e+01   6.1724253e+00
   1.0300000e+01   6.2481040e+00
   1.0350000e+01   6.3256593e+00
   1.0400000e+01   6.4051272e+00
   1.0450000e+01   6.4865424e+00
   1.0500000e+01   6.5699384e+00
   1.0550000e+01   6.6553472e+00
   1.0600000e+01   6.7427992e+00
   1.0650000e+01   6.8323228e+00
   1.0700000e+01   6.9239448e+00
   1.0750000e+01   7.0176899e+00
   1.0800000e+01   7.1135806e+00
   1.0850000e+01   7.2116370e+00
   1.0900000e+01   7.3118770e+00
   1.0950000e+01   7.4143155e+00
   1.1000000e+01   7.5189652e+00
   1.1050000e+01   7.6258354e+00
   1.1100000e+01   7.7349328e+00
   1.1150000e+01   7.8462608e+00
   1.1200000e+01   7.9598194e+00
   1.1250000e+01   8.0756054e+00
   1.1300000e+01   8.1936119e+00
   1.1350000e+01   8.3138286e+00
   1.1400000e+01   8.4362410e+00
   1.1450000e+01   8.5608312e+00
   1.1500000e+01   8.6875770e+00
   1.1550000e+01   8.8164522e+00
   1.1600000e+01   8.9474264e+00
   1.1650000e+01   9.0804649e+00
   1.1700000e+01   9.2155288e+00
   1.1750000e+01   9.3525746e+00
   1.1800000e+01   9.4915544e+00
   1.1850000e+01   9.6324158e+00
   1.1900000e+01   9.7751018e+00
   1.1950000e+01   9.9195508e+00
   1.2000000e+01   1.0065697e+01
   1.2050000e+01   1.0213468e+01
   1.2100000e+01   1.0362790e+01
   1.2150000e+01   1.0513583e+01
   1.2200000e+01   1.0665760e+01
   1.2250000e+01   1.0819235e+01
   1.2300000e+01   1.0973911e+01
   1.2350000e+01   1.1129692e+01
   1.2400000e+01   1.1286475e+01
   1.2450000e+01   1.1444153e+01
   1.2500000e+01   1.1602614e+01
   1.2550000e+01   1.1761745e+01
   1.2600000e+01   1.1921424e+01
   1.2650000e+01   1.2081531e+01
   1.2700000e+01   1.2241939e+01
   1.2750000e+01   1.2402517e+01
   1.2800000e+01   1.2563132e+01
   1.2850000e+01   1.2723649e+01
   1.2900000e+01   1.2883927e+01
   1.2950000e+01   1.3043826e+01
   1.3000000e+01   1.3203200e+01
   1.3050000e+01   1.3361905e+01
   1.3100000e+01   1.3519790e+01
   1.3150000e+01   1.3676706e+01
   1.3200000e+01   1.3832502e+01
   1.3250000e+01   1.3987025e+01
   1.3300000e+01   1.4140122e+01
   1.3350000e+01   1.4291638e+01
   1.3400000e+01   1.4441420e+01
   1.3450000e+01   1.4589312e+01
   1.3500000e+01   1.4735162e+01
   1.3550000e+01   1.4878816e+01
   1.3600000e+01   1.5020122e+01
   1.3650000e+01   1.5158930e+01
   1.3700000e+01   1.5295089e+01
   1.3750000e+01   1.5428453e+01
   1.3800000e+01   1.5558877e+01
   1.3850000e+01   1.5686219e+01
   1.3900000e+01   1.5810340e+01
   1.3950000e+01   1.5931102e+01
   1.4000000e+01   1.6048374e+01
   1.4050000e+01   1.6162027e+01
   1.4100000e+01   1.6271937e+01
   1.4150000e+01   1.6377983e+01
   1.4200000e+01   1.6480050e+01
   1.4250000e+01   1.6578028e+01
   1.4300000e+01   1.6671811e+01
   1.4350000e+01   1.6761301e+01
   1.4400000e+01   1.6846403e+01
   1.4450000e+01   1.6927030e+01
   1.4500000e+01   1.7003099e+01
   1.4550000e+01   1.7074537e+01
   1.4600000e+01   1.7141273e+01
   1.4650000e+01   1.7203247e+01
   1.4700000e+01   1.7260404e+01
   1.4750000e+01   1.7312695e+01
   1.4800000e+01   1.7360080e+01
   1.4850000e+01   1.7402525e+01
   1.4900000e+01   1.7440005e+01
   1.4950000e+01   1.7472500e+01
   1.5000000e+01   1.7500000e+01
   1.5050000e+01   1.7522500e+01
   1.5100000e+01   1.7540005e+01
   1.5150000e+01   1.7552525e+01
   1.5200000e+01   1.7560080e+01
   1.5250000e+01   1.7562695e+01
   1.5300000e+01   1.7560404e+01
   1.5350000e+01   1.7553247e+01
   1.5400000e+01   1.7541273e+01
   1.5450000e+01   1.7524537e+01
   1.5500000e+01   1.7503099e+01
   1.5550000e+01   1.7477030e+01
   1.5600000e+01   1.7446403e+01
   1.5650000e+01   1.7411301e+01
   1.5700000e+01   1.7371811e+01
   1.5750000e+01   1.7328028e+01
   1.5800000e+01   1.7280050e+01
   1.5850000e+01   1.7227983e+01
   1.5900000e+01   1.7171937e+01
   1.5950000e+01   1.7112027e+01
   1.6000000e+01   1.7048374e+01
   1.6050000e+01   1.6981102e+01
   1.6100000e+01   1.6910340e+01
   1.6150000e+01   1.6836219e+01
   1.6200000e+01   1.6758877e+01
   1.6250000e+01   1.6678453e+01
   1.6300000e+01   1.6595089e+01
   1.6350000e+01   1.6508930e+01
   1.6400000e+01   1.6420122e+01
   1.6450000e+01   1.6328816e+01
   1.6500000e+01   1.6235162e+01
   1.6550000e+01   1.6139312e+01
   1.6600000e+01   1.6041420e+01
   1.6650000e+01   1.5941638e+01
   1.6700000e+01   1.5840122e+01
   1.6750000e+01   1.5737025e+01
   1.6800000e+01   1.5632502e+01
   1.6850000e+01   1.5526706e+01
   1.6900000e+01   1.5419790e+01
   1.6950000e+01   1.5311905e+01
   1.7000000e+01   1.5203200e+01
   1.7050000e+01   1.5093826e+01
   1.7100000e+01   1.4983927e+01
   1.7150000e+01   1.4873649e+01
   1.7200000e+01   1.4763132e+01
   1.7250000e+01   1.4652517e+01
   1.7300000e+01   1.4541939e+01
   1.7350000e+01   1.4431531e+01
   1.7400000e+01   1.4321424e+01
   1.7450000e+01   1.4211745e+01
   1.7500000e+01   1.4102614e+01
   1.7550000e+01   1.3994153e+01
   1.7600000e+01   1.3886475e+01
   1.7650000e+01   1.3779692e+01
   1.7700000e+01   1.3673911e+01
   1.7750000e+01   1.3569235e+01
   1.7800000e+01   1.3465760e+01
   1.7850000e+01   1.3363583e+01
   1.7900000e+01   1.3262790e+01
   1.7950000e+01   1.3163468e+01
   1.8000000e+01   1.3065697e+01
   1.8050000e+01   1.2969551e+01
   1.8100000e+01   1.2875102e+01
   1.8150000e+01   1.2782416e+01
   1.8200000e+01   1.2691554e+01
   1.8250000e+01   1.2602575e+01
   1.8300000e+01   1.2515529e+01
   1.8350000e+01   1.2430465e+01
   1.8400000e+01   1.2347426e+01
   1.8450000e+01   1.2266452e+01
   1.8500000e+01   1.2187577e+01
   1.8550000e+01   1.2110831e+01
   1.8600000e+01   1.2036241e+01
   1.8650000e+01   1.1963829e+01
   1.8700000e+01   1.1893612e+01
   1.8750000e+01   1.1825605e+01
   1.8800000e+01   1.1759819e+01
   1.8850000e+01   1.1696261e+01
   1.8900000e+01   1.1634933e+01
   1.8950000e+01   1.1575835e+01
   1.9000000e+01   1.1518965e+01
   1.9050000e+01   1.1464316e+01
   1.9100000e+01   1.1411877e+01
   1.9150000e+01   1.1361637e+01
   1.9200000e+01   1.1313581e+01
   1.9250000e+01   1.1267690e+01
   1.9300000e+01   1.1223945e+01
   1.9350000e+01   1.1182323e+01
   1.9400000e+01   1.1142799e+01
   1.9450000e+01   1.1105347e+01
   1.9500000e+01   1.1069938e+01
   1.9550000e+01   1.1036542e+01
   1.9600000e+01   1.1005127e+01
   1.9650000e+01   1.0975659e+01
   1.9700000e+01   1.0948104e+01
   1.9750000e+01   1.0922425e+01
   1.9800000e+01   1.0898586e+01
   1.9850000e+01   1.0876548e+01
   1.9900000e+01   1.0856273e+01
   1.9950000e+01   1.0837720e+01
   2.0000000e+01   1.0820850e+01
   2.0050000e+01   1.0805621e+01
   2.0100000e+01   1.0791993e+01
   2.0150000e+01   1.0779924e+01
   2.0200000e+01   1.0769372e+01
   2.0250000e+01   1.0760296e+01
   2.0300000e+01   1.0752652e+01
   2.0350000e+01   1.0746401e+01
   2.0400000e+01   1.0741499e+01
   2.0450000e+01   1.0737905e+01
   2.0500000e+01   1.0735578e+01
   2.0550000e+01   1.0734478e+01
   2.0600000e+01   1.0734563e+01
   2.0650000e+01   1.0735793e+01
   2.0700000e+01   1.0738130e+01
   2.0750000e+01   1.0741534e+01
   2.0800000e+01   1.0745966e+01
   2.0850000e+01   1.0751389e+01
   2.0900000e+01   1.0757766e+01
   2.0950000e+01   1.0765061e+01
   2.1000000e+01   1.0773237e+01
   2.1050000e+01   1.0782261e+01
   2.1100000e+01   1.0792097e+01
   2.1150000e+01   1.0802714e+01
   2.1200000e+01   1.0814078e+01
   2.1250000e+01   1.0826158e+01
   2.1300000e+01   1.0838923e+01
   2.1350000e+01   1.0852344e+01
   2.1400000e+01   1.0866391e+01
   2.1450000e+01   1.0881037e+01
   2.1500000e+01   1.0896253e+01
   2.1550000e+01   1.0912015e+01
   2.1600000e+01   1.0928296e+01
   2.1650000e+01   1.0945072e+01
   2.1700000e+01   1.0962319e+01
   2.1750000e+01   1.0980014e+01
   2.1800000e+01   1.0998135e+01
   2.1850000e+01   1.1016660e+01
   2.1900000e+01   1.1035570e+01
   2.1950000e+01   1.1054845e+01
   2.2000000e+01   1.1074466e+01
   2.2050000e+01   1.1094414e+01
   2.2100000e+01   1.1114673e+01
   2.2150000e+01   1.1135225e+01
   2.2200000e+01   1.1156055e+01
   2.2250000e+01   1.1177148e+01
   2.2300000e+01   1.1198489e+01
   2.2350000e+01   1.1220064e+01
   2.2400000e+01   1.1241860e+01
   2.2450000e+01   1.1263865e+01
   2.2500000e+01   1.1286066e+01
   2.2550000e+01   1.1308451e+01
   2.2600000e+01   1.1331011e+01
   2.2650000e+01   1.1353734e+01
   2.2700000e+01   1.1376611e+01
   2.2750000e+01   1.1399633e+01
   2.2800000e+01   1.1422790e+01
   2.2850000e+01   1.1446075e+01
   2.2900000e+01   1.1469479e+01
   2.2950000e+01   1.1492995e+01
   2.3000000e+01   1.1516616e+01
   2.3050000e+01   1.1540334e+01
   2.3100000e+01   1.1564145e+01
   2.3150000e+01   1.1588041e+01
   2.3200000e+01   1.1612017e+01
   2.3250000e+01   1.1636068e+01
   2.3300000e+01   1.1660189e+01
   2.3350000e+01   1.1684375e+01
   2.3400000e+01   1.1708622e+01
   2.3450000e+01   1.1732926e+01
   2.3500000e+01   1.1757282e+01
   2.3550000e+01   1.1781686e+01
   2.3600000e+01   1.1806137e+01
   2.3650000e+01   1.1830630e+01
   2.3700000e+01   1.1855162e+01
   2.3750000e+01   1.1879731e+01
   2.3800000e+01   1.1904333e+01
   2.3850000e+01   1.1928967e+01
   2.3900000e+01   1.1953630e+01
   2.3950000e+01   1.1978320e+01
   2.4000000e+01   1.2003035e+01
   2.4050000e+01   1.2027773e+01
   2.4100000e+01   1.2052533e+01
   2.4150000e+01   1.2077312e+01
   2.4200000e+01   1.2102109e+01
   2.4250000e+01   1.2126923e+01
   2.4300000e+01   1.2151753e+01
   2.4350000e+01   1.2176597e+01
   2.4400000e+01   1.2201454e+01
   2.4450000e+01   1.2226323e+01
   2.4500000e+01   1.2251204e+01
   2.4550000e+01   1.2276094e+01
   2.4600000e+01   1.2300994e+01
   2.4650000e+01   1.2325903e+01
   2.4700000e+01   1.2350820e+01
   2.4750000e+01   1.2375744e+01
   2.4800000e+01   1.2400675e+01
   2.4850000e+01   1.2425611e+01
   2.4900000e+01   1.2450554e+01
   2.4950000e+01   1.2475502e+01
   2.5000000e+01   1.2500454e+01
   2.5050000e+01   1.2525411e+01
   2.5100000e+01   1.2550371e+01
   2.5150000e+01   1.2575336e+01
   2.5200000e+01   1.2600303e+01
   2.5250000e+01   1.2625274e+01
   2.5300000e+01   1.2650247e+01
   2.5350000e+01   1.2675223e+01
   2.5400000e+01   1.2700201e+01
   2.5450000e+01   1.2725181e+01
   2.5500000e+01   1.2750163e+01
   2.5550000e+01   1.2775147e+01
   2.5600000e+01   1.2800132e+01
   2.5650000e+01   1.2825119e+01
   2.5700000e+01   1.2850107e+01
   2.5750000e+01   1.2875096e+01
   2.5800000e+01   1.2900086e+01
   2.5850000e+01   1.2925077e+01
   2.5900000e+01   1.2950069e+01
   2.5950000e+01   1.2975062e+01
   2.6000000e+01   1.3000056e+01
   2.6050000e+01   1.3025050e+01
   2.6100000e+01   1.3050045e+01
   2.6150000e+01   1.3075040e+01
   2.6200000e+01   1.3100036e+01
   2.6250000e+01   1.3125032e+01
   2.6300000e+01   1.3150028e+01
   2.6350000e+01   1.3175025e+01
   2.6400000e+01   1.3200023e+01
   2.6450000e+01   1.3225020e+01
   2.6500000e+01   1.3250018e+01
   2.6550000e+01   1.3275016e+01
   2.6600000e+01   1.3300014e+01
   2.6650000e+01   1.3325013e+01
   2.6700000e+01   1.3350011e+01
   2.6750000e+01   1.3375010e+01
   2.6800000e+01   1.3400009e+01
   2.6850000e+01   1.3425008e+01
   2.6900000e+01   1.3450007e+01
   2.6950000e+01   1.3475006e+01
   2.7000000e+01   1.3500006e+01
   2.7050000e+01   1.3525005e+01
   2.7100000e+01   1.3550004e+01
   2.7150000e+01   1.3575004e+01
   2.7200000e+01   1.3600003e+01
   2.7250000e+01   1.3625003e+01
   2.7300000e+01   1.3650003e+01
   2.7350000e+01   1.3675002e+01
   2.7400000e+01   1.3700002e+01
   2.7450000e+01   1.3725002e+01
   2.7500000e+01   1.3750002e+01
   2.7550000e+01   1.3775001e+01
   2.7600000e+01   1.3800001e+01
   2.7650000e+01   1.3825001e+01
   2.7700000e+01   1.3850001e+01
   2.7750000e+01   1.3875001e+01
   2.7800000e+01   1.3900001e+01
   2.7850000e+01   1.3925001e+01
   2.7900000e+01   1.3950001e+01
   2.7950000e+01   1.3975001e+01
   2.8000000e+01   1.4000000e+01
   2.8050000e+01   1.4025000e+01
   2.8100000e+01   1.4050000e+01
   2.8150000e+01   1.4075000e+01
   2.8200000e+01   1.4100000e+01
   2.8250000e+01   1.4125000e+01
   2.8300000e+01   1.4150000e+01
   2.8350000e+01   1.4175000e+01
   2.8400000e+01   1.4200000e+01
   2.8450000e+01   1.4225000e+01
   2.8500000e+01   1.4250000e+01
   2.8550000e+01   1.4275000e+01
   2.8600000e+01   1.4300000e+01
   2.8650000e+01   1.4325000e+01
   2.8700000e+01   1.4350000e+01
   2.8750000e+01   1.4375000e+01
   2.8800000e+01   1.4400000e+01
   2.8850000e+01   1.4425000e+01
   2.8900000e+01   1.4450000e+01
   2.8950000e+01   1.4475000e+01
   2.9000000e+01   1.4500000e+01
   2.9050000e+01   1.4525000e+01
   2.9100000e+01   1.4550000e+01
   2.9150000e+01   1.4575000e+01
   2.9200000e+01   1.4600000e+01
   2.9250000e+01   1.4625000e+01
   2.9300000e+01   1.4650000e+01
   2.9350000e+01   1.4675000e+01
   2.9400000e+01   1.4700000e+01
   2.9450000e+01   1.4725000e+01
   2.9500000e+01   1.4750000e+01
   2.9550000e+01   1.4775000e+01
   2.9600000e+01   1.4800000e+01
   2.9650000e+01   1.4825000e+01
   2.9700000e+01   1.4850000e+01
   2.9750000e+01   1.4875000e+01
   2.9800000e+01   1.4900000e+01
   2.9850000e+01   1.4925000e+01
   2.9900000e+01   1.4950000e+01
   2.9950000e+01   1.4975000e+01
   3.0000000e+01   1.5000000e+01
