   0.0000000e+00   1.1843285e-09
   5.0000000e-02   1.7500001e-02
   1.0000000e-01   3.5000002e-02
   1.5000000e-01   5.2500002e-02
   2.0000000e-01   7.0000002e-02
   2.5000000e-01   8.7500002e-02
   3.0000000e-01   1.0500000e-01
   3.5000000e-01   1.2250000e-01
   4.0000000e-01   1.4000000e-01
   4.5000000e-01   1.5750000e-01
   5.0000000e-01   1.7500001e-01
   5.5000000e-01   1.9250001e-01
   6.0000000e-01   2.1000001e-01
   6.5000000e-01   2.2750001e-01
   7.0000000e-01   2.4500001e-01
   7.5000000e-01   2.6250001e-01
   8.0000000e-01   2.8000001e-01
   8.5000000e-01   2.9750001e-01
   9.0000000e-01   3.1500002e-01
   9.5000000e-01   3.3250002e-01
   1.0000000e+00   3.5000002e-01
   1.0500000e+00   3.6750002e-01
   1.1000000e+00   3.8500003e-01
   1.1500000e+00   4.0250003e-01
   1.2000000e+00   4.2000004e-01
   1.2500000e+00   4.3750004e-01
   1.3000000e+00   4.5500005e-01
   1.3500000e+00   4.7250006e-01
   1.4000000e+00   4.9000006e-01
   1.4500000e+00   5.0750007e-01
   1.5000000e+00   5.2500009e-01
   1.5500000e+00   5.4250010e-01
   1.6000000e+00   5.6000011e-01
   1.6500000e+00   5.7750013e-01
   1.7000000e+00   5.9500015e-01
   1.7500000e+00   6.1250017e-01
   1.8000000e+00   6.3000019e-01
   1.8500000e+00   6.4750022e-01
   1.9000000e+00   6.6500025e-01
   1.9500000e+00   6.8250028e-01
   2.0000000e+00   7.0000032e-01
   2.0500000e+00   7.1750036e-01
   2.1000000e+00   7.3500041e-01
   2.1500000e+00   7.5250047e-01
   2.2000000e+00   7.7000054e-01
   2.2500000e+00   7.8750061e-01
   2.3000000e+00   8.0500069e-01
   2.3500000e+00   8.2250079e-01
   2.4000000e+00   8.4000089e-01
   2.4500000e+00   8.5750101e-01
   2.5000000e+00   8.7500115e-01
   2.5500000e+00   8.9250130e-01
   2.6000000e+00   9.1000147e-01
   2.6500000e+00   9.2750166e-01
   2.7000000e+00   9.4500188e-01
   2.7500000e+00   9.6250213e-01
   2.8000000e+00   9.8000240e-01
   2.8500000e+00   9.9750272e-01
   2.9000000e+00   1.0150031e+00
   2.9500000e+00   1.0325035e+00
   3.0000000e+00   1.0500039e+00
   3.0500000e+00   1.0675044e+00
   3.1000000e+00   1.0850050e+00
   3.1500000e+00   1.1025056e+00
   3.2000000e+00   1.1200063e+00
   3.2500000e+00   1.1375071e+00
   3.3000000e+00   1.1550079e+00
   3.3500000e+00   1.1725089e+00
   3.4000000e+00   1.1900100e+00
   3.4500000e+00   1.2075113e+00
   3.5000000e+00   1.2250126e+00
   3.5500000e+00   1.2425142e+00
   3.6000000e+00   1.2600159e+00
   3.6500000e+00   1.2775178e+00
   3.7000000e+00   1.2950199e+00
   3.7500000e+00   1.3125223e+00
   3.8000000e+00   1.3300250e+00
   3.8500000e+00   1.3475279e+00
   3.9000000e+00   1.3650312e+00
   3.9500000e+00   1.3825349e+00
   4.0000000e+00   1.4000389e+00
   4.0500000e+00   1.4175434e+00
   4.1000000e+00   1.4350484e+00
   4.1500000e+00   1.4525540e+00
   4.2000000e+00   1.4700602e+00
   4.2500000e+00   1.4875670e+00
   4.3000000e+00   1.5050746e+00
   4.3500000e+00   1.5225830e+00
   4.4000000e+00   1.5400923e+00
   4.4500000e+00   1.5576026e+00
   4.5000000e+00   1.5751140e+00
   4.5500000e+00   1.5926266e+00
   4.6000000e+00   1.6101405e+00
   4.6500000e+00   1.6276559e+00
   4.7000000e+00   1.6451728e+00
   4.7500000e+00   1.6626916e+00
   4.8000000e+00   1.6802122e+00
   4.8500000e+00   1.6977349e+00
   4.9000000e+00   1.7152599e+00
   4.9500000e+00   1.7327875e+00
   5.0000000e+00   1.7503178e+00
   5.0500000e+00   1.7678511e+00
   5.1000000e+00   1.7853878e+00
   5.1500000e+00   1.8029280e+00
   5.2000000e+00   1.8204722e+00
   5.2500000e+00   1.8380207e+00
   5.3000000e+00   1.8555739e+00
   5.3500000e+00   1.8731322e+00
   5.4000000e+00   1.8906960e+00
   5.4500000e+00   1.9082660e+00
   5.5000000e+00   1.9258425e+00
   5.5500000e+00   1.9434263e+00
   5.6000000e+00   1.9610178e+00
   5.6500000e+00   1.9786179e+00
   5.7000000e+00   1.9962271e+00
   5.7500000e+00   2.0138464e+00
   5.8000000e+00   2.0314765e+00
   5.8500000e+00   2.0491184e+00
   5.9000000e+00   2.0667730e+00
   5.9500000e+00   2.0844414e+00
   6.0000000e+00   2.1021248e+00
   6.0500000e+00   2.1198243e+00
   6.1000000e+00   2.1375413e+00
   6.1500000e+00   2.1552771e+00
   6.2000000e+00   2.1730333e+00
   6.2500000e+00   2.1908115e+00
   6.3000000e+00   2.2086135e+00
   6.3500000e+00   2.2264409e+00
   6.4000000e+00   2.2442959e+00
   6.4500000e+00   2.2621805e+00
   6.5000000e+00   2.2800971e+00
   6.5500000e+00   2.2980479e+00
   6.6000000e+00   2.3160355e+00
   6.6500000e+00   2.3340628e+00
   6.7000000e+00   2.3521325e+00
   6.7500000e+00   2.3702479e+00
   6.8000000e+00   2.3884121e+00
   6.8500000e+00   2.4066286e+00
   6.9000000e+00   2.4249013e+00
   6.9500000e+00   2.4432340e+00
   7.0000000e+00   2.4616309e+00
   7.0500000e+00   2.4800965e+00
   7.1000000e+00   2.4986353e+00
   7.1500000e+00   2.5172525e+00
   7.2000000e+00   2.5359533e+00
   7.2500000e+00   2.5547432e+00
   7.3000000e+00   2.5736280e+00
   7.3500000e+00   2.5926140e+00
   7.4000000e+00   2.6117077e+00
   7.4500000e+00   2.6309159e+00
   7.5000000e+00   2.6502459e+00
   7.5500000e+00   2.6697054e+00
   7.6000000e+00   2.6893023e+00
   7.6500000e+00   2.7090450e+00
   7.7000000e+00   2.7289424e+00
   7.7500000e+00   2.7490038e+00
   7.8000000e+00   2.7692388e+00
   7.8500000e+00   2.7896576e+00
   7.9000000e+00   2.8102709e+00
   7.9500000e+00   2.8310899e+00
   8.0000000e+00   2.8521261e+00
   8.0500000e+00   2.8733917e+00
   8.1000000e+00   2.8948993e+00
   8.1500000e+00   2.9166623e+00
   8.2000000e+00   2.9386942e+00
   8.2500000e+00   2.9610096e+00
   8.3000000e+00   2.9836231e+00
   8.3500000e+00   3.0065503e+00
   8.4000000e+00   3.0298072e+00
   8.4500000e+00   3.0534105e+00
   8.5000000e+00   3.0773773e+00
   8.5500000e+00   3.1017256e+00
   8.6000000e+00   3.1264737e+00
   8.6500000e+00   3.1516407e+00
   8.7000000e+00   3.1772462e+00
   8.7500000e+00   3.2033106e+00
   8.8000000e+00   3.2298546e+00
   8.8500000e+00   3.2568998e+00
   8.9000000e+00   3.2844682e+00
   8.9500000e+00   3.3125826e+00
   9.0000000e+00   3.3412661e+00
   9.0500000e+00   3.3705425e+00
   9.1000000e+00   3.4004363e+00
   9.1500000e+00   3.4309724e+00
   9.2000000e+00   3.4621762e+00
   9.2500000e+00   3.4940736e+00
   9.3000000e+00   3.5266910e+00
   9.3500000e+00   3.5600554e+00
   9.4000000e+00   3.5941939e+00
   9.4500000e+00   3.6291344e+00
   9.5000000e+00   3.6649047e+00
   9.5500000e+00   3.7015334e+00
   9.6000000e+00   3.7390490e+00
   9.6500000e+00   3.7774804e+00
   9.7000000e+00   3.8168566e+00
   9.7500000e+00   3.8572069e+00
   9.8000000e+00   3.8985606e+00
   9.8500000e+00   3.9409470e+00
   9.9000000e+00   3.9843954e+00
   9.9500000e+00   4.0289350e+00
   1.0000000e+01   4.0745950e+00
   1.0050000e+01   4.1214041e+00
   1.0100000e+01   4.1693910e+00
   1.0150000e+01   4.2185838e+00
   1.0200000e+01   4.2690103e+00
   1.0250000e+01   4.3206977e+00
   1.0300000e+01   4.3736728e+00
   1.0350000e+01   4.4279615e+00
   1.0400000e+01   4.4835890e+00
   1.0450000e+01   4.5405797e+00
   1.0500000e+01   4.5989569e+00
   1.0550000e+01   4.6587431e+00
   1.0600000e+01   4.7199594e+00
   1.0650000e+01   4.7826260e+00
   1.0700000e+01   4.8467614e+00
   1.0750000e+01   4.9123829e+00
   1.0800000e+01   4.9795064e+00
   1.0850000e+01   5.0481459e+00
   1.0900000e+01   5.1183139e+00
   1.0950000e+01   5.1900209e+00
   1.1000000e+01   5.2632756e+00
   1.1050000e+01   5.3380848e+00
   1.1100000e+01   5.4144530e+00
   1.1150000e+01   5.4923826e+00
   1.1200000e+01   5.5718736e+00
   1.1250000e+01   5.6529238e+00
   1.1300000e+01   5.7355284e+00
   1.1350000e+01   5.8196800e+00
   1.1400000e+01   5.9053687e+00
   1.1450000e+01   5.9925819e+00
   1.1500000e+01   6.0813039e+00
   1.1550000e+01   6.1715165e+00
   1.1600000e+01   6.2631985e+00
   1.1650000e+01   6.3563254e+00
   1.1700000e+01   6.4508701e+00
   1.1750000e+01   6.5468022e+00
   1.1800000e+01   6.6440881e+00
   1.1850000e+01   6.7426911e+00
   1.1900000e+01   6.8425713e+00
   1.1950000e+01   6.9436856e+00
   1.2000000e+01   7.0459876e+00
   1.2050000e+01   7.1494278e+00
   1.2100000e+01   7.2539532e+00
   1.2150000e+01   7.3595078e+00
   1.2200000e+01   7.4660323e+00
   1.2250000e+01   7.5734643e+00
   1.2300000e+01   7.6817380e+00
   1.2350000e+01   7.7907847e+00
   1.2400000e+01   7.9005326e+00
   1.2450000e+01   8.0109070e+00
   1.2500000e+01   8.1218300e+00
   1.2550000e+01   8.2332212e+00
   1.2600000e+01   8.3449971e+00
   1.2650000e+01   8.4570719e+00
   1.2700000e+01   8.5693571e+00
   1.2750000e+01   8.6817617e+00
   1.2800000e+01   8.7941924e+00
   1.2850000e+01   8.9065540e+00
   1.2900000e+01   9.0187489e+00
   1.2950000e+01   9.1306781e+00
   1.3000000e+01   9.2422403e+00
   1.3050000e+01   9.3533333e+00
   1.3100000e+01   9.4638530e+00
   1.3150000e+01   9.5736945e+00
   1.3200000e+01   9.6827517e+00
   1.3250000e+01   9.7909178e+00
   1.3300000e+01   9.8980854e+00
   1.3350000e+01   1.0004147e+01
   1.3400000e+01   1.0108994e+01
   1.3450000e+01   1.0212519e+01
   1.3500000e+01   1.0314614e+01
   1.3550000e+01   1.0415171e+01
   1.3600000e+01   1.0514086e+01
   1.3650000e+01   1.0611251e+01
   1.3700000e+01   1.0706562e+01
   1.3750000e+01   1.0799917e+01
   1.3800000e+01   1.0891214e+01
   1.3850000e+01   1.0980354e+01
   1.3900000e+01   1.1067238e+01
   1.3950000e+01   1.1151771e+01
   1.4000000e+01   1.1233862e+01
   1.4050000e+01   1.1313419e+01
   1.4100000e+01   1.1390356e+01
   1.4150000e+01   1.1464588e+01
   1.4200000e+01   1.1536035e+01
   1.4250000e+01   1.1604619e+01
   1.4300000e+01   1.1670268e+01
   1.4350000e+01   1.1732911e+01
   1.4400000e+01   1.1792482e+01
   1.4450000e+01   1.1848921e+01
   1.4500000e+01   1.1902169e+01
   1.4550000e+01   1.1952176e+01
   1.4600000e+01   1.1998891e+01
   1.4650000e+01   1.2042273e+01
   1.4700000e+01   1.2082283e+01
   1.4750000e+01   1.2118886e+01
   1.4800000e+01   1.2152056e+01
   1.4850000e+01   1.2181768e+01
   1.4900000e+01   1.2208003e+01
   1.4950000e+01   1.2230750e+01
   1.5000000e+01   1.2250000e+01
   1.5050000e+01   1.2265750e+01
   1.5100000e+01   1.2278003e+01
   1.5150000e+01   1.2286768e+01
   1.5200000e+01   1.2292056e+01
   1.5250000e+01   1.2293886e+01
   1.5300000e+01   1.2292283e+01
   1.5350000e+01   1.2287273e+01
   1.5400000e+01   1.2278891e+01
   1.5450000e+01   1.2267176e+01
   1.5500000e+01   1.2252169e+01
   1.5550000e+01   1.2233921e+01
   1.5600000e+01   1.2212482e+01
   1.5650000e+01   1.2187911e+01
   1.5700000e+01   1.2160268e+01
   1.5750000e+01   1.2129619e+01
   1.5800000e+01   1.2096035e+01
   1.5850000e+01   1.2059588e+01
   1.5900000e+01   1.2020356e+01
   1.5950000e+01   1.1978419e+01
   1.6000000e+01   1.1933862e+01
   1.6050000e+01   1.1886771e+01
   1.6100000e+01   1.1837238e+01
   1.6150000e+01   1.1785354e+01
   1.6200000e+01   1.1731214e+01
   1.6250000e+01   1.1674917e+01
   1.6300000e+01   1.1616562e+01
   1.6350000e+01   1.1556251e+01
   1.6400000e+01   1.1494086e+01
   1.6450000e+01   1.1430171e+01
   1.6500000e+01   1.1364614e+01
   1.6550000e+01   1.1297519e+01
   1.6600000e+01   1.1228994e+01
   1.6650000e+01   1.1159147e+01
   1.6700000e+01   1.1088085e+01
   1.6750000e+01   1.1015918e+01
   1.6800000e+01   1.0942752e+01
   1.6850000e+01   1.0868694e+01
   1.6900000e+01   1.0793853e+01
   1.6950000e+01   1.0718333e+01
   1.7000000e+01   1.0642240e+01
   1.7050000e+01   1.0565678e+01
   1.7100000e+01   1.0488749e+01
   1.7150000e+01   1.0411554e+01
   1.7200000e+01   1.0334192e+01
   1.7250000e+01   1.0256762e+01
   1.7300000e+01   1.0179357e+01
   1.7350000e+01   1.0102072e+01
   1.7400000e+01   1.0024997e+01
   1.7450000e+01   9.9482212e+00
   1.7500000e+01   9.8718300e+00
   1.7550000e+01   9.7959070e+00
   1.7600000e+01   9.7205326e+00
   1.7650000e+01   9.6457847e+00
   1.7700000e+01   9.5717380e+00
   1.7750000e+01   9.4984643e+00
   1.7800000e+01   9.4260323e+00
   1.7850000e+01   9.3545078e+00
   1.7900000e+01   9.2839532e+00
   1.7950000e+01   9.2144278e+00
   1.8000000e+01   9.1459876e+00
   1.8050000e+01   9.0786856e+00
   1.8100000e+01   9.0125713e+00
   1.8150000e+01   8.9476911e+00
   1.8200000e+01   8.8840881e+00
   1.8250000e+01   8.8218022e+00
   1.8300000e+01   8.7608701e+00
   1.8350000e+01   8.7013254e+00
   1.8400000e+01   8.6431985e+00
   1.8450000e+01   8.5865165e+00
   1.8500000e+01   8.5313039e+00
   1.8550000e+01   8.4775819e+00
   1.8600000e+01   8.4253687e+00
   1.8650000e+01   8.3746800e+00
   1.8700000e+01   8.3255284e+00
   1.8750000e+01   8.2779238e+00
   1.8800000e+01   8.2318736e+00
   1.8850000e+01   8.1873826e+00
   1.8900000e+01   8.1444530e+00
   1.8950000e+01   8.1030848e+00
   1.9000000e+01   8.0632756e+00
   1.9050000e+01   8.0250209e+00
   1.9100000e+01   7.9883139e+00
   1.9150000e+01   7.9531459e+00
   1.9200000e+01   7.9195064e+00
   1.9250000e+01   7.8873829e+00
   1.9300000e+01   7.8567614e+00
   1.9350000e+01   7.8276260e+00
   1.9400000e+01   7.7999594e+00
   1.9450000e+01   7.7737431e+00
   1.9500000e+01   7.7489569e+00
   1.9550000e+01   7.7255797e+00
   1.9600000e+01   7.7035890e+00
   1.9650000e+01   7.6829615e+00
   1.9700000e+01   7.6636728e+00
   1.9750000e+01   7.6456977e+00
   1.9800000e+01   7.6290103e+00
   1.9850000e+01   7.6135838e+00
   1.9900000e+01   7.5993910e+00
   1.9950000e+01   7.5864041e+00
   2.0000000e+01   7.5745950e+00
   2.0050000e+01   7.5639350e+00
   2.0100000e+01   7.5543954e+00
   2.0150000e+01   7.5459470e+00
   2.0200000e+01   7.5385606e+00
   2.0250000e+01   7.5322069e+00
   2.0300000e+01   7.5268566e+00
   2.0350000e+01   7.5224804e+00
   2.0400000e+01   7.5190490e+00
   2.0450000e+01   7.5165334e+00
   2.0500000e+01   7.5149047e+00
   2.0550000e+01   7.5141344e+00
   2.0600000e+01   7.5141939e+00
   2.0650000e+01   7.5150554e+00
   2.0700000e+01   7.5166910e+00
   2.0750000e+01   7.5190736e+00
   2.0800000e+01   7.5221762e+00
   2.0850000e+01   7.5259724e+00
   2.0900000e+01   7.5304363e+00
   2.0950000e+01   7.5355425e+00
   2.1000000e+01   7.5412661e+00
   2.1050000e+01   7.5475826e+00
   2.1100000e+01   7.5544682e+00
   2.1150000e+01   7.5618998e+00
   2.1200000e+01   7.5698546e+00
   2.1250000e+01   7.5783106e+00
   2.1300000e+01   7.5872462e+00
   2.1350000e+01   7.5966407e+00
   2.1400000e+01   7.6064737e+00
   2.1450000e+01   7.6167256e+00
   2.1500000e+01   7.6273773e+00
   2.1550000e+01   7.6384105e+00
   2.1600000e+01   7.6498072e+00
   2.1650000e+01   7.6615503e+00
   2.1700000e+01   7.6736231e+00
   2.1750000e+01   7.6860096e+00
   2.1800000e+01   7.6986942e+00
   2.1850000e+01   7.7116623e+00
   2.1900000e+01   7.7248993e+00
   2.1950000e+01   7.7383917e+00
   2.2000000e+01   7.7521261e+00
   2.2050000e+01   7.7660899e+00
   2.2100000e+01   7.7802709e+00
   2.2150000e+01   7.7946576e+00
   2.2200000e+01   7.8092388e+00
   2.2250000e+01   7.8240038e+00
   2.2300000e+01   7.8389424e+00
   2.2350000e+01   7.8540450e+00
   2.2400000e+01   7.8693023e+00
   2.2450000e+01   7.8847054e+00
   2.2500000e+01   7.9002459e+00
   2.2550000e+01   7.9159159e+00
   2.2600000e+01   7.9317077e+00
   2.2650000e+01   7.9476140e+00
   2.2700000e+01   7.9636280e+00
   2.2750000e+01   7.9797432e+00
   2.2800000e+01   7.9959533e+00
   2.2850000e+01   8.0122525e+00
   2.2900000e+01   8.0286353e+00
   2.2950000e+01   8.0450965e+00
   2.3000000e+01   8.0616309e+00
   2.3050000e+01   8.0782340e+00
   2.3100000e+01   8.0949013e+00
   2.3150000e+01   8.1116286e+00
   2.3200000e+01   8.1284121e+00
   2.3250000e+01   8.1452479e+00
   2.3300000e+01   8.1621325e+00
   2.3350000e+01   8.1790628e+00
   2.3400000e+01   8.1960355e+00
   2.3450000e+01   8.2130479e+00
   2.3500000e+01   8.2300971e+00
   2.3550000e+01   8.2471805e+00
   2.3600000e+01   8.2642959e+00
   2.3650000e+01   8.2814409e+00
   2.3700000e+01   8.2986135e+00
   2.3750000e+01   8.3158115e+00
   2.3800000e+01   8.3330333e+00
   2.3850000e+01   8.3502771e+00
   2.3900000e+01   8.3675413e+00
   2.3950000e+01   8.3848243e+00
   2.4000000e+01   8.4021248e+00
   2.4050000e+01   8.4194414e+00
   2.4100000e+01   8.4367730e+00
   2.4150000e+01   8.4541184e+00
   2.4200000e+01   8.4714765e+00
   2.4250000e+01   8.4888464e+00
   2.4300000e+01   8.5062271e+00
   2.4350000e+01   8.5236179e+00
   2.4400000e+01   8.5410178e+00
   2.4450000e+01   8.5584263e+00
   2.4500000e+01   8.5758425e+00
   2.4550000e+01   8.5932660e+00
   2.4600000e+01   8.6106960e+00
   2.4650000e+01   8.6281322e+00
   2.4700000e+01   8.6455739e+00
   2.4750000e+01   8.6630207e+00
   2.4800000e+01   8.6804722e+00
   2.4850000e+01   8.6979280e+00
   2.4900000e+01   8.7153878e+00
   2.4950000e+01   8.7328511e+00
   2.5000000e+01   8.7503178e+00
   2.5050000e+01   8.7677875e+00
   2.5100000e+01   8.7852599e+00
   2.5150000e+01   8.8027349e+00
   2.5200000e+01   8.8202122e+00
   2.5250000e+01   8.8376916e+00
   2.5300000e+01   8.8551728e+00
   2.5350000e+01   8.8726559e+00
   2.5400000e+01   8.8901405e+00
   2.5450000e+01   8.9076266e+00
   2.5500000e+01   8.9251140e+00
   2.5550000e+01   8.9426026e+00
   2.5600000e+01   8.9600923e+00
   2.5650000e+01   8.9775830e+00
   2.5700000e+01   8.9950746e+00
   2.5750000e+01   9.0125670e+00
   2.5800000e+01   9.0300602e+00
   2.5850000e+01   9.0475540e+00
   2.5900000e+01   9.0650484e+00
   2.5950000e+01   9.0825434e+00
   2.6000000e+01   9.1000389e+00
   2.6050000e+01   9.1175349e+00
   2.6100000e+01   9.1350312e+00
   2.6150000e+01   9.1525279e+00
   2.6200000e+01   9.1700250e+00
   2.6250000e+01   9.1875223e+00
   2.6300000e+01   9.2050199e+00
   2.6350000e+01   9.2225178e+00
   2.6400000e+01   9.2400159e+00
   2.6450000e+01   9.2575142e+00
   2.6500000e+01   9.2750126e+00
   2.6550000e+01   9.2925113e+00
   2.6600000e+01   9.3100100e+00
   2.6650000e+01   9.3275089e+00
   2.6700000e+01   9.3450079e+00
   2.6750000e+01   9.3625071e+00
   2.6800000e+01   9.3800063e+00
   2.6850000e+01   9.3975056e+00
   2.6900000e+01   9.4150050e+00
   2.6950000e+01   9.4325044e+00
   2.7000000e+01   9.4500039e+00
   2.7050000e+01   9.4675035e+00
   2.7100000e+01   9.4850031e+00
   2.7150000e+01   9.5025027e+00
   2.7200000e+01   9.5200024e+00
   2.7250000e+01   9.5375021e+00
   2.7300000e+01   9.5550019e+00
   2.7350000e+01   9.5725017e+00
   2.7400000e+01   9.5900015e+00
   2.7450000e+01   9.6075013e+00
   2.7500000e+01   9.6250011e+00
   2.7550000e+01   9.6425010e+00
   2.7600000e+01   9.6600009e+00
   2.7650000e+01   9.6775008e+00
   2.7700000e+01   9.6950007e+00
   2.7750000e+01   9.7125006e+00
   2.7800000e+01   9.7300005e+00
   2.7850000e+01   9.7475005e+00
   2.7900000e+01   9.7650004e+00
   2.7950000e+01   9.7825004e+00
   2.8000000e+01   9.8000003e+00
   2.8050000e+01   9.8175003e+00
   2.8100000e+01   9.8350002e+00
   2.8150000e+01   9.8525002e+00
   2.8200000e+01   9.8700002e+00
   2.8250000e+01   9.8875002e+00
   2.8300000e+01   9.9050001e+00
   2.8350000e+01   9.9225001e+00
   2.8400000e+01   9.9400001e+00
   2.8450000e+01   9.9575001e+00
   2.8500000e+01   9.9750001e+00
   2.8550000e+01   9.9925001e+00
   2.8600000e+01   1.0010000e+01
   2.8650000e+01   1.0027500e+01
   2.8700000e+01   1.0045000e+01
   2.8750000e+01   1.0062500e+01
   2.8800000e+01   1.0080000e+01
   2.8850000e+01   1.0097500e+01
   2.8900000e+01   1.0115000e+01
   2.8950000e+01   1.0132500e+01
   2.9000000e+01   1.0150000e+01
   2.9050000e+01   1.0167500e+01
   2.9100000e+01   1.0185000e+01
   2.9150000e+01   1.0202500e+01
   2.9200000e+01   1.0220000e+01
   2.9250000e+01   1.0237500e+01
   2.9300000e+01   1.0255000e+01
   2.9350000e+01   1.0272500e+01
   2.9400000e+01   1.0290000e+01
   2.9450000e+01   1.0307500e+01
   2.9500000e+01   1.0325000e+01
   2.9550000e+01   1.0342500e+01
   2.9600000e+01   1.0360000e+01
   2.9650000e+01   1.0377500e+01
   2.9700000e+01   1.0395000e+01
   2.9750000e+01   1.0412500e+01
   2.9800000e+01   1.0430000e+01
   2.9850000e+01   1.0447500e+01
   2.9900000e+01   1.0465000e+01
   2.9950000e+01   1.0482500e+01
   3.0000000e+01   1.0500000e+01
