   0.0000000e+00   2.7070367e-09
   5.0000000e-02   4.0000003e-02
   1.0000000e-01   8.0000004e-02
   1.5000000e-01   1.2000000e-01
   2.0000000e-01   1.6000000e-01
   2.5000000e-01   2.0000001e-01
   3.0000000e-01   2.4000001e-01
   3.5000000e-01   2.8000001e-01
   4.0000000e-01   3.2000001e-01
   4.5000000e-01   3.6000001e-01
   5.0000000e-01   4.0000001e-01
   5.5000000e-01   4.4000001e-01
   6.0000000e-01   4.8000002e-01
   6.5000000e-01   5.2000002e-01
   7.0000000e-01   5.6000002e-01
   7.5000000e-01   6.0000002e-01
   8.0000000e-01   6.4000003e-01
   8.5000000e-01   6.8000003e-01
   9.0000000e-01   7.2000004e-01
   9.5000000e-01   7.6000004e-01
   1.0000000e+00   8.0000005e-01
   1.0500000e+00   8.4000006e-01
   1.1000000e+00   8.8000007e-01
   1.1500000e+00   9.2000007e-01
   1.2000000e+00   9.6000009e-01
   1.2500000e+00   1.0000001e+00
   1.3000000e+00   1.0400001e+00
   1.3500000e+00   1.0800001e+00
   1.4000000e+00   1.1200001e+00
   1.4500000e+00   1.1600002e+00
   1.5000000e+00   1.2000002e+00
   1.5500000e+00   1.2400002e+00
   1.6000000e+00   1.2800003e+00
   1.6500000e+00   1.3200003e+00
   1.7000000e+00   1.3600003e+00
   1.7500000e+00   1.4000004e+00
   1.8000000e+00   1.4400004e+00
   1.8500000e+00   1.4800005e+00
   1.9000000e+00   1.5200006e+00
   1.9500000e+00   1.5600006e+00
   2.0000000e+00   1.6000007e+00
   2.0500000e+00   1.6400008e+00
   2.1000000e+00   1.6800009e+00
   2.1500000e+00   1.7200011e+00
   2.2000000e+00   1.7600012e+00
   2.2500000e+00   1.8000014e+00
   2.3000000e+00   1.8400016e+00
   2.3500000e+00   1.8800018e+00
   2.4000000e+00   1.9200020e+00
   2.4500000e+00   1.9600023e+00
   2.5000000e+00   2.0000026e+00
   2.5500000e+00   2.0400030e+00
   2.6000000e+00   2.0800034e+00
   2.6500000e+00   2.1200038e+00
   2.7000000e+00   2.1600043e+00
   2.7500000e+00   2.2000049e+00
   2.8000000e+00   2.2400055e+00
   2.8500000e+00   2.2800062e+00
   2.9000000e+00   2.3200070e+00
   2.9500000e+00   2.3600079e+00
   3.0000000e+00   2.4000089e+00
   3.0500000e+00   2.4400101e+00
   3.1000000e+00   2.4800113e+00
   3.1500000e+00   2.5200128e+00
   3.2000000e+00   2.5600144e+00
   3.2500000e+00   2.6000161e+00
   3.3000000e+00   2.6400182e+00
   3.3500000e+00   2.6800204e+00
   3.4000000e+00   2.7200229e+00
   3.4500000e+00   2.7600257e+00
   3.5000000e+00   2.8000289e+00
   3.5500000e+00   2.8400324e+00
   3.6000000e+00   2.8800363e+00
   3.6500000e+00   2.9200407e+00
   3.7000000e+00   2.9600456e+00
   3.7500000e+00   3.0000510e+00
   3.8000000e+00   3.0400571e+00
   3.8500000e+00   3.0800638e+00
   3.9000000e+00   3.1200713e+00
   3.9500000e+00   3.1600797e+00
   4.0000000e+00   3.2000890e+00
   4.0500000e+00   3.2400993e+00
   4.1000000e+00   3.2801107e+00
   4.1500000e+00   3.3201235e+00
   4.2000000e+00   3.3601376e+00
   4.2500000e+00   3.4001532e+00
   4.3000000e+00   3.4401706e+00
   4.3500000e+00   3.4801898e+00
   4.4000000e+00   3.5202111e+00
   4.4500000e+00   3.5602346e+00
   4.5000000e+00   3.6002606e+00
   4.5500000e+00   3.6402894e+00
   4.6000000e+00   3.6803212e+00
   4.6500000e+00   3.7203563e+00
   4.7000000e+00   3.7603951e+00
   4.7500000e+00   3.8004378e+00
   4.8000000e+00   3.8404850e+00
   4.8500000e+00   3.8805369e+00
   4.9000000e+00   3.9205941e+00
   4.9500000e+00   3.9606571e+00
   5.0000000e+00   4.0007264e+00
   5.0500000e+00   4.0408026e+00
   5.1000000e+00   4.0808863e+00
   5.1500000e+00   4.1209783e+00
   5.2000000e+00   4.1610793e+00
   5.2500000e+00   4.2011902e+00
   5.3000000e+00   4.2413117e+00
   5.3500000e+00   4.2814450e+00
   5.4000000e+00   4.3215910e+00
   5.4500000e+00   4.3617508e+00
   5.5000000e+00   4.4019258e+00
   5.5500000e+00   4.4421172e+00
   5.6000000e+00   4.4823265e+00
   5.6500000e+00   4.5225551e+00
   5.7000000e+00   4.5628048e+00
   5.7500000e+00   4.6030774e+00
   5.8000000e+00   4.6433748e+00
   5.8500000e+00   4.6836991e+00
   5.9000000e+00   4.7240525e+00
   5.9500000e+00   4.7644375e+00
   6.0000000e+00   4.8048566e+00
   6.0500000e+00   4.8453127e+00
   6.1000000e+00   4.8858086e+00
   6.1500000e+00   4.9263477e+00
   6.2000000e+00   4.9669334e+00
   6.2500000e+00   5.0075693e+00
   6.3000000e+00   5.0482593e+00
   6.3500000e+00   5.0890078e+00
   6.4000000e+00   5.1298192e+00
   6.4500000e+00   5.1706984e+00
   6.5000000e+00   5.2116504e+00
   6.5500000e+00   5.2526809e+00
   6.6000000e+00   5.2937955e+00
   6.6500000e+00   5.3350007e+00
   6.7000000e+00   5.3763029e+00
   6.7500000e+00   5.4177094e+00
   6.8000000e+00   5.4592275e+00
   6.8500000e+00   5.5008654e+00
   6.9000000e+00   5.5426315e+00
   6.9500000e+00   5.5845348e+00
   7.0000000e+00   5.6265849e+00
   7.0500000e+00   5.6687919e+00
   7.1000000e+00   5.7111665e+00
   7.1500000e+00   5.7537201e+00
   7.2000000e+00   5.7964647e+00
   7.2500000e+00   5.8394129e+00
   7.3000000e+00   5.8825783e+00
   7.3500000e+00   5.9259748e+00
   7.4000000e+00   5.9696175e+00
   7.4500000e+00   6.0135221e+00
   7.5000000e+00   6.0577050e+00
   7.5500000e+00   6.1021838e+00
   7.6000000e+00   6.1469766e+00
   7.6500000e+00   6.1921029e+00
   7.7000000e+00   6.2375827e+00
   7.7500000e+00   6.2834372e+00
   7.8000000e+00   6.3296886e+00
   7.8500000e+00   6.3763603e+00
   7.9000000e+00   6.4234764e+00
   7.9500000e+00   6.4710626e+00
   8.0000000e+00   6.5191453e+00
   8.0500000e+00   6.5677524e+00
   8.1000000e+00   6.6169128e+00
   8.1500000e+00   6.6666566e+00
   8.2000000e+00   6.7170154e+00
   8.2500000e+00   6.7680218e+00
   8.3000000e+00   6.8197099e+00
   8.3500000e+00   6.8721150e+00
   8.4000000e+00   6.9252737e+00
   8.4500000e+00   6.9792240e+00
   8.5000000e+00   7.0340054e+00
   8.5500000e+00   7.0896585e+00
   8.6000000e+00   7.1462256e+00
   8.6500000e+00   7.2037501e+00
   8.7000000e+00   7.2622771e+00
   8.7500000e+00   7.3218527e+00
   8.8000000e+00   7.3825248e+00
   8.8500000e+00   7.4443424e+00
   8.9000000e+00   7.5073559e+00
   8.9500000e+00   7.5716173e+00
   9.0000000e+00   7.6371796e+00
   9.0500000e+00   7.7040972e+00
   9.1000000e+00   7.7724259e+00
   9.1500000e+00   7.8422226e+00
   9.2000000e+00   7.9135455e+00
   9.2500000e+00   7.9864539e+00
   9.3000000e+00   8.0610080e+00
   9.3500000e+00   8.1372694e+00
   9.4000000e+00   8.2153004e+00
   9.4500000e+00   8.2951643e+00
   9.5000000e+00   8.3769251e+00
   9.5500000e+00   8.4606478e+00
   9.6000000e+00   8.5463977e+00
   9.6500000e+00   8.6342408e+00
   9.7000000e+00   8.7242436e+00
   9.7500000e+00   8.8164729e+00
   9.8000000e+00   8.9109956e+00
   9.8500000e+00   9.0078788e+00
   9.9000000e+00   9.1071895e+00
   9.9500000e+00   9.2089944e+00
   1.0000000e+01   9.3133600e+00
   1.0050000e+01   9.4203523e+00
   1.0100000e+01   9.5300365e+00
   1.0150000e+01   9.6424772e+00
   1.0200000e+01   9.7577377e+00
   1.0250000e+01   9.8758805e+00
   1.0300000e+01   9.9969665e+00
   1.0350000e+01   1.0121055e+01
   1.0400000e+01   1.0248203e+01
   1.0450000e+01   1.0378468e+01
   1.0500000e+01   1.0511901e+01
   1.0550000e+01   1.0648556e+01
   1.0600000e+01   1.0788479e+01
   1.0650000e+01   1.0931716e+01
   1.0700000e+01   1.1078312e+01
   1.0750000e+01   1.1228304e+01
   1.0800000e+01   1.1381729e+01
   1.0850000e+01   1.1538619e+01
   1.0900000e+01   1.1699003e+01
   1.0950000e+01   1.1862905e+01
   1.1000000e+01   1.2030344e+01
   1.1050000e+01   1.2201337e+01
   1.1100000e+01   1.2375893e+01
   1.1150000e+01   1.2554017e+01
   1.1200000e+01   1.2735711e+01
   1.1250000e+01   1.2920969e+01
   1.1300000e+01   1.3109779e+01
   1.1350000e+01   1.3302126e+01
   1.1400000e+01   1.3497986e+01
   1.1450000e+01   1.3697330e+01
   1.1500000e+01   1.3900123e+01
   1.1550000e+01   1.4106323e+01
   1.1600000e+01   1.4315882e+01
   1.1650000e+01   1.4528744e+01
   1.1700000e+01   1.4744846e+01
   1.1750000e+01   1.4964119e+01
   1.1800000e+01   1.5186487e+01
   1.1850000e+01   1.5411865e+01
   1.1900000e+01   1.5640163e+01
   1.1950000e+01   1.5871281e+01
   1.2000000e+01   1.6105115e+01
   1.2050000e+01   1.6341549e+01
   1.2100000e+01   1.6580464e+01
   1.2150000e+01   1.6821732e+01
   1.2200000e+01   1.7065217e+01
   1.2250000e+01   1.7310775e+01
   1.2300000e+01   1.7558258e+01
   1.2350000e+01   1.7807508e+01
   1.2400000e+01   1.8058360e+01
   1.2450000e+01   1.8310645e+01
   1.2500000e+01   1.8564183e+01
   1.2550000e+01   1.8818791e+01
   1.2600000e+01   1.9074279e+01
   1.2650000e+01   1.9330450e+01
   1.2700000e+01   1.9587102e+01
   1.2750000e+01   1.9844027e+01
   1.2800000e+01   2.0101011e+01
   1.2850000e+01   2.0357838e+01
   1.2900000e+01   2.0614283e+01
   1.2950000e+01   2.0870121e+01
   1.3000000e+01   2.1125121e+01
   1.3050000e+01   2.1379047e+01
   1.3100000e+01   2.1631664e+01
   1.3150000e+01   2.1882730e+01
   1.3200000e+01   2.2132004e+01
   1.3250000e+01   2.2379241e+01
   1.3300000e+01   2.2624195e+01
   1.3350000e+01   2.2866621e+01
   1.3400000e+01   2.3106272e+01
   1.3450000e+01   2.3342900e+01
   1.3500000e+01   2.3576260e+01
   1.3550000e+01   2.3806106e+01
   1.3600000e+01   2.4032196e+01
   1.3650000e+01   2.4254287e+01
   1.3700000e+01   2.4472142e+01
   1.3750000e+01   2.4685525e+01
   1.3800000e+01   2.4894204e+01
   1.3850000e+01   2.5097951e+01
   1.3900000e+01   2.5296543e+01
   1.3950000e+01   2.5489763e+01
   1.4000000e+01   2.5677399e+01
   1.4050000e+01   2.5859244e+01
   1.4100000e+01   2.6035099e+01
   1.4150000e+01   2.6204773e+01
   1.4200000e+01   2.6368080e+01
   1.4250000e+01   2.6524844e+01
   1.4300000e+01   2.6674898e+01
   1.4350000e+01   2.6818081e+01
   1.4400000e+01   2.6954245e+01
   1.4450000e+01   2.7083247e+01
   1.4500000e+01   2.7204959e+01
   1.4550000e+01   2.7319258e+01
   1.4600000e+01   2.7426037e+01
   1.4650000e+01   2.7525196e+01
   1.4700000e+01   2.7616646e+01
   1.4750000e+01   2.7700312e+01
   1.4800000e+01   2.7776128e+01
   1.4850000e+01   2.7844040e+01
   1.4900000e+01   2.7904008e+01
   1.4950000e+01   2.7956000e+01
   1.5000000e+01   2.8000000e+01
   1.5050000e+01   2.8036000e+01
   1.5100000e+01   2.8064008e+01
   1.5150000e+01   2.8084040e+01
   1.5200000e+01   2.8096128e+01
   1.5250000e+01   2.8100312e+01
   1.5300000e+01   2.8096646e+01
   1.5350000e+01   2.8085196e+01
   1.5400000e+01   2.8066037e+01
   1.5450000e+01   2.8039258e+01
   1.5500000e+01   2.8004959e+01
   1.5550000e+01   2.7963247e+01
   1.5600000e+01   2.7914245e+01
   1.5650000e+01   2.7858081e+01
   1.5700000e+01   2.7794898e+01
   1.5750000e+01   2.7724844e+01
   1.5800000e+01   2.7648080e+01
   1.5850000e+01   2.7564773e+01
   1.5900000e+01   2.7475099e+01
   1.5950000e+01   2.7379244e+01
   1.6000000e+01   2.7277399e+01
   1.6050000e+01   2.7169763e+01
   1.6100000e+01   2.7056543e+01
   1.6150000e+01   2.6937951e+01
   1.6200000e+01   2.6814204e+01
   1.6250000e+01   2.6685525e+01
   1.6300000e+01   2.6552142e+01
   1.6350000e+01   2.6414287e+01
   1.6400000e+01   2.6272196e+01
   1.6450000e+01   2.6126106e+01
   1.6500000e+01   2.5976260e+01
   1.6550000e+01   2.5822900e+01
   1.6600000e+01   2.5666272e+01
   1.6650000e+01   2.5506621e+01
   1.6700000e+01   2.5344195e+01
   1.6750000e+01   2.5179241e+01
   1.6800000e+01   2.5012004e+01
   1.6850000e+01   2.4842730e+01
   1.6900000e+01   2.4671664e+01
   1.6950000e+01   2.4499047e+01
   1.7000000e+01   2.4325121e+01
   1.7050000e+01   2.4150121e+01
   1.7100000e+01   2.3974283e+01
   1.7150000e+01   2.3797838e+01
   1.7200000e+01   2.3621011e+01
   1.7250000e+01   2.3444027e+01
   1.7300000e+01   2.3267102e+01
   1.7350000e+01   2.3090450e+01
   1.7400000e+01   2.2914279e+01
   1.7450000e+01   2.2738791e+01
   1.7500000e+01   2.2564183e+01
   1.7550000e+01   2.2390645e+01
   1.7600000e+01   2.2218360e+01
   1.7650000e+01   2.2047508e+01
   1.7700000e+01   2.1878258e+01
   1.7750000e+01   2.1710775e+01
   1.7800000e+01   2.1545217e+01
   1.7850000e+01   2.1381732e+01
   1.7900000e+01   2.1220464e+01
   1.7950000e+01   2.1061549e+01
   1.8000000e+01   2.0905115e+01
   1.8050000e+01   2.0751281e+01
   1.8100000e+01   2.0600163e+01
   1.8150000e+01   2.0451865e+01
   1.8200000e+01   2.0306487e+01
   1.8250000e+01   2.0164119e+01
   1.8300000e+01   2.0024846e+01
   1.8350000e+01   1.9888744e+01
   1.8400000e+01   1.9755882e+01
   1.8450000e+01   1.9626323e+01
   1.8500000e+01   1.9500123e+01
   1.8550000e+01   1.9377330e+01
   1.8600000e+01   1.9257986e+01
   1.8650000e+01   1.9142126e+01
   1.8700000e+01   1.9029779e+01
   1.8750000e+01   1.8920969e+01
   1.8800000e+01   1.8815711e+01
   1.8850000e+01   1.8714017e+01
   1.8900000e+01   1.8615893e+01
   1.8950000e+01   1.8521337e+01
   1.9000000e+01   1.8430344e+01
   1.9050000e+01   1.8342905e+01
   1.9100000e+01   1.8259003e+01
   1.9150000e+01   1.8178619e+01
   1.9200000e+01   1.8101729e+01
   1.9250000e+01   1.8028304e+01
   1.9300000e+01   1.7958312e+01
   1.9350000e+01   1.7891716e+01
   1.9400000e+01   1.7828479e+01
   1.9450000e+01   1.7768556e+01
   1.9500000e+01   1.7711901e+01
   1.9550000e+01   1.7658468e+01
   1.9600000e+01   1.7608203e+01
   1.9650000e+01   1.7561055e+01
   1.9700000e+01   1.7516966e+01
   1.9750000e+01   1.7475881e+01
   1.9800000e+01   1.7437738e+01
   1.9850000e+01   1.7402477e+01
   1.9900000e+01   1.7370036e+01
   1.9950000e+01   1.7340352e+01
   2.0000000e+01   1.7313360e+01
   2.0050000e+01   1.7288994e+01
   2.0100000e+01   1.7267189e+01
   2.0150000e+01   1.7247879e+01
   2.0200000e+01   1.7230996e+01
   2.0250000e+01   1.7216473e+01
   2.0300000e+01   1.7204244e+01
   2.0350000e+01   1.7194241e+01
   2.0400000e+01   1.7186398e+01
   2.0450000e+01   1.7180648e+01
   2.0500000e+01   1.7176925e+01
   2.0550000e+01   1.7175164e+01
   2.0600000e+01   1.7175300e+01
   2.0650000e+01   1.7177269e+01
   2.0700000e+01   1.7181008e+01
   2.0750000e+01   1.7186454e+01
   2.0800000e+01   1.7193546e+01
   2.0850000e+01   1.7202223e+01
   2.0900000e+01   1.7212426e+01
   2.0950000e+01   1.7224097e+01
   2.1000000e+01   1.7237180e+01
   2.1050000e+01   1.7251617e+01
   2.1100000e+01   1.7267356e+01
   2.1150000e+01   1.7284342e+01
   2.1200000e+01   1.7302525e+01
   2.1250000e+01   1.7321853e+01
   2.1300000e+01   1.7342277e+01
   2.1350000e+01   1.7363750e+01
   2.1400000e+01   1.7386226e+01
   2.1450000e+01   1.7409659e+01
   2.1500000e+01   1.7434005e+01
   2.1550000e+01   1.7459224e+01
   2.1600000e+01   1.7485274e+01
   2.1650000e+01   1.7512115e+01
   2.1700000e+01   1.7539710e+01
   2.1750000e+01   1.7568022e+01
   2.1800000e+01   1.7597015e+01
   2.1850000e+01   1.7626657e+01
   2.1900000e+01   1.7656913e+01
   2.1950000e+01   1.7687752e+01
   2.2000000e+01   1.7719145e+01
   2.2050000e+01   1.7751063e+01
   2.2100000e+01   1.7783476e+01
   2.2150000e+01   1.7816360e+01
   2.2200000e+01   1.7849689e+01
   2.2250000e+01   1.7883437e+01
   2.2300000e+01   1.7917583e+01
   2.2350000e+01   1.7952103e+01
   2.2400000e+01   1.7986977e+01
   2.2450000e+01   1.8022184e+01
   2.2500000e+01   1.8057705e+01
   2.2550000e+01   1.8093522e+01
   2.2600000e+01   1.8129618e+01
   2.2650000e+01   1.8165975e+01
   2.2700000e+01   1.8202578e+01
   2.2750000e+01   1.8239413e+01
   2.2800000e+01   1.8276465e+01
   2.2850000e+01   1.8313720e+01
   2.2900000e+01   1.8351167e+01
   2.2950000e+01   1.8388792e+01
   2.3000000e+01   1.8426585e+01
   2.3050000e+01   1.8464535e+01
   2.3100000e+01   1.8502632e+01
   2.3150000e+01   1.8540865e+01
   2.3200000e+01   1.8579228e+01
   2.3250000e+01   1.8617709e+01
   2.3300000e+01   1.8656303e+01
   2.3350000e+01   1.8695001e+01
   2.3400000e+01   1.8733796e+01
   2.3450000e+01   1.8772681e+01
   2.3500000e+01   1.8811650e+01
   2.3550000e+01   1.8850698e+01
   2.3600000e+01   1.8889819e+01
   2.3650000e+01   1.8929008e+01
   2.3700000e+01   1.8968259e+01
   2.3750000e+01   1.9007569e+01
   2.3800000e+01   1.9046933e+01
   2.3850000e+01   1.9086348e+01
   2.3900000e+01   1.9125809e+01
   2.3950000e+01   1.9165313e+01
   2.4000000e+01   1.9204857e+01
   2.4050000e+01   1.9244438e+01
   2.4100000e+01   1.9284053e+01
   2.4150000e+01   1.9323699e+01
   2.4200000e+01   1.9363375e+01
   2.4250000e+01   1.9403077e+01
   2.4300000e+01   1.9442805e+01
   2.4350000e+01   1.9482555e+01
   2.4400000e+01   1.9522326e+01
   2.4450000e+01   1.9562117e+01
   2.4500000e+01   1.9601926e+01
   2.4550000e+01   1.9641751e+01
   2.4600000e+01   1.9681591e+01
   2.4650000e+01   1.9721445e+01
   2.4700000e+01   1.9761312e+01
   2.4750000e+01   1.9801190e+01
   2.4800000e+01   1.9841079e+01
   2.4850000e+01   1.9880978e+01
   2.4900000e+01   1.9920886e+01
   2.4950000e+01   1.9960803e+01
   2.5000000e+01   2.0000726e+01
   2.5050000e+01   2.0040657e+01
   2.5100000e+01   2.0080594e+01
   2.5150000e+01   2.0120537e+01
   2.5200000e+01   2.0160485e+01
   2.5250000e+01   2.0200438e+01
   2.5300000e+01   2.0240395e+01
   2.5350000e+01   2.0280356e+01
   2.5400000e+01   2.0320321e+01
   2.5450000e+01   2.0360289e+01
   2.5500000e+01   2.0400261e+01
   2.5550000e+01   2.0440235e+01
   2.5600000e+01   2.0480211e+01
   2.5650000e+01   2.0520190e+01
   2.5700000e+01   2.0560171e+01
   2.5750000e+01   2.0600153e+01
   2.5800000e+01   2.0640138e+01
   2.5850000e+01   2.0680123e+01
   2.5900000e+01   2.0720111e+01
   2.5950000e+01   2.0760099e+01
   2.6000000e+01   2.0800089e+01
   2.6050000e+01   2.0840080e+01
   2.6100000e+01   2.0880071e+01
   2.6150000e+01   2.0920064e+01
   2.6200000e+01   2.0960057e+01
   2.6250000e+01   2.1000051e+01
   2.6300000e+01   2.1040046e+01
   2.6350000e+01   2.1080041e+01
   2.6400000e+01   2.1120036e+01
   2.6450000e+01   2.1160032e+01
   2.6500000e+01   2.1200029e+01
   2.6550000e+01   2.1240026e+01
   2.6600000e+01   2.1280023e+01
   2.6650000e+01   2.1320020e+01
   2.6700000e+01   2.1360018e+01
   2.6750000e+01   2.1400016e+01
   2.6800000e+01   2.1440014e+01
   2.6850000e+01   2.1480013e+01
   2.6900000e+01   2.1520011e+01
   2.6950000e+01   2.1560010e+01
   2.7000000e+01   2.1600009e+01
   2.7050000e+01   2.1640008e+01
   2.7100000e+01   2.1680007e+01
   2.7150000e+01   2.1720006e+01
   2.7200000e+01   2.1760005e+01
   2.7250000e+01   2.1800005e+01
   2.7300000e+01   2.1840004e+01
   2.7350000e+01   2.1880004e+01
   2.7400000e+01   2.1920003e+01
   2.7450000e+01   2.1960003e+01
   2.7500000e+01   2.2000003e+01
   2.7550000e+01   2.2040002e+01
   2.7600000e+01   2.2080002e+01
   2.7650000e+01   2.2120002e+01
   2.7700000e+01   2.2160002e+01
   2.7750000e+01   2.2200001e+01
   2.7800000e+01   2.2240001e+01
   2.7850000e+01   2.2280001e+01
   2.7900000e+01   2.2320001e+01
   2.7950000e+01   2.2360001e+01
   2.8000000e+01   2.2400001e+01
   2.8050000e+01   2.2440001e+01
   2.8100000e+01   2.2480001e+01
   2.8150000e+01   2.2520000e+01
   2.8200000e+01   2.2560000e+01
   2.8250000e+01   2.2600000e+01
   2.8300000e+01   2.2640000e+01
   2.8350000e+01   2.2680000e+01
   2.8400000e+01   2.2720000e+01
   2.8450000e+01   2.2760000e+01
   2.8500000e+01   2.2800000e+01
   2.8550000e+01   2.2840000e+01
   2.8600000e+01   2.2880000e+01
   2.8650000e+01   2.2920000e+01
   2.8700000e+01   2.2960000e+01
   2.8750000e+01   2.3000000e+01
   2.8800000e+01   2.3040000e+01
   2.8850000e+01   2.3080000e+01
   2.8900000e+01   2.3120000e+01
   2.8950000e+01   2.3160000e+01
   2.9000000e+01   2.3200000e+01
   2.9050000e+01   2.3240000e+01
   2.9100000e+01   2.3280000e+01
   2.9150000e+01   2.3320000e+01
   2.9200000e+01   2.3360000e+01
   2.9250000e+01   2.3400000e+01
   2.9300000e+01   2.3440000e+01
   2.9350000e+01   2.3480000e+01
   2.9400000e+01   2.3520000e+01
   2.9450000e+01   2.3560000e+01
   2.9500000e+01   2.3600000e+01
   2.9550000e+01   2.3640000e+01
   2.9600000e+01   2.3680000e+01
   2.9650000e+01   2.3720000e+01
   2.9700000e+01   2.3760000e+01
   2.9750000e+01   2.3800000e+01
   2.9800000e+01   2.3840000e+01
   2.9850000e+01   2.3880000e+01
   2.9900000e+01   2.3920000e+01
   2.9950000e+01   2.3960000e+01
   3.0000000e+01   2.4000000e+01
