1.584	-1.33911	1.16835	1.11357	-1.75794	-1.00256	0.877334	0.672635
1.602	-1.33911	1.16835	1.11357	-1.75794	-1.00256	0.877334	0.672635
1.62	-1.33911	1.16835	1.11357	-1.75794	-1.00256	0.877334	0.672635
1.638	-1.33911	1.16835	1.11357	-1.75794	-1.00256	0.877334	0.672635
1.656	-1.33911	1.16835	1.11357	-1.75794	-1.00256	0.877334	0.672635
1.674	-1.33911	1.16835	1.11357	-1.75794	-1.00256	0.877334	0.672635
1.692	-1.33911	1.16835	1.11357	-1.75794	-1.00256	0.877334	0.672635
1.71	-1.33911	1.16835	1.11357	-1.75794	-1.00257	0.877334	0.672635
1.728	-1.33911	1.16835	1.11357	-1.75794	-1.00257	0.877334	0.672635
1.746	-1.33911	1.16835	1.11357	-1.75794	-1.00257	0.877334	0.672637
1.764	-1.33911	1.16835	1.11357	-1.75794	-1.00257	0.877334	0.672637
1.782	-1.33911	1.16835	1.11357	-1.75794	-1.00257	0.877334	0.672637
1.8	-1.33911	1.16835	1.11357	-1.75794	-1.00256	0.877334	0.672637
1.818	-1.33911	1.16836	1.11357	-1.75794	-1.00256	0.877334	0.672637
1.836	-1.33911	1.16836	1.11357	-1.75794	-1.00256	0.877334	0.672637
1.854	-1.33911	1.16836	1.11357	-1.75794	-1.00256	0.877334	0.672637
1.872	-1.33911	1.16836	1.11357	-1.75794	-1.00256	0.877334	0.672637
1.89	-1.33911	1.16836	1.11357	-1.75794	-1.00257	0.877334	0.672637
1.908	-1.33911	1.16836	1.11357	-1.75794	-1.00257	0.877334	0.672637
1.926	-1.33911	1.16836	1.11357	-1.75794	-1.00257	0.877334	0.672637
1.944	-1.33911	1.16836	1.11357	-1.75794	-1.00257	0.877334	0.672637
1.962	-1.33911	1.16836	1.11357	-1.75794	-1.00256	0.877334	0.672637
1.98	-1.33911	1.16836	1.11357	-1.75794	-1.00256	0.877334	0.672637
1.998	-1.33911	1.16836	1.11357	-1.75794	-1.00256	0.877334	0.672637
2.016	-1.33911	1.16836	1.11357	-1.75794	-1.00256	0.877334	0.672637
2.034	-1.33911	1.16836	1.11357	-1.75794	-1.00256	0.877334	0.672637
2.052	-1.33911	1.16836	1.11357	-1.75794	-1.00256	0.877334	0.672637
2.07	-1.33911	1.16836	1.11357	-1.75794	-1.00256	0.877334	0.672637
2.088	-1.33911	1.16836	1.11357	-1.75794	-1.00256	0.877334	0.672637
2.106	-1.33911	1.16836	1.11357	-1.75794	-1.00257	0.877334	0.672637
2.124	-1.33911	1.16836	1.11357	-1.75794	-1.00256	0.877334	0.672637
2.142	-1.33911	1.16836	1.11357	-1.75794	-1.00256	0.877334	0.672637
2.16	-1.33911	1.16836	1.11357	-1.75794	-1.00256	0.877334	0.672637
2.178	-1.33911	1.16836	1.11357	-1.75794	-1.00256	0.877334	0.672637
2.196	-1.33911	1.16836	1.11357	-1.75794	-1.00256	0.877334	0.672637
2.214	-1.33911	1.16836	1.11357	-1.75794	-1.00256	0.877334	0.672637
2.232	-1.33911	1.16836	1.11357	-1.75794	-1.00256	0.877334	0.672637
2.25	-1.33911	1.16836	1.11357	-1.75794	-1.00256	0.877334	0.672638
2.268	-1.33911	1.16836	1.11357	-1.75794	-1.00256	0.877334	0.672638
2.286	-1.33911	1.16836	1.11357	-1.75794	-1.00256	0.877334	0.672638
2.304	-1.33911	1.16836	1.11357	-1.75794	-1.00257	0.877334	0.672638
2.322	-1.33911	1.16836	1.11357	-1.75793	-1.00256	0.877334	0.672638
2.34	-1.33911	1.16836	1.11357	-1.75793	-1.00256	0.877334	0.672638
2.358	-1.33911	1.16836	1.11357	-1.75793	-1.00256	0.877334	0.672638
2.376	-1.33911	1.16836	1.11357	-1.75793	-1.00256	0.877334	0.672638
2.394	-1.33911	1.16836	1.11357	-1.75793	-1.00256	0.877334	0.672638
2.412	-1.33911	1.16836	1.11357	-1.75793	-1.00256	0.877334	0.672638
2.43	-1.33911	1.16836	1.11357	-1.75793	-1.00256	0.877334	0.672638
2.448	-1.33911	1.16836	1.11357	-1.75793	-1.00256	0.877334	0.672638
2.466	-1.33911	1.16836	1.11357	-1.75793	-1.00256	0.877334	0.672638
2.484	-1.33911	1.16836	1.11357	-1.75793	-1.00256	0.877334	0.672638
2.502	-1.33911	1.16836	1.11357	-1.75793	-1.00256	0.877334	0.672638
2.52	-1.33911	1.16836	1.11357	-1.75793	-1.00256	0.877334	0.672638
2.538	-1.33911	1.16836	1.11357	-1.75793	-1.00256	0.877334	0.672638
2.556	-1.33911	1.16836	1.11357	-1.75793	-1.00256	0.877334	0.672638
2.574	-1.33911	1.16836	1.11357	-1.75793	-1.00256	0.877334	0.672638
2.592	-1.33911	1.16836	1.11357	-1.75793	-1.00256	0.877334	0.672638
2.61	-1.33911	1.16836	1.11357	-1.75793	-1.00256	0.877334	0.672638
2.628	-1.33911	1.16836	1.11357	-1.75793	-1.00257	0.877334	0.672638
2.646	-1.33911	1.16836	1.11357	-1.75793	-1.00257	0.877333	0.672638
2.664	-1.33911	1.16836	1.11357	-1.75793	-1.00256	0.877334	0.672638
2.682	-1.33911	1.16836	1.11357	-1.75793	-1.00256	0.877334	0.672638
2.7	-1.33911	1.16836	1.11357	-1.75793	-1.00256	0.877334	0.672638
2.718	-1.33911	1.16836	1.11357	-1.75793	-1.00256	0.877334	0.672638
2.736	-1.33911	1.16836	1.11357	-1.75793	-1.00256	0.877334	0.672638
2.754	-1.33911	1.16836	1.11357	-1.75793	-1.00256	0.877334	0.672638
2.772	-1.33911	1.16836	1.11357	-1.75793	-1.00256	0.877334	0.672638
2.79	-1.33911	1.16836	1.11357	-1.75794	-1.00256	0.877334	0.672638
2.808	-1.33911	1.16836	1.11357	-1.75794	-1.00257	0.877334	0.672638
2.826	-1.33911	1.16836	1.11357	-1.75794	-1.00257	0.877334	0.672638
2.844	-1.33911	1.16836	1.11357	-1.75794	-1.00257	0.877334	0.672638
2.862	-1.33911	1.16836	1.11357	-1.75794	-1.00256	0.877334	0.672638
2.88	-1.33911	1.16836	1.11357	-1.75794	-1.00256	0.877334	0.672638
2.898	-1.33911	1.16836	1.11357	-1.75794	-1.00256	0.877334	0.672638
2.916	-1.33911	1.16836	1.11357	-1.75794	-1.00256	0.877334	0.672638
2.934	-1.33911	1.16836	1.11357	-1.75794	-1.00256	0.877334	0.672638
2.952	-1.33911	1.16836	1.11357	-1.75794	-1.00256	0.877334	0.672638
2.97	-1.33911	1.16836	1.11357	-1.75794	-1.00257	0.877334	0.67264
2.988	-1.33911	1.16836	1.11357	-1.75794	-1.00256	0.877334	0.672638
3.006	-1.33911	1.16837	1.11357	-1.75794	-1.00256	0.877334	0.672638
3.024	-1.33911	1.16837	1.11357	-1.75794	-1.00256	0.877334	0.672638
3.042	-1.33911	1.16837	1.11357	-1.75795	-1.00256	0.877334	0.672638
3.06	-1.33911	1.16837	1.11357	-1.75795	-1.00256	0.877334	0.672638
3.078	-1.33911	1.16837	1.11357	-1.75795	-1.00256	0.877334	0.672638
3.096	-1.33911	1.16837	1.11357	-1.75795	-1.00256	0.877334	0.672638
3.114	-1.33911	1.16837	1.11357	-1.75795	-1.00256	0.877334	0.672638
3.132	-1.33911	1.16837	1.11357	-1.75796	-1.00256	0.877334	0.672638
3.15	-1.33911	1.16837	1.11357	-1.75796	-1.00256	0.877334	0.672638
3.168	-1.33911	1.16837	1.11357	-1.75796	-1.00257	0.877334	0.672638
3.186	-1.33911	1.16837	1.11357	-1.75796	-1.00256	0.877334	0.67264
3.204	-1.33911	1.16837	1.11357	-1.75796	-1.00256	0.877336	0.672638
3.222	-1.33911	1.16837	1.11357	-1.75796	-1.00256	0.877336	0.672638
3.24	-1.33911	1.16837	1.11357	-1.75796	-1.00256	0.877338	0.672638
3.258	-1.33911	1.16837	1.11357	-1.75796	-1.00256	0.877338	0.672638
3.276	-1.33911	1.16837	1.11357	-1.75796	-1.00256	0.877338	0.672638
3.294	-1.33911	1.16837	1.11357	-1.75796	-1.00257	0.877336	0.672638
3.312	-1.33911	1.16837	1.11357	-1.75796	-1.00257	0.877336	0.672638
3.33	-1.33911	1.16837	1.11357	-1.75796	-1.00257	0.877336	0.67264
3.348	-1.33911	1.16837	1.11357	-1.75796	-1.00257	0.877334	0.672638
3.366	-1.33911	1.16837	1.11357	-1.75796	-1.00257	0.877334	0.672638
3.384	-1.33911	1.16836	1.11358	-1.75796	-1.00257	0.877336	0.672638
3.402	-1.33911	1.16836	1.11358	-1.75795	-1.00256	0.877336	0.672638
3.42	-1.33911	1.16836	1.11358	-1.75795	-1.00256	0.877336	0.672638
3.438	-1.33911	1.16835	1.11358	-1.75792	-1.00257	0.877334	0.672638
3.456	-1.33911	1.16834	1.11358	-1.75787	-1.00256	0.877334	0.672638
3.474	-1.33912	1.16832	1.11358	-1.7578	-1.00257	0.877334	0.67264
3.492	-1.33912	1.16828	1.11358	-1.75774	-1.00257	0.877334	0.67264
3.51	-1.33912	1.16825	1.11358	-1.75768	-1.00257	0.877333	0.67264
3.528	-1.33912	1.16819	1.11358	-1.75763	-1.00257	0.877333	0.67264
3.546	-1.33912	1.16809	1.11358	-1.7576	-1.00257	0.877333	0.672638
3.564	-1.33912	1.16809	1.11358	-1.7576	-1.00257	0.877333	0.672638
3.582	-1.33912	1.16794	1.11358	-1.7576	-1.00257	0.877333	0.672638
3.6	-1.33912	1.16776	1.11359	-1.7576	-1.00257	0.877333	0.672638
3.618	-1.33912	1.16753	1.11359	-1.75762	-1.00257	0.877333	0.672638
3.636	-1.33912	1.16724	1.11359	-1.75763	-1.00257	0.877333	0.672638
3.654	-1.33912	1.16689	1.11359	-1.75764	-1.00257	0.877333	0.672638
3.672	-1.33912	1.16647	1.11359	-1.75767	-1.00257	0.877331	0.672638
3.69	-1.33912	1.16598	1.11359	-1.75769	-1.00257	0.877331	0.672638
3.708	-1.33912	1.16541	1.11359	-1.75771	-1.00257	0.877331	0.672638
3.726	-1.33912	1.16475	1.11359	-1.75774	-1.00257	0.877331	0.672638
3.744	-1.33912	1.16403	1.11359	-1.75776	-1.00257	0.877331	0.672638
3.762	-1.33912	1.16403	1.11359	-1.75776	-1.00257	0.877331	0.672638
3.78	-1.33912	1.1632	1.1136	-1.7578	-1.00257	0.877331	0.672638
3.798	-1.33912	1.1623	1.1136	-1.75783	-1.00257	0.877331	0.672638
3.816	-1.33912	1.16131	1.1136	-1.75785	-1.00257	0.877331	0.672638
3.834	-1.33912	1.16031	1.1136	-1.75788	-1.00257	0.877331	0.672638
3.852	-1.33912	1.15927	1.1136	-1.7579	-1.00257	0.877331	0.672638
3.87	-1.33912	1.15817	1.1136	-1.75793	-1.00256	0.877331	0.672638
3.888	-1.33912	1.15712	1.1136	-1.758	-1.00256	0.877331	0.672638
3.906	-1.33912	1.15599	1.1136	-1.75812	-1.00256	0.877333	0.672638
3.924	-1.33912	1.15492	1.11362	-1.75825	-1.00256	0.877333	0.672637
3.942	-1.33912	1.15384	1.11362	-1.75846	-1.00256	0.877333	0.672637
3.96	-1.33912	1.15275	1.11363	-1.75868	-1.00256	0.877333	0.672637
3.978	-1.33912	1.15275	1.11363	-1.75868	-1.00256	0.877333	0.672637
3.996	-1.33912	1.15162	1.11366	-1.75891	-1.00256	0.877331	0.672637
4.014	-1.33913	1.1505	1.11378	-1.75914	-1.00256	0.877331	0.672638
4.032	-1.33913	1.14936	1.11398	-1.75937	-1.00256	0.877331	0.672638
4.05	-1.33913	1.14823	1.11424	-1.75957	-1.00256	0.877331	0.672638
4.068	-1.33913	1.14704	1.11455	-1.7597	-1.00256	0.877331	0.672637
4.086	-1.33913	1.14583	1.1149	-1.7598	-1.00255	0.877331	0.672638
4.104	-1.33913	1.14459	1.11529	-1.7599	-1.00255	0.877333	0.672638
4.122	-1.33913	1.1433	1.11578	-1.75998	-1.00255	0.877333	0.672637
4.14	-1.33915	1.14202	1.11633	-1.76001	-1.00255	0.877333	0.672637
4.158	-1.33918	1.1406	1.11692	-1.76004	-1.00255	0.877333	0.672637
4.176	-1.33918	1.1406	1.11692	-1.76004	-1.00255	0.877333	0.672637
4.194	-1.33923	1.1392	1.1175	-1.76005	-1.00255	0.877333	0.672638
4.212	-1.33933	1.13774	1.11814	-1.76007	-1.00255	0.877333	0.672637
4.23	-1.33947	1.13624	1.1188	-1.76011	-1.00254	0.877333	0.672638
4.248	-1.33971	1.1347	1.11943	-1.76012	-1.00254	0.877333	0.672637
4.266	-1.33997	1.13322	1.12006	-1.76014	-1.00254	0.877333	0.672637
4.284	-1.34026	1.13163	1.12074	-1.76018	-1.00252	0.877333	0.672637
4.302	-1.34057	1.13008	1.12137	-1.76025	-1.00249	0.877333	0.672637
4.32	-1.341	1.12847	1.12207	-1.76041	-1.00242	0.877333	0.672637
4.338	-1.34145	1.12689	1.12279	-1.76064	-1.00226	0.877333	0.672637
4.356	-1.34195	1.12523	1.12355	-1.76099	-1.00192	0.877333	0.672637
4.374	-1.34195	1.12523	1.12355	-1.76099	-1.00192	0.877333	0.672637
4.392	-1.34249	1.1236	1.12439	-1.76144	-1.00141	0.877333	0.672637
4.41	-1.34314	1.12191	1.12527	-1.76198	-1.00059	0.877333	0.672637
4.428	-1.34378	1.1202	1.12623	-1.76264	-0.999374	0.877334	0.672637
4.446	-1.34448	1.11846	1.12725	-1.76334	-0.997901	0.877334	0.672637
4.464	-1.34514	1.11675	1.12825	-1.764	-0.995924	0.877334	0.672637
4.482	-1.34591	1.11503	1.12934	-1.76478	-0.99361	0.877334	0.672637
4.5	-1.34673	1.11337	1.13047	-1.76566	-0.990708	0.877334	0.672637
4.518	-1.34756	1.11167	1.13161	-1.76649	-0.987167	0.877334	0.672637
4.536	-1.34838	1.11004	1.13281	-1.76731	-0.983208	0.877334	0.672637
4.554	-1.34916	1.10841	1.13399	-1.76809	-0.978994	0.877334	0.672637
4.572	-1.34916	1.10841	1.13399	-1.76809	-0.978994	0.877334	0.672637
4.59	-1.35004	1.10678	1.13515	-1.76885	-0.974468	0.877334	0.672637
4.608	-1.35093	1.10511	1.13644	-1.7697	-0.969788	0.877334	0.672637
4.626	-1.35185	1.10338	1.13767	-1.77046	-0.965336	0.877334	0.672635
4.644	-1.35276	1.10159	1.13884	-1.77124	-0.961415	0.877334	0.672635
4.662	-1.35359	1.0997	1.13996	-1.77205	-0.958361	0.877336	0.672635
4.68	-1.35458	1.09768	1.14103	-1.77285	-0.956382	0.877336	0.672635
4.698	-1.35549	1.09552	1.1421	-1.77377	-0.955504	0.877336	0.672635
4.716	-1.35643	1.09321	1.14305	-1.77467	-0.955477	0.877336	0.672635
4.734	-1.35733	1.09076	1.14408	-1.77566	-0.95548	0.877338	0.672635
4.752	-1.35823	1.08821	1.145	-1.77666	-0.95548	0.877336	0.672635
4.77	-1.35925	1.08539	1.14593	-1.77775	-0.955477	0.877338	0.672635
4.788	-1.35925	1.08539	1.14593	-1.77775	-0.955477	0.877338	0.672635
4.806	-1.36013	1.08246	1.1468	-1.77897	-0.955477	0.87734	0.672635
4.824	-1.36115	1.07917	1.14767	-1.78018	-0.955473	0.87734	0.672635
4.842	-1.36214	1.07582	1.14855	-1.78155	-0.955471	0.877343	0.672633
4.86	-1.36323	1.07224	1.1493	-1.78299	-0.955467	0.877343	0.672635
4.878	-1.36422	1.06866	1.14996	-1.78456	-0.955461	0.877343	0.672635
4.896	-1.36524	1.06497	1.15053	-1.78619	-0.955451	0.877343	0.672635
4.914	-1.36625	1.06101	1.15114	-1.78789	-0.955428	0.877341	0.672635
4.932	-1.36729	1.05694	1.15175	-1.78964	-0.955396	0.87734	0.672635
4.95	-1.36837	1.05281	1.15241	-1.79148	-0.955295	0.87734	0.672635
4.968	-1.36933	1.04882	1.15291	-1.79329	-0.955058	0.87734	0.672635
4.986	-1.36933	1.04882	1.15291	-1.79329	-0.955058	0.87734	0.672635
5.004	-1.37033	1.04474	1.1535	-1.79506	-0.954598	0.877341	0.672635
5.022	-1.37117	1.04064	1.15408	-1.79673	-0.95379	0.877341	0.672635
5.04	-1.37215	1.03635	1.1547	-1.79833	-0.952344	0.877341	0.672635
5.058	-1.37296	1.03222	1.15528	-1.79993	-0.950379	0.877343	0.672633
5.076	-1.3738	1.02816	1.15583	-1.80148	-0.947777	0.877343	0.672633
5.094	-1.37456	1.02416	1.15645	-1.80305	-0.944296	0.877341	0.672635
5.112	-1.37527	1.0201	1.15716	-1.80462	-0.940091	0.877341	0.672635
5.13	-1.37603	1.01604	1.15789	-1.80608	-0.935215	0.877341	0.672633
5.148	-1.3767	1.01211	1.15859	-1.80756	-0.929682	0.87734	0.672633
5.166	-1.37733	1.00822	1.15937	-1.80897	-0.92362	0.87734	0.672633
5.184	-1.37792	1.00441	1.16021	-1.81028	-0.917306	0.87734	0.672633
5.202	-1.37792	1.00441	1.16021	-1.81028	-0.917306	0.87734	0.672633
5.22	-1.3785	1.00047	1.16123	-1.8117	-0.911013	0.87734	0.672633
5.238	-1.37917	0.996493	1.16234	-1.81314	-0.904969	0.877341	0.672632
5.256	-1.37973	0.992567	1.16346	-1.81463	-0.89925	0.877341	0.672632
5.274	-1.38033	0.988728	1.16464	-1.81607	-0.89392	0.87734	0.672632
5.292	-1.38088	0.984852	1.16598	-1.81753	-0.889187	0.87734	0.672632
5.31	-1.38143	0.980787	1.16751	-1.81899	-0.885229	0.877341	0.672632
5.328	-1.38198	0.976739	1.16902	-1.82049	-0.882061	0.87734	0.672632
5.346	-1.38261	0.972729	1.17063	-1.82211	-0.87966	0.87734	0.672632
5.364	-1.38322	0.968822	1.17234	-1.82378	-0.877831	0.877341	0.672632
5.382	-1.38382	0.964835	1.17413	-1.8255	-0.876385	0.877341	0.672632
5.4	-1.38382	0.964835	1.17413	-1.8255	-0.876385	0.877341	0.672632
5.418	-1.38445	0.960763	1.17588	-1.82718	-0.875375	0.877341	0.672632
5.436	-1.38519	0.956663	1.17765	-1.82895	-0.874579	0.877343	0.672632
5.454	-1.386	0.952668	1.17936	-1.8308	-0.874093	0.877343	0.672632
5.472	-1.38683	0.948819	1.181	-1.83268	-0.873745	0.877343	0.672632
5.49	-1.38771	0.94496	1.18265	-1.83464	-0.873332	0.877343	0.672632
5.508	-1.38866	0.941075	1.18433	-1.83653	-0.872849	0.877343	0.672633
5.526	-1.38977	0.937143	1.18605	-1.8384	-0.872248	0.877343	0.672632
5.544	-1.39089	0.93341	1.18769	-1.84032	-0.871307	0.877343	0.672632
5.562	-1.39219	0.929821	1.18926	-1.84223	-0.869978	0.877343	0.672632
5.58	-1.39341	0.926331	1.19074	-1.84409	-0.86829	0.877341	0.672632
5.598	-1.39341	0.926331	1.19074	-1.84409	-0.86829	0.877341	0.672632
5.616	-1.39484	0.922843	1.19235	-1.84591	-0.865987	0.877341	0.67263
5.634	-1.39635	0.919481	1.19392	-1.84757	-0.863232	0.877341	0.672632
5.652	-1.3979	0.916181	1.19557	-1.84925	-0.860135	0.877341	0.672632
5.67	-1.39949	0.913121	1.19726	-1.8509	-0.856417	0.877341	0.672632
5.688	-1.4012	0.910296	1.19906	-1.85249	-0.852388	0.877343	0.67263
5.706	-1.403	0.907562	1.20102	-1.85408	-0.848085	0.877341	0.67263
5.724	-1.40482	0.904923	1.2032	-1.85558	-0.843616	0.877341	0.67263
5.742	-1.40679	0.902461	1.20564	-1.85709	-0.839097	0.877343	0.67263
5.76	-1.40878	0.900076	1.20834	-1.85866	-0.834678	0.877343	0.672628
5.778	-1.41087	0.897886	1.2113	-1.86025	-0.830483	0.877343	0.672628
5.796	-1.41087	0.897886	1.2113	-1.86025	-0.830483	0.877343	0.672628
5.814	-1.41303	0.895873	1.21447	-1.86189	-0.826617	0.877343	0.672628
5.832	-1.4153	0.894023	1.21791	-1.86364	-0.822987	0.877343	0.672628
5.85	-1.41763	0.892387	1.22162	-1.86549	-0.819741	0.877343	0.672628
5.868	-1.42008	0.890876	1.22562	-1.8674	-0.817033	0.877345	0.672628
5.886	-1.42268	0.889471	1.22984	-1.8694	-0.81474	0.877346	0.672628
5.904	-1.42531	0.888291	1.23431	-1.87153	-0.812893	0.87735	0.672628
5.922	-1.42809	0.887184	1.2389	-1.87372	-0.81169	0.877353	0.672628
5.94	-1.43095	0.886313	1.24358	-1.87584	-0.810952	0.877357	0.672628
5.958	-1.43394	0.885544	1.24846	-1.8779	-0.810676	0.877367	0.672628
5.976	-1.43686	0.884992	1.25345	-1.88003	-0.810666	0.877384	0.672628
5.994	-1.43995	0.884691	1.25842	-1.88221	-0.81067	0.877439	0.67263
6.012	-1.43995	0.884691	1.25842	-1.88221	-0.81067	0.877439	0.67263
6.03	-1.44307	0.88464	1.26346	-1.88444	-0.81067	0.877507	0.672628
6.048	-1.44623	0.88469	1.26854	-1.88663	-0.81067	0.877578	0.67263
6.066	-1.44954	0.884745	1.27347	-1.88881	-0.81067	0.877779	0.67263
6.084	-1.45286	0.884777	1.27822	-1.89108	-0.81067	0.878141	0.67263
6.102	-1.45623	0.884795	1.28288	-1.89334	-0.810668	0.878582	0.67263
6.12	-1.45966	0.88479	1.28758	-1.8955	-0.810668	0.879264	0.67263
6.138	-1.46319	0.884792	1.29219	-1.89765	-0.810668	0.880198	0.67263
6.156	-1.46683	0.884797	1.29666	-1.89984	-0.81067	0.881333	0.67263
6.174	-1.47057	0.884806	1.30105	-1.90208	-0.810672	0.882134	0.672628
6.192	-1.47432	0.884805	1.30551	-1.90433	-0.810674	0.882695	0.672628
6.21	-1.47432	0.884805	1.30551	-1.90433	-0.810674	0.882695	0.672628
6.228	-1.47815	0.884816	1.31	-1.90657	-0.810674	0.883211	0.67263
6.246	-1.48214	0.884809	1.31457	-1.9088	-0.810678	0.883672	0.672628
6.264	-1.48619	0.8848	1.31923	-1.91105	-0.810682	0.884108	0.672628
6.282	-1.49039	0.884774	1.32401	-1.91319	-0.810684	0.884566	0.672628
6.3	-1.4947	0.884768	1.32896	-1.91524	-0.810684	0.885069	0.672628
6.318	-1.49903	0.884776	1.33413	-1.91734	-0.810686	0.88549	0.672628
6.336	-1.50353	0.884785	1.33943	-1.91953	-0.810686	0.8858	0.672628
6.354	-1.50809	0.884778	1.345	-1.92183	-0.810688	0.88607	0.672628
6.372	-1.51281	0.884772	1.3508	-1.92417	-0.81069	0.886516	0.672628
6.39	-1.51753	0.884776	1.3568	-1.92651	-0.810692	0.887391	0.67263
6.408	-1.51753	0.884776	1.3568	-1.92651	-0.810692	0.887391	0.67263
6.426	-1.52233	0.884783	1.36296	-1.92884	-0.810692	0.889013	0.67263
6.444	-1.52715	0.884751	1.36946	-1.93111	-0.810694	0.89096	0.67263
6.462	-1.53205	0.884754	1.37615	-1.93321	-0.810696	0.893699	0.67263
6.48	-1.53688	0.884765	1.38299	-1.93521	-0.810696	0.897256	0.672632
6.498	-1.54169	0.884767	1.39002	-1.93708	-0.810698	0.901505	0.672632
6.516	-1.54647	0.884773	1.39713	-1.9388	-0.8107	0.906434	0.672632
6.534	-1.5512	0.884776	1.40437	-1.94035	-0.810703	0.912151	0.672632
6.552	-1.55592	0.884776	1.41186	-1.94159	-0.810703	0.918697	0.672632
6.57	-1.56062	0.884819	1.41934	-1.94261	-0.810703	0.925653	0.672633
6.588	-1.56523	0.884783	1.42706	-1.94338	-0.810705	0.932727	0.672633
6.606	-1.56984	0.884797	1.43492	-1.94379	-0.810705	0.939979	0.672633
6.624	-1.56984	0.884797	1.43492	-1.94379	-0.810705	0.939979	0.672633
6.642	-1.57442	0.884816	1.44282	-1.94395	-0.810705	0.947434	0.672633
6.66	-1.57899	0.8848	1.45084	-1.94394	-0.810707	0.955135	0.672635
6.678	-1.58357	0.884813	1.45884	-1.94395	-0.810707	0.962977	0.672635
6.696	-1.58808	0.884822	1.467	-1.94394	-0.810705	0.970739	0.672635
6.714	-1.59264	0.884825	1.47529	-1.94394	-0.810705	0.978322	0.672635
6.732	-1.59702	0.884839	1.48354	-1.94394	-0.810705	0.985511	0.672637
6.75	-1.60138	0.884839	1.49179	-1.94394	-0.810705	0.99238	0.672637
6.768	-1.60562	0.884857	1.49985	-1.94394	-0.810703	0.999046	0.672638
6.786	-1.60968	0.884861	1.50781	-1.94394	-0.8107	1.0053	0.672638
6.804	-1.61363	0.884867	1.51566	-1.94394	-0.8107	1.01118	0.672638
6.822	-1.61363	0.884867	1.51566	-1.94394	-0.8107	1.01118	0.672638
6.84	-1.61733	0.884871	1.5233	-1.94394	-0.810698	1.01688	0.67264
6.858	-1.62081	0.884873	1.53072	-1.94394	-0.810698	1.02248	0.67264
6.876	-1.62405	0.884887	1.53764	-1.94395	-0.810696	1.02806	0.67264
6.894	-1.62698	0.884884	1.54431	-1.94396	-0.810696	1.03373	0.672642
6.912	-1.62974	0.884888	1.55089	-1.94395	-0.810696	1.0393	0.672644
6.93	-1.63226	0.884892	1.55704	-1.94396	-0.810696	1.0444	0.672647
6.948	-1.63446	0.884892	1.56298	-1.94396	-0.810694	1.04914	0.672654
6.966	-1.63646	0.884894	1.56871	-1.94395	-0.810694	1.05367	0.672664
6.984	-1.63821	0.884896	1.57413	-1.94395	-0.810692	1.05787	0.672678
7.002	-1.63969	0.884896	1.57934	-1.94395	-0.810692	1.06176	0.672684
7.02	-1.63969	0.884896	1.57934	-1.94395	-0.810692	1.06176	0.672684
7.038	-1.64102	0.884898	1.58431	-1.94396	-0.81069	1.06543	0.672703
7.056	-1.64199	0.8849	1.58897	-1.94397	-0.810686	1.06884	0.672756
7.074	-1.64285	0.884901	1.59339	-1.94398	-0.810684	1.07207	0.672834
7.092	-1.64344	0.884901	1.59756	-1.94402	-0.810684	1.07507	0.672928
7.11	-1.6438	0.884902	1.60142	-1.94405	-0.810678	1.07759	0.673041
7.128	-1.64399	0.884902	1.60511	-1.94419	-0.810649	1.07941	0.673191
7.146	-1.64399	0.884903	1.60856	-1.94444	-0.810498	1.08066	0.673382
7.164	-1.64398	0.884905	1.61186	-1.94476	-0.810138	1.0816	0.673678
7.182	-1.64397	0.884905	1.615	-1.94523	-0.809543	1.08194	0.674051
7.2	-1.64397	0.884906	1.61811	-1.94583	-0.808545	1.08199	0.674469
7.218	-1.64397	0.884906	1.62115	-1.94647	-0.807158	1.08199	0.674973
7.236	-1.64397	0.884906	1.62115	-1.94647	-0.807158	1.08199	0.674973
7.254	-1.64397	0.884906	1.62411	-1.94715	-0.805548	1.08199	0.6757
7.272	-1.64397	0.884907	1.62695	-1.94788	-0.803532	1.08199	0.676876
7.29	-1.64397	0.884907	1.62969	-1.94857	-0.801323	1.08199	0.678144
7.308	-1.64397	0.884907	1.63228	-1.94924	-0.799194	1.08199	0.679705
7.326	-1.64397	0.884908	1.63487	-1.94987	-0.797189	1.08199	0.681588
7.344	-1.64397	0.884908	1.63746	-1.95044	-0.795299	1.082	0.683467
7.362	-1.64398	0.884908	1.64005	-1.95099	-0.793581	1.08207	0.68558
7.38	-1.64398	0.884908	1.6427	-1.95152	-0.792256	1.08228	0.687525
7.398	-1.64398	0.88491	1.64549	-1.95203	-0.791233	1.0826	0.689451
7.416	-1.64399	0.88491	1.64829	-1.95247	-0.790599	1.08327	0.691021
7.434	-1.64399	0.88491	1.64829	-1.95247	-0.790599	1.08327	0.691021
7.452	-1.64401	0.88491	1.65105	-1.95293	-0.790194	1.0845	0.692607
7.47	-1.64404	0.884911	1.65385	-1.9534	-0.790049	1.08604	0.693944
7.488	-1.64408	0.884911	1.6568	-1.95383	-0.790047	1.08741	0.695207
7.506	-1.6441	0.884911	1.65981	-1.95419	-0.790047	1.08919	0.696695
7.524	-1.64412	0.884912	1.66285	-1.9545	-0.790047	1.09118	0.698022
7.542	-1.64418	0.884912	1.66604	-1.95475	-0.790047	1.09346	0.69934
7.56	-1.64427	0.884912	1.66931	-1.95494	-0.790047	1.09564	0.700657
7.578	-1.64437	0.884912	1.67264	-1.95508	-0.790047	1.09813	0.701632
7.596	-1.64447	0.884912	1.67608	-1.95515	-0.790047	1.10071	0.702404
7.614	-1.64461	0.884912	1.67966	-1.95518	-0.790047	1.10353	0.70311
7.632	-1.64461	0.884912	1.67966	-1.95518	-0.790047	1.10353	0.70311
7.65	-1.64479	0.884912	1.6833	-1.9552	-0.790047	1.10665	0.703819
7.668	-1.64513	0.884914	1.6871	-1.95521	-0.790047	1.10995	0.704392
7.686	-1.64547	0.884914	1.69089	-1.95522	-0.790047	1.11349	0.70467
7.704	-1.64575	0.884914	1.69473	-1.95522	-0.790047	1.11692	0.70471
7.722	-1.64604	0.884914	1.69877	-1.95522	-0.790047	1.12003	0.704709
7.74	-1.64641	0.884915	1.70283	-1.95522	-0.790047	1.12288	0.704709
7.758	-1.64677	0.884915	1.70695	-1.95522	-0.790047	1.12558	0.704707
7.776	-1.64719	0.884915	1.71101	-1.95522	-0.790047	1.12793	0.704709
7.794	-1.64756	0.884916	1.71508	-1.95522	-0.790047	1.13033	0.704709
7.812	-1.64796	0.884916	1.71926	-1.95522	-0.790047	1.1329	0.704709
7.83	-1.6484	0.884916	1.72344	-1.95522	-0.790047	1.13534	0.704709
7.848	-1.6484	0.884916	1.72344	-1.95522	-0.790047	1.13534	0.704709
7.866	-1.64885	0.884917	1.72766	-1.95524	-0.790045	1.13791	0.704709
7.884	-1.64938	0.884917	1.7318	-1.95523	-0.790043	1.14043	0.70471
7.902	-1.64979	0.884919	1.736	-1.95524	-0.790043	1.14299	0.704709
7.92	-1.65016	0.884919	1.74017	-1.95524	-0.790041	1.14589	0.704709
7.938	-1.65052	0.884919	1.74432	-1.95524	-0.790041	1.14891	0.704709
7.956	-1.65089	0.88492	1.74852	-1.95525	-0.790035	1.15207	0.704709
7.974	-1.65124	0.88492	1.75265	-1.95525	-0.790033	1.15523	0.704709
7.992	-1.65154	0.884921	1.75693	-1.95525	-0.790031	1.15845	0.704707
8.01	-1.65182	0.884921	1.76118	-1.95525	-0.790031	1.16178	0.704709
8.028	-1.65206	0.884923	1.7655	-1.95525	-0.790029	1.16517	0.704709
8.046	-1.65206	0.884923	1.7655	-1.95525	-0.790029	1.16517	0.704709
8.064	-1.65227	0.884924	1.76985	-1.95527	-0.790022	1.16868	0.704709
8.082	-1.65243	0.884924	1.77417	-1.95527	-0.79002	1.17235	0.70471
8.1	-1.65259	0.884925	1.77861	-1.95527	-0.79002	1.17584	0.70471
8.118	-1.6527	0.884925	1.78299	-1.95527	-0.790018	1.17919	0.70471
8.136	-1.65279	0.884925	1.78731	-1.95527	-0.790018	1.18231	0.70471
8.154	-1.65285	0.884926	1.7916	-1.95527	-0.790018	1.18531	0.70471
8.172	-1.65285	0.884926	1.79581	-1.95527	-0.790018	1.18821	0.70471
8.19	-1.65285	0.884926	1.79996	-1.95527	-0.790018	1.19091	0.70471
8.208	-1.65285	0.884926	1.80397	-1.95527	-0.790018	1.19328	0.70471
8.226	-1.65285	0.884928	1.80784	-1.95527	-0.790016	1.19533	0.70471
8.244	-1.65285	0.884928	1.80784	-1.95527	-0.790016	1.19533	0.70471
8.262	-1.65285	0.884928	1.81154	-1.95527	-0.790008	1.19702	0.704712
8.28	-1.65285	0.884929	1.81516	-1.95527	-0.789982	1.19864	0.704712
8.298	-1.65285	0.884929	1.81853	-1.95527	-0.789912	1.20015	0.704712
8.316	-1.65285	0.884929	1.82167	-1.95528	-0.789705	1.20117	0.704712
8.334	-1.65285	0.884929	1.82458	-1.95528	-0.789227	1.20222	0.704714
8.352	-1.65285	0.88493	1.82706	-1.9553	-0.788466	1.20337	0.704714
8.37	-1.65285	0.88493	1.82932	-1.95535	-0.787507	1.20416	0.704714
8.388	-1.65285	0.88493	1.83136	-1.95543	-0.78614	1.20463	0.704714
8.406	-1.65285	0.88493	1.83312	-1.95556	-0.784249	1.20503	0.704714
8.424	-1.65284	0.88493	1.83462	-1.95576	-0.781649	1.20538	0.704716
8.442	-1.65283	0.88493	1.83596	-1.95607	-0.778618	1.20562	0.704717
8.46	-1.65283	0.88493	1.83596	-1.95607	-0.778618	1.20562	0.704717
8.478	-1.65281	0.884931	1.8371	-1.95652	-0.775081	1.20581	0.704719
8.496	-1.6528	0.884931	1.83806	-1.95711	-0.771404	1.20594	0.704724
8.514	-1.65279	0.88493	1.83885	-1.95789	-0.767839	1.20595	0.704775
8.532	-1.65274	0.88493	1.83958	-1.9588	-0.764736	1.20595	0.704936
8.55	-1.6526	0.88493	1.84015	-1.95983	-0.762085	1.20595	0.705166
8.568	-1.65234	0.884931	1.84065	-1.96089	-0.760192	1.20595	0.705416
8.586	-1.65197	0.884931	1.84101	-1.96197	-0.759218	1.20595	0.70552
8.604	-1.65161	0.88493	1.8413	-1.96322	-0.75912	1.20595	0.70552
8.622	-1.65123	0.88493	1.84154	-1.96449	-0.75912	1.20595	0.705513
8.64	-1.65071	0.88493	1.84171	-1.96568	-0.759122	1.20595	0.705513
8.658	-1.65071	0.88493	1.84171	-1.96568	-0.759122	1.20595	0.705513
8.676	-1.65009	0.88493	1.84187	-1.96681	-0.759124	1.20595	0.705513
8.694	-1.64948	0.88493	1.84202	-1.9679	-0.759126	1.20595	0.705512
8.712	-1.64881	0.88493	1.84222	-1.96888	-0.759128	1.20595	0.705512
8.73	-1.64799	0.88493	1.84238	-1.96966	-0.759128	1.20595	0.705512
8.748	-1.64698	0.88493	1.84255	-1.97017	-0.759128	1.20595	0.70551
8.766	-1.64575	0.88493	1.84278	-1.97051	-0.759128	1.20595	0.70551
8.784	-1.64451	0.88493	1.84307	-1.97058	-0.759128	1.20595	0.70551
8.802	-1.643	0.88493	1.84332	-1.97058	-0.759128	1.20595	0.70551
8.82	-1.64136	0.88493	1.84354	-1.97057	-0.759128	1.20595	0.70551
8.838	-1.63943	0.88493	1.84377	-1.97057	-0.759128	1.20596	0.70551
8.856	-1.63943	0.88493	1.84377	-1.97057	-0.759128	1.20596	0.70551
8.874	-1.63736	0.88493	1.84395	-1.97056	-0.759128	1.20598	0.70551
8.892	-1.63514	0.88493	1.84411	-1.97056	-0.75913	1.20599	0.705508
8.91	-1.63275	0.88493	1.84424	-1.97055	-0.75913	1.20599	0.705508
8.928	-1.63019	0.88493	1.84426	-1.97055	-0.75913	1.20599	0.70551
8.946	-1.62746	0.88493	1.84426	-1.97055	-0.75913	1.20599	0.705508
8.964	-1.62466	0.88493	1.84426	-1.97053	-0.759132	1.206	0.70551
8.982	-1.62168	0.88493	1.84426	-1.97052	-0.759134	1.206	0.70551
9	-1.61867	0.88493	1.84426	-1.97039	-0.759138	1.206	0.705512
9.018	-1.61561	0.88493	1.84426	-1.97019	-0.75914	1.206	0.70551
9.036	-1.6124	0.88493	1.84426	-1.96992	-0.75914	1.206	0.70551
9.054	-1.60926	0.88493	1.84426	-1.96942	-0.759142	1.206	0.70551
9.072	-1.60926	0.88493	1.84426	-1.96942	-0.759142	1.206	0.70551
9.09	-1.606	0.88493	1.84426	-1.96874	-0.759144	1.206	0.70551
9.108	-1.60284	0.88493	1.84426	-1.96792	-0.759147	1.206	0.705508
9.126	-1.59962	0.88493	1.84426	-1.96697	-0.759151	1.206	0.705508
9.144	-1.59651	0.88493	1.84426	-1.96595	-0.759151	1.206	0.70551
9.162	-1.59338	0.88493	1.84426	-1.96481	-0.759153	1.20601	0.70551
9.18	-1.59025	0.88493	1.84426	-1.96359	-0.759155	1.20601	0.70551
9.198	-1.58714	0.88493	1.84426	-1.9623	-0.759157	1.20602	0.70551
9.216	-1.58402	0.88493	1.84426	-1.96084	-0.759159	1.20605	0.70551
9.234	-1.58097	0.88493	1.84426	-1.9593	-0.759159	1.20612	0.70551
9.252	-1.57788	0.88493	1.84426	-1.95771	-0.759161	1.20631	0.705508
9.27	-1.57788	0.88493	1.84426	-1.95771	-0.759161	1.20631	0.705508
9.288	-1.57481	0.88493	1.84426	-1.95609	-0.759163	1.2066	0.705508
9.306	-1.57171	0.88493	1.84426	-1.95438	-0.759163	1.20709	0.705508
9.324	-1.56858	0.88493	1.84426	-1.95264	-0.759167	1.20774	0.705508
9.342	-1.56545	0.88493	1.84426	-1.95086	-0.759171	1.20857	0.705508
9.36	-1.56228	0.88493	1.84426	-1.94899	-0.759177	1.20978	0.705508
9.378	-1.55909	0.88493	1.84426	-1.947	-0.759183	1.21131	0.705508
9.396	-1.55581	0.88493	1.84426	-1.945	-0.759191	1.21261	0.70551
9.414	-1.55259	0.88493	1.84426	-1.94292	-0.759202	1.21405	0.70551
9.432	-1.54932	0.88493	1.84426	-1.94078	-0.75921	1.21585	0.705508
9.45	-1.54603	0.88493	1.84426	-1.93863	-0.759222	1.21763	0.70551
9.468	-1.54603	0.88493	1.84426	-1.93863	-0.759222	1.21763	0.70551
9.486	-1.54264	0.88493	1.84426	-1.93642	-0.759232	1.21986	0.705508
9.504	-1.5393	0.88493	1.84426	-1.93417	-0.759257	1.22207	0.705508
9.522	-1.53591	0.88493	1.84426	-1.93187	-0.759281	1.2245	0.705508
9.54	-1.53261	0.88493	1.84426	-1.92943	-0.759328	1.22694	0.705508
9.558	-1.52923	0.88493	1.84426	-1.9269	-0.759392	1.22937	0.70551
9.576	-1.52589	0.88493	1.84426	-1.92427	-0.759508	1.23185	0.70551
9.594	-1.52256	0.88493	1.84426	-1.92158	-0.759641	1.23403	0.70551
9.612	-1.51926	0.88493	1.84426	-1.91894	-0.759738	1.2361	0.705508
9.63	-1.51593	0.88493	1.84426	-1.91637	-0.759795	1.23798	0.70551
9.648	-1.51268	0.88493	1.84426	-1.91378	-0.759825	1.23978	0.705508
9.666	-1.50945	0.88493	1.84426	-1.91129	-0.759905	1.24137	0.705508
9.684	-1.50945	0.88493	1.84426	-1.91129	-0.759905	1.24137	0.705508
9.702	-1.50625	0.88493	1.84426	-1.90876	-0.760053	1.24302	0.705508
9.72	-1.50306	0.88493	1.84426	-1.90627	-0.760228	1.24427	0.70551
9.738	-1.49992	0.88493	1.84426	-1.90382	-0.760421	1.24555	0.70551
9.756	-1.49674	0.88493	1.84426	-1.90149	-0.760654	1.24695	0.70551
9.774	-1.49365	0.88493	1.84426	-1.89922	-0.760897	1.24812	0.70551
9.792	-1.49051	0.88493	1.84426	-1.89711	-0.76118	1.24956	0.70551
9.81	-1.48737	0.88493	1.84426	-1.89509	-0.761511	1.25124	0.705508
9.828	-1.4842	0.88493	1.84426	-1.89313	-0.761906	1.25291	0.705508
9.846	-1.48099	0.88493	1.84426	-1.89119	-0.762435	1.25502	0.705508
9.864	-1.47777	0.884929	1.84426	-1.88925	-0.763147	1.25705	0.70551
9.882	-1.47777	0.884929	1.84426	-1.88925	-0.763147	1.25705	0.70551
9.9	-1.47449	0.88493	1.84426	-1.88735	-0.763804	1.25935	0.70551
9.918	-1.47126	0.88493	1.84426	-1.88545	-0.764575	1.26159	0.70551
9.936	-1.46793	0.884929	1.84426	-1.88362	-0.765775	1.26381	0.70551
9.954	-1.46462	0.884929	1.84426	-1.88185	-0.767647	1.26581	0.705508
9.972	-1.46122	0.884912	1.84426	-1.88007	-0.769989	1.26779	0.705508
9.99	-1.45773	0.884921	1.84426	-1.87831	-0.772312	1.26972	0.705507
10.008	-1.4543	0.884921	1.84426	-1.87657	-0.774722	1.27147	0.705507
10.026	-1.45076	0.884921	1.84426	-1.87494	-0.777204	1.2731	0.705508
10.044	-1.44719	0.884921	1.84426	-1.87333	-0.779696	1.27484	0.705508
10.062	-1.44355	0.884921	1.84426	-1.87173	-0.782211	1.27633	0.705508
10.08	-1.43991	0.884921	1.84426	-1.87009	-0.784637	1.27805	0.705508
10.098	-1.43991	0.884921	1.84426	-1.87009	-0.784637	1.27805	0.705508
10.116	-1.43627	0.884921	1.84426	-1.86847	-0.787141	1.27939	0.705508
10.134	-1.43265	0.884924	1.84426	-1.86678	-0.789544	1.28066	0.705508
10.152	-1.42886	0.884924	1.84426	-1.8651	-0.791755	1.28196	0.705507
10.17	-1.42511	0.884925	1.84426	-1.86334	-0.793896	1.28293	0.705508
10.188	-1.42137	0.884925	1.84426	-1.86159	-0.795796	1.28381	0.705508
10.206	-1.41761	0.884924	1.84426	-1.85985	-0.797486	1.28488	0.70551
10.224	-1.41387	0.884925	1.84426	-1.85813	-0.798903	1.28615	0.705508
10.242	-1.41013	0.884925	1.84426	-1.85639	-0.800059	1.28709	0.705508
10.26	-1.40634	0.884926	1.84426	-1.85466	-0.800928	1.28803	0.705508
10.278	-1.40255	0.884926	1.84426	-1.85287	-0.801386	1.28911	0.705508
10.296	-1.40255	0.884926	1.84426	-1.85287	-0.801386	1.28911	0.705508
10.314	-1.39879	0.884926	1.84426	-1.85101	-0.801623	1.29008	0.705508
10.332	-1.39509	0.884928	1.84426	-1.8491	-0.801736	1.29061	0.705508
10.35	-1.39139	0.884926	1.84426	-1.84712	-0.801795	1.29093	0.705508
10.368	-1.38762	0.884926	1.84426	-1.84512	-0.801826	1.29127	0.705508
10.386	-1.38396	0.884926	1.84426	-1.843	-0.801858	1.2917	0.705508
10.404	-1.38027	0.884926	1.84426	-1.84086	-0.801869	1.29204	0.705508
10.422	-1.37658	0.884926	1.84426	-1.83871	-0.801883	1.29256	0.705507
10.44	-1.37302	0.884926	1.84426	-1.83651	-0.801949	1.29309	0.705508
10.458	-1.3694	0.884926	1.84426	-1.83428	-0.802125	1.2936	0.705507
10.476	-1.36582	0.884925	1.84426	-1.83193	-0.802464	1.29396	0.705507
10.494	-1.36582	0.884925	1.84426	-1.83193	-0.802464	1.29396	0.705507
10.512	-1.36232	0.884925	1.84426	-1.8295	-0.803008	1.29426	0.705507
10.53	-1.35883	0.884925	1.84425	-1.82714	-0.803785	1.29471	0.705507
10.548	-1.35544	0.884926	1.84425	-1.82478	-0.804704	1.29547	0.705505
10.566	-1.35212	0.884926	1.84425	-1.82245	-0.80565	1.29682	0.705503
10.584	-1.34879	0.884926	1.84425	-1.82021	-0.806968	1.29866	0.705501
10.602	-1.34559	0.884926	1.84425	-1.8181	-0.80844	1.30064	0.705501
10.62	-1.34239	0.884926	1.84425	-1.81611	-0.810122	1.30282	0.705501
10.638	-1.33926	0.884926	1.84425	-1.8142	-0.812142	1.30495	0.7055
10.656	-1.33622	0.884928	1.84425	-1.81231	-0.814447	1.30709	0.705498
10.674	-1.33321	0.884928	1.84425	-1.81052	-0.816912	1.30918	0.705496
10.692	-1.33321	0.884928	1.84425	-1.81052	-0.816912	1.30918	0.705496
10.71	-1.33026	0.884928	1.84425	-1.80879	-0.819598	1.31091	0.705493
10.728	-1.32732	0.884928	1.84425	-1.80713	-0.822216	1.31245	0.705489
10.746	-1.3244	0.884929	1.84425	-1.80554	-0.824789	1.31389	0.705486
10.764	-1.32163	0.884929	1.84425	-1.80401	-0.827255	1.31486	0.705484
10.782	-1.31887	0.884929	1.84425	-1.80252	-0.829552	1.31583	0.705483
10.8	-1.31619	0.88493	1.84425	-1.80112	-0.831616	1.31681	0.705483
10.818	-1.31359	0.88493	1.84424	-1.79974	-0.833313	1.31747	0.705479
10.836	-1.31109	0.884931	1.84424	-1.79837	-0.834547	1.31773	0.705476
10.854	-1.30873	0.884931	1.84423	-1.797	-0.835621	1.31784	0.705472
10.872	-1.30642	0.884931	1.84422	-1.7957	-0.836113	1.31787	0.705467
10.89	-1.30428	0.884933	1.84422	-1.79435	-0.83614	1.31789	0.705462
10.908	-1.30428	0.884933	1.84422	-1.79435	-0.83614	1.31789	0.705462
10.926	-1.30226	0.884933	1.84422	-1.79305	-0.836138	1.31792	0.705452
10.944	-1.30035	0.884933	1.84421	-1.79182	-0.836136	1.318	0.70544
10.962	-1.29864	0.884933	1.84421	-1.79066	-0.836136	1.31804	0.705431
10.98	-1.29705	0.884933	1.84421	-1.78961	-0.836136	1.31804	0.705416
10.998	-1.29561	0.884933	1.84421	-1.78863	-0.836136	1.31804	0.705397
11.016	-1.29414	0.884934	1.84421	-1.78777	-0.836136	1.31804	0.705386
11.034	-1.29292	0.884937	1.84421	-1.78698	-0.836136	1.31804	0.70537
11.052	-1.29171	0.884937	1.84421	-1.78632	-0.836136	1.31804	0.705341
11.07	-1.29064	0.884937	1.8442	-1.78576	-0.836136	1.31803	0.705254
11.088	-1.28964	0.884937	1.8442	-1.78521	-0.836136	1.31803	0.705019
11.106	-1.28964	0.884937	1.8442	-1.78521	-0.836136	1.31803	0.705019
11.124	-1.28875	0.884937	1.8442	-1.78479	-0.836136	1.31803	0.704588
11.142	-1.28794	0.884938	1.8442	-1.78438	-0.836138	1.31803	0.704027
11.16	-1.28725	0.884937	1.84419	-1.78405	-0.83614	1.31803	0.703286
11.178	-1.28661	0.884938	1.84419	-1.78379	-0.836146	1.31803	0.702275
11.196	-1.28611	0.884938	1.84419	-1.78352	-0.836167	1.31803	0.700848
11.214	-1.28556	0.884938	1.84418	-1.78331	-0.836226	1.31803	0.699382
11.232	-1.28519	0.884939	1.84417	-1.78318	-0.836328	1.31803	0.69761
11.25	-1.28489	0.884939	1.84417	-1.7831	-0.83649	1.31803	0.695672
11.268	-1.28463	0.884939	1.84416	-1.78305	-0.836715	1.31803	0.693419
11.286	-1.28443	0.884939	1.84415	-1.78299	-0.837107	1.31803	0.690625
11.304	-1.28443	0.884939	1.84415	-1.78299	-0.837107	1.31803	0.690625
11.322	-1.28429	0.884939	1.84415	-1.78298	-0.837782	1.31803	0.687215
11.34	-1.28425	0.884939	1.84414	-1.78297	-0.838635	1.31803	0.68331
11.358	-1.28422	0.88494	1.84412	-1.78295	-0.839486	1.31803	0.678979
11.376	-1.28421	0.884939	1.84406	-1.78286	-0.840474	1.31803	0.674341
11.394	-1.28419	0.88494	1.84393	-1.78277	-0.841814	1.31803	0.669385
11.412	-1.28418	0.88494	1.84372	-1.78265	-0.843327	1.31803	0.664133
11.43	-1.28418	0.88494	1.8435	-1.78252	-0.845062	1.31803	0.658614
11.448	-1.28417	0.88494	1.84322	-1.78236	-0.846921	1.31803	0.652913
11.466	-1.28415	0.88494	1.84283	-1.78221	-0.848993	1.31803	0.647108
11.484	-1.28408	0.88494	1.84236	-1.7821	-0.851238	1.31803	0.641187
11.502	-1.28402	0.88494	1.84187	-1.78199	-0.853517	1.31803	0.635284
11.52	-1.28402	0.88494	1.84187	-1.78199	-0.853517	1.31803	0.635284
11.538	-1.28393	0.88494	1.84136	-1.78192	-0.855871	1.31803	0.629295
11.556	-1.28377	0.88494	1.84079	-1.78188	-0.858154	1.31803	0.623444
11.574	-1.28351	0.88494	1.84019	-1.78184	-0.860205	1.31803	0.617753
11.592	-1.28325	0.884942	1.83959	-1.78181	-0.862113	1.31803	0.612276
11.61	-1.28293	0.884942	1.83891	-1.7818	-0.863823	1.31803	0.606798
11.628	-1.28259	0.884942	1.83818	-1.78179	-0.865077	1.31803	0.601557
11.646	-1.28214	0.884942	1.83743	-1.78175	-0.866188	1.31803	0.596609
11.664	-1.28169	0.884942	1.8367	-1.7817	-0.86721	1.31803	0.591704
11.682	-1.28109	0.884943	1.8359	-1.78158	-0.867906	1.31803	0.586758
11.7	-1.28052	0.884943	1.8352	-1.78146	-0.868339	1.31803	0.58189
11.718	-1.28052	0.884943	1.8352	-1.78146	-0.868339	1.31803	0.58189
11.736	-1.27981	0.884943	1.83443	-1.78133	-0.868771	1.31803	0.577123
11.754	-1.27898	0.884943	1.83372	-1.78111	-0.86926	1.31803	0.572265
11.772	-1.27819	0.884943	1.83315	-1.78075	-0.869705	1.31802	0.567281
11.79	-1.27726	0.884943	1.8325	-1.78035	-0.869967	1.31802	0.562379
11.808	-1.27627	0.884943	1.8319	-1.77975	-0.870139	1.31802	0.557588
11.826	-1.27516	0.884952	1.83138	-1.77908	-0.870292	1.31802	0.552668
11.844	-1.27401	0.884961	1.83081	-1.77821	-0.870407	1.31802	0.547551
11.862	-1.27279	0.884961	1.8303	-1.77723	-0.870491	1.31802	0.542473
11.88	-1.27152	0.884961	1.82971	-1.77606	-0.870558	1.31802	0.537389
11.898	-1.27011	0.884962	1.82915	-1.7747	-0.870642	1.31802	0.531986
11.916	-1.27011	0.884962	1.82915	-1.7747	-0.870642	1.31802	0.531986
11.934	-1.26873	0.884962	1.82865	-1.77312	-0.870681	1.31802	0.526327
11.952	-1.26728	0.884962	1.82807	-1.77136	-0.870685	1.31802	0.520708
11.97	-1.26576	0.884962	1.82759	-1.7695	-0.870687	1.31802	0.515157
11.988	-1.26434	0.884963	1.82719	-1.76756	-0.870687	1.31802	0.509433
12.006	-1.26282	0.884963	1.82681	-1.76558	-0.870687	1.31802	0.503643
12.024	-1.26127	0.884963	1.82637	-1.76347	-0.870687	1.31802	0.498039
12.042	-1.25971	0.884963	1.8259	-1.76142	-0.870687	1.31803	0.492467
12.06	-1.25818	0.884965	1.82547	-1.75943	-0.870687	1.31803	0.486962
12.078	-1.25665	0.884965	1.82507	-1.75752	-0.870687	1.31803	0.481634
12.096	-1.25512	0.884965	1.82466	-1.75571	-0.870687	1.31803	0.476546
12.114	-1.25364	0.884965	1.82423	-1.75393	-0.870687	1.31803	0.471586
12.132	-1.25364	0.884965	1.82423	-1.75393	-0.870687	1.31803	0.471586
12.15	-1.25217	0.884965	1.82374	-1.75223	-0.870687	1.31803	0.466901
12.168	-1.25069	0.884965	1.82322	-1.75065	-0.870687	1.31803	0.462558
12.186	-1.24931	0.884965	1.82262	-1.7492	-0.870687	1.31803	0.458623
12.204	-1.2479	0.884965	1.82189	-1.74788	-0.870687	1.31803	0.454864
12.222	-1.24653	0.884965	1.82111	-1.74668	-0.870687	1.31803	0.45115
12.24	-1.24527	0.884965	1.82024	-1.74569	-0.870689	1.31803	0.447605
12.258	-1.24395	0.884965	1.81934	-1.74486	-0.870691	1.31803	0.444292
12.276	-1.24277	0.884965	1.81839	-1.74409	-0.870699	1.31803	0.441173
12.294	-1.24154	0.884966	1.81734	-1.74342	-0.870722	1.31803	0.438216
12.312	-1.2404	0.884966	1.81619	-1.74285	-0.870771	1.31802	0.435217
12.33	-1.2404	0.884966	1.81619	-1.74285	-0.870771	1.31802	0.435217
12.348	-1.23924	0.884966	1.815	-1.74235	-0.870892	1.31802	0.432098
12.366	-1.23814	0.884965	1.81379	-1.74193	-0.871164	1.31802	0.428851
12.384	-1.23703	0.884966	1.81256	-1.74157	-0.871675	1.31802	0.425591
12.402	-1.23595	0.884965	1.8114	-1.74128	-0.872573	1.31802	0.422468
12.42	-1.23485	0.884966	1.8102	-1.74093	-0.873905	1.31802	0.4193
12.438	-1.23382	0.884965	1.80909	-1.74067	-0.875559	1.31802	0.415825
12.456	-1.23282	0.884966	1.80798	-1.74038	-0.877572	1.31802	0.412085
12.474	-1.23187	0.884966	1.80693	-1.74014	-0.879726	1.31802	0.408352
12.492	-1.23088	0.884967	1.80573	-1.73979	-0.882063	1.31802	0.404635
12.51	-1.23004	0.884967	1.80464	-1.73947	-0.884348	1.31802	0.400832
12.528	-1.23004	0.884967	1.80464	-1.73947	-0.884348	1.31802	0.400832
12.546	-1.22914	0.884967	1.8035	-1.73917	-0.886616	1.31802	0.396851
12.564	-1.22837	0.884967	1.80233	-1.73884	-0.888776	1.31802	0.392738
12.582	-1.22757	0.88497	1.80116	-1.73851	-0.890531	1.31802	0.38861
12.6	-1.22685	0.885004	1.79998	-1.73809	-0.892126	1.31802	0.384547
12.618	-1.22618	0.885004	1.79877	-1.73758	-0.893337	1.31802	0.380696
12.636	-1.22556	0.885004	1.79757	-1.73714	-0.894304	1.31802	0.376838
12.654	-1.225	0.885004	1.79639	-1.73662	-0.894932	1.31802	0.372878
12.672	-1.22437	0.885007	1.79516	-1.73607	-0.895098	1.31802	0.368938
12.69	-1.22383	0.885004	1.79395	-1.73553	-0.89511	1.31802	0.365164
12.708	-1.22328	0.885007	1.79288	-1.73503	-0.895118	1.31802	0.361609
12.726	-1.2228	0.885006	1.79194	-1.73451	-0.895129	1.31802	0.358062
12.744	-1.2228	0.885006	1.79194	-1.73451	-0.895129	1.31802	0.358062
12.762	-1.22227	0.885007	1.79113	-1.73398	-0.895147	1.31802	0.354453
12.78	-1.22179	0.885004	1.79042	-1.7335	-0.895194	1.31802	0.350791
12.798	-1.22132	0.885006	1.78994	-1.73307	-0.895315	1.31802	0.347078
12.816	-1.22088	0.885011	1.7896	-1.73263	-0.89544	1.31802	0.343429
12.834	-1.22038	0.885011	1.78942	-1.73218	-0.89555	1.31802	0.339862
12.852	-1.21985	0.885015	1.78935	-1.73171	-0.895638	1.31802	0.33611
12.87	-1.21937	0.885011	1.78936	-1.73126	-0.895681	1.31802	0.33225
12.888	-1.21886	0.885012	1.78936	-1.73083	-0.895687	1.31802	0.328526
12.906	-1.2184	0.885011	1.78935	-1.73035	-0.895687	1.31802	0.324946
12.924	-1.21785	0.885015	1.78934	-1.72987	-0.895685	1.31802	0.321468
12.942	-1.21785	0.885015	1.78934	-1.72987	-0.895685	1.31802	0.321468
12.96	-1.21741	0.885012	1.78934	-1.72934	-0.895685	1.31802	0.317929
12.978	-1.21695	0.885013	1.78934	-1.7288	-0.895685	1.31802	0.314386
12.996	-1.21652	0.885015	1.78934	-1.72823	-0.895683	1.31802	0.310859
13.014	-1.216	0.885013	1.78934	-1.72762	-0.895685	1.31802	0.307391
13.032	-1.21551	0.885015	1.78934	-1.72698	-0.895685	1.31802	0.304021
13.05	-1.21505	0.885012	1.78934	-1.7264	-0.895683	1.31802	0.300611
13.068	-1.21454	0.885015	1.78934	-1.72579	-0.895683	1.31802	0.297008
13.086	-1.21403	0.885013	1.78934	-1.72512	-0.895683	1.31802	0.293258
13.104	-1.21346	0.885016	1.78933	-1.72449	-0.895683	1.31802	0.289481
13.122	-1.21299	0.885012	1.78934	-1.72388	-0.895681	1.31802	0.285716
13.14	-1.21299	0.885012	1.78934	-1.72388	-0.895681	1.31802	0.285716
13.158	-1.21243	0.885015	1.78934	-1.72332	-0.895681	1.31802	0.281944
13.176	-1.21193	0.885017	1.78934	-1.72278	-0.895681	1.31802	0.277821
13.194	-1.2113	0.885017	1.78933	-1.72224	-0.895679	1.31802	0.273417
13.212	-1.21077	0.885016	1.78934	-1.72168	-0.895677	1.31802	0.269007
13.23	-1.21015	0.885016	1.78934	-1.72117	-0.895677	1.31802	0.264676
13.248	-1.20961	0.885016	1.78934	-1.72067	-0.895677	1.31802	0.260299
13.266	-1.20902	0.885016	1.78933	-1.72018	-0.895677	1.31802	0.255779
13.284	-1.20849	0.885016	1.78933	-1.71976	-0.895677	1.31802	0.251305
13.302	-1.20793	0.885016	1.78934	-1.71935	-0.895677	1.31802	0.246981
13.32	-1.20741	0.885016	1.78934	-1.71897	-0.895677	1.31802	0.242916
13.338	-1.20741	0.885016	1.78934	-1.71897	-0.895677	1.31802	0.242916
13.356	-1.20686	0.885016	1.78934	-1.71862	-0.895677	1.31802	0.238926
13.374	-1.20639	0.885016	1.78934	-1.71834	-0.895677	1.31802	0.235007
13.392	-1.20593	0.885016	1.78934	-1.71805	-0.895677	1.31802	0.231299
13.41	-1.20554	0.885016	1.78934	-1.71781	-0.895677	1.31802	0.227849
13.428	-1.20512	0.885016	1.78934	-1.71762	-0.895677	1.31802	0.224607
13.446	-1.20481	0.885016	1.78934	-1.71743	-0.895677	1.31802	0.22136
13.464	-1.20454	0.885015	1.78934	-1.71729	-0.895677	1.31802	0.217938
13.482	-1.20434	0.885015	1.78934	-1.71717	-0.895679	1.31802	0.214435
13.5	-1.20418	0.885015	1.78934	-1.71706	-0.895679	1.31802	0.211007
13.518	-1.20404	0.885015	1.78934	-1.71697	-0.895679	1.31802	0.207587
13.536	-1.20397	0.885015	1.78934	-1.71684	-0.895681	1.31801	0.204157
13.554	-1.20385	0.885015	1.78934	-1.71667	-0.895685	1.31801	0.200505
13.572	-1.20385	0.885015	1.78934	-1.71667	-0.895685	1.31801	0.200505
13.59	-1.20376	0.885015	1.78934	-1.71652	-0.895687	1.31801	0.196479
13.608	-1.20368	0.885015	1.78934	-1.71639	-0.895687	1.31801	0.192162
13.626	-1.20363	0.885015	1.78934	-1.71621	-0.895689	1.31801	0.187671
13.644	-1.20358	0.885015	1.78934	-1.71603	-0.895691	1.31801	0.182954
13.662	-1.20354	0.885015	1.78934	-1.71584	-0.895695	1.31801	0.177827
13.68	-1.20351	0.885015	1.78934	-1.71561	-0.895697	1.31801	0.172503
13.698	-1.20349	0.885015	1.78934	-1.71535	-0.895697	1.31801	0.167122
13.716	-1.20345	0.885015	1.78934	-1.71503	-0.895697	1.31801	0.161523
13.734	-1.20341	0.885013	1.78934	-1.71467	-0.89571	1.31801	0.155517
13.752	-1.20337	0.885013	1.78934	-1.7143	-0.89572	1.318	0.149445
13.77	-1.20337	0.885013	1.78934	-1.7143	-0.89572	1.318	0.149445
13.788	-1.20334	0.885013	1.78934	-1.71391	-0.895734	1.318	0.143369
13.806	-1.20328	0.885013	1.78934	-1.71348	-0.895765	1.318	0.137134
13.824	-1.20319	0.885015	1.78934	-1.71298	-0.895838	1.318	0.130939
13.842	-1.20307	0.885013	1.78934	-1.71243	-0.895908	1.318	0.124859
13.86	-1.20291	0.885013	1.78934	-1.71187	-0.895988	1.318	0.118602
13.878	-1.20278	0.885013	1.78934	-1.71125	-0.896104	1.318	0.112446
13.896	-1.20268	0.885013	1.78934	-1.71063	-0.896192	1.318	0.106426
13.914	-1.20261	0.885013	1.78934	-1.70988	-0.896223	1.318	0.100464
13.932	-1.20256	0.885015	1.78934	-1.70904	-0.896227	1.318	0.0945631
13.95	-1.20254	0.885013	1.78934	-1.70813	-0.896229	1.318	0.0888941
13.968	-1.20254	0.885013	1.78934	-1.70813	-0.896229	1.318	0.0888941
13.986	-1.20254	0.885013	1.78934	-1.70719	-0.896233	1.318	0.0833616
14.004	-1.20254	0.885015	1.78934	-1.70624	-0.896233	1.318	0.0779006
14.022	-1.20253	0.885015	1.78934	-1.70527	-0.896233	1.318	0.0725504
14.04	-1.20253	0.885015	1.78934	-1.70428	-0.896233	1.318	0.0673724
14.058	-1.20251	0.885015	1.78934	-1.7033	-0.896233	1.318	0.0622489
14.076	-1.20247	0.885015	1.78934	-1.70239	-0.896231	1.318	0.0572209
14.094	-1.20243	0.885015	1.78934	-1.7015	-0.896229	1.318	0.0525405
14.112	-1.20238	0.885015	1.78934	-1.70066	-0.896227	1.318	0.0481687
14.13	-1.20233	0.885015	1.78934	-1.69995	-0.896227	1.318	0.0439025
14.148	-1.20226	0.885015	1.78934	-1.69939	-0.896229	1.31799	0.0396789
14.166	-1.20226	0.885015	1.78934	-1.69939	-0.896229	1.31799	0.0396789
14.184	-1.20218	0.885015	1.78934	-1.69894	-0.896229	1.31799	0.0357247
14.202	-1.20208	0.885016	1.78934	-1.69865	-0.896227	1.31799	0.0321113
14.22	-1.20197	0.885016	1.78934	-1.69849	-0.896229	1.31799	0.0287042
14.238	-1.20183	0.885016	1.78934	-1.69845	-0.896229	1.31799	0.0253925
14.256	-1.20163	0.885016	1.78934	-1.69845	-0.896227	1.31799	0.0221455
14.274	-1.20139	0.885016	1.78934	-1.69846	-0.896227	1.31799	0.0190316
14.292	-1.20115	0.885016	1.78934	-1.69846	-0.896229	1.31799	0.0159551
14.31	-1.20086	0.885016	1.78934	-1.69846	-0.896229	1.31799	0.0130542
14.328	-1.20044	0.885016	1.78934	-1.69845	-0.896229	1.31799	0.0104362
14.346	-1.20006	0.885016	1.78934	-1.69846	-0.896227	1.31799	0.00799542
14.364	-1.19962	0.885016	1.78934	-1.69847	-0.896227	1.31799	0.00551891
14.382	-1.19962	0.885016	1.78934	-1.69847	-0.896227	1.31799	0.00551891
14.4	-1.19919	0.885017	1.78934	-1.69847	-0.896229	1.31799	0.00307647
14.418	-1.19877	0.885016	1.78934	-1.69846	-0.896227	1.31799	0.000662998
14.436	-1.19829	0.885039	1.78934	-1.69845	-0.896229	1.31799	-0.00152376
14.454	-1.19791	0.88504	1.78934	-1.69845	-0.896229	1.31799	-0.00334749
14.472	-1.19752	0.885043	1.78933	-1.69845	-0.896227	1.31799	-0.0047008
14.49	-1.19718	0.885053	1.78933	-1.69843	-0.896227	1.31799	-0.00569278
14.508	-1.19688	0.88505	1.78933	-1.69841	-0.896229	1.31799	-0.0061666
14.526	-1.1966	0.88505	1.78933	-1.69841	-0.896229	1.31799	-0.00623819
14.544	-1.19628	0.885058	1.78933	-1.6984	-0.896229	1.31799	-0.00623819
14.562	-1.19603	0.885079	1.78933	-1.69836	-0.896229	1.31799	-0.00623819
14.58	-1.19603	0.885079	1.78933	-1.69836	-0.896229	1.31799	-0.00623819
14.598	-1.19579	0.885079	1.78933	-1.69837	-0.896229	1.31799	-0.00623988
14.616	-1.19564	0.885079	1.78933	-1.69837	-0.896229	1.31799	-0.00623988
14.634	-1.19551	0.885079	1.78933	-1.69837	-0.896229	1.31799	-0.00623988
14.652	-1.19542	0.885079	1.78933	-1.69837	-0.896229	1.31799	-0.00623988
14.67	-1.19534	0.885077	1.78933	-1.69837	-0.896229	1.31799	-0.00624159
14.688	-1.19526	0.885079	1.78933	-1.69837	-0.896231	1.31799	-0.00624159
14.706	-1.19523	0.885079	1.78933	-1.69837	-0.896231	1.31799	-0.0062433
14.724	-1.1952	0.885079	1.78932	-1.69837	-0.896231	1.31799	-0.00625353
14.742	-1.19517	0.885079	1.78933	-1.69837	-0.896231	1.31799	-0.00627908
14.76	-1.19513	0.885079	1.78933	-1.69837	-0.896231	1.31799	-0.00633193
14.778	-1.19513	0.885079	1.78933	-1.69837	-0.896231	1.31799	-0.00633193
14.796	-1.1951	0.885077	1.78933	-1.69838	-0.896231	1.31799	-0.00639328
14.814	-1.19508	0.885079	1.78933	-1.69838	-0.896231	1.31799	-0.0064751
14.832	-1.19506	0.885079	1.78933	-1.69838	-0.896233	1.31799	-0.0065927
14.85	-1.19503	0.885079	1.78933	-1.69838	-0.896235	1.31799	-0.00680918
14.868	-1.19499	0.885079	1.78933	-1.69838	-0.896237	1.31799	-0.00719608
14.886	-1.19494	0.885077	1.78933	-1.69838	-0.896237	1.31799	-0.00795284
14.904	-1.19489	0.885077	1.78933	-1.69838	-0.896237	1.31799	-0.00901299
14.922	-1.19481	0.885079	1.78933	-1.69838	-0.896239	1.31799	-0.0103799
14.94	-1.19472	0.885079	1.78933	-1.69838	-0.896241	1.31799	-0.011977
14.958	-1.19464	0.885077	1.78933	-1.69838	-0.896241	1.31799	-0.0141177
14.976	-1.19464	0.885077	1.78933	-1.69838	-0.896241	1.31799	-0.0141177
14.994	-1.19455	0.885077	1.78933	-1.69838	-0.896243	1.31799	-0.0165022
15.012	-1.19443	0.885077	1.78933	-1.69838	-0.89625	1.31799	-0.0192532
15.03	-1.19431	0.885077	1.78933	-1.69838	-0.896256	1.31799	-0.0221984
15.048	-1.19413	0.885077	1.78933	-1.69838	-0.896262	1.31799	-0.0251385
15.066	-1.19401	0.885077	1.78933	-1.69838	-0.896272	1.31799	-0.0281502
15.084	-1.19389	0.885073	1.78933	-1.69838	-0.896288	1.31799	-0.0312881
15.102	-1.1938	0.885073	1.78933	-1.69838	-0.896295	1.31799	-0.0345401
15.12	-1.19376	0.885073	1.78933	-1.69838	-0.896301	1.31799	-0.0378058
15.138	-1.19374	0.885073	1.78933	-1.69838	-0.896311	1.31799	-0.0411226
15.156	-1.19373	0.885073	1.78933	-1.69838	-0.896344	1.31799	-0.0443542
15.174	-1.19373	0.885073	1.78933	-1.69838	-0.896344	1.31799	-0.0443542
15.192	-1.19372	0.885073	1.78933	-1.69838	-0.896368	1.31799	-0.047383
15.21	-1.19372	0.885073	1.78933	-1.69838	-0.896376	1.31799	-0.0501901
15.228	-1.19373	0.885072	1.78933	-1.69838	-0.896387	1.31799	-0.0528627
15.246	-1.19373	0.885072	1.78933	-1.69838	-0.896403	1.31799	-0.0555642
15.264	-1.19373	0.885072	1.78933	-1.69838	-0.896407	1.31799	-0.0581549
15.282	-1.19373	0.885072	1.78933	-1.69837	-0.896409	1.31799	-0.0603724
15.3	-1.19373	0.885072	1.78933	-1.69837	-0.896417	1.31799	-0.0622609
15.318	-1.19373	0.885072	1.78933	-1.69838	-0.896425	1.31799	-0.063817
15.336	-1.19373	0.885072	1.78933	-1.69838	-0.896425	1.31799	-0.0650987
15.354	-1.19373	0.885072	1.78934	-1.69837	-0.896425	1.31799	-0.0658299
15.372	-1.19373	0.885071	1.78934	-1.69837	-0.896427	1.31799	-0.0662253
15.39	-1.19373	0.885071	1.78934	-1.69837	-0.896427	1.31799	-0.0662253
15.408	-1.19373	0.885071	1.78934	-1.69837	-0.89643	1.31799	-0.0665816
15.426	-1.19373	0.88507	1.78935	-1.69837	-0.896432	1.31799	-0.0667725
15.444	-1.19373	0.88507	1.78935	-1.69837	-0.896432	1.31799	-0.0668611
15.462	-1.19371	0.88507	1.78935	-1.69838	-0.896434	1.31799	-0.0669446
15.48	-1.19368	0.88507	1.78937	-1.69838	-0.89644	1.31798	-0.0670179
15.498	-1.19364	0.885068	1.78939	-1.69838	-0.896442	1.31798	-0.0671508
15.516	-1.19359	0.885068	1.78942	-1.69838	-0.896442	1.31798	-0.0673503
15.534	-1.19354	0.885068	1.78947	-1.69838	-0.896444	1.31798	-0.0675599
15.552	-1.19348	0.885068	1.78956	-1.69838	-0.896446	1.31797	-0.0678394
15.57	-1.19342	0.885068	1.78966	-1.69838	-0.896446	1.31797	-0.0681718
15.588	-1.19342	0.885068	1.78966	-1.69838	-0.896446	1.31797	-0.0681718
15.606	-1.19335	0.885068	1.78978	-1.69838	-0.896446	1.31797	-0.068649
15.624	-1.19328	0.885067	1.78986	-1.69838	-0.896444	1.31797	-0.0692899
15.642	-1.19321	0.885067	1.7899	-1.69838	-0.896446	1.31797	-0.0699427
15.66	-1.1931	0.885067	1.78994	-1.69838	-0.896448	1.31796	-0.0706534
15.678	-1.19296	0.885067	1.78998	-1.69838	-0.89645	1.31796	-0.0716812
15.696	-1.19281	0.885067	1.79	-1.69838	-0.896452	1.31796	-0.0728675
15.714	-1.19266	0.885067	1.79001	-1.69838	-0.896454	1.31796	-0.0741577
15.732	-1.19253	0.885067	1.79002	-1.69838	-0.896454	1.31796	-0.0755468
15.75	-1.19239	0.885066	1.79002	-1.69837	-0.896454	1.31796	-0.0769598
15.768	-1.19222	0.885066	1.79002	-1.69838	-0.896454	1.31796	-0.0782398
15.786	-1.19195	0.885066	1.79002	-1.69837	-0.896454	1.31796	-0.0795437
15.804	-1.19195	0.885066	1.79002	-1.69837	-0.896454	1.31796	-0.0795437
15.822	-1.19169	0.885066	1.79004	-1.69837	-0.896454	1.31796	-0.0807658
15.84	-1.19142	0.885064	1.79004	-1.69837	-0.896456	1.31796	-0.0816009
15.858	-1.19119	0.885064	1.79004	-1.69837	-0.89646	1.31796	-0.0822214
15.876	-1.19101	0.885064	1.79004	-1.69837	-0.896462	1.31796	-0.08261
15.894	-1.19081	0.885064	1.79005	-1.69837	-0.896462	1.31796	-0.0828213
15.912	-1.19065	0.885064	1.79005	-1.69837	-0.896462	1.31796	-0.0828281
15.93	-1.19048	0.885064	1.79005	-1.69837	-0.896462	1.31796	-0.0828281
15.948	-1.19037	0.885064	1.79005	-1.69837	-0.896464	1.31796	-0.0828298
15.966	-1.19028	0.885064	1.79005	-1.69837	-0.896464	1.31796	-0.0828298
15.984	-1.1902	0.885064	1.79005	-1.69837	-0.896464	1.31795	-0.0828298
16.002	-1.1902	0.885064	1.79005	-1.69837	-0.896464	1.31795	-0.0828298
16.02	-1.19013	0.885064	1.79005	-1.69837	-0.896464	1.31795	-0.0828298
16.038	-1.19007	0.885064	1.79005	-1.69837	-0.896464	1.31795	-0.0828315
16.056	-1.19001	0.885064	1.79005	-1.69837	-0.896464	1.31795	-0.0828298
16.074	-1.18994	0.885064	1.79005	-1.69837	-0.896464	1.31795	-0.0828315
16.092	-1.18983	0.885064	1.79005	-1.69837	-0.896462	1.31795	-0.082835
16.11	-1.18972	0.885064	1.79005	-1.69837	-0.896462	1.31795	-0.0828384
16.128	-1.18962	0.885064	1.79005	-1.69837	-0.896462	1.31795	-0.0828384
16.146	-1.18955	0.885064	1.79005	-1.69837	-0.896462	1.31795	-0.0828401
16.164	-1.18951	0.885064	1.79005	-1.69837	-0.896462	1.31795	-0.0828401
16.182	-1.18947	0.885064	1.79005	-1.69837	-0.896462	1.31795	-0.0828401
16.2	-1.18947	0.885064	1.79005	-1.69837	-0.896462	1.31795	-0.0828401
16.218	-1.18942	0.885064	1.79005	-1.69837	-0.896462	1.31795	-0.0828418
16.236	-1.18939	0.885064	1.79005	-1.69837	-0.896462	1.31795	-0.082869
16.254	-1.18937	0.885064	1.79005	-1.69837	-0.896462	1.31795	-0.0829866
16.272	-1.18933	0.885064	1.79005	-1.69837	-0.896462	1.31795	-0.0831946
16.29	-1.18928	0.885064	1.79005	-1.69837	-0.896462	1.31795	-0.0833735
16.308	-1.18924	0.885064	1.79005	-1.69837	-0.896462	1.31795	-0.0836002
16.326	-1.18919	0.885064	1.79005	-1.69837	-0.896462	1.31795	-0.0839445
16.344	-1.18914	0.885064	1.79005	-1.69837	-0.896462	1.31795	-0.0842939
16.362	-1.1891	0.885064	1.79005	-1.69838	-0.896462	1.31795	-0.0846433
16.38	-1.18905	0.885064	1.79005	-1.69838	-0.896462	1.31795	-0.0850763
16.398	-1.18896	0.885064	1.79005	-1.69838	-0.896462	1.31795	-0.0854615
16.416	-1.18896	0.885064	1.79005	-1.69838	-0.896462	1.31795	-0.0854615
16.434	-1.18885	0.885064	1.79005	-1.69838	-0.896462	1.31795	-0.0858552
16.452	-1.18875	0.885064	1.79005	-1.69838	-0.896462	1.31795	-0.0865693
16.47	-1.18861	0.885064	1.79005	-1.69838	-0.896462	1.31795	-0.0876551
16.488	-1.18845	0.885064	1.79005	-1.69838	-0.89646	1.31795	-0.0889675
16.506	-1.18829	0.885064	1.79005	-1.69838	-0.896462	1.31795	-0.0902901
16.524	-1.18815	0.885064	1.79005	-1.69838	-0.896462	1.31795	-0.0920235
16.542	-1.18803	0.885064	1.79005	-1.69838	-0.896462	1.31795	-0.093941
16.56	-1.1879	0.885064	1.79005	-1.69838	-0.896462	1.31794	-0.0960221
16.578	-1.18775	0.885064	1.79005	-1.69837	-0.896462	1.31794	-0.0980418
16.596	-1.1875	0.885064	1.79005	-1.69836	-0.896462	1.31794	-0.100135
16.614	-1.1875	0.885064	1.79005	-1.69836	-0.896462	1.31794	-0.100135
16.632	-1.18734	0.885064	1.79005	-1.69836	-0.896462	1.31794	-0.101877
16.65	-1.18717	0.885064	1.79005	-1.69836	-0.896462	1.31794	-0.103312
16.668	-1.18709	0.885064	1.79005	-1.69836	-0.896462	1.31794	-0.104473
16.686	-1.18702	0.885064	1.79005	-1.69836	-0.896462	1.31794	-0.105154
16.704	-1.18698	0.885064	1.79005	-1.69836	-0.896462	1.31794	-0.105485
16.722	-1.18696	0.885064	1.79005	-1.69836	-0.896462	1.31794	-0.105722
16.74	-1.18696	0.885064	1.79005	-1.69836	-0.896462	1.31794	-0.105884
16.758	-1.18696	0.885064	1.79005	-1.69836	-0.896462	1.31794	-0.105964
16.776	-1.18696	0.885064	1.79005	-1.69836	-0.896462	1.31794	-0.105969
16.794	-1.18696	0.885064	1.79005	-1.69836	-0.896462	1.31794	-0.105969
16.812	-1.18696	0.885064	1.79005	-1.69836	-0.896462	1.31794	-0.105971
16.83	-1.18696	0.885064	1.79005	-1.69836	-0.896462	1.31794	-0.105971
16.848	-1.18696	0.885064	1.79005	-1.69836	-0.896462	1.31794	-0.105974
16.866	-1.18695	0.885064	1.79005	-1.69836	-0.896462	1.31794	-0.105995
16.884	-1.18695	0.885064	1.79005	-1.69836	-0.896462	1.31794	-0.106058
16.902	-1.18695	0.885064	1.79005	-1.69836	-0.896462	1.31794	-0.10625
16.92	-1.18694	0.885064	1.79005	-1.69836	-0.896462	1.31794	-0.10663
16.938	-1.18691	0.885064	1.79005	-1.69836	-0.896462	1.31794	-0.107079
16.956	-1.18689	0.885064	1.79005	-1.69836	-0.89646	1.31794	-0.107486
16.974	-1.18687	0.885064	1.79005	-1.69836	-0.89646	1.31794	-0.108076
16.992	-1.18686	0.885064	1.79005	-1.69836	-0.896462	1.31794	-0.108819
17.01	-1.18685	0.885064	1.79005	-1.69836	-0.896462	1.31794	-0.109591
17.028	-1.18685	0.885064	1.79005	-1.69836	-0.896462	1.31794	-0.109591
17.046	-1.18683	0.885064	1.79005	-1.69836	-0.89646	1.31794	-0.110615
17.064	-1.18682	0.885064	1.79005	-1.69836	-0.896462	1.31794	-0.111814
17.082	-1.18682	0.885064	1.79005	-1.69836	-0.896462	1.31794	-0.113145
17.1	-1.18682	0.885064	1.79005	-1.69836	-0.896462	1.31794	-0.11457
17.118	-1.18681	0.885064	1.79005	-1.69836	-0.89646	1.31794	-0.116216
17.136	-1.18679	0.885064	1.79005	-1.69836	-0.89646	1.31794	-0.117752
17.154	-1.18678	0.885064	1.79005	-1.69836	-0.896462	1.31794	-0.119395
17.172	-1.18678	0.885064	1.79005	-1.69836	-0.896462	1.31794	-0.120898
17.19	-1.18678	0.885064	1.79005	-1.69836	-0.896462	1.31794	-0.122142
17.208	-1.18677	0.885064	1.79005	-1.69836	-0.896462	1.31794	-0.123341
17.226	-1.18677	0.885064	1.79005	-1.69836	-0.896462	1.31794	-0.123341
17.244	-1.18676	0.885064	1.79005	-1.69836	-0.896464	1.31794	-0.124348
17.262	-1.18676	0.885064	1.79005	-1.69836	-0.896462	1.31794	-0.125033
17.28	-1.18676	0.885064	1.79005	-1.69836	-0.896462	1.31794	-0.125694
17.298	-1.18675	0.885064	1.79005	-1.69836	-0.896462	1.31794	-0.12642
17.316	-1.18675	0.885064	1.79005	-1.69836	-0.896462	1.31794	-0.127124
17.334	-1.18673	0.885064	1.79005	-1.69836	-0.896462	1.31794	-0.127837
17.352	-1.18671	0.885064	1.79005	-1.69836	-0.896462	1.31794	-0.128479
17.37	-1.18668	0.885064	1.79005	-1.69836	-0.896462	1.31794	-0.129066
17.388	-1.18668	0.885064	1.79005	-1.69836	-0.896462	1.31794	-0.129817
17.406	-1.18668	0.885064	1.79005	-1.69835	-0.896462	1.31794	-0.130881
17.424	-1.18667	0.885064	1.79005	-1.69836	-0.896462	1.31794	-0.132065
17.442	-1.18667	0.885064	1.79005	-1.69836	-0.896462	1.31794	-0.132065
17.46	-1.18665	0.885064	1.79005	-1.69835	-0.896462	1.31794	-0.133216
17.478	-1.18664	0.885064	1.79005	-1.69834	-0.896462	1.31793	-0.134455
17.496	-1.18663	0.885064	1.79005	-1.69833	-0.896462	1.31793	-0.13559
17.514	-1.18662	0.885064	1.79005	-1.69833	-0.896462	1.31793	-0.136548
17.532	-1.18661	0.885064	1.79005	-1.69833	-0.896462	1.31793	-0.137252
17.55	-1.1866	0.885064	1.79005	-1.69833	-0.896464	1.31793	-0.138005
17.568	-1.18658	0.885064	1.79005	-1.69833	-0.896462	1.31793	-0.138789
17.586	-1.18657	0.885064	1.79005	-1.69833	-0.896462	1.31793	-0.139229
17.604	-1.18656	0.885064	1.79005	-1.69832	-0.896462	1.31792	-0.139447
17.622	-1.18654	0.885064	1.79005	-1.69832	-0.896462	1.31792	-0.139587
17.64	-1.18654	0.885064	1.79005	-1.69832	-0.896462	1.31792	-0.139587
17.658	-1.18652	0.885064	1.79005	-1.69833	-0.896462	1.31792	-0.139633
17.676	-1.18649	0.885064	1.79005	-1.69832	-0.896462	1.31792	-0.13963
17.694	-1.18646	0.885064	1.79005	-1.69832	-0.896462	1.31792	-0.13963
17.712	-1.18644	0.885064	1.79005	-1.69833	-0.896462	1.31792	-0.139633
17.73	-1.18639	0.885064	1.79005	-1.69833	-0.896464	1.31792	-0.139633
17.748	-1.18633	0.885064	1.79005	-1.69833	-0.896464	1.31792	-0.139633
17.766	-1.18625	0.885064	1.79005	-1.69833	-0.896464	1.31792	-0.139637
17.784	-1.18617	0.885064	1.79005	-1.69833	-0.896464	1.31792	-0.13966
17.802	-1.18606	0.885064	1.79005	-1.69833	-0.896464	1.31792	-0.1397
17.82	-1.18594	0.885064	1.79005	-1.69833	-0.896464	1.31791	-0.139771
17.838	-1.18594	0.885064	1.79005	-1.69833	-0.896464	1.31791	-0.139771
17.856	-1.18581	0.885064	1.79005	-1.69832	-0.896464	1.31791	-0.139862
17.874	-1.18561	0.885064	1.79005	-1.69832	-0.896464	1.31791	-0.139916
17.892	-1.18535	0.885064	1.79005	-1.69832	-0.896464	1.31791	-0.140003
17.91	-1.1851	0.885064	1.79005	-1.69832	-0.896464	1.31791	-0.140058
17.928	-1.18483	0.885064	1.79005	-1.69832	-0.896464	1.31791	-0.140069
17.946	-1.18463	0.885064	1.79005	-1.69832	-0.896464	1.31791	-0.140095
17.964	-1.18442	0.885064	1.79005	-1.69832	-0.896464	1.31791	-0.140153
17.982	-1.18423	0.885064	1.79005	-1.69832	-0.896464	1.31791	-0.140185
18	-1.18403	0.885064	1.79005	-1.69832	-0.896464	1.31791	-0.140189
18.018	-1.18385	0.885064	1.79005	-1.69832	-0.896464	1.31791	-0.140209
18.036	-1.18372	0.885064	1.79005	-1.69832	-0.896464	1.31791	-0.140293
18.054	-1.18372	0.885064	1.79005	-1.69832	-0.896464	1.31791	-0.140293
18.072	-1.18357	0.885064	1.79005	-1.69832	-0.896464	1.31791	-0.140422
18.09	-1.18337	0.885064	1.79005	-1.69832	-0.896464	1.31791	-0.140523
18.108	-1.18312	0.885064	1.79005	-1.6983	-0.896466	1.31791	-0.140635
18.126	-1.18291	0.885064	1.79005	-1.69829	-0.896466	1.31791	-0.140789
18.144	-1.18267	0.885064	1.79005	-1.6983	-0.896466	1.31791	-0.140964
18.162	-1.18248	0.885064	1.79005	-1.6983	-0.896466	1.31791	-0.141169
18.18	-1.1823	0.885064	1.79005	-1.6983	-0.896466	1.31791	-0.141482
18.198	-1.18212	0.885064	1.79005	-1.69829	-0.896466	1.31791	-0.141936
18.216	-1.18194	0.885064	1.79005	-1.69829	-0.896466	1.31791	-0.142348
18.234	-1.18176	0.885064	1.79005	-1.69829	-0.896466	1.31791	-0.142754
18.252	-1.18176	0.885064	1.79005	-1.69829	-0.896466	1.31791	-0.142754
18.27	-1.18162	0.885064	1.79005	-1.69829	-0.896466	1.31791	-0.143269
18.288	-1.18148	0.885064	1.79005	-1.69829	-0.896466	1.31791	-0.143748
18.306	-1.18131	0.885064	1.79005	-1.69828	-0.896466	1.31791	-0.144061
18.324	-1.18109	0.885064	1.79005	-1.69826	-0.896466	1.31791	-0.144285
18.342	-1.18081	0.885064	1.79005	-1.6982	-0.896468	1.31791	-0.144579
18.36	-1.18058	0.885064	1.79005	-1.69819	-0.896466	1.31791	-0.145048
18.378	-1.18036	0.885064	1.79005	-1.69818	-0.896468	1.31791	-0.145781
18.396	-1.18019	0.885064	1.79005	-1.69818	-0.896468	1.31791	-0.146802
18.414	-1.18001	0.885064	1.79005	-1.69818	-0.896468	1.31791	-0.147995
18.432	-1.17985	0.885064	1.79005	-1.69818	-0.896468	1.31791	-0.149059
18.45	-1.17985	0.885064	1.79005	-1.69818	-0.896468	1.31791	-0.149059
18.468	-1.17971	0.885064	1.79005	-1.69818	-0.896468	1.31791	-0.150511
18.486	-1.17963	0.885064	1.79005	-1.69818	-0.89647	1.31791	-0.152125
18.504	-1.17959	0.885064	1.79005	-1.69818	-0.896468	1.31791	-0.153529
18.522	-1.17958	0.885064	1.79005	-1.69814	-0.896468	1.31791	-0.154837
18.54	-1.17959	0.885064	1.79005	-1.69806	-0.896468	1.31791	-0.155711
18.558	-1.17959	0.885064	1.79005	-1.69794	-0.896468	1.31791	-0.156154
18.576	-1.17959	0.885064	1.79005	-1.69782	-0.896468	1.31791	-0.15619
18.594	-1.17959	0.885064	1.79005	-1.69773	-0.896468	1.31791	-0.156181
18.612	-1.17959	0.885064	1.79005	-1.69766	-0.896468	1.31791	-0.15618
18.63	-1.17959	0.885064	1.79005	-1.69759	-0.896468	1.31791	-0.156178
18.648	-1.17959	0.885064	1.79005	-1.69759	-0.896468	1.31791	-0.156178
18.666	-1.17959	0.885064	1.79005	-1.69751	-0.896468	1.31791	-0.156178
18.684	-1.17959	0.885064	1.79005	-1.69741	-0.896468	1.31791	-0.156178
18.702	-1.17959	0.885064	1.79005	-1.6973	-0.896468	1.31791	-0.156178
18.72	-1.17959	0.885064	1.79005	-1.69721	-0.896466	1.31791	-0.156178
18.738	-1.17959	0.885064	1.79005	-1.69713	-0.896468	1.31791	-0.156178
18.756	-1.17959	0.885064	1.79005	-1.69707	-0.896468	1.31791	-0.156178
18.774	-1.17959	0.885064	1.79005	-1.69702	-0.896468	1.31791	-0.156178
18.792	-1.17959	0.885064	1.79005	-1.697	-0.896468	1.31791	-0.156178
18.81	-1.17959	0.885064	1.79005	-1.69697	-0.896468	1.31791	-0.156178
18.828	-1.17959	0.885064	1.79005	-1.69696	-0.896468	1.31791	-0.156178
18.846	-1.17959	0.885064	1.79005	-1.69696	-0.896468	1.31791	-0.156178
18.864	-1.17959	0.885064	1.79005	-1.69696	-0.896468	1.31791	-0.156178
18.882	-1.17959	0.885064	1.79005	-1.69696	-0.896468	1.31791	-0.156178
18.9	-1.17959	0.885064	1.79005	-1.69696	-0.896468	1.31791	-0.156178
18.918	-1.17959	0.885064	1.79005	-1.69696	-0.896468	1.31791	-0.156178
18.936	-1.17959	0.885064	1.79005	-1.69696	-0.896468	1.31791	-0.156176
18.954	-1.17958	0.885064	1.79005	-1.69696	-0.896468	1.31791	-0.156176
18.972	-1.17958	0.885064	1.79005	-1.69696	-0.896468	1.31791	-0.156176
18.99	-1.17958	0.885064	1.79005	-1.69696	-0.896468	1.31791	-0.156176
19.008	-1.17958	0.885064	1.79005	-1.69696	-0.896468	1.31791	-0.156176
19.026	-1.17958	0.885064	1.79005	-1.69696	-0.896466	1.31791	-0.156175
19.044	-1.17958	0.885064	1.79005	-1.69696	-0.896466	1.31791	-0.156173
19.062	-1.17958	0.885064	1.79005	-1.69696	-0.896466	1.31791	-0.156173
19.08	-1.17958	0.885064	1.79005	-1.69695	-0.896466	1.3179	-0.156169
19.098	-1.17958	0.885064	1.79005	-1.69693	-0.896466	1.3179	-0.156166
19.116	-1.17958	0.885064	1.79005	-1.69687	-0.896464	1.3179	-0.156159
19.134	-1.17958	0.885064	1.79005	-1.69681	-0.89646	1.3179	-0.156154
19.152	-1.17958	0.885064	1.79005	-1.6967	-0.896454	1.3179	-0.156146
19.17	-1.17958	0.885064	1.79005	-1.69654	-0.89645	1.3179	-0.156135
19.188	-1.17959	0.885064	1.79005	-1.69634	-0.896448	1.3179	-0.156125
19.206	-1.17959	0.885064	1.79005	-1.69615	-0.896444	1.3179	-0.156115
19.224	-1.17959	0.885064	1.79005	-1.69596	-0.896442	1.3179	-0.156103
19.242	-1.17959	0.885064	1.79005	-1.69574	-0.896438	1.3179	-0.15606
19.26	-1.17959	0.885064	1.79005	-1.69574	-0.896438	1.3179	-0.15606
19.278	-1.17959	0.885064	1.79005	-1.69553	-0.896436	1.3179	-0.155919
19.296	-1.17959	0.885064	1.79005	-1.69533	-0.896432	1.3179	-0.155614
19.314	-1.17959	0.885064	1.79004	-1.69515	-0.89643	1.3179	-0.15506
19.332	-1.17959	0.885064	1.79004	-1.69496	-0.896427	1.3179	-0.154269
19.35	-1.17959	0.885064	1.79004	-1.69478	-0.896421	1.3179	-0.153067
19.368	-1.17959	0.885066	1.79004	-1.69459	-0.896417	1.3179	-0.15109
19.386	-1.17959	0.885064	1.79004	-1.69441	-0.896415	1.3179	-0.148655
19.404	-1.17959	0.885064	1.79004	-1.69424	-0.896413	1.3179	-0.145565
19.422	-1.17959	0.885064	1.79004	-1.69409	-0.896409	1.3179	-0.141709
19.44	-1.17959	0.885064	1.79004	-1.69398	-0.896405	1.3179	-0.136732
19.458	-1.17959	0.885064	1.79004	-1.6939	-0.896401	1.3179	-0.13078
19.476	-1.17959	0.885064	1.79004	-1.6939	-0.896401	1.3179	-0.13078
19.494	-1.1796	0.885064	1.79004	-1.69383	-0.896395	1.3179	-0.124051
19.512	-1.1796	0.885066	1.79004	-1.6938	-0.896389	1.3179	-0.11634
19.53	-1.1796	0.885066	1.79003	-1.6938	-0.896382	1.3179	-0.107909
19.548	-1.1796	0.885067	1.79003	-1.69381	-0.896376	1.3179	-0.0988003
19.566	-1.1796	0.885067	1.79003	-1.6938	-0.896368	1.3179	-0.0890271
19.584	-1.1796	0.885067	1.79003	-1.69381	-0.896358	1.3179	-0.0786881
19.602	-1.1796	0.885068	1.79003	-1.69381	-0.896348	1.3179	-0.0678548
19.62	-1.1796	0.885068	1.79003	-1.69381	-0.896339	1.3179	-0.0566704
19.638	-1.1796	0.885068	1.79003	-1.69381	-0.896329	1.3179	-0.0453001
19.656	-1.1796	0.885068	1.79003	-1.69381	-0.896315	1.3179	-0.0337339
19.674	-1.1796	0.885068	1.79003	-1.69381	-0.896315	1.3179	-0.0337339
19.692	-1.1796	0.885068	1.79003	-1.69381	-0.896299	1.31791	-0.0222632
19.71	-1.1796	0.885068	1.79003	-1.69381	-0.896286	1.31791	-0.0108469
19.728	-1.1796	0.885068	1.79003	-1.69381	-0.89627	1.31791	0.000356204
19.746	-1.1796	0.885068	1.79003	-1.69382	-0.896254	1.31791	0.0111639
19.764	-1.1796	0.88507	1.79003	-1.69382	-0.896235	1.31791	0.0215064
19.782	-1.1796	0.885073	1.79002	-1.69382	-0.896223	1.31791	0.0312369
19.8	-1.1796	0.885073	1.79002	-1.69382	-0.896211	1.31791	0.0405857
19.818	-1.1796	0.885073	1.79002	-1.69382	-0.896198	1.31791	0.0494112
19.836	-1.17961	0.885073	1.79002	-1.69382	-0.896186	1.31791	0.0577782
19.854	-1.17961	0.885079	1.79	-1.69382	-0.896176	1.31791	0.0656918
19.872	-1.17961	0.885079	1.79	-1.69382	-0.896176	1.31791	0.0656918
19.89	-1.17961	0.885079	1.78997	-1.69382	-0.896168	1.31791	0.0730669
19.908	-1.17962	0.88508	1.78995	-1.69382	-0.896158	1.31791	0.0801215
19.926	-1.17963	0.88508	1.78992	-1.69382	-0.896141	1.31791	0.0867466
19.944	-1.17963	0.88508	1.7899	-1.69382	-0.896119	1.31791	0.0932421
19.962	-1.17963	0.88508	1.78986	-1.69382	-0.896102	1.31792	0.0997837
19.98	-1.17965	0.88508	1.78978	-1.69382	-0.896092	1.31792	0.105945
19.998	-1.17969	0.88508	1.78971	-1.69382	-0.89608	1.31794	0.111832
20.016	-1.17972	0.88508	1.78962	-1.69382	-0.896065	1.31795	0.117753
20.034	-1.17974	0.88508	1.78953	-1.69382	-0.896055	1.31796	0.123678
20.052	-1.17976	0.885081	1.78942	-1.69383	-0.896045	1.318	0.129369
20.07	-1.17978	0.885084	1.78928	-1.69383	-0.896035	1.31807	0.135145
20.088	-1.17978	0.885084	1.78928	-1.69383	-0.896035	1.31807	0.135145
20.106	-1.1798	0.885091	1.78913	-1.69383	-0.896024	1.31816	0.140997
20.124	-1.17983	0.885101	1.78899	-1.69383	-0.896014	1.31832	0.146659
20.142	-1.17987	0.885112	1.78889	-1.69383	-0.896004	1.31859	0.152307
20.16	-1.17993	0.885141	1.78885	-1.69383	-0.895992	1.31896	0.158102
20.178	-1.18001	0.885191	1.78883	-1.69383	-0.895977	1.31926	0.163839
20.196	-1.18012	0.885252	1.78883	-1.69383	-0.895967	1.31953	0.16952
20.214	-1.18028	0.885338	1.78882	-1.69383	-0.895957	1.31987	0.175438
20.232	-1.18047	0.885457	1.78881	-1.69383	-0.895945	1.32016	0.181347
20.25	-1.18066	0.88561	1.7888	-1.69383	-0.895937	1.32028	0.187135
20.268	-1.18086	0.885791	1.7888	-1.69383	-0.895928	1.3203	0.193089
20.286	-1.18086	0.885791	1.7888	-1.69383	-0.895928	1.3203	0.193089
20.304	-1.18106	0.886004	1.78879	-1.69383	-0.89592	1.32031	0.199215
20.322	-1.18131	0.886244	1.78878	-1.69383	-0.895912	1.32035	0.205107
20.34	-1.18165	0.886483	1.78875	-1.69383	-0.895908	1.32043	0.21103
20.358	-1.18199	0.886757	1.78868	-1.69383	-0.895904	1.32058	0.217092
20.376	-1.18244	0.887038	1.78866	-1.69383	-0.8959	1.3208	0.223007
20.394	-1.18289	0.887304	1.7886	-1.69384	-0.895896	1.32093	0.228827
20.412	-1.18334	0.88755	1.78853	-1.69384	-0.895894	1.32098	0.23484
20.43	-1.1839	0.887766	1.78852	-1.69384	-0.89589	1.32101	0.240825
20.448	-1.18443	0.887956	1.78848	-1.69384	-0.895887	1.32104	0.246589
20.466	-1.18505	0.888111	1.78848	-1.69384	-0.895885	1.32108	0.252408
20.484	-1.18564	0.888308	1.78846	-1.69384	-0.895881	1.32113	0.258234
20.502	-1.18564	0.888308	1.78846	-1.69384	-0.895881	1.32113	0.258234
20.52	-1.18635	0.888442	1.78846	-1.69384	-0.895879	1.32114	0.263763
20.538	-1.18712	0.888559	1.78845	-1.69384	-0.895877	1.32114	0.269333
20.556	-1.18785	0.888649	1.78844	-1.69384	-0.895877	1.32114	0.274942
20.574	-1.18872	0.888745	1.78844	-1.69384	-0.895875	1.32114	0.280386
20.592	-1.18963	0.888867	1.78842	-1.69384	-0.895873	1.32115	0.285523
20.61	-1.19058	0.889055	1.7884	-1.69384	-0.895869	1.32117	0.290638
20.628	-1.19162	0.889219	1.78839	-1.69385	-0.895867	1.32124	0.295738
20.646	-1.19267	0.889449	1.78832	-1.69385	-0.895863	1.32134	0.300493
20.664	-1.19386	0.889569	1.78831	-1.69385	-0.895859	1.32143	0.305041
20.682	-1.19505	0.889769	1.78816	-1.69385	-0.895857	1.32156	0.30962
20.7	-1.19505	0.889769	1.78816	-1.69385	-0.895857	1.32156	0.30962
20.718	-1.19638	0.889868	1.7881	-1.69386	-0.895855	1.32182	0.314169
20.736	-1.19777	0.89006	1.78795	-1.69388	-0.895853	1.32212	0.318536
20.754	-1.19919	0.890155	1.78782	-1.69393	-0.895851	1.32235	0.322681
20.772	-1.2007	0.890254	1.78776	-1.69397	-0.895851	1.32263	0.326791
20.79	-1.2023	0.89037	1.7877	-1.69406	-0.895849	1.32302	0.33096
20.808	-1.20394	0.8904	1.78769	-1.69418	-0.895847	1.32335	0.335182
20.826	-1.20566	0.890424	1.78768	-1.69429	-0.895845	1.32376	0.339265
20.844	-1.20746	0.890424	1.78768	-1.69442	-0.89584	1.32428	0.343218
20.862	-1.20933	0.890423	1.78768	-1.69458	-0.895838	1.32467	0.34731
20.88	-1.21128	0.890423	1.78767	-1.69472	-0.895836	1.32504	0.351549
20.898	-1.21128	0.890423	1.78767	-1.69472	-0.895836	1.32504	0.351549
20.916	-1.21329	0.890426	1.78767	-1.69491	-0.895834	1.32527	0.35586
20.934	-1.21538	0.890424	1.78765	-1.69513	-0.895832	1.32538	0.36008
20.952	-1.21753	0.890431	1.78764	-1.69543	-0.89583	1.32552	0.364325
20.97	-1.21973	0.890435	1.78763	-1.69581	-0.895828	1.32573	0.368765
20.988	-1.22197	0.890436	1.78762	-1.69629	-0.895826	1.32595	0.373417
21.006	-1.2243	0.89046	1.78759	-1.69679	-0.895824	1.32619	0.378085
21.024	-1.2267	0.890469	1.78757	-1.6973	-0.895822	1.32642	0.38267
21.042	-1.2291	0.890504	1.78751	-1.69791	-0.89582	1.32667	0.387407
21.06	-1.2316	0.890542	1.7874	-1.69866	-0.895816	1.32691	0.392269
21.078	-1.23419	0.890614	1.78725	-1.69944	-0.895814	1.32708	0.397098
21.096	-1.23688	0.89068	1.78704	-1.70022	-0.895812	1.32719	0.401872
21.114	-1.23688	0.89068	1.78704	-1.70022	-0.895812	1.32719	0.401872
21.132	-1.23964	0.890718	1.78679	-1.7011	-0.895808	1.32724	0.406846
21.15	-1.2424	0.890779	1.78647	-1.70211	-0.895806	1.32727	0.411984
21.168	-1.24533	0.890876	1.78617	-1.70318	-0.895802	1.32728	0.417106
21.186	-1.2483	0.890975	1.78589	-1.70435	-0.895797	1.32728	0.422167
21.204	-1.25137	0.891122	1.7856	-1.70565	-0.895795	1.32728	0.427439
21.222	-1.25461	0.891243	1.78536	-1.70706	-0.895795	1.32728	0.432867
21.24	-1.25786	0.891383	1.78512	-1.70858	-0.895793	1.32728	0.438144
21.258	-1.26119	0.891505	1.78491	-1.71018	-0.895791	1.32728	0.44336
21.276	-1.26457	0.891639	1.78467	-1.71187	-0.895791	1.32728	0.448776
21.294	-1.26805	0.891736	1.78447	-1.71374	-0.895789	1.32728	0.454261
21.312	-1.26805	0.891736	1.78447	-1.71374	-0.895789	1.32728	0.454261
21.33	-1.27157	0.891861	1.78423	-1.71572	-0.895787	1.32728	0.45949
21.348	-1.27521	0.891955	1.78406	-1.71771	-0.895785	1.32728	0.46484
21.366	-1.2789	0.892073	1.78388	-1.71969	-0.895783	1.32728	0.470364
21.384	-1.28256	0.892196	1.78367	-1.72178	-0.895781	1.32728	0.475832
21.402	-1.2863	0.892339	1.78344	-1.72391	-0.895777	1.32728	0.481124
21.42	-1.29006	0.892484	1.78317	-1.72616	-0.895775	1.32728	0.486475
21.438	-1.29389	0.892616	1.78288	-1.72838	-0.895771	1.32728	0.491924
21.456	-1.29775	0.892784	1.78256	-1.7306	-0.895769	1.32728	0.497231
21.474	-1.30157	0.892957	1.78223	-1.73288	-0.895767	1.32728	0.50246
21.492	-1.30553	0.893193	1.7819	-1.73515	-0.895763	1.32728	0.507787
21.51	-1.30553	0.893193	1.7819	-1.73515	-0.895763	1.32728	0.507787
21.528	-1.30948	0.893434	1.78157	-1.73744	-0.895759	1.32728	0.513072
21.546	-1.31352	0.893706	1.7812	-1.73974	-0.895759	1.32728	0.518047
21.564	-1.31757	0.893969	1.78083	-1.74205	-0.895756	1.32728	0.523038
21.582	-1.32159	0.894277	1.78048	-1.74446	-0.895752	1.32728	0.528088
21.6	-1.32571	0.894644	1.78013	-1.74681	-0.89575	1.32728	0.532981
21.618	-1.32982	0.895017	1.77971	-1.74924	-0.895748	1.32728	0.537525
21.636	-1.33402	0.895396	1.77924	-1.75172	-0.895748	1.32728	0.54195
21.654	-1.33823	0.89577	1.77878	-1.75416	-0.895746	1.32728	0.546351
21.672	-1.34242	0.896214	1.77836	-1.75651	-0.895742	1.32728	0.550789
21.69	-1.34665	0.896679	1.7781	-1.75882	-0.895738	1.32728	0.55505
21.708	-1.35086	0.897229	1.77785	-1.76123	-0.895734	1.32728	0.558998
21.726	-1.35086	0.897229	1.77785	-1.76123	-0.895734	1.32728	0.558998
21.744	-1.35516	0.897759	1.77764	-1.76376	-0.895734	1.32728	0.562785
21.762	-1.35939	0.898296	1.77749	-1.76633	-0.89573	1.32728	0.566421
21.78	-1.36363	0.898938	1.77737	-1.76896	-0.895726	1.32728	0.569969
21.798	-1.36786	0.899548	1.77734	-1.77164	-0.895724	1.32728	0.573284
21.816	-1.3721	0.900269	1.77729	-1.77432	-0.895724	1.32728	0.576313
21.834	-1.37641	0.900968	1.77728	-1.77702	-0.895722	1.32728	0.579253
21.852	-1.38064	0.901668	1.77725	-1.77969	-0.89572	1.32728	0.582345
21.87	-1.38494	0.902428	1.77725	-1.78235	-0.895716	1.32728	0.585578
21.888	-1.3892	0.903123	1.77721	-1.78525	-0.895714	1.32728	0.58888
21.906	-1.39349	0.903837	1.77719	-1.78814	-0.895712	1.32728	0.592092
21.924	-1.39349	0.903837	1.77719	-1.78814	-0.895712	1.32728	0.592092
21.942	-1.39779	0.904546	1.77719	-1.79115	-0.895707	1.32728	0.595222
21.96	-1.40208	0.90523	1.77717	-1.79417	-0.895703	1.32728	0.598527
21.978	-1.4064	0.905937	1.77716	-1.79723	-0.895701	1.32728	0.602038
21.996	-1.41075	0.906656	1.77716	-1.80022	-0.895699	1.32728	0.605677
22.014	-1.41511	0.90728	1.77715	-1.80346	-0.895699	1.32728	0.609447
22.032	-1.41944	0.907875	1.77715	-1.80675	-0.895693	1.32728	0.613248
22.05	-1.42384	0.908531	1.77715	-1.81	-0.895693	1.32728	0.617023
22.068	-1.42821	0.909115	1.77714	-1.81333	-0.895691	1.32728	0.62093
22.086	-1.43261	0.909731	1.77714	-1.81654	-0.895689	1.32728	0.62492
22.104	-1.43699	0.91026	1.77714	-1.81964	-0.895685	1.32728	0.628961
22.122	-1.43699	0.91026	1.77714	-1.81964	-0.895685	1.32728	0.628961
22.14	-1.44133	0.910823	1.77713	-1.8229	-0.895679	1.32728	0.632757
22.158	-1.44564	0.911319	1.77713	-1.82622	-0.895677	1.32728	0.636196
22.176	-1.44996	0.911882	1.77713	-1.82951	-0.895675	1.32728	0.639533
22.194	-1.45419	0.91236	1.77713	-1.83287	-0.895673	1.32728	0.642721
22.212	-1.45835	0.91284	1.77713	-1.83608	-0.895669	1.32728	0.645755
22.23	-1.4625	0.913345	1.77713	-1.83928	-0.895662	1.32728	0.648456
22.248	-1.46653	0.913747	1.77713	-1.84266	-0.895656	1.32727	0.650798
22.266	-1.47049	0.91415	1.77713	-1.84606	-0.89565	1.32728	0.652697
22.284	-1.47447	0.914507	1.77713	-1.84932	-0.895646	1.32727	0.654318
22.302	-1.47834	0.914834	1.77713	-1.85265	-0.895644	1.32727	0.655717
22.32	-1.47834	0.914834	1.77713	-1.85265	-0.895644	1.32727	0.655717
22.338	-1.48228	0.915201	1.77713	-1.8558	-0.895642	1.32727	0.657331
22.356	-1.48614	0.915474	1.77713	-1.85885	-0.895636	1.32727	0.658906
22.374	-1.48997	0.915782	1.77713	-1.86199	-0.895628	1.32728	0.660621
22.392	-1.49379	0.916018	1.77713	-1.86506	-0.895622	1.32728	0.662449
22.41	-1.49752	0.91623	1.77713	-1.86813	-0.895613	1.32728	0.664352
22.428	-1.50129	0.916483	1.77713	-1.87107	-0.895601	1.32728	0.666441
22.446	-1.505	0.916654	1.77713	-1.87397	-0.895583	1.32728	0.66859
22.464	-1.50876	0.91686	1.77713	-1.87658	-0.895566	1.32728	0.670847
22.482	-1.51251	0.917042	1.77712	-1.87916	-0.895554	1.32728	0.67318
22.5	-1.51612	0.917213	1.77712	-1.88172	-0.895546	1.32728	0.675493
22.518	-1.5198	0.917429	1.77712	-1.88411	-0.895534	1.32728	0.678147
22.536	-1.5198	0.917429	1.77712	-1.88411	-0.895534	1.32728	0.678147
22.554	-1.5235	0.917593	1.77712	-1.88639	-0.895517	1.32728	0.680993
22.572	-1.52717	0.917807	1.77711	-1.88864	-0.895493	1.32728	0.68393
22.59	-1.5308	0.917961	1.77711	-1.89089	-0.895466	1.32728	0.686896
22.608	-1.53438	0.918135	1.77711	-1.89301	-0.89545	1.32728	0.689707
22.626	-1.53789	0.918278	1.77711	-1.89495	-0.895444	1.32728	0.692227
22.644	-1.5414	0.918432	1.77711	-1.8968	-0.895437	1.32728	0.694568
22.662	-1.54483	0.918604	1.77711	-1.8987	-0.895425	1.32728	0.697012
22.68	-1.54819	0.918781	1.77711	-1.90069	-0.895403	1.32728	0.699354
22.698	-1.55152	0.918983	1.77711	-1.90263	-0.895382	1.32728	0.701685
22.716	-1.5547	0.919167	1.77711	-1.90457	-0.89536	1.32728	0.703872
22.734	-1.5547	0.919167	1.77711	-1.90457	-0.89536	1.32728	0.703872
22.752	-1.55791	0.919396	1.77711	-1.9064	-0.895311	1.32728	0.705974
22.77	-1.56099	0.919702	1.77711	-1.90824	-0.895227	1.32728	0.707862
22.788	-1.56397	0.920024	1.77711	-1.91012	-0.895026	1.32728	0.709485
22.806	-1.56698	0.920401	1.77711	-1.91197	-0.894648	1.32728	0.710777
22.824	-1.56988	0.920751	1.77711	-1.91375	-0.893944	1.32728	0.712179
22.842	-1.57279	0.921138	1.77711	-1.91542	-0.892867	1.32728	0.713389
22.86	-1.5756	0.921512	1.77711	-1.91702	-0.891625	1.32728	0.71464
22.878	-1.57833	0.92194	1.77711	-1.91859	-0.890324	1.32728	0.716282
22.896	-1.58101	0.922325	1.77711	-1.9201	-0.888735	1.32728	0.718032
22.914	-1.58366	0.922735	1.7771	-1.92151	-0.887307	1.32728	0.720076
22.932	-1.58366	0.922735	1.7771	-1.92151	-0.887307	1.32728	0.720076
22.95	-1.58629	0.923083	1.7771	-1.92279	-0.885945	1.32728	0.722154
22.968	-1.5888	0.923445	1.7771	-1.92401	-0.884814	1.32728	0.724318
22.986	-1.59124	0.923849	1.77711	-1.9251	-0.883792	1.32728	0.726169
23.004	-1.59352	0.924246	1.77711	-1.92612	-0.882836	1.32728	0.727927
23.022	-1.59573	0.924642	1.7771	-1.92706	-0.882204	1.32728	0.729334
23.04	-1.59787	0.925032	1.7771	-1.92792	-0.881918	1.32728	0.73041
23.058	-1.59989	0.925363	1.7771	-1.92873	-0.88191	1.32728	0.73148
23.076	-1.60178	0.92572	1.77708	-1.9295	-0.88191	1.32728	0.732222
23.094	-1.60358	0.926065	1.77706	-1.93027	-0.88191	1.32728	0.732837
23.112	-1.60527	0.926413	1.77706	-1.93096	-0.88191	1.32728	0.733323
23.13	-1.60527	0.926413	1.77706	-1.93096	-0.88191	1.32728	0.733323
23.148	-1.60685	0.926718	1.77704	-1.93162	-0.88191	1.32728	0.733664
23.166	-1.60842	0.927009	1.77698	-1.93226	-0.881908	1.32728	0.73382
23.184	-1.60987	0.927319	1.77683	-1.93282	-0.881904	1.32728	0.733836
23.202	-1.61118	0.927594	1.77669	-1.93334	-0.881902	1.32728	0.733834
23.22	-1.61248	0.927914	1.7765	-1.93375	-0.881904	1.32728	0.733831
23.238	-1.61359	0.928223	1.77626	-1.93411	-0.881904	1.32728	0.733831
23.256	-1.61468	0.928503	1.77605	-1.93441	-0.881904	1.32728	0.733831
23.274	-1.61555	0.928782	1.77565	-1.93454	-0.881906	1.32728	0.733827
23.292	-1.61633	0.928915	1.77515	-1.93456	-0.881908	1.32728	0.733824
23.31	-1.61699	0.929002	1.77454	-1.93456	-0.881908	1.32728	0.733822
23.328	-1.61747	0.929033	1.77395	-1.93456	-0.88191	1.32728	0.733822
23.346	-1.61747	0.929033	1.77395	-1.93456	-0.88191	1.32728	0.733822
23.364	-1.61787	0.929014	1.7733	-1.93456	-0.881912	1.32728	0.73382
23.382	-1.61811	0.929002	1.77265	-1.93456	-0.881916	1.32728	0.73382
23.4	-1.61822	0.929005	1.772	-1.93456	-0.881918	1.32728	0.73382
23.418	-1.61821	0.929002	1.77122	-1.93456	-0.88192	1.32728	0.73382
23.436	-1.61821	0.928993	1.77046	-1.93456	-0.88192	1.32728	0.733819
23.454	-1.61821	0.929005	1.76981	-1.93456	-0.881922	1.32728	0.733819
23.472	-1.6182	0.928987	1.76915	-1.93455	-0.881924	1.32728	0.733817
23.49	-1.6182	0.928986	1.76855	-1.93455	-0.88193	1.32728	0.733817
23.508	-1.6182	0.928989	1.76801	-1.93455	-0.881934	1.32728	0.733817
23.526	-1.6182	0.928981	1.76749	-1.93455	-0.881936	1.32728	0.733817
23.544	-1.6182	0.928981	1.76749	-1.93455	-0.881936	1.32728	0.733817
23.562	-1.6182	0.928981	1.76701	-1.93454	-0.881938	1.32728	0.733817
23.58	-1.6182	0.928982	1.76661	-1.93454	-0.881943	1.32728	0.733817
23.598	-1.6182	0.928981	1.76629	-1.93454	-0.881947	1.32728	0.733817
23.616	-1.6182	0.928981	1.76604	-1.93453	-0.881949	1.32728	0.733819
23.634	-1.6182	0.928981	1.76584	-1.93453	-0.881951	1.32728	0.733817
23.652	-1.6182	0.92898	1.76567	-1.93453	-0.881953	1.32728	0.733817
23.67	-1.6182	0.92898	1.76558	-1.93451	-0.881953	1.32728	0.733817
23.688	-1.6182	0.92898	1.76554	-1.93449	-0.881955	1.32728	0.733815
23.706	-1.6182	0.92898	1.76554	-1.93447	-0.881955	1.32728	0.733815
23.724	-1.6182	0.928975	1.76554	-1.93444	-0.881957	1.32728	0.733817
23.742	-1.6182	0.928975	1.76554	-1.93444	-0.881957	1.32728	0.733817
23.76	-1.6182	0.92897	1.76554	-1.93435	-0.881957	1.32728	0.733817
23.778	-1.6182	0.928967	1.76554	-1.93423	-0.881957	1.32728	0.733817
23.796	-1.6182	0.928967	1.76554	-1.93411	-0.881957	1.32728	0.733817
23.814	-1.6182	0.928967	1.76554	-1.93393	-0.881957	1.32728	0.733817
23.832	-1.6182	0.928967	1.76554	-1.93372	-0.881957	1.32728	0.733815
23.85	-1.6182	0.928967	1.76554	-1.93355	-0.881959	1.32728	0.733815
23.868	-1.6182	0.928968	1.76553	-1.93342	-0.881959	1.32728	0.733815
23.886	-1.6182	0.928964	1.76553	-1.93333	-0.881959	1.32728	0.733815
23.904	-1.6182	0.928963	1.76554	-1.9333	-0.881961	1.32728	0.733817
23.922	-1.6182	0.928963	1.76553	-1.9333	-0.881961	1.32728	0.733817
23.94	-1.6182	0.928963	1.76553	-1.9333	-0.881961	1.32728	0.733817
23.958	-1.6182	0.928962	1.76553	-1.9333	-0.881961	1.32728	0.733817
23.976	-1.6182	0.928963	1.76553	-1.9333	-0.881963	1.32728	0.733815
23.994	-1.6182	0.928961	1.76553	-1.9333	-0.881965	1.32728	0.733815
24.012	-1.6182	0.928958	1.76553	-1.9333	-0.881965	1.32728	0.733817
24.03	-1.61819	0.92895	1.76553	-1.9333	-0.881965	1.32728	0.733815
24.048	-1.61818	0.928944	1.76553	-1.9333	-0.881967	1.32728	0.733815
24.066	-1.61817	0.928943	1.76553	-1.9333	-0.881969	1.32728	0.733815
24.084	-1.61817	0.928941	1.76553	-1.9333	-0.881971	1.32728	0.733817
24.102	-1.61817	0.928943	1.76553	-1.9333	-0.881971	1.32728	0.733817
24.12	-1.61817	0.928943	1.76553	-1.9333	-0.881973	1.32728	0.733817
24.138	-1.61817	0.928941	1.76553	-1.9333	-0.881973	1.32728	0.733815
24.156	-1.61817	0.928941	1.76553	-1.9333	-0.881973	1.32728	0.733815
24.174	-1.61817	0.928941	1.76553	-1.9333	-0.881975	1.32728	0.733815
24.192	-1.61817	0.928944	1.76553	-1.9333	-0.881975	1.32728	0.733815
24.21	-1.61817	0.928944	1.76553	-1.9333	-0.881975	1.32728	0.733815
24.228	-1.61817	0.928945	1.76553	-1.9333	-0.881975	1.32728	0.733815
24.246	-1.61817	0.928945	1.76553	-1.9333	-0.881977	1.32728	0.733817
24.264	-1.61817	0.928944	1.76553	-1.9333	-0.881977	1.32728	0.733817
24.282	-1.61817	0.928944	1.76553	-1.9333	-0.881977	1.32728	0.733817
24.3	-1.61817	0.928944	1.76553	-1.93326	-0.881979	1.32728	0.733815
24.318	-1.61817	0.928944	1.76553	-1.93321	-0.881979	1.32728	0.733815
24.336	-1.61817	0.928944	1.76553	-1.93319	-0.881979	1.32728	0.733815
24.354	-1.61817	0.928944	1.76553	-1.93319	-0.881979	1.32728	0.733815
24.372	-1.61817	0.928947	1.76552	-1.9332	-0.881979	1.32728	0.733815
24.39	-1.61817	0.928949	1.7655	-1.9332	-0.881979	1.32728	0.733815
24.408	-1.61817	0.92895	1.76546	-1.9332	-0.881981	1.32728	0.733817
24.426	-1.61817	0.928949	1.76544	-1.9332	-0.881981	1.32728	0.733817
24.444	-1.61817	0.928948	1.76542	-1.9332	-0.881979	1.32728	0.733817
24.462	-1.61817	0.928949	1.7654	-1.9332	-0.881979	1.32728	0.733815
24.48	-1.61817	0.928949	1.76537	-1.93321	-0.881979	1.32728	0.733815
24.498	-1.61817	0.928949	1.76533	-1.93321	-0.881979	1.32728	0.733815
24.516	-1.61817	0.928949	1.76529	-1.9332	-0.881979	1.32728	0.733815
24.534	-1.61817	0.928949	1.76527	-1.9332	-0.881979	1.32728	0.733815
24.552	-1.61817	0.928949	1.76527	-1.9332	-0.881979	1.32728	0.733815
24.57	-1.61817	0.928949	1.76526	-1.93321	-0.881981	1.32728	0.733815
24.588	-1.61817	0.928949	1.76526	-1.93321	-0.881979	1.32728	0.733817
24.606	-1.61817	0.928952	1.76525	-1.93321	-0.881979	1.32728	0.733817
24.624	-1.61817	0.928958	1.76522	-1.93321	-0.881979	1.32728	0.733817
24.642	-1.61817	0.928962	1.76519	-1.93321	-0.881979	1.32728	0.733815
24.66	-1.61817	0.928959	1.76517	-1.93321	-0.881981	1.32728	0.733815
24.678	-1.61817	0.928959	1.76516	-1.93321	-0.881979	1.32728	0.733815
24.696	-1.61817	0.928959	1.76516	-1.93321	-0.881979	1.32728	0.733815
24.714	-1.61817	0.928959	1.76515	-1.93321	-0.881979	1.32728	0.733815
24.732	-1.61817	0.928961	1.76513	-1.93321	-0.881979	1.32728	0.733817
24.75	-1.61817	0.928961	1.76513	-1.93321	-0.881979	1.32728	0.733817
24.768	-1.61817	0.928961	1.76513	-1.93321	-0.881979	1.32728	0.733817
24.786	-1.61817	0.928961	1.76513	-1.93321	-0.881979	1.32728	0.733817
24.804	-1.61817	0.928959	1.76513	-1.93321	-0.881979	1.32728	0.733815
24.822	-1.61817	0.928961	1.76512	-1.93321	-0.881979	1.32728	0.733815
24.84	-1.61817	0.928961	1.76512	-1.93321	-0.881979	1.32728	0.733815
24.858	-1.61817	0.928961	1.76512	-1.93321	-0.881981	1.32728	0.733815
24.876	-1.61817	0.928959	1.76512	-1.93321	-0.881979	1.32728	0.733815
24.894	-1.61817	0.928959	1.76512	-1.93321	-0.881979	1.32728	0.733815
24.912	-1.61817	0.928959	1.76512	-1.93321	-0.881979	1.32728	0.733817
24.93	-1.61817	0.928961	1.76512	-1.93321	-0.881979	1.32728	0.733817
24.948	-1.61817	0.928961	1.76512	-1.93321	-0.881979	1.32728	0.733815
24.966	-1.61817	0.928961	1.76512	-1.93321	-0.881979	1.32728	0.733815
24.984	-1.61817	0.928961	1.76512	-1.93321	-0.881979	1.32728	0.733815
25.002	-1.61817	0.928961	1.76512	-1.93321	-0.881979	1.32728	0.733815
25.02	-1.61817	0.928961	1.76511	-1.93321	-0.881979	1.32728	0.733815
25.038	-1.61817	0.928963	1.76511	-1.93321	-0.881979	1.32728	0.733815
25.056	-1.61817	0.928963	1.7651	-1.93321	-0.881979	1.32728	0.733815
25.074	-1.61817	0.928963	1.76509	-1.93321	-0.881979	1.32728	0.733817
25.092	-1.61817	0.928963	1.76509	-1.93321	-0.881979	1.32728	0.733817
25.11	-1.61817	0.928963	1.76508	-1.93321	-0.881981	1.32728	0.733817
25.128	-1.61817	0.928963	1.76507	-1.93321	-0.881979	1.32728	0.733815
25.146	-1.61817	0.928964	1.76505	-1.93321	-0.881979	1.32728	0.733815
25.164	-1.61817	0.928964	1.76505	-1.93321	-0.881979	1.32728	0.733815
25.182	-1.61817	0.928967	1.76504	-1.93321	-0.881979	1.32728	0.733815
25.2	-1.61817	0.928967	1.76504	-1.93321	-0.881979	1.32728	0.733815
25.218	-1.61817	0.928968	1.76503	-1.93321	-0.881979	1.32728	0.733817
25.236	-1.61817	0.928971	1.76503	-1.93321	-0.881979	1.32728	0.733817
25.254	-1.61817	0.92897	1.76501	-1.93321	-0.881979	1.32728	0.733817
