0.013	1.52343	-0.884085	1.32517	1.45667	1.14244	-1.49973	-0.15537
0.026	1.52343	-0.884085	1.32517	1.45667	1.14244	-1.49973	-0.15537
0.039	1.52344	-0.884085	1.32517	1.45668	1.14244	-1.49912	-0.15537
0.052	1.52344	-0.884085	1.32517	1.4567	1.14244	-1.49856	-0.15537
0.065	1.52343	-0.884085	1.32517	1.4567	1.14244	-1.49834	-0.15537
0.078	1.52327	-0.884083	1.32517	1.4567	1.14244	-1.49831	-0.15537
0.091	1.52297	-0.884075	1.32517	1.45671	1.14244	-1.49831	-0.15537
0.104	1.52251	-0.884076	1.32517	1.45671	1.14244	-1.49831	-0.15537
0.117	1.52208	-0.884079	1.32517	1.45671	1.14244	-1.49831	-0.15537
0.13	1.52208	-0.884079	1.32517	1.45671	1.14244	-1.49831	-0.15537
0.143	1.52166	-0.884079	1.32517	1.45671	1.14244	-1.49831	-0.15537
0.156	1.5213	-0.884079	1.32516	1.45671	1.14244	-1.49831	-0.15537
0.169	1.52111	-0.88408	1.32516	1.45669	1.14244	-1.49831	-0.15537
0.182	1.52109	-0.884082	1.32516	1.45669	1.14244	-1.49831	-0.15537
0.195	1.52117	-0.88408	1.32516	1.4567	1.14244	-1.49831	-0.15537
0.208	1.5213	-0.88408	1.32516	1.4567	1.14244	-1.49831	-0.15537
0.221	1.5215	-0.884082	1.32516	1.4567	1.14244	-1.49831	-0.15537
0.234	1.52174	-0.884082	1.32516	1.4567	1.14244	-1.49831	-0.15537
0.247	1.52208	-0.884082	1.32516	1.4567	1.14244	-1.4983	-0.15537
0.26	1.52235	-0.88408	1.32517	1.45671	1.14244	-1.4983	-0.15537
0.273	1.52235	-0.88408	1.32517	1.45671	1.14244	-1.4983	-0.15537
0.286	1.52258	-0.884082	1.32517	1.45675	1.14243	-1.49829	-0.15537
0.299	1.52269	-0.884082	1.32516	1.45675	1.14243	-1.49829	-0.15537
0.312	1.5228	-0.88408	1.32516	1.45675	1.14244	-1.49828	-0.15537
0.325	1.52284	-0.88408	1.32517	1.45675	1.14244	-1.49827	-0.15537
0.338	1.52283	-0.88408	1.32517	1.45675	1.14243	-1.49827	-0.15537
0.351	1.52276	-0.88408	1.32517	1.45675	1.14243	-1.49827	-0.15537
0.364	1.52268	-0.88408	1.32517	1.45675	1.14243	-1.49827	-0.15537
0.377	1.5226	-0.88408	1.32517	1.45675	1.14243	-1.49827	-0.15537
0.39	1.52254	-0.88408	1.32517	1.45675	1.14243	-1.49827	-0.15537
0.403	1.52254	-0.88408	1.32517	1.45675	1.14243	-1.49827	-0.15537
0.416	1.52248	-0.88408	1.32517	1.45675	1.14243	-1.49827	-0.15537
0.429	1.5224	-0.88408	1.32517	1.45675	1.14243	-1.49827	-0.15537
0.442	1.52238	-0.88408	1.32517	1.45675	1.14243	-1.49827	-0.15537
0.455	1.52239	-0.88408	1.32517	1.45675	1.14243	-1.49827	-0.15537
0.468	1.52239	-0.88408	1.32517	1.45675	1.14243	-1.49827	-0.15537
0.481	1.52238	-0.88408	1.32517	1.45675	1.14243	-1.49827	-0.15537
0.494	1.52233	-0.88408	1.32517	1.45675	1.14243	-1.49827	-0.15537
0.507	1.52228	-0.88408	1.32517	1.45675	1.14243	-1.49827	-0.15537
0.52	1.52224	-0.88408	1.32517	1.45675	1.14243	-1.49827	-0.15537
0.533	1.52224	-0.88408	1.32517	1.45675	1.14243	-1.49827	-0.15537
0.546	1.52224	-0.88408	1.32517	1.45675	1.14243	-1.49827	-0.15537
0.559	1.52224	-0.88408	1.32517	1.45675	1.14243	-1.49827	-0.15537
0.572	1.52224	-0.88408	1.32517	1.45675	1.14243	-1.49827	-0.15537
0.585	1.52223	-0.88408	1.32517	1.45675	1.14243	-1.49827	-0.15537
0.598	1.52224	-0.88408	1.32517	1.45675	1.14243	-1.49827	-0.15537
0.611	1.52224	-0.88408	1.32517	1.45675	1.14243	-1.49827	-0.15537
0.624	1.52224	-0.88408	1.32517	1.45675	1.14243	-1.49827	-0.15537
0.637	1.52224	-0.88408	1.32517	1.45675	1.14243	-1.49827	-0.15537
0.65	1.52224	-0.88408	1.32517	1.45675	1.14243	-1.49827	-0.15537
0.663	1.52225	-0.88408	1.32517	1.45675	1.14243	-1.49827	-0.15537
0.676	1.52225	-0.88408	1.32517	1.45675	1.14243	-1.49827	-0.15537
0.689	1.52225	-0.88408	1.32517	1.45675	1.14243	-1.49827	-0.15537
0.702	1.52225	-0.88408	1.32517	1.45675	1.14243	-1.49827	-0.15537
0.715	1.52225	-0.88408	1.32517	1.45675	1.14243	-1.49827	-0.15537
0.728	1.52224	-0.88408	1.32517	1.45675	1.14243	-1.49827	-0.15537
0.741	1.52224	-0.88408	1.32517	1.45675	1.14243	-1.49827	-0.15537
0.754	1.52225	-0.88408	1.32517	1.45675	1.14243	-1.49827	-0.15537
0.767	1.52225	-0.88408	1.32517	1.45675	1.14243	-1.49827	-0.15537
0.78	1.52225	-0.88408	1.32517	1.45675	1.14243	-1.49827	-0.15537
0.793	1.52225	-0.88408	1.32517	1.45675	1.14243	-1.49827	-0.15537
0.806	1.52224	-0.88408	1.32517	1.45675	1.14243	-1.49827	-0.15537
0.819	1.52224	-0.88408	1.32517	1.45675	1.14243	-1.49827	-0.15537
0.832	1.52224	-0.88408	1.32517	1.45675	1.14243	-1.49827	-0.15537
0.845	1.5222	-0.88408	1.32517	1.45675	1.14243	-1.49827	-0.15537
0.858	1.52212	-0.88408	1.32517	1.45675	1.14243	-1.49827	-0.15537
0.871	1.52203	-0.88408	1.32517	1.45675	1.14243	-1.49827	-0.15537
0.884	1.52194	-0.88408	1.32517	1.45675	1.14243	-1.49827	-0.15537
0.897	1.52184	-0.88408	1.32517	1.45675	1.14243	-1.49827	-0.15537
0.91	1.52172	-0.88408	1.32517	1.45675	1.14243	-1.49827	-0.15537
0.923	1.52159	-0.88408	1.32517	1.45675	1.14243	-1.49827	-0.15537
0.936	1.52144	-0.88408	1.32517	1.45675	1.14243	-1.49827	-0.15537
0.949	1.52144	-0.88408	1.32517	1.45675	1.14243	-1.49827	-0.15537
0.962	1.52128	-0.88408	1.32517	1.45675	1.14243	-1.49827	-0.15537
0.975	1.5211	-0.884079	1.32517	1.45675	1.14243	-1.49827	-0.15537
0.988	1.52087	-0.884079	1.32517	1.45675	1.14243	-1.49827	-0.15537
1.001	1.52067	-0.88408	1.32517	1.45675	1.14243	-1.49827	-0.15537
1.014	1.52047	-0.88408	1.32517	1.45675	1.14243	-1.49827	-0.15537
1.027	1.52035	-0.88408	1.32517	1.45675	1.14243	-1.49827	-0.15537
1.04	1.52021	-0.88408	1.32517	1.45675	1.14243	-1.49827	-0.15537
1.053	1.52013	-0.88408	1.32517	1.45675	1.14243	-1.49827	-0.15537
1.066	1.52009	-0.88408	1.32517	1.45675	1.14243	-1.49827	-0.15537
1.079	1.5201	-0.88408	1.32517	1.45675	1.14243	-1.49827	-0.15537
1.092	1.5201	-0.88408	1.32517	1.45675	1.14243	-1.49827	-0.15537
1.105	1.5201	-0.88408	1.32517	1.45675	1.14243	-1.49827	-0.15537
1.118	1.52011	-0.88408	1.32517	1.45675	1.14243	-1.49827	-0.15537
1.131	1.52011	-0.88408	1.32517	1.45675	1.14243	-1.49827	-0.15537
1.144	1.52011	-0.88408	1.32517	1.45675	1.14243	-1.49827	-0.15537
1.157	1.52011	-0.88408	1.32517	1.45675	1.14243	-1.49827	-0.15537
1.17	1.52011	-0.88408	1.32517	1.45675	1.14243	-1.49827	-0.15537
1.183	1.52011	-0.88408	1.32517	1.45675	1.14243	-1.49827	-0.15537
1.196	1.52012	-0.88408	1.32517	1.45675	1.14243	-1.49827	-0.15537
1.209	1.52016	-0.88408	1.32517	1.45675	1.14243	-1.49827	-0.15537
1.222	1.52016	-0.88408	1.32517	1.45675	1.14243	-1.49827	-0.15537
1.235	1.52023	-0.88408	1.32517	1.45675	1.14243	-1.49827	-0.15537
1.248	1.52037	-0.88408	1.32517	1.45675	1.14243	-1.49827	-0.15537
1.261	1.52057	-0.88408	1.32516	1.45675	1.14243	-1.49827	-0.15537
1.274	1.52075	-0.884082	1.32517	1.45676	1.14243	-1.49827	-0.15537
1.287	1.52095	-0.884082	1.32516	1.45676	1.14243	-1.49827	-0.15537
1.3	1.52114	-0.884082	1.32516	1.45676	1.14243	-1.49827	-0.15537
1.313	1.52136	-0.88408	1.32516	1.45676	1.14243	-1.49827	-0.15537
1.326	1.52155	-0.88408	1.32517	1.45676	1.14243	-1.49827	-0.15537
1.339	1.52176	-0.88408	1.32516	1.45676	1.14243	-1.49827	-0.15537
1.352	1.52207	-0.884082	1.32516	1.45675	1.14243	-1.49827	-0.15537
1.365	1.52207	-0.884082	1.32516	1.45675	1.14243	-1.49827	-0.15537
1.378	1.5223	-0.88408	1.32516	1.45676	1.14243	-1.49827	-0.15537
1.391	1.52259	-0.884082	1.32516	1.45676	1.14243	-1.49827	-0.15537
1.404	1.52285	-0.884082	1.32516	1.45676	1.14243	-1.49827	-0.15537
1.417	1.52305	-0.884082	1.32516	1.45677	1.14243	-1.49826	-0.15537
1.43	1.52326	-0.88408	1.32516	1.45676	1.14243	-1.49826	-0.15537
1.443	1.52339	-0.88408	1.32517	1.45676	1.14243	-1.49826	-0.15537
1.456	1.52354	-0.884082	1.32517	1.45677	1.14243	-1.49826	-0.15537
1.469	1.52359	-0.88408	1.32516	1.45677	1.14243	-1.49826	-0.15537
1.482	1.5236	-0.88408	1.32517	1.45677	1.14243	-1.49826	-0.15537
1.495	1.5236	-0.88408	1.32517	1.45677	1.14243	-1.49826	-0.15537
1.508	1.52358	-0.88408	1.32517	1.45677	1.14243	-1.49826	-0.15537
1.521	1.52356	-0.884082	1.32516	1.45676	1.14243	-1.49826	-0.15537
1.534	1.52356	-0.88408	1.32516	1.45676	1.14243	-1.49826	-0.15537
1.547	1.52356	-0.88408	1.32517	1.45676	1.14243	-1.49826	-0.15537
1.56	1.52356	-0.884082	1.32517	1.45676	1.14243	-1.49826	-0.15537
1.573	1.52355	-0.884082	1.32517	1.45676	1.14243	-1.49826	-0.15537
1.586	1.52355	-0.88408	1.32517	1.45677	1.14243	-1.49826	-0.15537
1.599	1.52354	-0.88408	1.32517	1.45676	1.14243	-1.49826	-0.15537
1.612	1.52351	-0.88408	1.32517	1.45676	1.14243	-1.49826	-0.15537
1.625	1.52347	-0.88408	1.32517	1.45676	1.14243	-1.49826	-0.15537
1.638	1.52347	-0.88408	1.32517	1.45676	1.14243	-1.49826	-0.15537
1.651	1.52344	-0.88408	1.32517	1.45676	1.14243	-1.49826	-0.15537
1.664	1.52339	-0.88408	1.32517	1.45676	1.14243	-1.49826	-0.15537
1.677	1.52329	-0.88408	1.32517	1.45677	1.14243	-1.49826	-0.15537
1.69	1.52314	-0.88408	1.32517	1.45676	1.14243	-1.49826	-0.15537
1.703	1.52294	-0.88408	1.32517	1.45677	1.14243	-1.49826	-0.15537
1.716	1.52268	-0.88408	1.32517	1.45677	1.14243	-1.49826	-0.15537
1.729	1.52242	-0.88408	1.32517	1.45676	1.14243	-1.49826	-0.15537
1.742	1.52216	-0.88408	1.32517	1.45676	1.14243	-1.49826	-0.15537
1.755	1.52196	-0.88408	1.32517	1.45676	1.14243	-1.49826	-0.15537
1.768	1.52196	-0.88408	1.32517	1.45676	1.14243	-1.49826	-0.15537
1.781	1.52172	-0.884079	1.32517	1.45676	1.14243	-1.49826	-0.15537
1.794	1.52149	-0.88408	1.32517	1.45676	1.14243	-1.49826	-0.15537
1.807	1.52123	-0.88408	1.32517	1.45677	1.14243	-1.49826	-0.15537
1.82	1.52093	-0.884078	1.32517	1.45677	1.14243	-1.49826	-0.15537
1.833	1.52061	-0.884079	1.32517	1.45676	1.14243	-1.49826	-0.15537
1.846	1.52026	-0.884079	1.32517	1.45676	1.14243	-1.49826	-0.15537
1.859	1.51996	-0.884079	1.32517	1.45676	1.14243	-1.49826	-0.15537
1.872	1.51968	-0.884079	1.32517	1.45676	1.14243	-1.49826	-0.15537
1.885	1.5194	-0.884079	1.32517	1.45677	1.14243	-1.49826	-0.15537
1.898	1.51913	-0.88408	1.32517	1.45677	1.14243	-1.49826	-0.15537
1.911	1.51913	-0.88408	1.32517	1.45677	1.14243	-1.49826	-0.15537
1.924	1.51883	-0.884079	1.32517	1.45676	1.14243	-1.49826	-0.15537
1.937	1.51848	-0.884076	1.32517	1.45677	1.14243	-1.49826	-0.15537
1.95	1.51807	-0.884067	1.32517	1.45677	1.14243	-1.49826	-0.15537
1.963	1.51772	-0.884075	1.32517	1.45676	1.14243	-1.49826	-0.15537
1.976	1.51741	-0.884075	1.32517	1.45676	1.14243	-1.49826	-0.15537
1.989	1.51707	-0.884073	1.32517	1.45676	1.14243	-1.49826	-0.15537
2.002	1.51673	-0.884073	1.32517	1.45676	1.14243	-1.49826	-0.15537
2.015	1.51638	-0.884075	1.32517	1.45676	1.14243	-1.49826	-0.15537
2.028	1.51602	-0.884075	1.32517	1.45677	1.14243	-1.49826	-0.15537
2.041	1.51602	-0.884075	1.32517	1.45677	1.14243	-1.49826	-0.15537
2.054	1.51572	-0.884073	1.32517	1.45676	1.14243	-1.49826	-0.15537
2.067	1.51548	-0.88407	1.32517	1.45676	1.14243	-1.49826	-0.15537
2.08	1.51523	-0.884074	1.32517	1.45676	1.14243	-1.49826	-0.15537
2.093	1.51488	-0.884074	1.32517	1.45677	1.14243	-1.49826	-0.15537
2.106	1.51466	-0.884074	1.32517	1.45676	1.14243	-1.49826	-0.15537
2.119	1.51446	-0.884075	1.32517	1.45676	1.14243	-1.49826	-0.15537
2.132	1.51431	-0.884075	1.32517	1.45676	1.14243	-1.49826	-0.15537
2.145	1.51408	-0.884061	1.32517	1.45676	1.14243	-1.49826	-0.15537
2.158	1.51395	-0.88407	1.32517	1.45676	1.14243	-1.49826	-0.15537
2.171	1.51391	-0.884074	1.32516	1.45676	1.14243	-1.49826	-0.15537
2.184	1.51391	-0.884074	1.32516	1.45676	1.14243	-1.49826	-0.15537
2.197	1.5139	-0.884073	1.32517	1.45676	1.14243	-1.49826	-0.15537
2.21	1.5139	-0.884058	1.32517	1.45676	1.14243	-1.49826	-0.15537
2.223	1.5139	-0.884069	1.32517	1.45676	1.14243	-1.49826	-0.15537
2.236	1.5139	-0.884071	1.32517	1.45676	1.14243	-1.49826	-0.15537
2.249	1.51391	-0.88407	1.32517	1.45676	1.14243	-1.49826	-0.15537
2.262	1.51393	-0.88407	1.32517	1.45676	1.14243	-1.49826	-0.15537
2.275	1.51396	-0.884071	1.32517	1.45677	1.14243	-1.49826	-0.15537
2.288	1.51397	-0.884071	1.32517	1.45676	1.14243	-1.49826	-0.15537
2.301	1.51397	-0.884071	1.32517	1.45676	1.14243	-1.49826	-0.15537
2.314	1.51397	-0.884071	1.32517	1.45676	1.14243	-1.49826	-0.15537
2.327	1.514	-0.884071	1.32517	1.45676	1.14243	-1.49826	-0.15537
2.34	1.51408	-0.884073	1.32517	1.45677	1.14243	-1.49826	-0.15537
2.353	1.5142	-0.884073	1.32517	1.45676	1.14243	-1.49826	-0.15537
2.366	1.51444	-0.884071	1.32517	1.45676	1.14243	-1.49826	-0.15537
2.379	1.51467	-0.884071	1.32517	1.45676	1.14243	-1.49826	-0.15537
2.392	1.51494	-0.884073	1.32517	1.45676	1.14243	-1.49826	-0.15537
2.405	1.5152	-0.884073	1.32517	1.45676	1.14243	-1.49826	-0.15537
2.418	1.51559	-0.884073	1.32517	1.45676	1.14243	-1.49826	-0.15537
2.431	1.51585	-0.884071	1.32517	1.45677	1.14243	-1.49826	-0.15537
2.444	1.51607	-0.884071	1.32517	1.45677	1.14243	-1.49826	-0.15537
2.457	1.51607	-0.884071	1.32517	1.45677	1.14243	-1.49826	-0.15537
2.47	1.5162	-0.884073	1.32517	1.45677	1.14243	-1.49826	-0.15537
2.483	1.51646	-0.884073	1.32516	1.45677	1.14243	-1.49826	-0.15537
2.496	1.51684	-0.884073	1.32516	1.45676	1.14243	-1.49826	-0.15537
2.509	1.5171	-0.884069	1.32517	1.45677	1.14243	-1.49826	-0.15537
2.522	1.51736	-0.884071	1.32517	1.45677	1.14243	-1.49826	-0.15537
2.535	1.51762	-0.884074	1.32516	1.45677	1.14243	-1.49826	-0.15537
2.548	1.51792	-0.884073	1.32516	1.45677	1.14243	-1.49826	-0.15537
2.561	1.51817	-0.88407	1.32517	1.45678	1.14243	-1.49826	-0.15537
2.574	1.51832	-0.88407	1.32517	1.45677	1.14243	-1.49826	-0.15537
2.587	1.51839	-0.884073	1.32517	1.45678	1.14243	-1.49826	-0.15537
2.6	1.51839	-0.884073	1.32517	1.45678	1.14243	-1.49826	-0.15537
2.613	1.51841	-0.884073	1.32517	1.45678	1.14243	-1.49826	-0.15537
2.626	1.51842	-0.884071	1.32517	1.45678	1.14243	-1.49826	-0.15537
2.639	1.51847	-0.884073	1.32517	1.45678	1.14243	-1.49826	-0.15537
2.652	1.51843	-0.884073	1.32517	1.45678	1.14243	-1.49826	-0.15537
2.665	1.51831	-0.884073	1.32517	1.45678	1.14243	-1.49826	-0.15537
2.678	1.51826	-0.884073	1.32517	1.45677	1.14243	-1.49826	-0.15537
2.691	1.51825	-0.884073	1.32517	1.45678	1.14243	-1.49826	-0.15537
2.704	1.51825	-0.884073	1.32517	1.45678	1.14243	-1.49826	-0.15537
2.717	1.51822	-0.884071	1.32517	1.45677	1.14243	-1.49826	-0.15537
2.73	1.51822	-0.884071	1.32517	1.45677	1.14243	-1.49826	-0.15537
2.743	1.51821	-0.884073	1.32517	1.45677	1.14243	-1.49826	-0.15537
2.756	1.5182	-0.884073	1.32517	1.45678	1.14243	-1.49826	-0.15537
2.769	1.51817	-0.884071	1.32517	1.45677	1.14243	-1.49826	-0.15537
2.782	1.51815	-0.88407	1.32517	1.45677	1.14243	-1.49826	-0.15537
2.795	1.51812	-0.884071	1.32517	1.45677	1.14243	-1.49826	-0.15537
2.808	1.51806	-0.884071	1.32517	1.45678	1.14243	-1.49826	-0.15537
2.821	1.51798	-0.884071	1.32517	1.45677	1.14243	-1.49826	-0.15537
2.834	1.51794	-0.884071	1.32517	1.45677	1.14243	-1.49826	-0.15537
2.847	1.51788	-0.884073	1.32517	1.45678	1.14243	-1.49826	-0.15537
2.86	1.51778	-0.884071	1.32517	1.45678	1.14243	-1.49826	-0.15537
2.873	1.51778	-0.884071	1.32517	1.45678	1.14243	-1.49826	-0.15537
2.886	1.51766	-0.884071	1.32517	1.45677	1.14243	-1.49826	-0.15537
2.899	1.51753	-0.884073	1.32517	1.45677	1.14243	-1.49826	-0.15537
2.912	1.51735	-0.884073	1.32517	1.45678	1.14243	-1.49826	-0.15537
2.925	1.51718	-0.884071	1.32517	1.45677	1.14243	-1.49826	-0.15537
2.938	1.51704	-0.884073	1.32517	1.45677	1.14243	-1.49826	-0.15537
2.951	1.5169	-0.884073	1.32517	1.45677	1.14243	-1.49826	-0.15537
2.964	1.51675	-0.884071	1.32517	1.45677	1.14243	-1.49826	-0.15537
2.977	1.51662	-0.884073	1.32517	1.45677	1.14243	-1.49826	-0.15537
2.99	1.51652	-0.884073	1.32517	1.45677	1.14243	-1.49826	-0.15537
3.003	1.51652	-0.884073	1.32517	1.45677	1.14243	-1.49826	-0.15537
3.016	1.51642	-0.884071	1.32517	1.45677	1.14243	-1.49826	-0.15537
3.029	1.5162	-0.884067	1.32517	1.45677	1.14243	-1.49826	-0.15537
3.042	1.51596	-0.884069	1.32517	1.45677	1.14243	-1.49826	-0.15537
3.055	1.51578	-0.884071	1.32517	1.45677	1.14243	-1.49826	-0.15537
3.068	1.51565	-0.884071	1.32517	1.45677	1.14243	-1.49826	-0.15537
3.081	1.51558	-0.88407	1.32517	1.45677	1.14243	-1.49826	-0.15537
3.094	1.5155	-0.88407	1.32517	1.45677	1.14243	-1.49826	-0.15537
3.107	1.51545	-0.884071	1.32517	1.45677	1.14243	-1.49826	-0.15537
3.12	1.51542	-0.884071	1.32517	1.45677	1.14243	-1.49826	-0.15537
3.133	1.51543	-0.884067	1.32517	1.45677	1.14243	-1.49826	-0.15537
3.146	1.51543	-0.884067	1.32517	1.45677	1.14243	-1.49826	-0.15537
3.159	1.51545	-0.884069	1.32517	1.45677	1.14243	-1.49826	-0.15537
3.172	1.51542	-0.88407	1.32517	1.45677	1.14243	-1.49826	-0.15537
3.185	1.51532	-0.88407	1.32517	1.45677	1.14243	-1.49826	-0.15537
3.198	1.51527	-0.88407	1.32517	1.45677	1.14243	-1.49826	-0.15537
3.211	1.51518	-0.884071	1.32517	1.45677	1.14243	-1.49826	-0.15537
3.224	1.51507	-0.884071	1.32517	1.45677	1.14243	-1.49826	-0.15537
3.237	1.51492	-0.884069	1.32517	1.45677	1.14243	-1.49826	-0.15537
3.25	1.51482	-0.88407	1.32517	1.45677	1.14243	-1.49826	-0.15537
3.263	1.51475	-0.884071	1.32517	1.45677	1.14243	-1.49826	-0.15537
3.276	1.51475	-0.884071	1.32517	1.45677	1.14243	-1.49826	-0.15537
3.289	1.5147	-0.88407	1.32517	1.45677	1.14243	-1.49826	-0.15537
3.302	1.51461	-0.884067	1.32517	1.45677	1.14243	-1.49826	-0.15537
3.315	1.51445	-0.88407	1.32517	1.45677	1.14243	-1.49826	-0.15537
3.328	1.5143	-0.884071	1.32517	1.45677	1.14243	-1.49826	-0.15537
3.341	1.51412	-0.884071	1.32517	1.45677	1.14243	-1.49826	-0.15537
3.354	1.51397	-0.88407	1.32517	1.45677	1.14243	-1.49826	-0.15537
3.367	1.51386	-0.884071	1.32517	1.45677	1.14243	-1.49826	-0.15537
3.38	1.51379	-0.884071	1.32517	1.45677	1.14243	-1.49826	-0.15537
3.393	1.51377	-0.884071	1.32517	1.45677	1.14243	-1.49826	-0.15537
3.406	1.51377	-0.884071	1.32517	1.45677	1.14243	-1.49826	-0.15537
3.419	1.51377	-0.884071	1.32517	1.45677	1.14243	-1.49826	-0.15537
3.432	1.51378	-0.884071	1.32517	1.45677	1.14243	-1.49826	-0.15537
3.445	1.51378	-0.884071	1.32517	1.45677	1.14243	-1.49826	-0.15537
3.458	1.51378	-0.884071	1.32517	1.45677	1.14243	-1.49826	-0.15537
3.471	1.51379	-0.884071	1.32517	1.45677	1.14243	-1.49826	-0.15537
3.484	1.51379	-0.884071	1.32517	1.45677	1.14243	-1.49826	-0.15537
3.497	1.51379	-0.884071	1.32517	1.45677	1.14243	-1.49826	-0.15537
3.51	1.5138	-0.884071	1.32517	1.45677	1.14243	-1.49826	-0.15537
3.523	1.51381	-0.884071	1.32517	1.45677	1.14243	-1.49826	-0.15537
3.536	1.51381	-0.884071	1.32517	1.45677	1.14243	-1.49826	-0.15537
3.549	1.51381	-0.884071	1.32517	1.45677	1.14243	-1.49826	-0.15537
3.562	1.51384	-0.884071	1.32517	1.45677	1.14243	-1.49826	-0.15537
3.575	1.51394	-0.884073	1.32517	1.45677	1.14243	-1.49826	-0.15537
3.588	1.51416	-0.884073	1.32517	1.45677	1.14243	-1.49826	-0.15537
3.601	1.51441	-0.884073	1.32517	1.45677	1.14243	-1.49826	-0.15537
3.614	1.51465	-0.884073	1.32517	1.45677	1.14243	-1.49826	-0.15537
3.627	1.51487	-0.884073	1.32517	1.45677	1.14243	-1.49826	-0.15537
3.64	1.5151	-0.884073	1.32517	1.45677	1.14243	-1.49826	-0.15537
3.653	1.51534	-0.884073	1.32517	1.45677	1.14243	-1.49826	-0.15537
3.666	1.51565	-0.884073	1.32517	1.45677	1.14243	-1.49826	-0.15537
3.679	1.51587	-0.884073	1.32517	1.45677	1.14243	-1.49826	-0.15537
3.692	1.51587	-0.884073	1.32517	1.45677	1.14243	-1.49826	-0.15537
3.705	1.5161	-0.884073	1.32517	1.45677	1.14243	-1.49826	-0.15537
3.718	1.51632	-0.884073	1.32517	1.45677	1.14243	-1.49826	-0.15537
3.731	1.51667	-0.884073	1.32517	1.45677	1.14243	-1.49826	-0.15537
3.744	1.51688	-0.884071	1.32517	1.45677	1.14243	-1.49826	-0.15537
3.757	1.51706	-0.884071	1.32517	1.45677	1.14243	-1.49826	-0.15537
3.77	1.51716	-0.884073	1.32517	1.45677	1.14243	-1.49826	-0.15537
3.783	1.51732	-0.884074	1.32517	1.45677	1.14243	-1.49826	-0.15537
3.796	1.51754	-0.884073	1.32517	1.45677	1.14243	-1.49826	-0.15537
3.809	1.51776	-0.884071	1.32517	1.45677	1.14243	-1.49826	-0.15537
3.822	1.51776	-0.884071	1.32517	1.45677	1.14243	-1.49826	-0.15537
3.835	1.51786	-0.884073	1.32517	1.45677	1.14243	-1.49826	-0.15537
3.848	1.5179	-0.884074	1.32517	1.45678	1.14243	-1.49826	-0.15537
3.861	1.51792	-0.884073	1.32517	1.45677	1.14243	-1.49826	-0.15537
3.874	1.51794	-0.884073	1.32517	1.45678	1.14243	-1.49826	-0.15537
3.887	1.51792	-0.884073	1.32517	1.45678	1.14243	-1.49826	-0.15537
3.9	1.51789	-0.884073	1.32517	1.45677	1.14243	-1.49826	-0.15537
3.913	1.51788	-0.884073	1.32517	1.45677	1.14243	-1.49826	-0.15537
3.926	1.51789	-0.884073	1.32517	1.45677	1.14243	-1.49826	-0.15537
3.939	1.51789	-0.884073	1.32517	1.45677	1.14243	-1.49826	-0.15537
3.952	1.51789	-0.884073	1.32517	1.45677	1.14243	-1.49826	-0.15537
3.965	1.51789	-0.884073	1.32517	1.45677	1.14243	-1.49826	-0.15537
3.978	1.51784	-0.884073	1.32517	1.45677	1.14243	-1.49826	-0.15537
3.991	1.51777	-0.884071	1.32517	1.45677	1.14243	-1.49826	-0.15537
4.004	1.51773	-0.884071	1.32517	1.45677	1.14243	-1.49826	-0.15537
4.017	1.51772	-0.884073	1.32517	1.45677	1.14243	-1.49826	-0.15537
4.03	1.5177	-0.884073	1.32517	1.45677	1.14243	-1.49826	-0.15537
4.043	1.51761	-0.88407	1.32517	1.45677	1.14243	-1.49826	-0.15537
4.056	1.51744	-0.88407	1.32517	1.45677	1.14243	-1.49826	-0.15537
4.069	1.51721	-0.884071	1.32517	1.45677	1.14243	-1.49826	-0.15537
4.082	1.51704	-0.884071	1.32517	1.45677	1.14243	-1.49826	-0.15537
4.095	1.51704	-0.884071	1.32517	1.45677	1.14243	-1.49826	-0.15537
4.108	1.5169	-0.884071	1.32517	1.45677	1.14243	-1.49826	-0.15537
4.121	1.51678	-0.884069	1.32517	1.45677	1.14243	-1.49826	-0.15537
4.134	1.51657	-0.884057	1.32517	1.45678	1.14242	-1.49826	-0.15537
4.147	1.51636	-0.88406	1.32517	1.45678	1.14242	-1.49826	-0.15537
4.16	1.51612	-0.884064	1.32517	1.45681	1.14241	-1.49826	-0.15537
4.173	1.51605	-0.884066	1.32518	1.45689	1.14241	-1.49826	-0.15537
4.186	1.51606	-0.884062	1.32524	1.45707	1.14241	-1.49826	-0.15537
4.199	1.5162	-0.884041	1.32551	1.45752	1.14241	-1.49826	-0.15537
4.212	1.51653	-0.884044	1.32592	1.45806	1.1424	-1.49826	-0.15537
4.225	1.51708	-0.884044	1.32647	1.45863	1.14239	-1.49826	-0.15537
4.238	1.51708	-0.884044	1.32647	1.45863	1.14239	-1.49826	-0.15537
4.251	1.51776	-0.884041	1.32713	1.45931	1.14237	-1.49826	-0.15537
4.264	1.51836	-0.88399	1.32785	1.46002	1.14234	-1.49827	-0.15537
4.277	1.51898	-0.883965	1.32872	1.46084	1.14232	-1.49827	-0.15537
4.29	1.51974	-0.883954	1.3296	1.46154	1.14229	-1.49827	-0.15537
4.303	1.52062	-0.883936	1.33052	1.46216	1.14225	-1.49827	-0.15537
4.316	1.5216	-0.883892	1.33151	1.46278	1.14215	-1.49827	-0.15537
4.329	1.52255	-0.883779	1.33261	1.46327	1.14195	-1.49827	-0.15537
4.342	1.52357	-0.883689	1.33374	1.46377	1.14166	-1.49827	-0.15537
4.355	1.52462	-0.883641	1.33485	1.46421	1.1414	-1.49827	-0.15537
4.368	1.52462	-0.883641	1.33485	1.46421	1.1414	-1.49827	-0.15537
4.381	1.52575	-0.883548	1.33601	1.46473	1.14117	-1.49827	-0.15537
4.394	1.52687	-0.883502	1.33723	1.46527	1.14098	-1.49827	-0.15537
4.407	1.52781	-0.883325	1.33851	1.46587	1.14082	-1.49827	-0.15537
4.42	1.52894	-0.883201	1.33962	1.46643	1.14073	-1.49827	-0.15537
4.433	1.52994	-0.883078	1.3408	1.46698	1.14069	-1.49827	-0.15537
4.446	1.53109	-0.883009	1.34184	1.46759	1.14067	-1.49827	-0.15537
4.459	1.532	-0.882927	1.34289	1.46817	1.14063	-1.49827	-0.15537
4.472	1.53314	-0.882897	1.34377	1.46874	1.1406	-1.49827	-0.15537
4.485	1.53411	-0.882899	1.3447	1.4692	1.14058	-1.49827	-0.15537
4.498	1.53531	-0.882898	1.34549	1.46967	1.14055	-1.49827	-0.15537
4.511	1.53531	-0.882898	1.34549	1.46967	1.14055	-1.49827	-0.15537
4.524	1.53637	-0.882861	1.34634	1.47007	1.14053	-1.49827	-0.15537
4.537	1.53762	-0.882861	1.3471	1.47043	1.1405	-1.49827	-0.15537
4.55	1.53885	-0.882857	1.34786	1.4708	1.14047	-1.49827	-0.15537
4.563	1.54019	-0.882859	1.34858	1.47116	1.14045	-1.49827	-0.15537
4.576	1.54158	-0.882857	1.34921	1.47154	1.14042	-1.49827	-0.15537
4.589	1.54299	-0.882856	1.34986	1.47191	1.14039	-1.49827	-0.15537
4.602	1.54447	-0.882857	1.35051	1.47228	1.14034	-1.49827	-0.15537
4.615	1.54601	-0.882849	1.35112	1.4726	1.14029	-1.49827	-0.15537
4.628	1.54762	-0.88285	1.35178	1.47294	1.14022	-1.49827	-0.15537
4.641	1.54762	-0.88285	1.35178	1.47294	1.14022	-1.49827	-0.15537
4.654	1.54928	-0.88285	1.35235	1.47323	1.14017	-1.49827	-0.15537
4.667	1.55107	-0.882849	1.35289	1.47353	1.14012	-1.49827	-0.15537
4.68	1.55291	-0.882849	1.35342	1.47377	1.14007	-1.49827	-0.15537
4.693	1.5547	-0.882849	1.35389	1.47399	1.14003	-1.49827	-0.15537
4.706	1.5565	-0.882848	1.35426	1.47419	1.13997	-1.49827	-0.15537
4.719	1.55825	-0.882849	1.35456	1.47428	1.13993	-1.49827	-0.15537
4.732	1.56002	-0.88285	1.35476	1.47435	1.13988	-1.49827	-0.15537
4.745	1.56172	-0.882848	1.35493	1.47439	1.13983	-1.49827	-0.15537
4.758	1.56334	-0.882849	1.35512	1.47441	1.13974	-1.49827	-0.15537
4.771	1.56495	-0.882849	1.35525	1.47441	1.13964	-1.49827	-0.15537
4.784	1.56495	-0.882849	1.35525	1.47441	1.13964	-1.49827	-0.15537
4.797	1.5665	-0.882849	1.3553	1.47441	1.13953	-1.49827	-0.15537
4.81	1.56801	-0.88285	1.35532	1.4744	1.13941	-1.49827	-0.15537
4.823	1.56941	-0.882849	1.35532	1.4744	1.13935	-1.49827	-0.15537
4.836	1.57073	-0.882849	1.35532	1.47441	1.13928	-1.49827	-0.15537
4.849	1.57193	-0.882849	1.35532	1.4744	1.13909	-1.49827	-0.15537
4.862	1.57309	-0.882849	1.35532	1.4744	1.1389	-1.49826	-0.15537
4.875	1.57412	-0.88285	1.35531	1.4744	1.13876	-1.49826	-0.15537
4.888	1.57486	-0.882848	1.35531	1.47439	1.1387	-1.49826	-0.15537
4.901	1.57539	-0.882836	1.35532	1.47439	1.13867	-1.49826	-0.15537
4.914	1.57539	-0.882836	1.35532	1.47439	1.13867	-1.49826	-0.15537
4.927	1.57584	-0.882843	1.35531	1.47437	1.13866	-1.49826	-0.15537
4.94	1.5761	-0.882845	1.3553	1.47437	1.13866	-1.49826	-0.15537
4.953	1.57636	-0.882843	1.3553	1.47435	1.13867	-1.49826	-0.15537
4.966	1.57653	-0.88284	1.3553	1.47431	1.13867	-1.49826	-0.15537
4.979	1.57666	-0.882842	1.3553	1.4743	1.13867	-1.49826	-0.15537
4.992	1.57668	-0.88284	1.3553	1.4743	1.13867	-1.49826	-0.15537
5.005	1.57668	-0.88284	1.3553	1.4743	1.13867	-1.49826	-0.15537
5.018	1.57668	-0.88284	1.3553	1.47429	1.13867	-1.49826	-0.15537
5.031	1.57668	-0.88284	1.3553	1.47429	1.13867	-1.49826	-0.15537
5.044	1.57667	-0.88284	1.3553	1.47428	1.13867	-1.49826	-0.15537
5.057	1.57667	-0.88284	1.3553	1.47428	1.13867	-1.49826	-0.15537
5.07	1.57667	-0.88284	1.3553	1.47428	1.13867	-1.49826	-0.15537
5.083	1.57668	-0.882842	1.3553	1.47428	1.13867	-1.49826	-0.15537
5.096	1.57668	-0.882842	1.3553	1.47428	1.13866	-1.49826	-0.15537
5.109	1.57667	-0.88284	1.3553	1.47428	1.13866	-1.49826	-0.15537
5.122	1.57666	-0.88284	1.3553	1.47428	1.13866	-1.49826	-0.15537
5.135	1.57664	-0.88284	1.3553	1.47428	1.13864	-1.49826	-0.15537
5.148	1.57663	-0.88284	1.3553	1.47428	1.13861	-1.49826	-0.15537
5.161	1.57664	-0.88284	1.3553	1.47428	1.13851	-1.49826	-0.15537
5.174	1.57668	-0.88284	1.3553	1.47432	1.13823	-1.49826	-0.15537
5.187	1.57668	-0.88284	1.3553	1.47432	1.13823	-1.49826	-0.15537
5.2	1.5767	-0.88284	1.3553	1.47439	1.13781	-1.49826	-0.15537
5.213	1.5767	-0.88284	1.3553	1.47453	1.13732	-1.49826	-0.15537
5.226	1.57671	-0.88284	1.3553	1.47471	1.13681	-1.49826	-0.15537
5.239	1.57675	-0.88284	1.3553	1.47497	1.13625	-1.49826	-0.15537
5.252	1.57684	-0.88284	1.3553	1.47524	1.13559	-1.49826	-0.15537
5.265	1.57697	-0.88284	1.3553	1.47547	1.13488	-1.49826	-0.155368
5.278	1.57714	-0.882839	1.3553	1.4757	1.1341	-1.49826	-0.15537
5.291	1.57733	-0.882839	1.35531	1.47594	1.1334	-1.49826	-0.15537
5.304	1.57759	-0.88284	1.35531	1.47622	1.13272	-1.49826	-0.15537
5.317	1.57788	-0.88284	1.35531	1.47653	1.13206	-1.49826	-0.15537
5.33	1.57788	-0.88284	1.35531	1.47653	1.13206	-1.49826	-0.15537
5.343	1.57818	-0.882839	1.35531	1.47688	1.1314	-1.49826	-0.155368
5.356	1.57847	-0.882838	1.35533	1.47725	1.1307	-1.49826	-0.15537
5.369	1.57883	-0.882839	1.35533	1.47762	1.13005	-1.49826	-0.15537
5.382	1.57921	-0.882838	1.35533	1.47801	1.1294	-1.49826	-0.15537
5.395	1.57964	-0.882838	1.35534	1.4785	1.12872	-1.49826	-0.15537
5.408	1.58016	-0.882838	1.35536	1.47904	1.12806	-1.49826	-0.15537
5.421	1.58072	-0.882838	1.3554	1.47967	1.12748	-1.49826	-0.15537
5.434	1.58138	-0.882838	1.35542	1.48034	1.1269	-1.49826	-0.15537
5.447	1.58205	-0.882838	1.35549	1.48107	1.12632	-1.49826	-0.15537
5.46	1.58205	-0.882838	1.35549	1.48107	1.12632	-1.49826	-0.15537
5.473	1.58284	-0.882838	1.35556	1.4818	1.12566	-1.49826	-0.15537
5.486	1.58369	-0.882838	1.35565	1.48251	1.12505	-1.49826	-0.15537
5.499	1.58453	-0.882838	1.35587	1.48333	1.12455	-1.49826	-0.15537
5.512	1.58535	-0.882838	1.35618	1.48419	1.12405	-1.49826	-0.15537
5.525	1.5862	-0.882836	1.35644	1.48505	1.12355	-1.49826	-0.15537
5.538	1.58712	-0.882836	1.35665	1.48593	1.12299	-1.49826	-0.15537
5.551	1.58805	-0.882835	1.3568	1.48677	1.12244	-1.49826	-0.15537
5.564	1.58893	-0.88283	1.35702	1.48768	1.12195	-1.49826	-0.15537
5.577	1.5898	-0.882831	1.35719	1.48857	1.12163	-1.49826	-0.15537
5.59	1.59058	-0.882824	1.3574	1.48937	1.12137	-1.49826	-0.15537
5.603	1.59058	-0.882824	1.3574	1.48937	1.12137	-1.49826	-0.15537
5.616	1.59142	-0.882822	1.35763	1.49023	1.12105	-1.49826	-0.15537
5.629	1.59217	-0.882812	1.35786	1.49105	1.12068	-1.49826	-0.15537
5.642	1.59276	-0.882787	1.35817	1.49202	1.12022	-1.49826	-0.15537
5.655	1.59335	-0.88278	1.35836	1.49301	1.1197	-1.49826	-0.15537
5.668	1.59391	-0.882757	1.35851	1.49392	1.11911	-1.49826	-0.15537
5.681	1.59447	-0.882755	1.35855	1.49495	1.11853	-1.49826	-0.155368
5.694	1.59488	-0.882686	1.35859	1.49604	1.11811	-1.49826	-0.15537
5.707	1.59532	-0.882615	1.35858	1.49717	1.11782	-1.49826	-0.15537
5.72	1.59572	-0.882509	1.35857	1.49829	1.11758	-1.49826	-0.155368
5.733	1.59572	-0.882509	1.35857	1.49829	1.11758	-1.49826	-0.155368
5.746	1.59613	-0.882348	1.35856	1.49952	1.11734	-1.49826	-0.15537
5.759	1.59651	-0.882236	1.35856	1.50064	1.11711	-1.49826	-0.15537
5.772	1.59692	-0.882174	1.35857	1.50178	1.11678	-1.49826	-0.15537
5.785	1.59735	-0.882177	1.35856	1.50304	1.1164	-1.49826	-0.155368
5.798	1.59789	-0.882178	1.35856	1.50419	1.11606	-1.49826	-0.15537
5.811	1.59861	-0.882177	1.35855	1.50536	1.11589	-1.49826	-0.15537
5.824	1.59931	-0.88217	1.35855	1.50646	1.11584	-1.49826	-0.15537
5.837	1.60022	-0.882172	1.35855	1.50757	1.11582	-1.49826	-0.15537
5.85	1.6012	-0.882173	1.35855	1.50859	1.11581	-1.49826	-0.155368
5.863	1.60232	-0.882172	1.35855	1.50965	1.1158	-1.49826	-0.15537
5.876	1.60232	-0.882172	1.35855	1.50965	1.1158	-1.49826	-0.15537
5.889	1.60357	-0.88217	1.35855	1.51072	1.11579	-1.49826	-0.15537
5.902	1.60499	-0.88217	1.35855	1.51184	1.11577	-1.49826	-0.155368
5.915	1.60639	-0.88217	1.35855	1.51294	1.11573	-1.49826	-0.155368
5.928	1.60793	-0.88217	1.35855	1.51403	1.11568	-1.49826	-0.15537
5.941	1.60953	-0.88217	1.35855	1.51512	1.11566	-1.49826	-0.15537
5.954	1.61116	-0.882168	1.35855	1.51625	1.11565	-1.49826	-0.15537
5.967	1.61286	-0.882169	1.35856	1.51734	1.11564	-1.49826	-0.15537
5.98	1.61461	-0.882169	1.35856	1.51842	1.11562	-1.49826	-0.155368
5.993	1.61644	-0.882169	1.35856	1.51948	1.11562	-1.49826	-0.15537
6.006	1.61644	-0.882169	1.35856	1.51948	1.11562	-1.49826	-0.15537
6.019	1.61834	-0.882168	1.35855	1.52052	1.11562	-1.49826	-0.155368
6.032	1.6203	-0.882168	1.35855	1.52149	1.11562	-1.49826	-0.15537
6.045	1.62233	-0.882168	1.35855	1.52246	1.11562	-1.49826	-0.15537
6.058	1.62446	-0.882168	1.35855	1.52337	1.11562	-1.49826	-0.155368
6.071	1.62652	-0.882168	1.35855	1.52428	1.11562	-1.49826	-0.15537
6.084	1.62865	-0.882168	1.35855	1.52522	1.11562	-1.49826	-0.15537
6.097	1.6308	-0.882168	1.35855	1.52611	1.11562	-1.49826	-0.15537
6.11	1.63306	-0.88217	1.35854	1.52701	1.11562	-1.49826	-0.15537
6.123	1.63529	-0.882168	1.35854	1.52785	1.11562	-1.49826	-0.155368
6.136	1.63761	-0.882168	1.35854	1.5286	1.11562	-1.49826	-0.155368
6.149	1.63761	-0.882168	1.35854	1.5286	1.11562	-1.49826	-0.155368
6.162	1.63992	-0.882168	1.35854	1.52932	1.11562	-1.49826	-0.15537
6.175	1.64225	-0.88217	1.35854	1.53004	1.11562	-1.49826	-0.15537
6.188	1.64465	-0.882169	1.35853	1.5307	1.11562	-1.49826	-0.15537
6.201	1.64697	-0.882169	1.35853	1.53141	1.11562	-1.49826	-0.155368
6.214	1.64926	-0.882169	1.35853	1.53212	1.11562	-1.49826	-0.15537
6.227	1.65161	-0.882169	1.35853	1.53281	1.11562	-1.49826	-0.15537
6.24	1.65398	-0.88217	1.35853	1.53352	1.11562	-1.49826	-0.15537
6.253	1.65634	-0.882169	1.35853	1.53426	1.11562	-1.49826	-0.15537
6.266	1.65872	-0.882169	1.35853	1.535	1.11562	-1.49826	-0.155368
6.279	1.65872	-0.882169	1.35853	1.535	1.11562	-1.49826	-0.155368
6.292	1.66103	-0.882169	1.35853	1.53574	1.11562	-1.49826	-0.15537
6.305	1.66335	-0.882169	1.35853	1.53649	1.11562	-1.49826	-0.15537
6.318	1.66573	-0.88217	1.35853	1.53725	1.11562	-1.49826	-0.15537
6.331	1.66821	-0.882173	1.35852	1.53801	1.11562	-1.49826	-0.15537
6.344	1.6707	-0.882169	1.35852	1.5389	1.11562	-1.49825	-0.155368
6.357	1.67321	-0.88217	1.35852	1.53983	1.11562	-1.49825	-0.15537
6.37	1.67574	-0.882173	1.35852	1.54072	1.11562	-1.49825	-0.15537
6.383	1.67832	-0.882179	1.35852	1.54169	1.11562	-1.49825	-0.15537
6.396	1.68087	-0.882174	1.35852	1.54273	1.11562	-1.49824	-0.15537
6.409	1.68349	-0.882172	1.35852	1.54382	1.11562	-1.49824	-0.155368
6.422	1.68349	-0.882172	1.35852	1.54382	1.11562	-1.49824	-0.155368
6.435	1.6861	-0.882173	1.35852	1.54491	1.11562	-1.49824	-0.155368
6.448	1.68875	-0.882179	1.35852	1.54602	1.11562	-1.49824	-0.155368
6.461	1.69156	-0.882181	1.35852	1.54718	1.11562	-1.49823	-0.155368
6.474	1.69439	-0.882177	1.35851	1.54832	1.11562	-1.49823	-0.15537
6.487	1.6972	-0.882176	1.35851	1.5495	1.11562	-1.49822	-0.15537
6.5	1.69991	-0.882174	1.35851	1.55071	1.11562	-1.49821	-0.15537
6.513	1.70264	-0.882174	1.35851	1.55193	1.11562	-1.49821	-0.155368
6.526	1.70538	-0.882176	1.35851	1.55313	1.11562	-1.4982	-0.15537
6.539	1.70808	-0.882177	1.35851	1.55431	1.11562	-1.49818	-0.155368
6.552	1.70808	-0.882177	1.35851	1.55431	1.11562	-1.49818	-0.155368
6.565	1.71081	-0.882177	1.35851	1.55548	1.11562	-1.49813	-0.155368
6.578	1.71357	-0.882176	1.35851	1.5566	1.11562	-1.49808	-0.155368
6.591	1.71633	-0.882176	1.35851	1.55773	1.11562	-1.49802	-0.15537
6.604	1.71901	-0.882177	1.35851	1.55885	1.11563	-1.49796	-0.155368
6.617	1.72161	-0.882174	1.35851	1.55994	1.11562	-1.49789	-0.155368
6.63	1.72422	-0.882174	1.35851	1.56107	1.11562	-1.49782	-0.155368
6.643	1.72676	-0.882179	1.35851	1.5622	1.11562	-1.49777	-0.155368
6.656	1.72929	-0.882181	1.35851	1.56337	1.11562	-1.49772	-0.155368
6.669	1.73182	-0.882177	1.35851	1.56446	1.11562	-1.49764	-0.155368
6.682	1.73431	-0.882178	1.35851	1.56548	1.11562	-1.49758	-0.155368
6.695	1.73431	-0.882178	1.35851	1.56548	1.11562	-1.49758	-0.155368
6.708	1.73676	-0.882181	1.35851	1.56649	1.11562	-1.49752	-0.155368
6.721	1.73919	-0.882177	1.3585	1.56746	1.11562	-1.49745	-0.155368
6.734	1.7416	-0.882176	1.3585	1.56836	1.11562	-1.49738	-0.155368
6.747	1.74399	-0.882178	1.3585	1.56931	1.11562	-1.4973	-0.155368
6.76	1.74635	-0.882177	1.3585	1.57024	1.11562	-1.49725	-0.155368
6.773	1.7487	-0.882176	1.3585	1.5712	1.11562	-1.49723	-0.155368
6.786	1.75107	-0.882181	1.3585	1.57209	1.11562	-1.49722	-0.155368
6.799	1.75342	-0.882181	1.35849	1.57295	1.11562	-1.4972	-0.155368
6.812	1.75575	-0.882179	1.35849	1.57381	1.11562	-1.49719	-0.155368
6.825	1.75575	-0.882179	1.35849	1.57381	1.11562	-1.49719	-0.155368
6.838	1.75809	-0.882178	1.35849	1.5747	1.11562	-1.49715	-0.155368
6.851	1.76037	-0.882178	1.35849	1.57557	1.11562	-1.4971	-0.155368
6.864	1.76269	-0.882178	1.35849	1.57641	1.11562	-1.49705	-0.155368
6.877	1.76497	-0.882178	1.35849	1.57727	1.11562	-1.497	-0.155368
6.89	1.76729	-0.882188	1.35848	1.57812	1.11563	-1.49691	-0.155368
6.903	1.76974	-0.882196	1.35847	1.57894	1.11563	-1.49679	-0.155368
6.916	1.77224	-0.882217	1.35847	1.57971	1.11563	-1.49667	-0.155368
6.929	1.77482	-0.882241	1.35847	1.58047	1.11562	-1.49656	-0.155368
6.942	1.77741	-0.882248	1.35846	1.58127	1.11562	-1.4965	-0.155368
6.955	1.77998	-0.882271	1.35846	1.58204	1.11562	-1.49642	-0.155368
6.968	1.77998	-0.882271	1.35846	1.58204	1.11562	-1.49642	-0.155368
6.981	1.78262	-0.882283	1.35845	1.58284	1.11562	-1.49633	-0.155368
6.994	1.78526	-0.882292	1.35845	1.58361	1.11562	-1.49624	-0.155368
7.007	1.78794	-0.882296	1.35844	1.5844	1.11562	-1.49609	-0.155368
7.02	1.7907	-0.882282	1.35844	1.58525	1.11562	-1.49589	-0.155368
7.033	1.79342	-0.882276	1.35843	1.58603	1.11562	-1.49564	-0.155368
7.046	1.79615	-0.8823	1.35842	1.58679	1.11562	-1.49543	-0.155368
7.059	1.79887	-0.882333	1.35842	1.58748	1.11562	-1.4953	-0.155368
7.072	1.80162	-0.882314	1.35842	1.58816	1.11562	-1.49518	-0.155368
7.085	1.80425	-0.882307	1.35842	1.58887	1.11562	-1.49505	-0.155368
7.098	1.80686	-0.882315	1.35841	1.58956	1.11562	-1.49491	-0.155368
7.111	1.80686	-0.882315	1.35841	1.58956	1.11562	-1.49491	-0.155368
7.124	1.80958	-0.882338	1.35841	1.5903	1.11562	-1.49474	-0.155368
7.137	1.81228	-0.882357	1.3584	1.59102	1.11562	-1.49458	-0.155368
7.15	1.81497	-0.882374	1.35839	1.59168	1.11562	-1.4945	-0.155368
7.163	1.81756	-0.882379	1.35839	1.59231	1.11562	-1.49442	-0.155368
7.176	1.82011	-0.882376	1.35838	1.59289	1.11563	-1.49436	-0.155368
7.189	1.82271	-0.882433	1.35837	1.59345	1.11563	-1.4943	-0.155368
7.202	1.8253	-0.882519	1.35835	1.59395	1.11563	-1.4942	-0.155368
7.215	1.82792	-0.882602	1.35835	1.59448	1.11563	-1.49405	-0.155368
7.228	1.83048	-0.882682	1.35834	1.59496	1.11563	-1.49389	-0.155368
7.241	1.83048	-0.882682	1.35834	1.59496	1.11563	-1.49389	-0.155368
7.254	1.83303	-0.882744	1.35832	1.59535	1.11563	-1.49367	-0.155368
7.267	1.8356	-0.882861	1.35831	1.59572	1.11563	-1.49347	-0.155368
7.28	1.83814	-0.883018	1.3583	1.59607	1.11563	-1.49336	-0.155368
7.293	1.84071	-0.88313	1.35828	1.59645	1.11563	-1.49329	-0.155368
7.306	1.84324	-0.883249	1.35828	1.59682	1.11563	-1.49318	-0.155368
7.319	1.84574	-0.883354	1.35827	1.59719	1.11563	-1.49301	-0.155368
7.332	1.84834	-0.883415	1.35827	1.59763	1.11563	-1.49282	-0.155368
7.345	1.85096	-0.883451	1.35827	1.59808	1.11563	-1.49265	-0.155368
7.358	1.85358	-0.883468	1.35827	1.59857	1.11563	-1.49249	-0.155368
7.371	1.85617	-0.883468	1.35827	1.59913	1.11562	-1.4923	-0.155368
7.384	1.85617	-0.883468	1.35827	1.59913	1.11562	-1.4923	-0.155368
7.397	1.85866	-0.883468	1.35827	1.59972	1.11562	-1.49205	-0.155368
7.41	1.86118	-0.883467	1.35827	1.60041	1.11562	-1.49172	-0.155368
7.423	1.86364	-0.883467	1.35828	1.6012	1.11562	-1.49142	-0.155368
7.436	1.86611	-0.883465	1.35828	1.60207	1.11561	-1.49126	-0.155368
7.449	1.86863	-0.883465	1.35829	1.60302	1.1156	-1.49122	-0.155368
7.462	1.87115	-0.883465	1.35828	1.60401	1.1155	-1.49121	-0.155368
7.475	1.87375	-0.883465	1.35828	1.60505	1.1153	-1.4912	-0.155368
7.488	1.87631	-0.883465	1.35828	1.60606	1.11512	-1.49119	-0.155368
7.501	1.87886	-0.883468	1.35828	1.60696	1.11501	-1.49119	-0.155368
7.514	1.87886	-0.883468	1.35828	1.60696	1.11501	-1.49119	-0.155368
7.527	1.88141	-0.883477	1.35828	1.60779	1.11496	-1.49118	-0.155368
7.54	1.88395	-0.883476	1.35828	1.60854	1.11492	-1.49117	-0.155368
7.553	1.88655	-0.883474	1.35828	1.6093	1.11489	-1.49117	-0.155368
7.566	1.88911	-0.883476	1.35828	1.6101	1.11489	-1.49116	-0.155368
7.579	1.89163	-0.883478	1.35828	1.61091	1.11489	-1.49114	-0.155368
7.592	1.89415	-0.883482	1.35828	1.61167	1.11489	-1.49112	-0.155368
7.605	1.89667	-0.883529	1.35828	1.61242	1.11491	-1.49108	-0.155368
7.618	1.89916	-0.88357	1.35828	1.61313	1.11493	-1.49097	-0.155368
7.631	1.90157	-0.883638	1.35827	1.61378	1.11494	-1.49079	-0.155368
7.644	1.90395	-0.883724	1.35827	1.61433	1.11496	-1.49067	-0.155368
7.657	1.90395	-0.883724	1.35827	1.61433	1.11496	-1.49067	-0.155368
7.67	1.90633	-0.883832	1.35826	1.61483	1.11497	-1.49058	-0.155368
7.683	1.9087	-0.884024	1.35821	1.61522	1.11498	-1.49044	-0.155368
7.696	1.91104	-0.884263	1.35813	1.61557	1.11499	-1.49026	-0.155368
7.709	1.91329	-0.884488	1.35805	1.61589	1.11501	-1.49003	-0.155368
7.722	1.91545	-0.884746	1.35794	1.61616	1.11502	-1.48979	-0.155368
7.735	1.91756	-0.885011	1.35783	1.61641	1.11503	-1.48951	-0.155368
7.748	1.91969	-0.885327	1.3577	1.61665	1.11504	-1.48904	-0.155368
7.761	1.92179	-0.885655	1.35755	1.61686	1.11505	-1.48841	-0.155368
7.774	1.92388	-0.886004	1.35738	1.61705	1.11507	-1.48741	-0.155368
7.787	1.92388	-0.886004	1.35738	1.61705	1.11507	-1.48741	-0.155368
7.8	1.926	-0.886349	1.3572	1.61729	1.11508	-1.48631	-0.155368
7.813	1.92817	-0.88674	1.35696	1.61748	1.11509	-1.48526	-0.155368
7.826	1.93043	-0.887207	1.35665	1.61759	1.1151	-1.48401	-0.155368
7.839	1.93271	-0.887735	1.35635	1.6176	1.11511	-1.48219	-0.155368
7.852	1.93499	-0.888345	1.356	1.6176	1.11513	-1.47996	-0.155368
7.865	1.93722	-0.888926	1.35563	1.61761	1.11514	-1.47717	-0.155368
7.878	1.93949	-0.889572	1.35517	1.61763	1.11514	-1.47407	-0.155368
7.891	1.94172	-0.890145	1.35471	1.61763	1.11515	-1.47078	-0.155368
7.904	1.94393	-0.890747	1.35425	1.61764	1.11517	-1.46734	-0.155368
7.917	1.94621	-0.891396	1.35377	1.61764	1.11519	-1.46378	-0.155368
7.93	1.94621	-0.891396	1.35377	1.61764	1.11519	-1.46378	-0.155368
7.943	1.94847	-0.89212	1.35332	1.61764	1.1152	-1.45999	-0.155368
7.956	1.95077	-0.892821	1.35287	1.61765	1.1152	-1.45608	-0.155368
7.969	1.95307	-0.893459	1.35247	1.61767	1.11521	-1.45234	-0.155368
7.982	1.95528	-0.894064	1.35217	1.61767	1.11521	-1.44902	-0.155368
7.995	1.95751	-0.894588	1.35199	1.61771	1.11522	-1.44621	-0.155368
8.008	1.95979	-0.895087	1.3519	1.61776	1.11522	-1.44399	-0.155368
8.021	1.96213	-0.895558	1.35183	1.6178	1.11522	-1.44203	-0.155368
8.034	1.96449	-0.895994	1.3518	1.61782	1.11522	-1.44021	-0.155368
8.047	1.96695	-0.896411	1.3518	1.61788	1.11522	-1.43843	-0.155368
8.06	1.96695	-0.896411	1.3518	1.61788	1.11522	-1.43843	-0.155368
8.073	1.96945	-0.896796	1.3518	1.61791	1.11523	-1.43696	-0.155368
8.086	1.97199	-0.897186	1.3518	1.61791	1.11523	-1.43535	-0.155368
8.099	1.97456	-0.897517	1.3518	1.61791	1.11523	-1.43418	-0.155368
8.112	1.97714	-0.897788	1.3518	1.61791	1.11523	-1.43306	-0.155368
8.125	1.9798	-0.898157	1.3518	1.61791	1.11523	-1.43162	-0.155368
8.138	1.98248	-0.898535	1.35179	1.61791	1.11523	-1.43014	-0.155368
8.151	1.98526	-0.898976	1.35176	1.61792	1.11523	-1.42822	-0.155368
8.164	1.98797	-0.899424	1.35176	1.61792	1.11524	-1.42608	-0.155368
8.177	1.99069	-0.899802	1.35175	1.61792	1.11524	-1.42377	-0.155368
8.19	1.99345	-0.900195	1.35173	1.61792	1.11524	-1.4214	-0.155368
8.203	1.99345	-0.900195	1.35173	1.61792	1.11524	-1.4214	-0.155368
8.216	1.99612	-0.900605	1.35171	1.61792	1.11524	-1.41902	-0.155368
8.229	1.99886	-0.901006	1.3517	1.61792	1.11524	-1.417	-0.155368
8.242	2.00162	-0.901399	1.35166	1.61792	1.11525	-1.41491	-0.155368
8.255	2.00442	-0.901814	1.35161	1.61793	1.11525	-1.41297	-0.155368
8.268	2.0073	-0.902259	1.35151	1.61793	1.11525	-1.41099	-0.155368
8.281	2.01014	-0.902739	1.3514	1.61793	1.11525	-1.40923	-0.155368
8.294	2.01301	-0.903229	1.35127	1.61792	1.11525	-1.40732	-0.155368
8.307	2.01575	-0.90371	1.35108	1.61792	1.11526	-1.4057	-0.155368
8.32	2.01847	-0.904173	1.35086	1.61792	1.11526	-1.40382	-0.155368
8.333	2.01847	-0.904173	1.35086	1.61792	1.11526	-1.40382	-0.155368
8.346	2.02115	-0.904676	1.35061	1.61792	1.11527	-1.40202	-0.155368
8.359	2.02386	-0.905218	1.35038	1.61792	1.11527	-1.39997	-0.155368
8.372	2.02666	-0.905803	1.35012	1.61792	1.11527	-1.39813	-0.155368
8.385	2.02934	-0.906342	1.34985	1.61792	1.11528	-1.3962	-0.155368
8.398	2.03209	-0.906866	1.34958	1.61792	1.11528	-1.3946	-0.155368
8.411	2.03482	-0.907407	1.34936	1.61792	1.11528	-1.39309	-0.155368
8.424	2.03761	-0.907932	1.34921	1.61792	1.11528	-1.39182	-0.155368
8.437	2.04032	-0.908386	1.3491	1.61792	1.11529	-1.39128	-0.155368
8.45	2.04303	-0.908809	1.34903	1.61792	1.11529	-1.39103	-0.155368
8.463	2.04586	-0.909236	1.349	1.61792	1.1153	-1.39092	-0.155368
8.476	2.04586	-0.909236	1.349	1.61792	1.1153	-1.39092	-0.155368
8.489	2.04863	-0.90964	1.34899	1.61792	1.11531	-1.39092	-0.155368
8.502	2.05142	-0.910053	1.34896	1.61792	1.11532	-1.39092	-0.155368
8.515	2.05419	-0.910457	1.34894	1.61792	1.11533	-1.39092	-0.155368
8.528	2.05698	-0.910802	1.3489	1.61792	1.11535	-1.39092	-0.155368
8.541	2.05972	-0.91126	1.34878	1.61791	1.11537	-1.39092	-0.155368
8.554	2.06242	-0.911788	1.34862	1.6179	1.11538	-1.39092	-0.155368
8.567	2.06519	-0.912354	1.34839	1.6179	1.1154	-1.39092	-0.155368
8.58	2.06784	-0.91289	1.34817	1.6179	1.11542	-1.39092	-0.155368
8.593	2.07038	-0.913414	1.34788	1.6179	1.11544	-1.39092	-0.155368
8.606	2.07038	-0.913414	1.34788	1.6179	1.11544	-1.39092	-0.155368
8.619	2.07291	-0.913956	1.34752	1.61789	1.11545	-1.39092	-0.155368
8.632	2.07546	-0.914514	1.34714	1.61789	1.11547	-1.39092	-0.155368
8.645	2.07803	-0.915085	1.34676	1.61789	1.11548	-1.39092	-0.155368
8.658	2.08051	-0.915662	1.34644	1.61789	1.11548	-1.39093	-0.155368
8.671	2.083	-0.916241	1.34618	1.61789	1.11549	-1.39093	-0.155368
8.684	2.08546	-0.916925	1.34589	1.61783	1.1155	-1.39093	-0.155368
8.697	2.08792	-0.917628	1.34553	1.61774	1.1155	-1.39093	-0.155368
8.71	2.09037	-0.918356	1.3452	1.61768	1.11549	-1.39094	-0.155368
8.723	2.09271	-0.919107	1.34493	1.61768	1.11549	-1.39094	-0.155368
8.736	2.09508	-0.919876	1.34469	1.61769	1.11549	-1.39095	-0.155368
8.749	2.09508	-0.919876	1.34469	1.61769	1.11549	-1.39095	-0.155368
8.762	2.09746	-0.920714	1.3445	1.61769	1.11549	-1.39095	-0.155368
8.775	2.09982	-0.92158	1.34429	1.61769	1.11549	-1.39096	-0.155368
8.788	2.10218	-0.922492	1.34404	1.6177	1.11549	-1.39096	-0.155368
8.801	2.10444	-0.923404	1.34383	1.61773	1.11549	-1.39096	-0.155368
8.814	2.10661	-0.924273	1.34366	1.61776	1.11549	-1.39097	-0.155368
8.827	2.10871	-0.925156	1.34348	1.61777	1.11549	-1.39097	-0.155368
8.84	2.11074	-0.92616	1.34314	1.61776	1.11549	-1.39097	-0.155368
8.853	2.11264	-0.927234	1.34272	1.61778	1.11549	-1.39097	-0.155368
8.866	2.11451	-0.928347	1.34241	1.61778	1.11549	-1.39097	-0.155368
8.879	2.11451	-0.928347	1.34241	1.61778	1.11549	-1.39097	-0.155368
8.892	2.11624	-0.929426	1.34209	1.61779	1.11549	-1.39098	-0.155368
8.905	2.11786	-0.93052	1.34165	1.61779	1.11549	-1.39098	-0.155368
8.918	2.11934	-0.931699	1.34112	1.61779	1.11549	-1.39098	-0.155368
8.931	2.12077	-0.932868	1.34071	1.61779	1.11549	-1.39098	-0.155368
8.944	2.12214	-0.934068	1.34022	1.6178	1.11549	-1.39098	-0.155368
8.957	2.12348	-0.935354	1.33956	1.6178	1.1155	-1.39098	-0.155368
8.97	2.12481	-0.936692	1.33876	1.61779	1.1155	-1.39099	-0.155368
8.983	2.12616	-0.938037	1.33808	1.61779	1.1155	-1.39099	-0.155368
8.996	2.12764	-0.939433	1.33745	1.6178	1.11549	-1.39099	-0.155368
9.009	2.12919	-0.940757	1.33683	1.6178	1.11549	-1.39099	-0.155368
9.022	2.12919	-0.940757	1.33683	1.6178	1.11549	-1.39099	-0.155368
9.035	2.13076	-0.942043	1.33634	1.61785	1.11549	-1.39099	-0.155368
9.048	2.13244	-0.943294	1.33606	1.61805	1.11548	-1.39099	-0.155368
9.061	2.13432	-0.944445	1.3359	1.61838	1.11549	-1.39098	-0.155368
9.074	2.13631	-0.945485	1.33581	1.61865	1.11549	-1.39098	-0.155368
9.087	2.13843	-0.946512	1.33566	1.61868	1.11549	-1.39098	-0.155367
9.1	2.14064	-0.947425	1.33563	1.61865	1.11549	-1.39097	-0.155365
9.113	2.14299	-0.948308	1.33559	1.61865	1.11549	-1.39097	-0.155363
9.126	2.14531	-0.949102	1.33556	1.61863	1.11549	-1.39097	-0.155362
9.139	2.14759	-0.949781	1.33554	1.61858	1.11549	-1.39096	-0.155362
9.152	2.14759	-0.949781	1.33554	1.61858	1.11549	-1.39096	-0.155362
9.165	2.14985	-0.950311	1.3355	1.6185	1.1155	-1.39095	-0.15536
9.178	2.15203	-0.950849	1.3354	1.61837	1.1155	-1.39086	-0.15536
9.191	2.15424	-0.951375	1.33519	1.61831	1.1155	-1.39044	-0.155358
9.204	2.15643	-0.951855	1.33493	1.61826	1.1155	-1.38937	-0.155356
9.217	2.15858	-0.952252	1.33466	1.61815	1.1155	-1.38767	-0.155356
9.23	2.16071	-0.952594	1.33433	1.61785	1.1155	-1.3855	-0.155355
9.243	2.16283	-0.95298	1.3339	1.61736	1.1155	-1.38245	-0.155355
9.256	2.16498	-0.953319	1.33341	1.61686	1.1155	-1.37865	-0.155355
9.269	2.167	-0.953554	1.33293	1.61631	1.1155	-1.37439	-0.155353
9.282	2.16893	-0.953687	1.33249	1.61577	1.1155	-1.36982	-0.155351
9.295	2.16893	-0.953687	1.33249	1.61577	1.1155	-1.36982	-0.155351
9.308	2.17083	-0.95375	1.33201	1.61517	1.1155	-1.36497	-0.155351
9.321	2.17275	-0.953816	1.33152	1.61455	1.1155	-1.35982	-0.155351
9.334	2.17466	-0.953849	1.33113	1.61399	1.11549	-1.35478	-0.155351
9.347	2.17652	-0.953853	1.33089	1.61343	1.11549	-1.35002	-0.155351
9.36	2.17841	-0.953855	1.33074	1.61277	1.11549	-1.34565	-0.155351
9.373	2.18039	-0.953862	1.33069	1.61204	1.11549	-1.34135	-0.155351
9.386	2.18242	-0.953875	1.33065	1.61133	1.11549	-1.33717	-0.155351
9.399	2.18444	-0.953875	1.33064	1.61069	1.11549	-1.3332	-0.155351
9.412	2.18643	-0.953876	1.33064	1.61001	1.11549	-1.32949	-0.155351
9.425	2.18643	-0.953876	1.33064	1.61001	1.11549	-1.32949	-0.155351
9.438	2.18839	-0.95388	1.33057	1.60932	1.11549	-1.32591	-0.155351
9.451	2.19034	-0.953899	1.33047	1.60856	1.11549	-1.32212	-0.155351
9.464	2.19237	-0.95393	1.33034	1.60776	1.11549	-1.31819	-0.155351
9.477	2.19442	-0.953949	1.33016	1.60692	1.1155	-1.31416	-0.155351
9.49	2.19639	-0.953956	1.32992	1.60609	1.1155	-1.31016	-0.155351
9.503	2.19833	-0.953977	1.32967	1.60528	1.1155	-1.30625	-0.155351
9.516	2.20031	-0.954048	1.32937	1.60441	1.1155	-1.30224	-0.155351
9.529	2.20232	-0.954174	1.32899	1.60353	1.11551	-1.29823	-0.155351
9.542	2.20432	-0.954266	1.32855	1.60273	1.11551	-1.29426	-0.155351
9.555	2.20633	-0.954337	1.32803	1.60189	1.11551	-1.29031	-0.155351
9.568	2.20633	-0.954337	1.32803	1.60189	1.11551	-1.29031	-0.155351
9.581	2.20841	-0.954434	1.3274	1.60108	1.11551	-1.28627	-0.155351
9.594	2.21056	-0.954629	1.32682	1.60029	1.11551	-1.28209	-0.155351
9.607	2.21277	-0.954907	1.32628	1.59952	1.11552	-1.27817	-0.155351
9.62	2.21495	-0.95515	1.32573	1.5988	1.11553	-1.27438	-0.155351
9.633	2.21707	-0.955404	1.32516	1.5981	1.11555	-1.27082	-0.155351
9.646	2.21918	-0.955754	1.32469	1.59749	1.11557	-1.2678	-0.155351
9.659	2.22138	-0.956156	1.32427	1.59695	1.11558	-1.26514	-0.155351
9.672	2.22357	-0.956512	1.32379	1.59635	1.11567	-1.26282	-0.155351
9.685	2.22572	-0.956884	1.32317	1.59568	1.11599	-1.26094	-0.155351
9.698	2.22572	-0.956884	1.32317	1.59568	1.11599	-1.26094	-0.155351
9.711	2.22784	-0.95731	1.32261	1.595	1.11638	-1.25919	-0.155351
9.724	2.22991	-0.957814	1.32209	1.59429	1.11679	-1.25779	-0.155351
9.737	2.23199	-0.958306	1.32158	1.59368	1.11727	-1.257	-0.155351
9.75	2.23402	-0.95877	1.321	1.59303	1.118	-1.25653	-0.155351
9.763	2.23602	-0.959302	1.32036	1.59225	1.11892	-1.25618	-0.155351
9.776	2.23808	-0.95986	1.31961	1.59136	1.11991	-1.25563	-0.155351
9.789	2.2402	-0.960492	1.31884	1.59059	1.12103	-1.25491	-0.155351
9.802	2.24231	-0.961172	1.31802	1.5898	1.12227	-1.25424	-0.155351
9.815	2.24443	-0.961854	1.31709	1.58891	1.12337	-1.25353	-0.155351
9.828	2.24649	-0.962539	1.31626	1.58801	1.1245	-1.25262	-0.155351
9.841	2.24649	-0.962539	1.31626	1.58801	1.1245	-1.25262	-0.155351
9.854	2.24856	-0.963243	1.31535	1.58715	1.12565	-1.25151	-0.155351
9.867	2.25057	-0.963969	1.31443	1.58616	1.12691	-1.25071	-0.155353
9.88	2.25259	-0.964732	1.31354	1.58514	1.12812	-1.25041	-0.155353
9.893	2.25459	-0.965426	1.31274	1.58408	1.12875	-1.2504	-0.155353
9.906	2.25663	-0.966148	1.31201	1.58306	1.12905	-1.2504	-0.155353
9.919	2.25869	-0.966836	1.31132	1.58204	1.1293	-1.2504	-0.155353
9.932	2.2608	-0.967524	1.3107	1.5811	1.12933	-1.2504	-0.155353
9.945	2.26294	-0.968142	1.31019	1.58027	1.12932	-1.2504	-0.155353
9.958	2.26509	-0.968722	1.30974	1.57953	1.12932	-1.2504	-0.155353
9.971	2.26509	-0.968722	1.30974	1.57953	1.12932	-1.2504	-0.155353
9.984	2.26724	-0.96928	1.30934	1.57881	1.12932	-1.2504	-0.155353
9.997	2.26935	-0.969794	1.30899	1.5781	1.12932	-1.2504	-0.155353
10.01	2.27147	-0.970253	1.30873	1.57744	1.12932	-1.2504	-0.155353
10.023	2.27362	-0.970695	1.30839	1.57662	1.12932	-1.2504	-0.155353
10.036	2.2758	-0.971164	1.3079	1.57563	1.12932	-1.2504	-0.155353
10.049	2.27795	-0.971677	1.3074	1.5746	1.12932	-1.2504	-0.155353
10.062	2.28007	-0.972161	1.30697	1.57372	1.12932	-1.2504	-0.155353
10.075	2.2821	-0.972591	1.30655	1.57277	1.12932	-1.2504	-0.155353
10.088	2.28413	-0.973061	1.30604	1.57166	1.12932	-1.2504	-0.155353
10.101	2.28613	-0.973531	1.30552	1.5706	1.12932	-1.2504	-0.155353
10.114	2.28613	-0.973531	1.30552	1.5706	1.12932	-1.2504	-0.155353
10.127	2.28809	-0.974061	1.30502	1.5696	1.12932	-1.2504	-0.155353
10.14	2.29003	-0.97459	1.30443	1.5686	1.12932	-1.2504	-0.155353
10.153	2.29201	-0.975038	1.30379	1.56766	1.12932	-1.2504	-0.155353
10.166	2.29394	-0.975472	1.30318	1.56672	1.12932	-1.2504	-0.155353
10.179	2.29587	-0.975986	1.30258	1.56578	1.12932	-1.2504	-0.155353
10.192	2.29778	-0.976474	1.30189	1.56481	1.12932	-1.2504	-0.155353
10.205	2.29971	-0.976986	1.3012	1.56386	1.12932	-1.2504	-0.155353
10.218	2.30155	-0.977471	1.30056	1.56292	1.12932	-1.2504	-0.155353
10.231	2.30333	-0.97791	1.29985	1.56201	1.12932	-1.2504	-0.155353
10.244	2.30333	-0.97791	1.29985	1.56201	1.12932	-1.2504	-0.155353
10.257	2.30503	-0.978293	1.2992	1.56106	1.12932	-1.2504	-0.155353
10.27	2.30679	-0.978733	1.29859	1.55997	1.12933	-1.2504	-0.155353
10.283	2.30845	-0.979121	1.29794	1.55881	1.12935	-1.2504	-0.155353
10.296	2.31012	-0.979441	1.29732	1.55774	1.12934	-1.2504	-0.155353
10.309	2.31172	-0.979758	1.29681	1.55664	1.12935	-1.2504	-0.155353
10.322	2.3133	-0.980052	1.2963	1.5555	1.12939	-1.2504	-0.155353
10.335	2.31491	-0.980316	1.29572	1.55432	1.1295	-1.2504	-0.155353
10.348	2.31654	-0.980596	1.29517	1.55309	1.12978	-1.2504	-0.155353
10.361	2.31817	-0.980913	1.29464	1.55177	1.13028	-1.2504	-0.155353
10.374	2.31976	-0.981226	1.29412	1.55042	1.13092	-1.2504	-0.155353
10.387	2.31976	-0.981226	1.29412	1.55042	1.13092	-1.2504	-0.155353
10.4	2.3214	-0.981526	1.29361	1.54901	1.13155	-1.2504	-0.155353
10.413	2.3231	-0.981802	1.29321	1.54763	1.13223	-1.2504	-0.155353
10.426	2.32478	-0.982077	1.29283	1.54621	1.13314	-1.2504	-0.155353
10.439	2.32648	-0.982392	1.29236	1.54481	1.1342	-1.2504	-0.155353
10.452	2.32817	-0.982656	1.29185	1.5434	1.13527	-1.2504	-0.155353
10.465	2.32987	-0.982886	1.2914	1.54199	1.13653	-1.2504	-0.155353
10.478	2.33156	-0.983146	1.29101	1.54047	1.13803	-1.2504	-0.155353
10.491	2.33322	-0.983432	1.29055	1.53887	1.13995	-1.2504	-0.155353
10.504	2.3349	-0.983742	1.28998	1.53717	1.14193	-1.2504	-0.155353
10.517	2.3349	-0.983742	1.28998	1.53717	1.14193	-1.2504	-0.155353
10.53	2.33656	-0.984059	1.28941	1.53545	1.14404	-1.2504	-0.155353
10.543	2.33821	-0.984311	1.28891	1.53383	1.14617	-1.2504	-0.155353
10.556	2.33981	-0.984548	1.28833	1.53209	1.1483	-1.2504	-0.155353
10.569	2.34147	-0.984869	1.2876	1.53033	1.15047	-1.2504	-0.155353
10.582	2.3431	-0.985187	1.28691	1.52856	1.15244	-1.2504	-0.155353
10.595	2.34473	-0.98544	1.28629	1.52687	1.15413	-1.2504	-0.155353
10.608	2.34625	-0.985703	1.28565	1.52511	1.15557	-1.2504	-0.155353
10.621	2.34781	-0.986002	1.28497	1.52332	1.15684	-1.2504	-0.155353
10.634	2.34943	-0.986265	1.28423	1.52161	1.15772	-1.2504	-0.155353
10.647	2.35106	-0.986527	1.28348	1.51994	1.15858	-1.2504	-0.155353
10.66	2.35106	-0.986527	1.28348	1.51994	1.15858	-1.2504	-0.155353
10.673	2.35263	-0.986844	1.28275	1.51829	1.15937	-1.2504	-0.155353
10.686	2.35419	-0.987064	1.282	1.51661	1.15992	-1.2504	-0.155353
10.699	2.3558	-0.987316	1.28132	1.51491	1.16037	-1.2504	-0.155353
10.712	2.35739	-0.987619	1.2806	1.51318	1.16084	-1.2504	-0.155353
10.725	2.35908	-0.987955	1.27973	1.51141	1.1614	-1.2504	-0.155353
10.738	2.36072	-0.988345	1.2789	1.50974	1.16179	-1.25041	-0.155353
10.751	2.36239	-0.9887	1.27809	1.50815	1.16214	-1.25041	-0.155353
10.764	2.36403	-0.989104	1.27728	1.50662	1.16255	-1.25041	-0.155353
10.777	2.3657	-0.9896	1.27637	1.50517	1.16297	-1.25041	-0.155353
10.79	2.36737	-0.9901	1.27543	1.5038	1.16343	-1.25041	-0.155353
10.803	2.36737	-0.9901	1.27543	1.5038	1.16343	-1.25041	-0.155353
10.816	2.36908	-0.990638	1.27452	1.5026	1.16404	-1.25041	-0.155353
10.829	2.37075	-0.991202	1.27362	1.50141	1.16475	-1.25042	-0.155353
10.842	2.37242	-0.991816	1.27274	1.50029	1.16533	-1.25042	-0.155353
10.855	2.37413	-0.9924	1.27184	1.49919	1.16579	-1.25042	-0.155353
10.868	2.37585	-0.993058	1.27092	1.49804	1.16639	-1.25042	-0.155353
10.881	2.3776	-0.993715	1.26997	1.49692	1.1672	-1.25042	-0.155353
10.894	2.37924	-0.994422	1.26903	1.4958	1.168	-1.25042	-0.155353
10.907	2.3809	-0.995102	1.26803	1.49474	1.16879	-1.25042	-0.155353
10.92	2.38255	-0.995833	1.267	1.49364	1.16951	-1.25042	-0.155353
10.933	2.38255	-0.995833	1.267	1.49364	1.16951	-1.25042	-0.155353
10.946	2.38419	-0.996541	1.26595	1.49259	1.17021	-1.25043	-0.155353
10.959	2.38576	-0.997242	1.26493	1.49156	1.17089	-1.25043	-0.155353
10.972	2.38735	-0.997937	1.26382	1.49047	1.17157	-1.25043	-0.155353
10.985	2.38898	-0.998698	1.26264	1.4893	1.1721	-1.25043	-0.155353
10.998	2.39059	-0.999427	1.26147	1.48806	1.17254	-1.25043	-0.155353
11.011	2.39211	-1.00018	1.26022	1.4868	1.17297	-1.25043	-0.155353
11.024	2.39365	-1.00092	1.25894	1.48556	1.17338	-1.25044	-0.155353
11.037	2.39522	-1.00166	1.25773	1.48434	1.17378	-1.25044	-0.155353
11.05	2.39676	-1.00241	1.25652	1.48319	1.17408	-1.25044	-0.155353
11.063	2.39829	-1.00313	1.25536	1.48202	1.17429	-1.25044	-0.155353
11.076	2.39829	-1.00313	1.25536	1.48202	1.17429	-1.25044	-0.155353
11.089	2.39982	-1.0039	1.25419	1.48079	1.17448	-1.25044	-0.155353
11.102	2.40137	-1.00466	1.25296	1.47951	1.1746	-1.25044	-0.155353
11.115	2.40283	-1.00543	1.25181	1.47812	1.17462	-1.25045	-0.155353
11.128	2.40433	-1.00616	1.25074	1.47673	1.17474	-1.25045	-0.155353
11.141	2.4058	-1.00689	1.24963	1.4753	1.17512	-1.25045	-0.155353
11.154	2.40721	-1.00764	1.24847	1.47383	1.17549	-1.25045	-0.155353
11.167	2.40867	-1.00832	1.24741	1.47245	1.17571	-1.25045	-0.155353
11.18	2.41015	-1.00898	1.24634	1.47107	1.17601	-1.25045	-0.155353
11.193	2.41154	-1.0097	1.24531	1.46961	1.17652	-1.25045	-0.155353
11.206	2.41154	-1.0097	1.24531	1.46961	1.17652	-1.25045	-0.155353
11.219	2.413	-1.01037	1.24423	1.46814	1.17719	-1.25045	-0.155353
11.232	2.41449	-1.01105	1.24323	1.46673	1.17795	-1.25045	-0.155353
11.245	2.41596	-1.01171	1.24232	1.46534	1.17854	-1.25046	-0.155353
11.258	2.41749	-1.01243	1.24144	1.46396	1.17907	-1.25046	-0.155353
11.271	2.41908	-1.01305	1.24056	1.46266	1.17953	-1.25046	-0.155353
11.284	2.42064	-1.01369	1.23979	1.46143	1.17997	-1.25046	-0.155353
11.297	2.42225	-1.01438	1.23899	1.46015	1.1806	-1.25046	-0.155353
11.31	2.4239	-1.01514	1.23812	1.45881	1.18139	-1.25046	-0.155353
11.323	2.42559	-1.01588	1.23723	1.45746	1.18191	-1.25046	-0.155353
11.336	2.4272	-1.01662	1.23634	1.45607	1.18242	-1.25046	-0.155353
11.349	2.4272	-1.01662	1.23634	1.45607	1.18242	-1.25046	-0.155353
11.362	2.42886	-1.01743	1.2355	1.45458	1.18329	-1.25046	-0.155353
11.375	2.43051	-1.01823	1.23466	1.45302	1.18432	-1.25046	-0.155353
11.388	2.43221	-1.01906	1.23395	1.45152	1.18508	-1.25046	-0.155353
11.401	2.43389	-1.01989	1.23319	1.44999	1.18556	-1.25046	-0.155353
11.414	2.43563	-1.02074	1.2324	1.44852	1.18596	-1.25046	-0.155353
11.427	2.43733	-1.02159	1.23164	1.44704	1.18625	-1.25046	-0.155353
11.44	2.43909	-1.02243	1.2309	1.44558	1.18635	-1.25047	-0.155353
11.453	2.44085	-1.02327	1.23026	1.44414	1.1864	-1.25047	-0.155353
11.466	2.44255	-1.0241	1.22953	1.44263	1.18647	-1.25047	-0.155353
11.479	2.44255	-1.0241	1.22953	1.44263	1.18647	-1.25047	-0.155353
11.492	2.44427	-1.02494	1.22873	1.44111	1.18653	-1.25047	-0.155353
11.505	2.44588	-1.02577	1.22799	1.43947	1.18662	-1.25047	-0.155353
11.518	2.44757	-1.0266	1.22722	1.43778	1.18673	-1.25047	-0.155353
11.531	2.4492	-1.02745	1.22652	1.43608	1.18682	-1.25047	-0.155353
11.544	2.45079	-1.02829	1.22582	1.43435	1.18686	-1.25047	-0.155353
11.557	2.45246	-1.02909	1.22501	1.43261	1.18688	-1.25048	-0.155353
11.57	2.45412	-1.02992	1.2243	1.43082	1.1869	-1.25048	-0.155353
11.583	2.45583	-1.03078	1.22363	1.429	1.18694	-1.25048	-0.155353
11.596	2.45747	-1.03164	1.22293	1.42706	1.18702	-1.25048	-0.155353
11.609	2.45916	-1.03253	1.22231	1.42511	1.18707	-1.25048	-0.155353
11.622	2.45916	-1.03253	1.22231	1.42511	1.18707	-1.25048	-0.155353
11.635	2.46087	-1.03339	1.22162	1.42319	1.18711	-1.25048	-0.155353
11.648	2.46261	-1.03422	1.22092	1.42131	1.18713	-1.25048	-0.155353
11.661	2.46427	-1.03508	1.22032	1.41935	1.18714	-1.25049	-0.155353
11.674	2.46594	-1.03599	1.21967	1.41732	1.18716	-1.25049	-0.155353
11.687	2.46765	-1.03687	1.21897	1.41531	1.18718	-1.25049	-0.155353
11.7	2.46936	-1.03776	1.21828	1.4133	1.18718	-1.25049	-0.155353
11.713	2.47102	-1.03864	1.2176	1.41135	1.18719	-1.25049	-0.155353
11.726	2.47271	-1.03946	1.2169	1.40941	1.18719	-1.25049	-0.155353
11.739	2.47437	-1.04033	1.21623	1.40748	1.18722	-1.2505	-0.155353
11.752	2.47437	-1.04033	1.21623	1.40748	1.18722	-1.2505	-0.155353
11.765	2.47614	-1.04122	1.21554	1.40556	1.18724	-1.2505	-0.155353
11.778	2.47789	-1.04211	1.21487	1.40376	1.18724	-1.2505	-0.155353
11.791	2.47965	-1.04304	1.21424	1.40201	1.18725	-1.2505	-0.155353
11.804	2.48137	-1.04393	1.21355	1.40024	1.18725	-1.2505	-0.155353
11.817	2.48309	-1.04485	1.21285	1.39839	1.18726	-1.2505	-0.155353
11.83	2.48479	-1.04576	1.21223	1.3965	1.18726	-1.2505	-0.155353
11.843	2.48647	-1.04666	1.21161	1.39462	1.18726	-1.25051	-0.155353
11.856	2.48813	-1.0475	1.21108	1.39279	1.18726	-1.25051	-0.155353
11.869	2.48974	-1.04831	1.21058	1.39095	1.18726	-1.25051	-0.155353
11.882	2.49141	-1.04914	1.21	1.38909	1.18726	-1.25051	-0.155353
11.895	2.49141	-1.04914	1.21	1.38909	1.18726	-1.25051	-0.155353
11.908	2.49303	-1.04991	1.20944	1.38726	1.18726	-1.25051	-0.155353
11.921	2.49466	-1.05068	1.20903	1.38552	1.18726	-1.25052	-0.155353
11.934	2.49631	-1.05146	1.20866	1.38381	1.18726	-1.25052	-0.155353
11.947	2.49798	-1.05219	1.20831	1.38208	1.18726	-1.25052	-0.155353
11.96	2.49968	-1.0529	1.20799	1.38037	1.18726	-1.25053	-0.155353
11.973	2.50132	-1.05357	1.20776	1.37865	1.18726	-1.25053	-0.155353
11.986	2.50297	-1.05427	1.20754	1.3769	1.18726	-1.25054	-0.155353
11.999	2.50457	-1.05497	1.20726	1.37506	1.18727	-1.25054	-0.155353
12.012	2.50616	-1.05569	1.20699	1.37329	1.18727	-1.25055	-0.155353
12.025	2.50616	-1.05569	1.20699	1.37329	1.18727	-1.25055	-0.155353
12.038	2.50767	-1.05636	1.20673	1.3715	1.18727	-1.25056	-0.155353
12.051	2.50922	-1.05704	1.20642	1.36971	1.18727	-1.25057	-0.155353
12.064	2.51079	-1.0577	1.20604	1.36792	1.18727	-1.25058	-0.155353
12.077	2.51229	-1.05833	1.20567	1.36617	1.18727	-1.25059	-0.155353
12.09	2.5138	-1.05893	1.20529	1.36451	1.18727	-1.2506	-0.155353
12.103	2.51537	-1.05956	1.20501	1.36288	1.18727	-1.25062	-0.155353
12.116	2.51686	-1.06018	1.20487	1.36127	1.18727	-1.25064	-0.155353
12.129	2.51833	-1.06081	1.20478	1.35965	1.18727	-1.25065	-0.155353
12.142	2.51977	-1.06135	1.20467	1.35803	1.18727	-1.25066	-0.155353
12.155	2.52118	-1.06182	1.20461	1.35639	1.18726	-1.25067	-0.155353
12.168	2.52118	-1.06182	1.20461	1.35639	1.18726	-1.25067	-0.155353
12.181	2.52252	-1.06226	1.20461	1.35467	1.18726	-1.25067	-0.155353
12.194	2.52389	-1.06263	1.20461	1.35295	1.18726	-1.25068	-0.155353
12.207	2.52515	-1.06291	1.20461	1.35118	1.18726	-1.25068	-0.155353
12.22	2.52639	-1.06317	1.20462	1.34931	1.18726	-1.25069	-0.155353
12.233	2.52763	-1.06328	1.20463	1.34746	1.18726	-1.25069	-0.155353
12.246	2.52877	-1.06334	1.20463	1.34567	1.18726	-1.2507	-0.155353
12.259	2.52999	-1.06335	1.20463	1.34396	1.18725	-1.2507	-0.155353
12.272	2.53107	-1.06332	1.20466	1.34221	1.18725	-1.25071	-0.155353
12.285	2.53229	-1.06325	1.20468	1.34059	1.18724	-1.25072	-0.155353
12.298	2.53229	-1.06325	1.20468	1.34059	1.18724	-1.25072	-0.155353
12.311	2.5334	-1.06321	1.20476	1.33902	1.18723	-1.25072	-0.155353
12.324	2.53464	-1.06321	1.20485	1.33757	1.18723	-1.25073	-0.155353
12.337	2.53569	-1.0632	1.20489	1.33603	1.18722	-1.25074	-0.155353
12.35	2.53681	-1.0632	1.20494	1.33459	1.18721	-1.25076	-0.155353
12.363	2.53785	-1.06317	1.20501	1.33325	1.1872	-1.25079	-0.155353
12.376	2.53902	-1.06317	1.20503	1.33197	1.18719	-1.25083	-0.155353
12.389	2.54013	-1.06308	1.20511	1.33081	1.18717	-1.25087	-0.155353
12.402	2.5413	-1.06291	1.2052	1.32982	1.18716	-1.25089	-0.155353
12.415	2.54245	-1.06264	1.20533	1.32887	1.18714	-1.25091	-0.155353
12.428	2.54364	-1.06238	1.20548	1.32788	1.18713	-1.25092	-0.155353
12.441	2.54364	-1.06238	1.20548	1.32788	1.18713	-1.25092	-0.155353
12.454	2.54482	-1.06203	1.20573	1.32695	1.18712	-1.25093	-0.155353
12.467	2.54594	-1.06158	1.20607	1.32606	1.18711	-1.25094	-0.155353
12.48	2.54703	-1.06104	1.20651	1.32512	1.18711	-1.25094	-0.155353
12.493	2.54805	-1.06048	1.20703	1.32406	1.1871	-1.25095	-0.155353
12.506	2.54903	-1.05989	1.20763	1.323	1.18709	-1.25096	-0.155353
12.519	2.54996	-1.05909	1.20817	1.32194	1.18709	-1.25096	-0.155353
12.532	2.55077	-1.05822	1.20879	1.32094	1.18708	-1.25096	-0.155353
12.545	2.5515	-1.05719	1.20953	1.32	1.18708	-1.25096	-0.155353
12.558	2.55214	-1.05611	1.21028	1.31902	1.18708	-1.25097	-0.155353
12.571	2.55214	-1.05611	1.21028	1.31902	1.18708	-1.25097	-0.155353
12.584	2.55267	-1.05491	1.21123	1.3182	1.18708	-1.25097	-0.155353
12.597	2.55309	-1.05371	1.21216	1.3173	1.18708	-1.25097	-0.155353
12.61	2.55337	-1.05239	1.2131	1.31636	1.18708	-1.25098	-0.155353
12.623	2.55358	-1.051	1.21408	1.31555	1.18708	-1.25099	-0.155353
12.636	2.5537	-1.04964	1.21512	1.31482	1.18708	-1.25099	-0.155353
12.649	2.55387	-1.04825	1.21615	1.31422	1.18707	-1.25099	-0.155353
12.662	2.55405	-1.04696	1.21709	1.31368	1.18707	-1.251	-0.155353
12.675	2.5542	-1.04555	1.21807	1.31332	1.18706	-1.251	-0.155353
12.688	2.55429	-1.04427	1.2191	1.31312	1.18707	-1.25101	-0.155353
12.701	2.55431	-1.04303	1.21997	1.31294	1.18707	-1.25101	-0.155353
12.714	2.55431	-1.04303	1.21997	1.31294	1.18707	-1.25101	-0.155353
12.727	2.5543	-1.04184	1.22081	1.31277	1.18707	-1.25102	-0.155353
12.74	2.5543	-1.04068	1.2215	1.31252	1.18707	-1.25103	-0.155353
12.753	2.5543	-1.03948	1.22214	1.31225	1.18708	-1.25103	-0.155353
12.766	2.5543	-1.03845	1.22272	1.31191	1.18708	-1.25105	-0.155353
12.779	2.5543	-1.03741	1.22326	1.31162	1.18707	-1.25107	-0.155353
12.792	2.5543	-1.03641	1.22378	1.31152	1.18707	-1.25109	-0.155353
12.805	2.5543	-1.0354	1.22432	1.31152	1.18707	-1.25111	-0.155353
12.818	2.5543	-1.03442	1.22485	1.31154	1.18707	-1.25114	-0.155353
12.831	2.5543	-1.03342	1.22539	1.31154	1.18707	-1.25117	-0.155353
12.844	2.5543	-1.03342	1.22539	1.31154	1.18707	-1.25117	-0.155353
12.857	2.55431	-1.03252	1.22594	1.31155	1.18707	-1.2512	-0.155353
12.87	2.55431	-1.03171	1.22655	1.31155	1.18707	-1.25124	-0.155353
12.883	2.55431	-1.03096	1.22713	1.31155	1.18707	-1.25131	-0.155353
12.896	2.55431	-1.03014	1.22769	1.31155	1.18707	-1.25139	-0.155353
12.909	2.55432	-1.02932	1.22835	1.31157	1.18706	-1.25147	-0.155353
12.922	2.55436	-1.02854	1.22898	1.31158	1.18707	-1.25157	-0.155353
12.935	2.55437	-1.02777	1.22953	1.31158	1.18707	-1.25168	-0.155353
12.948	2.55437	-1.02695	1.23015	1.31161	1.18706	-1.25189	-0.155353
12.961	2.55436	-1.02609	1.23083	1.31162	1.18706	-1.25214	-0.155353
12.974	2.55436	-1.02526	1.2314	1.31162	1.18707	-1.2524	-0.155353
12.987	2.55436	-1.02526	1.2314	1.31162	1.18707	-1.2524	-0.155353
13	2.55435	-1.02452	1.23182	1.31162	1.18707	-1.25269	-0.155353
13.013	2.55435	-1.02385	1.23214	1.31162	1.18707	-1.25315	-0.155353
13.026	2.55435	-1.0232	1.23246	1.31162	1.18707	-1.25365	-0.155353
13.039	2.55435	-1.02261	1.23277	1.31162	1.18707	-1.25413	-0.155353
13.052	2.55435	-1.02204	1.23301	1.31162	1.18707	-1.25455	-0.155353
13.065	2.55435	-1.02158	1.23325	1.31162	1.18707	-1.25486	-0.155353
13.078	2.55435	-1.02114	1.2335	1.31163	1.18707	-1.25513	-0.155353
13.091	2.55434	-1.02074	1.23368	1.31163	1.18707	-1.25534	-0.155353
13.104	2.55434	-1.02036	1.2338	1.31163	1.18707	-1.25556	-0.155353
13.117	2.55434	-1.02036	1.2338	1.31163	1.18707	-1.25556	-0.155353
13.13	2.55434	-1.01998	1.23389	1.31163	1.18707	-1.25585	-0.155353
13.143	2.55434	-1.0196	1.2339	1.31163	1.18707	-1.25617	-0.155353
13.156	2.55434	-1.01927	1.23399	1.31163	1.18706	-1.25659	-0.155351
13.169	2.55434	-1.01892	1.23417	1.31163	1.18706	-1.2571	-0.155353
13.182	2.55434	-1.01853	1.23441	1.31166	1.18706	-1.2576	-0.155353
13.195	2.55434	-1.01817	1.23467	1.31166	1.18706	-1.25801	-0.155353
13.208	2.55434	-1.01781	1.23493	1.31166	1.18706	-1.25828	-0.155353
13.221	2.55434	-1.0175	1.23513	1.31166	1.18706	-1.25847	-0.155351
13.234	2.55434	-1.01722	1.23532	1.31166	1.18706	-1.25862	-0.155353
13.247	2.55434	-1.01695	1.23551	1.31166	1.18706	-1.25872	-0.155353
13.26	2.55434	-1.01695	1.23551	1.31166	1.18706	-1.25872	-0.155353
13.273	2.55434	-1.01671	1.23566	1.31166	1.18707	-1.25877	-0.155353
13.286	2.55433	-1.01653	1.23575	1.31166	1.18707	-1.2588	-0.155353
13.299	2.55433	-1.0164	1.23583	1.31166	1.18707	-1.25886	-0.155353
13.312	2.55433	-1.01634	1.23588	1.31166	1.18707	-1.25895	-0.155353
13.325	2.5543	-1.01629	1.23589	1.31166	1.18706	-1.25906	-0.155353
13.338	2.5543	-1.01628	1.2359	1.31166	1.18706	-1.25917	-0.155353
13.351	2.5543	-1.01627	1.23591	1.31166	1.18706	-1.25934	-0.155353
13.364	2.5543	-1.01627	1.23591	1.31166	1.18706	-1.25951	-0.155353
13.377	2.55426	-1.01627	1.23591	1.31166	1.18706	-1.25969	-0.155353
13.39	2.55426	-1.01627	1.23591	1.31166	1.18706	-1.25969	-0.155353
13.403	2.55425	-1.01627	1.23591	1.31166	1.18706	-1.25988	-0.155353
13.416	2.55425	-1.01627	1.23591	1.31166	1.18707	-1.26004	-0.155353
13.429	2.55425	-1.01627	1.23591	1.31166	1.18707	-1.26017	-0.155353
13.442	2.55423	-1.01627	1.23591	1.31166	1.18708	-1.26023	-0.155353
13.455	2.55416	-1.01627	1.23591	1.31166	1.18708	-1.26025	-0.155353
13.468	2.5541	-1.01627	1.23591	1.31166	1.18708	-1.26027	-0.155353
13.481	2.55404	-1.01627	1.23591	1.31166	1.18707	-1.26031	-0.155353
13.494	2.55402	-1.01626	1.23591	1.31166	1.18706	-1.26043	-0.155353
13.507	2.55404	-1.01626	1.23591	1.31166	1.18706	-1.26074	-0.155353
13.52	2.55406	-1.01626	1.23591	1.31166	1.18706	-1.26105	-0.155353
13.533	2.55406	-1.01626	1.23591	1.31166	1.18706	-1.26105	-0.155353
13.546	2.55406	-1.01626	1.23591	1.31166	1.18706	-1.26124	-0.155353
13.559	2.55406	-1.01626	1.23591	1.31166	1.18706	-1.26139	-0.155353
13.572	2.55409	-1.01626	1.23591	1.31166	1.18706	-1.26156	-0.155353
13.585	2.55409	-1.01624	1.23592	1.31166	1.18706	-1.26175	-0.155351
13.598	2.55409	-1.01623	1.23592	1.31166	1.18705	-1.26196	-0.155353
13.611	2.5541	-1.01621	1.23593	1.31166	1.18705	-1.26216	-0.155353
13.624	2.55411	-1.01619	1.23593	1.31166	1.18704	-1.26228	-0.155351
13.637	2.55411	-1.01619	1.23594	1.31166	1.18704	-1.26234	-0.155353
13.65	2.55411	-1.01619	1.23594	1.31166	1.18704	-1.26242	-0.155353
13.663	2.55411	-1.01619	1.23594	1.31166	1.18704	-1.26242	-0.155353
13.676	2.55411	-1.01617	1.23594	1.31166	1.18703	-1.2625	-0.155353
13.689	2.55413	-1.01615	1.23596	1.31166	1.18703	-1.26258	-0.155353
13.702	2.55413	-1.01613	1.23599	1.31166	1.18703	-1.26271	-0.155353
13.715	2.55413	-1.0161	1.23599	1.31166	1.18703	-1.26285	-0.155353
13.728	2.55413	-1.01607	1.236	1.31166	1.18703	-1.26293	-0.155353
13.741	2.55413	-1.01603	1.23602	1.31166	1.18703	-1.26298	-0.155353
13.754	2.55413	-1.01599	1.23603	1.31166	1.18703	-1.26301	-0.155351
13.767	2.55413	-1.01596	1.23603	1.31166	1.18703	-1.26306	-0.155353
13.78	2.55413	-1.01592	1.23604	1.31166	1.18703	-1.26311	-0.155353
13.793	2.55413	-1.01585	1.23605	1.31166	1.18702	-1.26316	-0.155353
13.806	2.55413	-1.01585	1.23605	1.31166	1.18702	-1.26316	-0.155353
13.819	2.55413	-1.01573	1.23608	1.31166	1.18702	-1.26321	-0.155351
13.832	2.55413	-1.01556	1.23609	1.31166	1.18702	-1.26326	-0.155353
13.845	2.55413	-1.01539	1.23609	1.31166	1.18702	-1.26335	-0.155353
13.858	2.55413	-1.01524	1.23612	1.31166	1.18702	-1.26346	-0.155353
13.871	2.55413	-1.01511	1.23617	1.31166	1.18702	-1.26366	-0.155353
13.884	2.55413	-1.01501	1.23622	1.31166	1.18702	-1.26391	-0.155353
13.897	2.55413	-1.01493	1.23628	1.31166	1.18702	-1.2642	-0.155353
13.91	2.55413	-1.01487	1.23636	1.31166	1.18702	-1.26449	-0.155353
13.923	2.55413	-1.01482	1.23641	1.31166	1.18702	-1.26477	-0.155353
13.936	2.55413	-1.01482	1.23641	1.31166	1.18702	-1.26477	-0.155353
13.949	2.55413	-1.01476	1.23647	1.31166	1.18701	-1.26501	-0.155353
13.962	2.55413	-1.01469	1.23655	1.31166	1.18701	-1.2652	-0.155353
13.975	2.55413	-1.01464	1.23661	1.31166	1.18701	-1.26532	-0.155353
13.988	2.55412	-1.01461	1.23661	1.31166	1.18701	-1.2654	-0.155353
14.001	2.55412	-1.0146	1.23661	1.31166	1.18701	-1.26547	-0.155353
14.014	2.55413	-1.01457	1.23664	1.31166	1.18701	-1.26555	-0.155353
14.027	2.55413	-1.01451	1.2367	1.31166	1.18701	-1.26567	-0.155353
14.04	2.55413	-1.01446	1.23676	1.31166	1.18701	-1.26586	-0.155353
14.053	2.55413	-1.01441	1.23682	1.31166	1.187	-1.2661	-0.155353
14.066	2.55413	-1.01435	1.2369	1.31166	1.187	-1.26635	-0.155353
14.079	2.55413	-1.01435	1.2369	1.31166	1.187	-1.26635	-0.155353
14.092	2.55413	-1.01428	1.23703	1.31166	1.18696	-1.26663	-0.155353
14.105	2.55413	-1.01419	1.23723	1.31166	1.18688	-1.26681	-0.155353
14.118	2.55413	-1.01409	1.23747	1.31166	1.1868	-1.26695	-0.155353
14.131	2.55413	-1.01399	1.23777	1.31166	1.18674	-1.26707	-0.155353
14.144	2.55413	-1.01388	1.23811	1.31166	1.18673	-1.26719	-0.155353
14.157	2.55413	-1.01378	1.23846	1.31166	1.18673	-1.2673	-0.155353
14.17	2.55413	-1.01367	1.23873	1.31166	1.18673	-1.26742	-0.155353
14.183	2.55413	-1.01353	1.23898	1.31166	1.18673	-1.26755	-0.155353
14.196	2.55413	-1.01339	1.23923	1.31166	1.18673	-1.26765	-0.155353
14.209	2.55413	-1.01339	1.23923	1.31166	1.18673	-1.26765	-0.155353
14.222	2.55413	-1.01325	1.2395	1.31166	1.18673	-1.26772	-0.155353
14.235	2.55413	-1.01313	1.23982	1.31166	1.18673	-1.26782	-0.155353
14.248	2.55413	-1.01303	1.24016	1.31166	1.18673	-1.26797	-0.155353
14.261	2.55413	-1.01292	1.24042	1.31166	1.18673	-1.2682	-0.155353
14.274	2.55413	-1.01281	1.24064	1.31166	1.18673	-1.26858	-0.155353
14.287	2.55413	-1.01271	1.24084	1.31166	1.18673	-1.26901	-0.155353
14.3	2.55413	-1.01261	1.24103	1.31166	1.18673	-1.26932	-0.155353
14.313	2.55413	-1.01253	1.24121	1.31166	1.18673	-1.26954	-0.155353
14.326	2.55413	-1.01247	1.24143	1.31166	1.18673	-1.26972	-0.155353
14.339	2.55413	-1.01242	1.24168	1.31166	1.18673	-1.26979	-0.155353
14.352	2.55413	-1.01242	1.24168	1.31166	1.18673	-1.26979	-0.155353
14.365	2.55413	-1.0124	1.24194	1.31166	1.18673	-1.26985	-0.155353
14.378	2.55413	-1.01239	1.24227	1.31166	1.18673	-1.26988	-0.155353
14.391	2.55413	-1.01239	1.24257	1.31166	1.18673	-1.26992	-0.155351
14.404	2.55413	-1.01236	1.24279	1.31166	1.18673	-1.26998	-0.155353
14.417	2.55413	-1.01235	1.24293	1.31166	1.18673	-1.27002	-0.155351
14.43	2.55413	-1.01234	1.24301	1.31166	1.18673	-1.27007	-0.155353
