joint_A1	joint_A2	joint_E1	joint_A3	joint_A4	joint_A5	joint_A6	cart_pos_x	cart_pos_y	cart_pos_z	cart_quat_x	cart_quat_y	cart_quat_z	cart_quat_w	force_joint_A1	force_joint_A2	force_joint_E1	force_joint_A3	force_joint_A4	force_joint_A5	force_joint_A6	cart_force_x	cart_force_y	cart_force_z	cart_trq_x	cart_trq_y	cart_trq_z	
11.69	-0.225159	1.31737	-2.16709	0.491212	0.851003	-1.56998	1.05763	0	0.834436	0.238628	-0.0478916	-0.297071	-0.0716272	-0.380236	-0.183913	-3.35022	7.29306	-0.831533	0.957669	0.318944	-0.172327	
11.704	-0.225159	1.31737	-2.16709	0.491212	0.851003	-1.56998	1.05763	0	0.88555	0.276026	-0.0481418	-0.270682	-0.0750311	-0.380418	-0.183206	-3.43481	7.33935	-0.789503	0.962587	0.32422	-0.17189	
11.704	-0.225159	1.31737	-2.16709	0.491212	0.851003	-1.56998	1.05763	0	0.88555	0.276026	-0.0481418	-0.270682	-0.0750311	-0.380418	-0.183206	-3.43481	7.33935	-0.789503	0.962587	0.32422	-0.17189	
11.718	-0.225159	1.31737	-2.16709	0.491212	0.851003	-1.56998	1.05763	0	0.909546	0.243894	-0.0435416	-0.268233	-0.0738164	-0.381456	-0.183268	-3.40012	7.33875	-0.748336	0.963833	0.320155	-0.171444	
11.732	-0.225159	1.31737	-2.16709	0.491212	0.851003	-1.56998	1.05763	0	0.884773	0.279463	-0.0492456	-0.266669	-0.0726458	-0.381766	-0.183684	-3.42825	7.30666	-0.787767	0.96049	0.325112	-0.172136	
11.732	-0.225159	1.31737	-2.16709	0.491212	0.851003	-1.56998	1.05763	0	0.884773	0.279463	-0.0492456	-0.266669	-0.0726458	-0.381766	-0.183684	-3.42825	7.30666	-0.787767	0.96049	0.325112	-0.172136	
11.746	-0.225159	1.31737	-2.16709	0.491212	0.851003	-1.56998	1.05763	0	0.880921	0.252657	-0.0473743	-0.273975	-0.0699195	-0.381736	-0.184015	-3.38692	7.29539	-0.7804	0.959097	0.321719	-0.172027	
11.76	-0.225159	1.31737	-2.16709	0.491212	0.851003	-1.56998	1.05763	0	0.899395	0.280912	-0.0485927	-0.259423	-0.0710857	-0.381336	-0.183911	-3.43213	7.29647	-0.767381	0.958944	0.325405	-0.172162	
11.774	-0.225159	1.31737	-2.16709	0.491212	0.851003	-1.56998	1.05763	0	0.881426	0.249778	-0.0447036	-0.273829	-0.066211	-0.380977	-0.183082	-3.37802	7.2883	-0.775753	0.956254	0.323314	-0.170996	
11.774	-0.225159	1.31737	-2.16709	0.491212	0.851003	-1.56998	1.05763	0	0.881426	0.249778	-0.0447036	-0.273829	-0.066211	-0.380977	-0.183082	-3.37802	7.2883	-0.775753	0.956254	0.323314	-0.170996	
11.788	-0.225159	1.31737	-2.16709	0.491212	0.851003	-1.56998	1.05763	0	0.886035	0.273707	-0.0507654	-0.267881	-0.068861	-0.380192	-0.182886	-3.41994	7.30785	-0.78185	0.95828	0.324233	-0.17086	
11.802	-0.225159	1.31737	-2.16709	0.491212	0.851003	-1.56998	1.05763	0	0.906403	0.264678	-0.0494449	-0.263038	-0.0681769	-0.380247	-0.183072	-3.42031	7.32167	-0.755234	0.959679	0.323076	-0.170732	
11.802	-0.225159	1.31737	-2.16709	0.491212	0.851003	-1.56998	1.05763	0	0.906403	0.264678	-0.0494449	-0.263038	-0.0681769	-0.380247	-0.183072	-3.42031	7.32167	-0.755234	0.959679	0.323076	-0.170732	
11.816	-0.225159	1.31737	-2.16709	0.491212	0.851003	-1.56998	1.05763	0	0.866346	0.258706	-0.0511401	-0.277413	-0.0662888	-0.380488	-0.183088	-3.38405	7.28352	-0.797085	0.955863	0.322377	-0.170811	
11.83	-0.225159	1.31737	-2.16709	0.491212	0.851003	-1.56998	1.05763	0	0.892718	0.253473	-0.0494035	-0.268336	-0.0659504	-0.381211	-0.182914	-3.38981	7.29319	-0.764445	0.957598	0.32194	-0.170371	
11.83	-0.225159	1.31737	-2.16709	0.491212	0.851003	-1.56998	1.05763	0	0.892718	0.253473	-0.0494035	-0.268336	-0.0659504	-0.381211	-0.182914	-3.38981	7.29319	-0.764445	0.957598	0.32194	-0.170371	
11.844	-0.225159	1.31737	-2.16709	0.491212	0.851003	-1.56998	1.05763	0	0.883907	0.258127	-0.0497716	-0.269818	-0.0652094	-0.381567	-0.182883	-3.38908	7.28343	-0.775958	0.956631	0.323156	-0.170418	
11.858	-0.225159	1.31737	-2.16709	0.491212	0.851003	-1.56998	1.05763	0	0.925915	0.271092	-0.0472588	-0.252003	-0.0664488	-0.382109	-0.183136	-3.4324	7.31316	-0.733673	0.959982	0.325862	-0.170696	
11.858	-0.225159	1.31737	-2.16709	0.491212	0.851003	-1.56998	1.05763	0	0.925915	0.271092	-0.0472588	-0.252003	-0.0664488	-0.382109	-0.183136	-3.4324	7.31316	-0.733673	0.959982	0.325862	-0.170696	
11.872	-0.225159	1.31737	-2.16709	0.491212	0.851003	-1.56998	1.05763	0	0.898537	0.283845	-0.0523428	-0.257812	-0.0677951	-0.382307	-0.18323	-3.43264	7.29015	-0.769647	0.958643	0.325929	-0.170985	
11.886	-0.225159	1.31737	-2.16709	0.491212	0.851003	-1.56998	1.05763	0	0.890344	0.249166	-0.0433211	-0.270024	-0.0681072	-0.382487	-0.184555	-3.38161	7.28493	-0.765962	0.958032	0.323292	-0.172574	
11.886	-0.225159	1.31737	-2.16709	0.491212	0.851003	-1.56998	1.05763	0	0.890344	0.249166	-0.0433211	-0.270024	-0.0681072	-0.382487	-0.184555	-3.38161	7.28493	-0.765962	0.958032	0.323292	-0.172574	
11.9	-0.225159	1.31737	-2.16709	0.491212	0.851003	-1.56998	1.05763	0	0.868672	0.259846	-0.0486678	-0.275167	-0.0691172	-0.382083	-0.184228	-3.38482	7.27396	-0.795232	0.957188	0.322858	-0.172316	
11.914	-0.225159	1.31737	-2.16709	0.491212	0.851003	-1.56998	1.05763	0	0.863643	0.233458	-0.0430478	-0.281431	-0.0678766	-0.382478	-0.184486	-3.33838	7.24929	-0.787562	0.95503	0.320417	-0.172557	
11.914	-0.225159	1.31737	-2.16709	0.491212	0.851003	-1.56998	1.05763	0	0.875487	0.253876	-0.0447269	-0.272078	-0.0686902	-0.382769	-0.184065	-3.37308	7.25869	-0.782342	0.956186	0.323243	-0.172256	
11.928	-0.225159	1.31737	-2.16709	0.491212	0.851003	-1.56998	1.05763	0	0.875487	0.253876	-0.0447269	-0.272078	-0.0686902	-0.382769	-0.184065	-3.37308	7.25869	-0.782342	0.956186	0.323243	-0.172256	
11.942	-0.225159	1.31737	-2.16709	0.491212	0.851003	-1.56998	1.05763	0	0.862914	0.263522	-0.0489988	-0.274933	-0.0704409	-0.382292	-0.183781	-3.38252	7.25986	-0.801785	0.956538	0.322764	-0.172066	
11.956	-0.225159	1.31737	-2.16709	0.491212	0.851003	-1.56998	1.05763	0	0.903392	0.245842	-0.0416601	-0.264993	-0.070344	-0.382831	-0.183374	-3.38185	7.28793	-0.749297	0.959438	0.322204	-0.171511	
11.956	-0.225159	1.31737	-2.16709	0.491212	0.851003	-1.56998	1.05763	0	0.903392	0.245842	-0.0416601	-0.264993	-0.070344	-0.382831	-0.183374	-3.38185	7.28793	-0.749297	0.959438	0.322204	-0.171511	
11.97	-0.225159	1.31737	-2.16709	0.491212	0.851003	-1.56998	1.05763	0	0.872531	0.307685	-0.0526006	-0.260722	-0.0727175	-0.382759	-0.183651	-3.44895	7.26949	-0.808668	0.95791	0.32888	-0.172403	
11.984	-0.225159	1.31737	-2.16709	0.491212	0.851003	-1.56998	1.05763	0	0.882806	0.293352	-0.0520971	-0.261138	-0.0731717	-0.38202	-0.184076	-3.43752	7.27798	-0.791048	0.958647	0.325757	-0.172572	
11.984	-0.225159	1.31737	-2.16709	0.491212	0.851003	-1.56998	1.05763	0	0.882806	0.293352	-0.0520971	-0.261138	-0.0731717	-0.38202	-0.184076	-3.43752	7.27798	-0.791048	0.958647	0.325757	-0.172572	
11.998	-0.225159	1.31737	-2.16709	0.491212	0.851003	-1.56998	1.05763	0	0.868071	0.259696	-0.0490055	-0.272564	-0.072248	-0.382315	-0.184034	-3.37656	7.2487	-0.792226	0.956541	0.320836	-0.172336	
12.012	-0.225159	1.31737	-2.16709	0.491212	0.851003	-1.56998	1.05763	0	0.886658	0.291469	-0.0508299	-0.257373	-0.0749262	-0.381212	-0.182952	-3.42754	7.2552	-0.780479	0.956664	0.324135	-0.171635	
12.012	-0.225159	1.31737	-2.16709	0.491212	0.851003	-1.56998	1.05763	0	0.886658	0.291469	-0.0508299	-0.257373	-0.0749262	-0.381212	-0.182952	-3.42754	7.2552	-0.780479	0.956664	0.324135	-0.171635	
12.026	-0.225159	1.31737	-2.16709	0.491212	0.851003	-1.56998	1.05763	0	0.885077	0.270188	-0.0488239	-0.263091	-0.0735634	-0.380793	-0.183119	-3.39683	7.25086	-0.773076	0.955786	0.321248	-0.171547	
12.04	-0.225159	1.31737	-2.16709	0.491212	0.851003	-1.56998	1.05763	0	0.872351	0.242957	-0.0474221	-0.274776	-0.0729194	-0.381232	-0.183298	-3.35473	7.24785	-0.779008	0.956068	0.317403	-0.171494	
12.04	-0.225159	1.31737	-2.16709	0.491212	0.851003	-1.56998	1.05763	0	0.872351	0.242957	-0.0474221	-0.274776	-0.0729194	-0.381232	-0.183298	-3.35473	7.24785	-0.779008	0.956068	0.317403	-0.171494	
12.054	-0.225159	1.31737	-2.16709	0.491212	0.851003	-1.56998	1.05763	0	0.855086	0.24455	-0.04717	-0.280906	-0.0722377	-0.381235	-0.183822	-3.34721	7.23776	-0.799506	0.954609	0.318418	-0.172193	
12.068	-0.225159	1.31737	-2.16709	0.491212	0.851003	-1.56998	1.05763	0	0.876452	0.27681	-0.0519275	-0.266075	-0.0748905	-0.381333	-0.183758	-3.40756	7.26086	-0.789263	0.957616	0.321411	-0.172224	
12.068	-0.225159	1.31737	-2.16709	0.491212	0.851003	-1.56998	1.05763	0	0.880377	0.258605	-0.0480577	-0.26975	-0.073208	-0.381974	-0.183598	-3.38653	7.27012	-0.779582	0.958373	0.320649	-0.171907	
12.082	-0.225159	1.31737	-2.16709	0.491212	0.851003	-1.56998	1.05763	0	0.878991	0.253548	-0.0477133	-0.270322	-0.0719189	-0.382352	-0.183467	-3.37499	7.25907	-0.777889	0.957476	0.320261	-0.171638	
12.096	-0.225159	1.31737	-2.16709	0.491212	0.851003	-1.56998	1.05763	0	0.901221	0.251428	-0.0457601	-0.26231	-0.0715146	-0.382634	-0.183622	-3.38292	7.26661	-0.750644	0.958418	0.320456	-0.171635	
12.11	-0.225159	1.31737	-2.16709	0.491212	0.851003	-1.56998	1.05763	0	0.912467	0.260187	-0.0458557	-0.256043	-0.0699863	-0.382668	-0.183666	-3.40021	7.27179	-0.740494	0.958317	0.322513	-0.171568	
12.11	-0.225159	1.31737	-2.16709	0.491212	0.851003	-1.56998	1.05763	0	0.912467	0.260187	-0.0458557	-0.256043	-0.0699863	-0.382668	-0.183666	-3.40021	7.27179	-0.740494	0.958317	0.322513	-0.171568	
12.124	-0.225159	1.31737	-2.16709	0.491212	0.851003	-1.56998	1.05763	0	0.927255	0.250645	-0.0425996	-0.254627	-0.0707864	-0.382156	-0.183839	-3.40014	7.29299	-0.721213	0.959893	0.321632	-0.171753	
12.138	-0.225159	1.31737	-2.16709	0.491212	0.851003	-1.56998	1.05763	0	0.873312	0.264131	-0.0510104	-0.269395	-0.0704241	-0.38132	-0.18407	-3.38391	7.24682	-0.785604	0.955157	0.320949	-0.172102	
12.138	-0.225159	1.31737	-2.16709	0.491212	0.851003	-1.56998	1.05763	0	0.873312	0.264131	-0.0510104	-0.269395	-0.0704241	-0.38132	-0.18407	-3.38391	7.24682	-0.785604	0.955157	0.320949	-0.172102	
12.152	-0.225159	1.31737	-2.16709	0.491212	0.851003	-1.56998	1.05763	0	0.922781	0.271422	-0.0472862	-0.252566	-0.0690349	-0.381121	-0.184337	-3.42944	7.29962	-0.734481	0.958883	0.324236	-0.17213	
12.166	-0.225159	1.31737	-2.16709	0.491212	0.851003	-1.56998	1.05763	0	0.888302	0.243399	-0.0471496	-0.270923	-0.0672332	-0.381558	-0.18416	-3.36909	7.27185	-0.763144	0.956583	0.320217	-0.171762	
12.166	-0.225159	1.31737	-2.16709	0.491212	0.851003	-1.56998	1.05763	0	0.888302	0.243399	-0.0471496	-0.270923	-0.0672332	-0.381558	-0.18416	-3.36909	7.27185	-0.763144	0.956583	0.320217	-0.171762	
12.18	-0.225159	1.31737	-2.16709	0.491212	0.851003	-1.56998	1.05763	0	0.866404	0.269433	-0.0516141	-0.270907	-0.0692555	-0.381471	-0.184384	-3.38771	7.24457	-0.795994	0.954509	0.322427	-0.172431	
12.194	-0.225159	1.31737	-2.16709	0.491212	0.851003	-1.56998	1.05763	0	0.873364	0.292257	-0.0542298	-0.262339	-0.0704617	-0.381813	-0.184458	-3.42196	7.24585	-0.796631	0.955192	0.325132	-0.172664	
12.194	-0.225159	1.31737	-2.16709	0.491212	0.851003	-1.56998	1.05763	0	0.873364	0.292257	-0.0542298	-0.262339	-0.0704617	-0.381813	-0.184458	-3.42196	7.24585	-0.796631	0.955192	0.325132	-0.172664	
12.208	-0.225159	1.31737	-2.16709	0.491212	0.851003	-1.56998	1.05763	0	0.83147	0.239464	-0.048956	-0.289076	-0.0668952	-0.382988	-0.184418	-3.32162	7.20954	-0.82443	0.952091	0.319626	-0.172387	
12.222	-0.225159	1.31737	-2.16709	0.491212	0.851003	-1.56998	1.05763	0	0.871942	0.259273	-0.0478222	-0.269457	-0.0696307	-0.383184	-0.184259	-3.3716	7.23342	-0.785354	0.955151	0.322177	-0.172391	
12.236	-0.225159	1.31737	-2.16709	0.491212	0.851003	-1.56998	1.05763	0	0.883723	0.25953	-0.0435447	-0.266225	-0.0697622	-0.383301	-0.184077	-3.38087	7.25035	-0.773329	0.956205	0.324129	-0.172433	
12.236	-0.225159	1.31737	-2.16709	0.491212	0.851003	-1.56998	1.05763	0	0.883723	0.25953	-0.0435447	-0.266225	-0.0697622	-0.383301	-0.184077	-3.38087	7.25035	-0.773329	0.956205	0.324129	-0.172433	
12.25	-0.225159	1.31737	-2.16709	0.491212	0.851003	-1.56998	1.05763	0	0.83294	0.278078	-0.0498287	-0.279757	-0.0727532	-0.382676	-0.183793	-3.37761	7.22033	-0.838785	0.953649	0.324351	-0.172736	
12.264	-0.225159	1.31737	-2.16709	0.491212	0.851003	-1.56998	1.05763	0	0.856894	0.256786	-0.0466573	-0.278134	-0.0712578	-0.38171	-0.184114	-3.36696	7.24662	-0.803741	0.954989	0.321774	-0.172611	
12.264	-0.225159	1.31737	-2.16709	0.491212	0.851003	-1.56998	1.05763	0	0.856894	0.256786	-0.0466573	-0.278134	-0.0712578	-0.38171	-0.184114	-3.36696	7.24662	-0.803741	0.954989	0.321774	-0.172611	
12.278	-0.225159	1.31737	-2.16709	0.491212	0.851003	-1.56998	1.05763	0	0.882091	0.287634	-0.0516684	-0.263052	-0.0744318	-0.381109	-0.184218	-3.42993	7.27722	-0.788629	0.958296	0.323964	-0.172773	
12.292	-0.225159	1.31737	-2.16709	0.491212	0.851003	-1.56998	1.05763	0	0.869324	0.24089	-0.0454447	-0.278558	-0.072407	-0.381214	-0.184186	-3.35633	7.26254	-0.784422	0.956739	0.318581	-0.172489	
12.292	-0.225159	1.31737	-2.16709	0.491212	0.851003	-1.56998	1.05763	0	0.869324	0.24089	-0.0454447	-0.278558	-0.072407	-0.381214	-0.184186	-3.35633	7.26254	-0.784422	0.956739	0.318581	-0.172489	
12.306	-0.225159	1.31737	-2.16709	0.491212	0.851003	-1.56998	1.05763	0	0.878969	0.263961	-0.0512176	-0.269284	-0.074412	-0.380962	-0.184176	-3.39457	7.2688	-0.782209	0.95808	0.319434	-0.172434	
12.32	-0.225159	1.31737	-2.16709	0.491212	0.851003	-1.56998	1.05763	0	0.886495	0.254697	-0.0483574	-0.267317	-0.0756818	-0.381183	-0.18396	-3.3815	7.25962	-0.76793	0.957995	0.317965	-0.172313	
12.32	-0.225159	1.31737	-2.16709	0.491212	0.851003	-1.56998	1.05763	0	0.886495	0.254697	-0.0483574	-0.267317	-0.0756818	-0.381183	-0.18396	-3.3815	7.25962	-0.76793	0.957995	0.317965	-0.172313	
12.334	-0.225159	1.31737	-2.16709	0.491212	0.851003	-1.56998	1.05763	0	0.879646	0.244175	-0.0457731	-0.272842	-0.0738795	-0.381417	-0.18406	-3.36373	7.25891	-0.772467	0.957311	0.318109	-0.172386	
12.348	-0.225159	1.31737	-2.16709	0.491212	0.851003	-1.56998	1.05763	0	0.884717	0.2803	-0.0541055	-0.263365	-0.076502	-0.381002	-0.184416	-3.42184	7.27449	-0.782497	0.959353	0.320447	-0.172793	
12.362	-0.225159	1.31737	-2.16709	0.491212	0.851003	-1.56998	1.05763	0	0.879482	0.268465	-0.0521115	-0.268823	-0.0754014	-0.380683	-0.184623	-3.40393	7.27511	-0.78416	0.958683	0.319556	-0.172948	
12.362	-0.225159	1.31737	-2.16709	0.491212	0.851003	-1.56998	1.05763	0	0.879482	0.268465	-0.0521115	-0.268823	-0.0754014	-0.380683	-0.184623	-3.40393	7.27511	-0.78416	0.958683	0.319556	-0.172948	
12.376	-0.225159	1.31737	-2.16709	0.491212	0.851003	-1.56998	1.05763	0	0.901361	0.265589	-0.0506784	-0.261965	-0.0761425	-0.380707	-0.184891	-3.41385	7.29011	-0.758207	0.960467	0.319014	-0.173098	
12.39	-0.225159	1.31737	-2.16709	0.491212	0.851003	-1.56998	1.05763	0	0.857845	0.280819	-0.0536014	-0.276146	-0.0746596	-0.380862	-0.184247	-3.41618	7.28907	-0.818537	0.959066	0.322726	-0.17283	
12.39	-0.225159	1.31737	-2.16709	0.491212	0.851003	-1.56998	1.05763	0	0.857845	0.280819	-0.0536014	-0.276146	-0.0746596	-0.380862	-0.184247	-3.41618	7.28907	-0.818537	0.959066	0.322726	-0.17283	
12.404	-0.225159	1.31737	-2.16709	0.491212	0.851003	-1.56998	1.05763	0	0.89185	0.245553	-0.0440702	-0.273563	-0.0727997	-0.38157	-0.183888	-3.38963	7.31938	-0.76799	0.961747	0.320801	-0.172154	
12.418	-0.225159	1.31737	-2.16709	0.491212	0.851003	-1.56998	1.05763	0	0.886003	0.237029	-0.0426898	-0.276977	-0.0714231	-0.381572	-0.184108	-3.37136	7.30643	-0.769741	0.960193	0.320187	-0.172306	
12.418	-0.225159	1.31737	-2.16709	0.491212	0.851003	-1.56998	1.05763	0	0.886003	0.237029	-0.0426898	-0.276977	-0.0714231	-0.381572	-0.184108	-3.37136	7.30643	-0.769741	0.960193	0.320187	-0.172306	
12.432	-0.225159	1.31737	-2.16709	0.491212	0.851003	-1.56998	1.05763	0	0.872431	0.284955	-0.051217	-0.270682	-0.0734522	-0.381128	-0.184202	-3.43162	7.30505	-0.804478	0.959955	0.325102	-0.172782	
12.446	-0.225159	1.31737	-2.16709	0.491212	0.851003	-1.56998	1.05763	0	0.921111	0.248058	-0.0443461	-0.263735	-0.0702875	-0.382419	-0.184338	-3.41436	7.34958	-0.738263	0.964599	0.32239	-0.172093	
12.46	-0.225159	1.31737	-2.16709	0.491212	0.851003	-1.56998	1.05763	0	0.893677	0.260281	-0.0464336	-0.271505	-0.0704952	-0.38254	-0.184691	-3.41806	7.34114	-0.77616	0.963499	0.324487	-0.172781	
12.46	-0.225159	1.31737	-2.16709	0.491212	0.851003	-1.56998	1.05763	0	0.893677	0.260281	-0.0464336	-0.271505	-0.0704952	-0.38254	-0.184691	-3.41806	7.34114	-0.77616	0.963499	0.324487	-0.172781	
12.474	-0.225159	1.31737	-2.16709	0.491212	0.851003	-1.56998	1.05763	0	0.89691	0.284408	-0.050548	-0.266986	-0.072255	-0.382593	-0.184819	-3.46227	7.36938	-0.786428	0.966325	0.327277	-0.173057	
12.488	-0.225159	1.31737	-2.16709	0.491212	0.851003	-1.56998	1.05763	0	0.892172	0.30772	-0.0531604	-0.263035	-0.0748417	-0.381972	-0.184514	-3.49165	7.36799	-0.800321	0.966136	0.329421	-0.173169	
12.488	-0.225159	1.31737	-2.16709	0.491212	0.851003	-1.56998	1.05763	0	0.892172	0.30772	-0.0531604	-0.263035	-0.0748417	-0.381972	-0.184514	-3.49165	7.36799	-0.800321	0.966136	0.329421	-0.173169	
12.502	-0.225159	1.31737	-2.16709	0.491212	0.851003	-1.56998	1.05763	0	0.885706	0.295874	-0.0500771	-0.269288	-0.0738005	-0.382201	-0.184531	-3.47426	7.37327	-0.804948	0.966146	0.329352	-0.173233	
12.516	-0.225159	1.31737	-2.16709	0.491212	0.851003	-1.56998	1.05763	0	0.906577	0.281899	-0.0478107	-0.265422	-0.072328	-0.382411	-0.184791	-3.46773	7.38643	-0.775822	0.967378	0.328009	-0.173108	
12.516	-0.225159	1.31737	-2.16709	0.491212	0.851003	-1.56998	1.05763	0	0.906577	0.281899	-0.0478107	-0.265422	-0.072328	-0.382411	-0.184791	-3.46773	7.38643	-0.775822	0.967378	0.328009	-0.173108	
12.53	-0.225159	1.31737	-2.16709	0.491212	0.851003	-1.56998	1.05763	0	0.90381	0.273647	-0.0466088	-0.268108	-0.072007	-0.382606	-0.18542	-3.45375	7.37904	-0.775187	0.966889	0.327072	-0.173698	
12.544	-0.225159	1.31737	-2.16709	0.491212	0.851003	-1.56998	1.05763	0	0.917611	0.26252	-0.0468538	-0.266219	-0.0735562	-0.383094	-0.185184	-3.44973	7.39432	-0.757226	0.969712	0.324324	-0.173233	
12.558	-0.225159	1.31737	-2.16709	0.491212	0.851003	-1.56998	1.05763	0	0.915073	0.236188	-0.0435916	-0.272812	-0.0719039	-0.38329	-0.185003	-3.40951	7.3853	-0.74901	0.968855	0.321275	-0.1728	
12.558	-0.225159	1.31737	-2.16709	0.491212	0.851003	-1.56998	1.05763	0	0.915073	0.236188	-0.0435916	-0.272812	-0.0719039	-0.38329	-0.185003	-3.40951	7.3853	-0.74901	0.968855	0.321275	-0.1728	
12.572	-0.225159	1.31737	-2.16709	0.491212	0.851003	-1.56998	1.05763	0	0.881017	0.261323	-0.0473582	-0.277319	-0.0719863	-0.382939	-0.184436	-3.41828	7.35145	-0.79498	0.96501	0.324508	-0.172719	
12.586	-0.225159	1.31737	-2.16709	0.491212	0.851003	-1.56998	1.05763	0	0.883833	0.284357	-0.0506162	-0.270194	-0.0746815	-0.382336	-0.183818	-3.45037	7.35121	-0.799539	0.965222	0.326053	-0.172393	
12.586	-0.225159	1.31737	-2.16709	0.491212	0.851003	-1.56998	1.05763	0	0.883833	0.284357	-0.0506162	-0.270194	-0.0746815	-0.382336	-0.183818	-3.45037	7.35121	-0.799539	0.965222	0.326053	-0.172393	
12.6	-0.225159	1.31737	-2.16709	0.491212	0.851003	-1.56998	1.05763	0	0.875109	0.275041	-0.0477547	-0.274554	-0.0746808	-0.38214	-0.18394	-3.42823	7.33355	-0.803546	0.96333	0.325251	-0.172692	
12.614	-0.225159	1.31737	-2.16709	0.491212	0.851003	-1.56998	1.05763	0	0.88973	0.230252	-0.0433021	-0.280409	-0.0720556	-0.382275	-0.184491	-3.37605	7.3402	-0.769503	0.964063	0.319417	-0.172528	
12.614	-0.225159	1.31737	-2.16709	0.491212	0.851003	-1.56998	1.05763	0	0.88973	0.230252	-0.0433021	-0.280409	-0.0720556	-0.382275	-0.184491	-3.37605	7.3402	-0.769503	0.964063	0.319417	-0.172528	
12.628	-0.225159	1.31737	-2.16709	0.491212	0.851003	-1.56998	1.05763	0	0.897476	0.257428	-0.0453403	-0.272901	-0.0732034	-0.381889	-0.184218	-3.42342	7.36433	-0.773629	0.96564	0.323502	-0.172529	
12.642	-0.225159	1.31737	-2.16709	0.491212	0.851003	-1.56998	1.05763	0	0.925725	0.264664	-0.044896	-0.262331	-0.0754906	-0.381075	-0.183275	-3.45409	7.39685	-0.745418	0.96852	0.323714	-0.171624	
12.642	-0.225159	1.31737	-2.16709	0.491212	0.851003	-1.56998	1.05763	0	0.925725	0.264664	-0.044896	-0.262331	-0.0754906	-0.381075	-0.183275	-3.45409	7.39685	-0.745418	0.96852	0.323714	-0.171624	
12.656	-0.225159	1.31737	-2.16709	0.491212	0.851003	-1.56998	1.05763	0	0.893403	0.249779	-0.0460139	-0.275576	-0.0740824	-0.381323	-0.183533	-3.40898	7.35744	-0.774104	0.965127	0.321078	-0.1718	
12.67	-0.225159	1.31737	-2.16709	0.491212	0.851003	-1.56998	1.05763	0	0.888583	0.24381	-0.0452487	-0.276222	-0.0744496	-0.381345	-0.183828	-3.38982	7.32849	-0.773012	0.962984	0.319527	-0.172139	
12.684	-0.225159	1.31737	-2.16709	0.491212	0.851003	-1.56998	1.05763	0	0.870468	0.267556	-0.049552	-0.276665	-0.0749422	-0.381221	-0.184323	-3.41107	7.3139	-0.802261	0.961473	0.322201	-0.172895	
12.684	-0.225159	1.31737	-2.16709	0.491212	0.851003	-1.56998	1.05763	0	0.880884	0.289153	-0.0538088	-0.267277	-0.077993	-0.381279	-0.184777	-3.44727	7.3175	-0.79851	0.963084	0.323042	-0.173462	
12.698	-0.225159	1.31737	-2.16709	0.491212	0.851003	-1.56998	1.05763	0	0.867286	0.2345	-0.0476823	-0.285896	-0.0752737	-0.381975	-0.1849	-3.36602	7.31194	-0.794769	0.962771	0.316892	-0.173147	
12.712	-0.225159	1.31737	-2.16709	0.491212	0.851003	-1.56998	1.05763	0	0.894297	0.215492	-0.0423843	-0.281747	-0.0738199	-0.381855	-0.184555	-3.35733	7.33601	-0.757203	0.964368	0.315822	-0.172524	
12.712	-0.225159	1.31737	-2.16709	0.491212	0.851003	-1.56998	1.05763	0	0.87773	0.259667	-0.0503932	-0.277469	-0.0761962	-0.381052	-0.184022	-3.41062	7.33461	-0.793785	0.96388	0.320029	-0.172427	
12.726	-0.225159	1.31737	-2.16709	0.491212	0.851003	-1.56998	1.05763	0	0.877119	0.283418	-0.054216	-0.273949	-0.0781435	-0.380608	-0.184079	-3.45001	7.35466	-0.806662	0.96557	0.322505	-0.172713	
12.74	-0.225159	1.31737	-2.16709	0.491212	0.851003	-1.56998	1.05763	0	0.895992	0.260458	-0.0484893	-0.273102	-0.0765198	-0.380634	-0.183988	-3.42928	7.36724	-0.776061	0.966232	0.320963	-0.172388	
12.754	-0.225159	1.31737	-2.16709	0.491212	0.851003	-1.56998	1.05763	0	0.890659	0.259344	-0.0519077	-0.274714	-0.0756599	-0.38037	-0.183894	-3.42355	7.35909	-0.780807	0.965504	0.31947	-0.172005	
12.754	-0.225159	1.31737	-2.16709	0.491212	0.851003	-1.56998	1.05763	0	0.886225	0.279433	-0.0532385	-0.270992	-0.0755732	-0.380437	-0.184168	-3.44642	7.35155	-0.792641	0.964456	0.322776	-0.172524	
12.768	-0.225159	1.31737	-2.16709	0.491212	0.851003	-1.56998	1.05763	0	0.886327	0.257159	-0.0499628	-0.272096	-0.0733988	-0.381356	-0.18428	-3.4019	7.31019	-0.777935	0.961486	0.320095	-0.172367	
12.782	-0.225159	1.31737	-2.16709	0.491212	0.851003	-1.56998	1.05763	0	0.891081	0.262956	-0.045587	-0.269508	-0.0722733	-0.381298	-0.184367	-3.41179	7.31536	-0.774384	0.960709	0.323533	-0.172751	
12.782	-0.225159	1.31737	-2.16709	0.491212	0.851003	-1.56998	1.05763	0	0.878475	0.263636	-0.0469891	-0.272402	-0.0720065	-0.381847	-0.184433	-3.40137	7.29517	-0.787824	0.959465	0.323272	-0.172825	
12.796	-0.225159	1.31737	-2.16709	0.491212	0.851003	-1.56998	1.05763	0	0.88875	0.234901	-0.0428154	-0.275021	-0.0707627	-0.382595	-0.184296	-3.36606	7.29569	-0.764969	0.960195	0.320042	-0.172354	
12.81	-0.225159	1.31737	-2.16709	0.491212	0.851003	-1.56998	1.05763	0	0.875497	0.246837	-0.0436856	-0.275804	-0.0714158	-0.382771	-0.184131	-3.37115	7.27883	-0.783444	0.958751	0.321749	-0.1725	
12.824	-0.225159	1.31737	-2.16709	0.491212	0.851003	-1.56998	1.05763	0	0.887359	0.248099	-0.0442981	-0.269765	-0.0718471	-0.383649	-0.184067	-3.37627	7.27506	-0.769601	0.959699	0.321413	-0.1723	
12.824	-0.225159	1.31737	-2.16709	0.491212	0.851003	-1.56998	1.05763	0	0.875641	0.236338	-0.0429514	-0.277681	-0.0700609	-0.383597	-0.183695	-3.35537	7.27638	-0.779845	0.959033	0.320856	-0.171848	
12.838	-0.225159	1.31737	-2.16709	0.491212	0.851003	-1.56998	1.05763	0	0.866391	0.239021	-0.0423378	-0.279901	-0.0692147	-0.383819	-0.183891	-3.35154	7.26554	-0.790746	0.957731	0.322102	-0.172165	
12.852	-0.225159	1.31737	-2.16709	0.491212	0.851003	-1.56998	1.05763	0	0.880321	0.242162	-0.0447215	-0.27369	-0.0692602	-0.383673	-0.184003	-3.3633	7.26982	-0.775162	0.958517	0.321254	-0.17199	
12.852	-0.225159	1.31737	-2.16709	0.491212	0.851003	-1.56998	1.05763	0	0.911726	0.247365	-0.0458154	-0.262052	-0.0703642	-0.383328	-0.183741	-3.3923	7.29883	-0.742331	0.961517	0.32091	-0.171472	
12.866	-0.225159	1.31737	-2.16709	0.491212	0.851003	-1.56998	1.05763	0	0.889509	0.229357	-0.0438915	-0.273654	-0.069203	-0.383463	-0.183834	-3.35188	7.27676	-0.759757	0.959299	0.318965	-0.171588	
12.88	-0.225159	1.31737	-2.16709	0.491212	0.851003	-1.56998	1.05763	0	0.868205	0.238371	-0.0470863	-0.279944	-0.07047	-0.38308	-0.184129	-3.35522	7.27119	-0.788812	0.958728	0.319196	-0.172101	
12.894	-0.225159	1.31737	-2.16709	0.491212	0.851003	-1.56998	1.05763	0	0.865263	0.271704	-0.0507321	-0.274932	-0.0719508	-0.382163	-0.183884	-3.40511	7.28933	-0.807067	0.95931	0.323611	-0.172249	
12.894	-0.225159	1.31737	-2.16709	0.491212	0.851003	-1.56998	1.05763	0	0.878798	0.272786	-0.0486255	-0.268943	-0.0729106	-0.382249	-0.183799	-3.41136	7.2893	-0.790463	0.959645	0.323926	-0.172273	
12.908	-0.225159	1.31737	-2.16709	0.491212	0.851003	-1.56998	1.05763	0	0.88204	0.245277	-0.0461748	-0.272863	-0.0715372	-0.382948	-0.183912	-3.37102	7.27594	-0.774601	0.959286	0.320092	-0.171999	
12.922	-0.225159	1.31737	-2.16709	0.491212	0.851003	-1.56998	1.05763	0	0.879445	0.260998	-0.0475843	-0.268873	-0.0720141	-0.382487	-0.184015	-3.38684	7.26248	-0.780857	0.957674	0.321857	-0.172306	
12.922	-0.225159	1.31737	-2.16709	0.491212	0.851003	-1.56998	1.05763	0	0.865295	0.26215	-0.0487956	-0.273998	-0.0709981	-0.382125	-0.184312	-3.38073	7.25471	-0.797273	0.956252	0.322096	-0.172604	
12.936	-0.225159	1.31737	-2.16709	0.491212	0.851003	-1.56998	1.05763	0	0.893355	0.257442	-0.0471438	-0.264742	-0.0717547	-0.381642	-0.184347	-3.38931	7.26683	-0.761671	0.957507	0.320801	-0.172454	
12.95	-0.225159	1.31737	-2.16709	0.491212	0.851003	-1.56998	1.05763	0	0.872267	0.258974	-0.0455368	-0.271917	-0.0713653	-0.381573	-0.184458	-3.37786	7.25214	-0.785932	0.95543	0.322234	-0.172915	
12.964	-0.225159	1.31737	-2.16709	0.491212	0.851003	-1.56998	1.05763	0	0.886705	0.253352	-0.0454471	-0.270269	-0.0715439	-0.381137	-0.184146	-3.3858	7.28223	-0.77033	0.9579	0.321249	-0.172389	
12.964	-0.225159	1.31737	-2.16709	0.491212	0.851003	-1.56998	1.05763	0	0.88213	0.291062	-0.0522097	-0.264066	-0.0739935	-0.380323	-0.183759	-3.43988	7.29499	-0.791817	0.958795	0.324702	-0.172309	
12.978	-0.225159	1.31737	-2.16709	0.491212	0.851003	-1.56998	1.05763	0	0.924146	0.278065	-0.0471642	-0.254276	-0.0743629	-0.38035	-0.183595	-3.45291	7.3405	-0.74172	0.963002	0.324064	-0.171911	
12.992	-0.225159	1.31737	-2.16709	0.491212	0.851003	-1.56998	1.05763	0	0.890972	0.247067	-0.0439036	-0.272743	-0.0721655	-0.380855	-0.18362	-3.3876	7.31003	-0.766974	0.96006	0.320912	-0.171898	
12.992	-0.225159	1.31737	-2.16709	0.491212	0.851003	-1.56998	1.05763	0	0.88584	0.276445	-0.0467541	-0.267265	-0.0725193	-0.380382	-0.183972	-3.42335	7.30331	-0.782698	0.95868	0.324993	-0.172568	
13.006	-0.225159	1.31737	-2.16709	0.491212	0.851003	-1.56998	1.05763	0	0.904733	0.281991	-0.0461642	-0.258351	-0.0737957	-0.380589	-0.184356	-3.43973	7.3065	-0.761924	0.959706	0.325352	-0.172968	
13.02	-0.225159	1.31737	-2.16709	0.491212	0.851003	-1.56998	1.05763	0	0.901444	0.262296	-0.0434822	-0.261857	-0.0731714	-0.381007	-0.18439	-3.40292	7.2804	-0.754602	0.957946	0.322577	-0.172889	
13.02	-0.225159	1.31737	-2.16709	0.491212	0.851003	-1.56998	1.05763	0	0.899439	0.300071	-0.0480442	-0.253852	-0.0758186	-0.380774	-0.184121	-3.45553	7.28671	-0.772373	0.958647	0.326901	-0.173078	
13.034	-0.225159	1.31737	-2.16709	0.491212	0.851003	-1.56998	1.05763	0	0.893739	0.249245	-0.0417911	-0.266723	-0.0737649	-0.381528	-0.183924	-3.37779	7.26838	-0.758003	0.957644	0.320688	-0.172481	
13.048	-0.225159	1.31737	-2.16709	0.491212	0.851003	-1.56998	1.05763	0	0.846454	0.233707	-0.0447758	-0.286448	-0.0713483	-0.3818	-0.183745	-3.32644	7.23132	-0.805715	0.954087	0.318078	-0.172155	
13.062	-0.225159	1.31737	-2.16709	0.491212	0.851003	-1.56998	1.05763	0	0.879257	0.233371	-0.0442019	-0.27483	-0.0721393	-0.381914	-0.183921	-3.34591	7.2519	-0.768115	0.956688	0.317454	-0.172069	
13.062	-0.225159	1.31737	-2.16709	0.491212	0.851003	-1.56998	1.05763	0	0.915519	0.286756	-0.0512576	-0.249915	-0.0757984	-0.381363	-0.184317	-3.44482	7.28533	-0.748146	0.9603	0.322634	-0.172625	
13.076	-0.225159	1.31737	-2.16709	0.491212	0.851003	-1.56998	1.05763	0	0.861829	0.278691	-0.0531779	-0.270315	-0.0737192	-0.381258	-0.18459	-3.39944	7.2428	-0.80518	0.955582	0.321714	-0.173048	
13.09	-0.225159	1.31737	-2.16709	0.491212	0.851003	-1.56998	1.05763	0	0.891532	0.255857	-0.045399	-0.264129	-0.0737645	-0.382077	-0.184642	-3.38125	7.24976	-0.761099	0.957007	0.320222	-0.173024	
13.09	-0.225159	1.31737	-2.16709	0.491212	0.851003	-1.56998	1.05763	0	0.851831	0.272271	-0.0531323	-0.275333	-0.0723731	-0.381405	-0.184537	-3.38422	7.23553	-0.814186	0.954658	0.321247	-0.172903	
13.104	-0.225159	1.31737	-2.16709	0.491212	0.851003	-1.56998	1.05763	0	0.919285	0.243592	-0.0460133	-0.259301	-0.0703093	-0.381637	-0.184562	-3.3871	7.28578	-0.727047	0.959283	0.318876	-0.172146	
13.118	-0.225159	1.31737	-2.16709	0.491212	0.851003	-1.56998	1.05763	0	0.865464	0.286026	-0.054499	-0.26787	-0.0700766	-0.381466	-0.184438	-3.41258	7.25156	-0.804792	0.955254	0.324243	-0.172588	
13.132	-0.225159	1.31737	-2.16709	0.491212	0.851003	-1.56998	1.05763	0	0.881247	0.269336	-0.0503757	-0.266778	-0.0685589	-0.382446	-0.184113	-3.40041	7.26838	-0.782493	0.957125	0.323756	-0.17203	
13.132	-0.225159	1.31737	-2.16709	0.491212	0.851003	-1.56998	1.05763	0	0.873569	0.254192	-0.0478784	-0.271076	-0.0679403	-0.382756	-0.184148	-3.36801	7.24243	-0.782255	0.955082	0.321879	-0.172059	
13.146	-0.225159	1.31737	-2.16709	0.491212	0.851003	-1.56998	1.05763	0	0.881809	0.265379	-0.0478813	-0.265594	-0.0679847	-0.38284	-0.18439	-3.38831	7.24854	-0.777178	0.955492	0.323944	-0.172384	
13.16	-0.225159	1.31737	-2.16709	0.491212	0.851003	-1.56998	1.05763	0	0.883246	0.248017	-0.0447627	-0.269025	-0.0643639	-0.383516	-0.184698	-3.36336	7.24484	-0.768647	0.954653	0.323588	-0.172363	
13.16	-0.225159	1.31737	-2.16709	0.491212	0.851003	-1.56998	1.05763	0	0.870675	0.245451	-0.0461484	-0.273923	-0.0651063	-0.383828	-0.184921	-3.35289	7.2357	-0.782571	0.954504	0.322492	-0.172623	
13.174	-0.225159	1.31737	-2.16709	0.491212	0.851003	-1.56998	1.05763	0	0.869041	0.260447	-0.0503038	-0.271134	-0.0649588	-0.383213	-0.184615	-3.37353	7.23833	-0.790072	0.954246	0.323498	-0.172242	
13.188	-0.225159	1.31737	-2.16709	0.491212	0.851003	-1.56998	1.05763	0	0.932502	0.257093	-0.0450539	-0.249947	-0.0654723	-0.383455	-0.184651	-3.40769	7.2835	-0.716786	0.958806	0.324127	-0.171981	
13.202	-0.225159	1.31737	-2.16709	0.491212	0.851003	-1.56998	1.05763	0	0.862317	0.263012	-0.0518828	-0.275003	-0.0623307	-0.38329	-0.184588	-3.37936	7.25436	-0.80219	0.954684	0.32506	-0.172003	
13.202	-0.225159	1.31737	-2.16709	0.491212	0.851003	-1.56998	1.05763	0	0.894199	0.24843	-0.0469259	-0.269856	-0.0627	-0.38267	-0.184548	-3.38574	7.29729	-0.762968	0.957958	0.324086	-0.171817	
13.216	-0.225159	1.31737	-2.16709	0.491212	0.851003	-1.56998	1.05763	0	0.846668	0.250877	-0.0513034	-0.285957	-0.0625767	-0.382328	-0.184778	-3.3609	7.26431	-0.81786	0.95463	0.323267	-0.172251	
13.23	-0.225159	1.31737	-2.16709	0.491212	0.851003	-1.56998	1.05763	0	0.853532	0.267272	-0.0539969	-0.280701	-0.0637291	-0.381654	-0.18443	-3.39134	7.28106	-0.817556	0.95578	0.324708	-0.171973	
13.23	-0.225159	1.31737	-2.16709	0.491212	0.851003	-1.56998	1.05763	0	0.864989	0.257149	-0.0488235	-0.279949	-0.0632395	-0.381807	-0.184794	-3.38565	7.29351	-0.801324	0.956486	0.325234	-0.172418	
13.244	-0.225159	1.31737	-2.16709	0.491212	0.851003	-1.56998	1.05763	0	0.878743	0.267053	-0.0492538	-0.273357	-0.0650939	-0.38162	-0.185171	-3.41001	7.30798	-0.79018	0.958151	0.326055	-0.172904	
13.258	-0.225159	1.31737	-2.16709	0.491212	0.851003	-1.56998	1.05763	0	0.885757	0.279508	-0.0509271	-0.267626	-0.0659747	-0.381693	-0.185262	-3.43101	7.31127	-0.786833	0.958807	0.327251	-0.173045	
13.272	-0.225159	1.31737	-2.16709	0.491212	0.851003	-1.56998	1.05763	0	0.90043	0.249507	-0.0432639	-0.268123	-0.0647691	-0.381874	-0.185069	-3.39195	7.30331	-0.755455	0.957974	0.32468	-0.172737	
13.272	-0.225159	1.31737	-2.16709	0.491212	0.851003	-1.56998	1.05763	0	0.908104	0.231694	-0.040178	-0.269872	-0.0653696	-0.381931	-0.184713	-3.37277	7.31051	-0.740372	0.959013	0.322294	-0.172312	
13.286	-0.225159	1.31737	-2.16709	0.491212	0.851003	-1.56998	1.05763	0	0.879088	0.245189	-0.0439551	-0.274491	-0.0667171	-0.381813	-0.184362	-3.36699	7.2713	-0.775299	0.95586	0.322558	-0.172299	
13.3	-0.225159	1.31737	-2.16709	0.491212	0.851003	-1.56998	1.05763	0	0.877604	0.28528	-0.0495345	-0.264943	-0.0697332	-0.380737	-0.184231	-3.4201	7.26767	-0.790571	0.955253	0.326121	-0.172615	
13.3	-0.225159	1.31737	-2.16709	0.491212	0.851003	-1.56998	1.05763	0	0.917462	0.265229	-0.0445642	-0.25637	-0.0695015	-0.380846	-0.183932	-3.41829	7.30013	-0.738393	0.958484	0.324097	-0.171946	
13.314	-0.225159	1.31737	-2.16709	0.491212	0.851003	-1.56998	1.05763	0	0.920358	0.242922	-0.041168	-0.260108	-0.0690495	-0.380997	-0.184181	-3.3872	7.29362	-0.72535	0.95818	0.32127	-0.172043	
13.328	-0.225159	1.31737	-2.16709	0.491212	0.851003	-1.56998	1.05763	0	0.845821	0.26972	-0.0504555	-0.277395	-0.07069	-0.380252	-0.184599	-3.3721	7.21939	-0.816077	0.951326	0.321923	-0.17309	
13.342	-0.225159	1.31737	-2.16709	0.491212	0.851003	-1.56998	1.05763	0	0.869381	0.264399	-0.0480877	-0.271021	-0.0713938	-0.380525	-0.184375	-3.3813	7.24266	-0.78874	0.95392	0.321579	-0.172765	
13.342	-0.225159	1.31737	-2.16709	0.491212	0.851003	-1.56998	1.05763	0	0.882686	0.251287	-0.0464385	-0.268426	-0.0719432	-0.381391	-0.184437	-3.36907	7.243	-0.768348	0.955341	0.319471	-0.172636	
13.356	-0.225159	1.31737	-2.16709	0.491212	0.851003	-1.56998	1.05763	0	0.888371	0.27539	-0.0508665	-0.259856	-0.0756734	-0.381943	-0.18393	-3.40575	7.2469	-0.772165	0.957481	0.320771	-0.172375	
13.37	-0.225159	1.31737	-2.16709	0.491212	0.851003	-1.56998	1.05763	0	0.878292	0.225411	-0.0436184	-0.27148	-0.0752017	-0.388262	-0.183988	-3.32347	7.21611	-0.768938	0.960789	0.316568	-0.172209	
13.37	-0.225159	1.31737	-2.16709	0.491212	0.851003	-1.56998	1.05763	0	0.907359	0.244012	-0.0439126	-0.25907	-0.076486	-0.387529	-0.183854	-3.37344	7.25763	-0.745547	0.963906	0.319328	-0.172133	
13.384	-0.225159	1.31737	-2.16709	0.491212	0.851003	-1.56998	1.05763	0	0.858403	0.248886	-0.0517951	-0.275846	-0.0764709	-0.385941	-0.18387	-3.35368	7.2298	-0.802663	0.960323	0.317082	-0.17216	
13.398	-0.225159	1.31737	-2.16709	0.491212	0.851003	-1.56998	1.05763	0	0.848487	0.260584	-0.0526144	-0.276381	-0.0757378	-0.385369	-0.183982	-3.36204	7.21971	-0.816905	0.958335	0.319112	-0.172449	
13.412	-0.225159	1.31737	-2.16709	0.491212	0.851003	-1.56998	1.05763	0	0.860384	0.240202	-0.0452944	-0.276875	-0.0762751	-0.386522	-0.184085	-3.3401	7.2255	-0.79644	0.959758	0.318378	-0.172704	
13.412	-0.225159	1.31737	-2.16709	0.491212	0.851003	-1.56998	1.05763	0	0.889546	0.252057	-0.048217	-0.260771	-0.0790402	-0.389076	-0.184356	-3.36865	7.22528	-0.768052	0.963701	0.318329	-0.172781	
13.426	-0.225159	1.31737	-2.16709	0.491212	0.851003	-1.56998	1.05763	0	0.87964	0.274384	-0.052135	-0.260221	-0.0785884	-0.388008	-0.184239	-3.3968	7.23063	-0.788461	0.962715	0.32114	-0.172794	
13.44	-0.225159	1.31737	-2.16709	0.491212	0.851003	-1.56998	1.05763	0	0.92013	0.263053	-0.0458245	-0.24957	-0.078477	-0.386844	-0.18424	-3.40598	7.26045	-0.736453	0.964191	0.320733	-0.172682	
13.44	-0.225159	1.31737	-2.16709	0.491212	0.851003	-1.56998	1.05763	0	0.882744	0.283468	-0.0512614	-0.257472	-0.0780136	-0.387853	-0.183843	-3.41174	7.23865	-0.788878	0.962652	0.323537	-0.172538	
13.454	-0.225159	1.31737	-2.16709	0.491212	0.851003	-1.56998	1.05763	0	0.889436	0.257551	-0.0461783	-0.262614	-0.0774859	-0.387628	-0.183721	-3.3833	7.25261	-0.772584	0.963502	0.321028	-0.172304	
13.468	-0.225159	1.31737	-2.16709	0.491212	0.851003	-1.56998	1.05763	0	0.866948	0.275047	-0.0489634	-0.268559	-0.0776368	-0.387025	-0.183997	-3.40047	7.25761	-0.807601	0.962829	0.323756	-0.172896	
13.468	-0.225159	1.31737	-2.16709	0.491212	0.851003	-1.56998	1.05763	0	0.892038	0.261663	-0.0465632	-0.261101	-0.0767086	-0.389633	-0.184244	-3.39333	7.26187	-0.775075	0.965762	0.322955	-0.172738	
13.482	-0.225159	1.31737	-2.16709	0.491212	0.851003	-1.56998	1.05763	0	0.942195	0.246944	-0.0431503	-0.243352	-0.0836581	-0.404338	-0.184467	-3.4083	7.30465	-0.733996	0.985702	0.324159	-0.172765	
13.496	-0.225159	1.31737	-2.16709	0.491212	0.851003	-1.56998	1.05763	0	0.980982	0.264531	-0.0495266	-0.202505	-0.104734	-0.445621	-0.184142	-3.43052	7.24307	-0.738571	1.02652	0.32984	-0.172794	
13.51	-0.225159	1.31737	-2.16709	0.491212	0.851003	-1.56998	1.05763	0	1.00005	0.337169	-0.0710219	-0.137586	-0.145803	-0.50981	-0.183842	-3.49103	7.07829	-0.804103	1.087	0.338485	-0.173916	
13.51	-0.225159	1.31737	-2.16709	0.491212	0.851003	-1.56998	1.05763	0	1.06452	0.279157	-0.0734351	-0.0743338	-0.185365	-0.589088	-0.18376	-3.36781	6.84357	-0.770904	1.15706	0.333671	-0.173893	
13.524	-0.225159	1.31737	-2.16709	0.491212	0.851003	-1.56998	1.05763	0	1.14052	0.382634	-0.105522	0.0259318	-0.233294	-0.667108	-0.18353	-3.49848	6.68936	-0.797995	1.23506	0.344817	-0.174427	
13.538	-0.225159	1.31737	-2.16709	0.491212	0.851003	-1.56998	1.05763	0	1.13474	0.42082	-0.13685	0.0834349	-0.27707	-0.745252	-0.183438	-3.48491	6.45929	-0.890593	1.30594	0.346184	-0.174717	
13.538	-0.225159	1.31737	-2.16709	0.491212	0.851003	-1.56998	1.05763	0	1.18584	0.449774	-0.161849	0.165734	-0.323792	-0.827998	-0.183608	-3.47429	6.21083	-0.911028	1.38106	0.346827	-0.175157	
13.552	-0.225159	1.31737	-2.16709	0.491212	0.851003	-1.56998	1.05763	0	1.30839	0.492483	-0.185281	0.277617	-0.376166	-0.917616	-0.183573	-3.53042	6.02332	-0.866757	1.46992	0.350494	-0.175281	
13.566	-0.225159	1.31737	-2.16709	0.491212	0.851003	-1.56998	1.05763	0	1.41597	0.54831	-0.206041	0.38795	-0.426193	-1.00343	-0.18371	-3.58715	5.80619	-0.835457	1.55111	0.356995	-0.176031	
13.58	-0.225159	1.31737	-2.16709	0.491212	0.851003	-1.56998	1.05763	0	1.53051	0.58665	-0.225675	0.491155	-0.472106	-1.07966	-0.183652	-3.63149	5.61607	-0.780409	1.62488	0.358927	-0.176155	
13.58	-0.225159	1.31737	-2.16709	0.491212	0.851003	-1.56998	1.05763	0	1.74681	0.62662	-0.238702	0.628494	-0.519016	-1.15314	-0.183605	-3.74265	5.50501	-0.607588	1.70379	0.361266	-0.17584	
13.594	-0.225159	1.31737	-2.16709	0.491212	0.851003	-1.56998	1.05763	0	1.90308	0.637528	-0.253232	0.736413	-0.561078	-1.22303	-0.183002	-3.77792	5.35552	-0.48776	1.77462	0.358847	-0.174745	
13.608	-0.225159	1.31737	-2.16709	0.491212	0.851003	-1.56998	1.05763	0	2.13428	0.672924	-0.26895	0.874518	-0.606527	-1.29396	-0.18269	-3.9014	5.28157	-0.297608	1.85448	0.359187	-0.173649	
13.608	-0.225159	1.31737	-2.16709	0.491212	0.851003	-1.56998	1.05763	0	2.39665	0.728459	-0.292784	1.03523	-0.653895	-1.37086	-0.182246	-4.05811	5.18547	-0.0806534	1.93992	0.359887	-0.171815	
13.622	-0.225159	1.31737	-2.16709	0.491212	0.851003	-1.56998	1.05763	0	2.61317	0.702191	-0.303198	1.17199	-0.701037	-1.45421	-0.181759	-4.0403	4.95497	0.12444	2.02006	0.351346	-0.170113	
13.636	-0.225159	1.31737	-2.16709	0.491212	0.851003	-1.56998	1.05763	0	2.87817	0.730771	-0.323248	1.3559	-0.768622	-1.56059	-0.182044	-4.10346	4.6714	0.345928	2.12465	0.347081	-0.169957	
13.65	-0.225159	1.31737	-2.16709	0.491212	0.851003	-1.56998	1.05763	0	3.15371	0.737436	-0.337193	1.56202	-0.848588	-1.6956	-0.182223	-4.09608	4.25126	0.573551	2.24854	0.343759	-0.170248	
13.65	-0.225159	1.31737	-2.16709	0.491212	0.851003	-1.56998	1.05763	0	3.35895	0.701359	-0.344383	1.73239	-0.919965	-1.82175	-0.183098	-3.97657	3.75383	0.754968	2.35427	0.335411	-0.171335	
13.664	-0.225159	1.31737	-2.16709	0.491212	0.851003	-1.56998	1.05763	0	3.55038	0.794675	-0.37597	1.91641	-0.990946	-1.92484	-0.184001	-4.04859	3.31333	0.890334	2.4431	0.334178	-0.172997	
13.678	-0.225159	1.31737	-2.16709	0.491212	0.851003	-1.56998	1.05763	0	3.65017	0.820666	-0.403679	2.05218	-1.05248	-2.02317	-0.184188	-3.96458	2.79055	0.957059	2.51746	0.324465	-0.173561	
13.678	-0.225159	1.31737	-2.16709	0.491212	0.851003	-1.56998	1.05763	0	3.7815	0.785548	-0.410401	2.19124	-1.10958	-2.12591	-0.184345	-3.79073	2.22398	1.08984	2.59016	0.313531	-0.174053	
13.692	-0.225159	1.31737	-2.16709	0.491212	0.851003	-1.56998	1.05763	0	3.97437	0.902147	-0.443783	2.39079	-1.18687	-2.24327	-0.184989	-3.88035	1.73985	1.20632	2.69019	0.317953	-0.175937	
13.706	-0.225159	1.31737	-2.16709	0.491212	0.851003	-1.56998	1.05763	0	4.17942	0.885651	-0.458959	2.55865	-1.26089	-2.3713	-0.184447	-3.81622	1.32837	1.36214	2.80581	0.31179	-0.175477	
13.72	-0.225159	1.31737	-2.16709	0.491212	0.851003	-1.56998	1.05763	0	4.40344	0.879831	-0.472554	2.72198	-1.33209	-2.49153	-0.183961	-3.8138	1.03885	1.52762	2.92281	0.308965	-0.175054	
13.72	-0.225159	1.31737	-2.16709	0.491212	0.851003	-1.56998	1.05763	0	4.61907	0.9596	-0.513152	2.89788	-1.40532	-2.6039	-0.183879	-3.94003	0.781339	1.6535	3.0373	0.308001	-0.174595	
13.734	-0.225159	1.31737	-2.16709	0.491212	0.851003	-1.56998	1.05763	0	4.87609	0.982605	-0.547609	3.08422	-1.47296	-2.71486	-0.183371	-3.97954	0.451211	1.86773	3.14458	0.297247	-0.172458	
13.748	-0.225159	1.31737	-2.16709	0.491212	0.851003	-1.56998	1.05763	0	5.14546	0.976034	-0.575646	3.26798	-1.54339	-2.83301	-0.18315	-3.99236	0.145868	2.09474	3.2614	0.285594	-0.170624	
13.748	-0.225159	1.31737	-2.16709	0.491212	0.851003	-1.56998	1.05763	0	5.46335	1.05573	-0.6139	3.49405	-1.62358	-2.96032	-0.182299	-4.15117	-0.130577	2.33219	3.39203	0.284919	-0.168784	
13.762	-0.225159	1.31737	-2.16709	0.491212	0.851003	-1.56998	1.05763	0	5.77792	1.01579	-0.628027	3.7057	-1.70385	-3.09847	-0.18098	-4.0997	-0.538257	2.61966	3.52205	0.272692	-0.166407	
13.776	-0.225159	1.31737	-2.16709	0.491212	0.851003	-1.56998	1.05763	0	6.10955	1.04439	-0.645518	3.94033	-1.78818	-3.23751	-0.180002	-4.15148	-0.93381	2.89948	3.65402	0.270655	-0.165277	
13.79	-0.225159	1.31737	-2.16709	0.491212	0.851003	-1.56998	1.05763	0	6.40859	1.10364	-0.666249	4.16584	-1.87136	-3.37086	-0.179675	-4.23555	-1.32089	3.133	3.78004	0.272592	-0.165363	
13.79	-0.225159	1.31737	-2.16709	0.491212	0.851003	-1.56998	1.05763	0	6.69627	1.06553	-0.666827	4.35562	-1.9391	-3.49567	-0.179424	-4.18875	-1.67669	3.3972	3.89513	0.268666	-0.164671	
13.804	-0.225159	1.31737	-2.16709	0.491212	0.851003	-1.56998	1.05763	0	7.03133	1.06317	-0.671033	4.56717	-2.01248	-3.61922	-0.178835	-4.23246	-1.96399	3.69683	4.01684	0.267444	-0.163847	
13.818	-0.225159	1.31737	-2.16709	0.491212	0.851003	-1.56998	1.05763	0	7.37388	1.10472	-0.68118	4.80122	-2.09233	-3.74998	-0.17765	-4.32021	-2.30705	3.98874	4.14263	0.270599	-0.162954	
13.818	-0.225159	1.31737	-2.16709	0.491212	0.851003	-1.56998	1.05763	0	7.65282	1.06954	-0.681599	4.99715	-2.16232	-3.88373	-0.176712	-4.25333	-2.72152	4.239	4.26165	0.268705	-0.161779	
13.832	-0.225159	1.31737	-2.16709	0.491212	0.851003	-1.56998	1.05763	0	8.02995	1.12228	-0.699465	5.24005	-2.23919	-4.01596	-0.175667	-4.40014	-2.97645	4.55272	4.39619	0.273669	-0.159965	
13.846	-0.225159	1.31737	-2.16709	0.491212	0.851003	-1.56998	1.05763	0	8.35437	1.04767	-0.703907	5.44384	-2.306	-4.14669	-0.174286	-4.30229	-3.38023	4.87674	4.51498	0.261313	-0.156726	
13.86	-0.225159	1.31737	-2.16709	0.491212	0.851003	-1.56998	1.05763	0	8.70282	1.06144	-0.711338	5.67655	-2.37831	-4.27875	-0.173567	-4.34332	-3.75383	5.19076	4.63754	0.262958	-0.155419	
13.86	-0.225159	1.31737	-2.16709	0.491212	0.851003	-1.56998	1.05763	0	9.0867	1.08391	-0.723347	5.92805	-2.45382	-4.41402	-0.172565	-4.41005	-4.13027	5.54164	4.76503	0.263026	-0.153417	
13.874	-0.225159	1.31737	-2.16709	0.491212	0.851003	-1.56998	1.05763	0	9.37252	1.05061	-0.726103	6.1335	-2.52249	-4.54639	-0.171811	-4.3272	-4.60919	5.81274	4.87778	0.258557	-0.152113	
13.888	-0.225159	1.31737	-2.16709	0.491212	0.851003	-1.56998	1.05763	0	9.76744	1.04853	-0.722399	6.37965	-2.59157	-4.66889	-0.171469	-4.35814	-4.99603	6.20724	4.98935	0.257606	-0.151196	
13.888	-0.225159	1.31737	-2.16709	0.491212	0.851003	-1.56998	1.05763	0	10.067	1.06346	-0.727731	6.58983	-2.65747	-4.78581	-0.171045	-4.37116	-5.39796	6.48526	5.09249	0.257787	-0.15063	
13.902	-0.225159	1.31737	-2.16709	0.491212	0.851003	-1.56998	1.05763	0	10.3853	1.0236	-0.720954	6.79706	-2.72047	-4.90071	-0.170546	-4.30335	-5.83564	6.81701	5.19023	0.251517	-0.149695	
13.916	-0.225159	1.31737	-2.16709	0.491212	0.851003	-1.56998	1.05763	0	10.7118	1.05605	-0.721643	7.02268	-2.79199	-5.01952	-0.169819	-4.35255	-6.22891	7.11827	5.29699	0.254868	-0.149574	
13.916	-0.225159	1.31737	-2.16709	0.491212	0.851003	-1.56998	1.05763	0	11.0576	1.06695	-0.720215	7.24554	-2.85667	-5.13239	-0.169194	-4.39031	-6.58832	7.45466	5.39945	0.255672	-0.148741	
13.93	-0.225159	1.31737	-2.16709	0.491212	0.851003	-1.56998	1.05763	0	11.3972	1.04227	-0.71608	7.44152	-2.9147	-5.23628	-0.168621	-4.41762	-6.82652	7.78806	5.50152	0.253319	-0.147312	
13.944	-0.225159	1.31737	-2.16709	0.491212	0.851003	-1.56998	1.05763	0	11.6732	1.04114	-0.723463	7.62253	-2.97106	-5.33786	-0.167604	-4.43301	-7.12527	8.04573	5.59592	0.250724	-0.145503	
13.958	-0.225159	1.31737	-2.16709	0.491212	0.851003	-1.56998	1.05763	0	11.9486	1.02985	-0.728171	7.79354	-3.02231	-5.43077	-0.166875	-4.44721	-7.38341	8.31152	5.68383	0.247042	-0.143776	
13.958	-0.225159	1.31737	-2.16709	0.491212	0.851003	-1.56998	1.05763	0	12.285	0.986875	-0.718852	7.97987	-3.06911	-5.52399	-0.166596	-4.44534	-7.62302	8.66379	5.77204	0.243815	-0.142096	
13.972	-0.225159	1.31737	-2.16709	0.491212	0.851003	-1.56998	1.05763	0	12.5797	0.977008	-0.72129	8.15266	-3.11367	-5.60662	-0.16597	-4.47736	-7.85077	8.96256	5.85079	0.240178	-0.140102	
13.986	-0.225159	1.31737	-2.16709	0.491212	0.851003	-1.56998	1.05763	0	12.8469	0.940683	-0.714706	8.3065	-3.15119	-5.67878	-0.165687	-4.45081	-8.10799	9.2571	5.91426	0.23418	-0.138662	
13.986	-0.225159	1.31737	-2.16709	0.491212	0.851003	-1.56998	1.05763	0	13.2015	0.962879	-0.706961	8.50522	-3.19541	-5.75322	-0.165185	-4.55971	-8.29528	9.6244	5.98743	0.237068	-0.137531	
14	-0.225159	1.31737	-2.16709	0.491212	0.851003	-1.56998	1.05763	0	13.4999	0.91443	-0.690368	8.6722	-3.2373	-5.82821	-0.163707	-4.52016	-8.57011	9.96234	6.05304	0.230901	-0.135463	
14.014	-0.225159	1.31737	-2.16709	0.491212	0.851003	-1.56998	1.05763	0	13.8202	0.890265	-0.677973	8.84319	-3.27736	-5.89878	-0.163057	-4.55401	-8.75265	10.3085	6.12162	0.228287	-0.133946	
14.028	-0.225159	1.31737	-2.16709	0.491212	0.851003	-1.56998	1.05763	0	14.0847	0.901293	-0.676062	8.99218	-3.31227	-5.95971	-0.162653	-4.62856	-8.89416	10.5771	6.18234	0.229037	-0.132751	
14.028	-0.225159	1.31737	-2.16709	0.491212	0.851003	-1.56998	1.05763	0	14.2965	0.869432	-0.670247	9.11045	-3.34108	-6.01216	-0.162647	-4.60789	-9.08531	10.8159	6.22906	0.222761	-0.131822	
14.042	-0.225159	1.31737	-2.16709	0.491212	0.851003	-1.56998	1.05763	0	14.5343	0.898845	-0.671113	9.258	-3.37876	-6.06718	-0.162397	-4.67518	-9.29542	11.0632	6.27938	0.221402	-0.131434	
14.056	-0.225159	1.31737	-2.16709	0.491212	0.851003	-1.56998	1.05763	0	14.7726	0.850688	-0.663185	9.38249	-3.40788	-6.11558	-0.16222	-4.64222	-9.48847	11.3472	6.32313	0.210223	-0.130042	
14.056	-0.225159	1.31737	-2.16709	0.491212	0.851003	-1.56998	1.05763	0	15.0258	0.814205	-0.651004	9.51817	-3.43735	-6.15876	-0.161938	-4.61695	-9.71877	11.6593	6.35872	0.199419	-0.129004	
14.07	-0.225159	1.31737	-2.16709	0.491212	0.851003	-1.56998	1.05763	0	15.2502	0.813155	-0.646659	9.64039	-3.46339	-6.18912	-0.16171	-4.64898	-9.8896	11.9285	6.38576	0.190784	-0.128195	
14.084	-0.225159	1.31737	-2.16709	0.491212	0.851003	-1.56998	1.05763	0	15.4495	0.824653	-0.642097	9.75346	-3.48589	-6.21162	-0.161573	-4.68418	-10.0698	12.1741	6.40284	0.183519	-0.127806	
14.098	-0.225159	1.31737	-2.16709	0.491212	0.851003	-1.56998	1.05763	0	15.5919	0.786306	-0.633766	9.828	-3.50059	-6.21795	-0.161335	-4.61985	-10.2785	12.394	6.4002	0.166108	-0.1271	
14.098	-0.225159	1.31737	-2.16709	0.491212	0.851003	-1.56998	1.05763	0	15.6838	0.787194	-0.628489	9.87774	-3.5047	-6.20211	-0.161307	-4.60595	-10.4306	12.5565	6.37661	0.153494	-0.127041	
14.112	-0.225159	1.31737	-2.16709	0.491212	0.851003	-1.56998	1.05763	0	15.7025	0.793277	-0.627738	9.88685	-3.49606	-6.16418	-0.161094	-4.58215	-10.5441	12.6486	6.33077	0.139657	-0.126675	
14.126	-0.225159	1.31737	-2.16709	0.491212	0.851003	-1.56998	1.05763	0	15.6424	0.72114	-0.609716	9.82522	-3.46512	-6.099	-0.161241	-4.44403	-10.5752	12.6963	6.25725	0.121224	-0.126368	
14.126	-0.225159	1.31737	-2.16709	0.491212	0.851003	-1.56998	1.05763	0	15.5119	0.732275	-0.602531	9.73037	-3.42051	-5.99669	-0.162025	-4.42922	-10.4901	12.6545	6.15237	0.110142	-0.127401	
14.14	-0.225159	1.31737	-2.16709	0.491212	0.851003	-1.56998	1.05763	0	15.2251	0.679589	-0.579137	9.52247	-3.33655	-5.83981	-0.162618	-4.29909	-10.2817	12.4962	5.99064	0.0963779	-0.12804	
14.154	-0.225159	1.31737	-2.16709	0.491212	0.851003	-1.56998	1.05763	0	14.851	0.682243	-0.555803	9.26561	-3.23504	-5.65805	-0.164015	-4.26101	-9.90875	12.2145	5.80986	0.0976325	-0.130308	
14.168	-0.225159	1.31737	-2.16709	0.491212	0.851003	-1.56998	1.05763	0	14.4485	0.682135	-0.53086	9.00569	-3.13749	-5.48119	-0.16477	-4.18262	-9.61084	11.9043	5.62821	0.0983384	-0.132566	
14.168	-0.225159	1.31737	-2.16709	0.491212	0.851003	-1.56998	1.05763	0	14.0401	0.579288	-0.472849	8.72957	-3.03621	-5.31767	-0.165136	-3.92799	-9.39601	11.6243	5.44871	0.0985557	-0.135035	
14.182	-0.225159	1.31737	-2.16709	0.491212	0.851003	-1.56998	1.05763	0	13.6561	0.563832	-0.428897	8.46321	-2.93858	-5.15101	-0.166196	-3.87293	-8.97483	11.3098	5.28378	0.111346	-0.138499	
14.196	-0.225159	1.31737	-2.16709	0.491212	0.851003	-1.56998	1.05763	0	13.2584	0.549755	-0.400947	8.18692	-2.83617	-4.98047	-0.167226	-3.82986	-8.51662	10.9755	5.11872	0.119282	-0.140535	
14.196	-0.225159	1.31737	-2.16709	0.491212	0.851003	-1.56998	1.05763	0	12.8463	0.486756	-0.368526	7.88758	-2.73353	-4.81312	-0.168549	-3.73482	-8.00201	10.6273	4.96134	0.123083	-0.142544	
14.21	-0.225159	1.31737	-2.16709	0.491212	0.851003	-1.56998	1.05763	0	12.49	0.440335	-0.344057	7.60877	-2.63958	-4.65419	-0.169568	-3.72076	-7.38617	10.3129	4.82431	0.12726	-0.143815	
14.224	-0.225159	1.31737	-2.16709	0.491212	0.851003	-1.56998	1.05763	0	12.1175	0.430562	-0.340781	7.33622	-2.55335	-4.50075	-0.170298	-3.75191	-6.78133	9.95676	4.69579	0.128549	-0.144381	
14.238	-0.225159	1.31737	-2.16709	0.491212	0.851003	-1.56998	1.05763	0	11.7534	0.372064	-0.326655	7.0729	-2.47071	-4.36224	-0.170672	-3.67606	-6.30437	9.63179	4.57194	0.126071	-0.14466	
14.238	-0.225159	1.31737	-2.16709	0.491212	0.851003	-1.56998	1.05763	0	11.3862	0.355284	-0.316875	6.83617	-2.39671	-4.22967	-0.170683	-3.60678	-5.97559	9.30428	4.44417	0.124772	-0.14549	
14.252	-0.225159	1.31737	-2.16709	0.491212	0.851003	-1.56998	1.05763	0	11.0699	0.358589	-0.310068	6.64645	-2.33139	-4.11033	-0.171231	-3.53291	-5.8069	9.0421	4.31974	0.121956	-0.146841	
14.266	-0.225159	1.31737	-2.16709	0.491212	0.851003	-1.56998	1.05763	0	10.7218	0.355046	-0.296546	6.45276	-2.27141	-3.99691	-0.171961	-3.40648	-5.73008	8.75052	4.19381	0.119565	-0.149461	
14.266	-0.225159	1.31737	-2.16709	0.491212	0.851003	-1.56998	1.05763	0	10.4762	0.345129	-0.277214	6.29127	-2.21947	-3.89021	-0.173173	-3.34976	-5.54184	8.56156	4.08686	0.117445	-0.152311	
14.28	-0.225159	1.31737	-2.16709	0.491212	0.851003	-1.56998	1.05763	0	10.1741	0.374392	-0.270799	6.12082	-2.17282	-3.784	-0.174319	-3.31292	-5.39673	8.29238	3.9784	0.115988	-0.155699	
14.294	-0.225159	1.31737	-2.16709	0.491212	0.851003	-1.56998	1.05763	0	9.92519	0.365068	-0.25701	5.95553	-2.12596	-3.6786	-0.17534	-3.26969	-5.17436	8.09046	3.87779	0.111005	-0.158334	
14.308	-0.225159	1.31737	-2.16709	0.491212	0.851003	-1.56998	1.05763	0	9.60381	0.410635	-0.261051	5.77542	-2.08169	-3.57589	-0.176684	-3.27323	-4.961	7.77344	3.77932	0.111006	-0.161687	
14.308	-0.225159	1.31737	-2.16709	0.491212	0.851003	-1.56998	1.05763	0	9.36228	0.37232	-0.254298	5.59776	-2.03129	-3.47603	-0.177831	-3.22901	-4.63883	7.5665	3.69237	0.103464	-0.163012	
14.322	-0.225159	1.31737	-2.16709	0.491212	0.851003	-1.56998	1.05763	0	9.12948	0.396597	-0.258038	5.44032	-1.98291	-3.38041	-0.178434	-3.27508	-4.31002	7.3398	3.61032	0.104157	-0.163944	
14.336	-0.225159	1.31737	-2.16709	0.491212	0.851003	-1.56998	1.05763	0	8.83877	0.44248	-0.269693	5.27902	-1.93514	-3.2917	-0.17888	-3.2869	-4.10589	7.04403	3.5243	0.106723	-0.165011	
14.336	-0.225159	1.31737	-2.16709	0.491212	0.851003	-1.56998	1.05763	0	8.5605	0.41436	-0.268524	5.11421	-1.88704	-3.21151	-0.179101	-3.17893	-3.97027	6.79268	3.44102	0.101978	-0.16543	
14.35	-0.225159	1.31737	-2.16709	0.491212	0.851003	-1.56998	1.05763	0	8.37267	0.387652	-0.254077	4.97641	-1.84062	-3.13277	-0.179301	-3.14227	-3.72306	6.63431	3.36816	0.103131	-0.166017	
14.364	-0.225159	1.31737	-2.16709	0.491212	0.851003	-1.56998	1.05763	0	8.08724	0.401237	-0.250607	4.80805	-1.7875	-3.05149	-0.179173	-3.11728	-3.48866	6.34387	3.28812	0.111855	-0.166635	
14.364	-0.225159	1.31737	-2.16709	0.491212	0.851003	-1.56998	1.05763	0	7.80158	0.431313	-0.249441	4.65014	-1.73993	-2.97251	-0.179061	-3.09777	-3.30815	6.05259	3.20768	0.119986	-0.167735	
14.378	-0.225159	1.31737	-2.16709	0.491212	0.851003	-1.56998	1.05763	0	7.5331	0.450128	-0.240343	4.50258	-1.69509	-2.90279	-0.179327	-3.0577	-3.16068	5.78082	3.13345	0.130587	-0.169543	
14.392	-0.225159	1.31737	-2.16709	0.491212	0.851003	-1.56998	1.05763	0	7.3007	0.42241	-0.224204	4.35208	-1.6478	-2.82958	-0.179564	-2.98583	-2.96021	5.56778	3.06045	0.135105	-0.170624	
14.406	-0.225159	1.31737	-2.16709	0.491212	0.851003	-1.56998	1.05763	0	7.05093	0.456659	-0.229468	4.21048	-1.60634	-2.75846	-0.18006	-2.99771	-2.7551	5.30412	2.99273	0.141387	-0.17184	
14.406	-0.225159	1.31737	-2.16709	0.491212	0.851003	-1.56998	1.05763	0	6.77739	0.469852	-0.231811	4.05267	-1.56506	-2.69174	-0.180682	-2.97926	-2.52817	5.0089	2.93043	0.147941	-0.173293	
14.42	-0.225159	1.31737	-2.16709	0.491212	0.851003	-1.56998	1.05763	0	6.53817	0.459179	-0.23543	3.90105	-1.52377	-2.62593	-0.181125	-2.95233	-2.27267	4.7593	2.87281	0.149345	-0.173708	
14.434	-0.225159	1.31737	-2.16709	0.491212	0.851003	-1.56998	1.05763	0	6.24332	0.495367	-0.250234	3.75069	-1.48609	-2.56536	-0.182164	-2.93253	-2.1284	4.43348	2.81159	0.154452	-0.175365	
14.434	-0.225159	1.31737	-2.16709	0.491212	0.851003	-1.56998	1.05763	0	6.0513	0.492232	-0.248458	3.6196	-1.44329	-2.49247	-0.18248	-2.92826	-1.88455	4.25251	2.74612	0.155556	-0.175671	
14.448	-0.225159	1.31737	-2.16709	0.491212	0.851003	-1.56998	1.05763	0	5.83627	0.455769	-0.238644	3.45293	-1.38784	-2.39281	-0.182954	-2.89581	-1.55597	4.07771	2.65814	0.151142	-0.175924	
14.462	-0.225159	1.31737	-2.16709	0.491212	0.851003	-1.56998	1.05763	0	5.57283	0.461421	-0.238403	3.26091	-1.32479	-2.28224	-0.184794	-2.9398	-1.1176	3.82202	2.56548	0.153913	-0.177537	
14.476	-0.225159	1.31737	-2.16709	0.491212	0.851003	-1.56998	1.05763	0	5.36175	0.497378	-0.240846	3.10736	-1.27695	-2.19577	-0.185228	-3.04462	-0.682186	3.5879	2.50007	0.162961	-0.178259	
14.476	-0.225159	1.31737	-2.16709	0.491212	0.851003	-1.56998	1.05763	0	5.11829	0.47465	-0.231552	2.95612	-1.23328	-2.13501	-0.185307	-2.9822	-0.466073	3.33894	2.4414	0.16976	-0.178936	
14.49	-0.225159	1.31737	-2.16709	0.491212	0.851003	-1.56998	1.05763	0	4.88028	0.521788	-0.237212	2.82524	-1.20442	-2.09091	-0.18555	-3.03786	-0.200039	3.03763	2.40698	0.185265	-0.180509	
14.504	-0.225159	1.31737	-2.16709	0.491212	0.851003	-1.56998	1.05763	0	4.64664	0.502977	-0.238235	2.69169	-1.17082	-2.05359	-0.185584	-2.97356	-0.0283794	2.77418	2.37104	0.19215	-0.180708	
14.504	-0.225159	1.31737	-2.16709	0.491212	0.851003	-1.56998	1.05763	0	4.43158	0.530354	-0.242619	2.57163	-1.14522	-2.01962	-0.18606	-3.00313	0.209985	2.50004	2.34559	0.205673	-0.182154	
14.518	-0.225159	1.31737	-2.16709	0.491212	0.851003	-1.56998	1.05763	0	4.27472	0.578398	-0.254541	2.48337	-1.12517	-1.99218	-0.185939	-3.08663	0.453994	2.28064	2.33011	0.218473	-0.18243	
14.532	-0.225159	1.31737	-2.16709	0.491212	0.851003	-1.56998	1.05763	0	4.04339	0.54285	-0.256178	2.35538	-1.09548	-1.96295	-0.185558	-2.98243	0.569113	2.02481	2.29901	0.22195	-0.182065	
14.546	-0.225159	1.31737	-2.16709	0.491212	0.851003	-1.56998	1.05763	0	3.85996	0.572575	-0.2651	2.26266	-1.07412	-1.93461	-0.185127	-2.99232	0.70097	1.79972	2.27305	0.23062	-0.18219	
14.546	-0.225159	1.31737	-2.16709	0.491212	0.851003	-1.56998	1.05763	0	3.70271	0.585111	-0.270398	2.18178	-1.05027	-1.90591	-0.184667	-2.97066	0.781025	1.62383	2.24238	0.23622	-0.181834	
14.56	-0.225159	1.31737	-2.16709	0.491212	0.851003	-1.56998	1.05763	0	3.54912	0.564292	-0.269185	2.09985	-1.02859	-1.87926	-0.18431	-2.88878	0.811469	1.47094	2.21051	0.236743	-0.181669	
14.574	-0.225159	1.31737	-2.16709	0.491212	0.851003	-1.56998	1.05763	0	3.3799	0.59529	-0.273574	2.02909	-1.00943	-1.85279	-0.184007	-2.85537	0.794755	1.28657	2.17497	0.243116	-0.182283	
14.574	-0.225159	1.31737	-2.16709	0.491212	0.851003	-1.56998	1.05763	0	3.2479	0.578297	-0.269964	1.96066	-0.98893	-1.83085	-0.183673	-2.77954	0.804899	1.15676	2.14615	0.24559	-0.182175	
14.588	-0.225159	1.31737	-2.16709	0.491212	0.851003	-1.56998	1.05763	0	3.11733	0.593875	-0.269317	1.90164	-0.972849	-1.81101	-0.183373	-2.74907	0.815207	1.01329	2.12024	0.252028	-0.182664	
14.602	-0.225159	1.31737	-2.16709	0.491212	0.851003	-1.56998	1.05763	0	2.95387	0.606103	-0.273595	1.82849	-0.957471	-1.79295	-0.182719	-2.70361	0.829203	0.826217	2.09661	0.257275	-0.182749	
14.616	-0.225159	1.31737	-2.16709	0.491212	0.851003	-1.56998	1.05763	0	2.85407	0.623511	-0.276192	1.77495	-0.943233	-1.77425	-0.182317	-2.71665	0.922899	0.704342	2.07997	0.263538	-0.182698	
14.616	-0.225159	1.31737	-2.16709	0.491212	0.851003	-1.56998	1.05763	0	2.72683	0.647044	-0.283582	1.70951	-0.930444	-1.7563	-0.182195	-2.73625	1.03784	0.540483	2.06611	0.270065	-0.183038	
14.63	-0.225159	1.31737	-2.16709	0.491212	0.851003	-1.56998	1.05763	0	2.59503	0.64256	-0.287751	1.6431	-0.917003	-1.73852	-0.182177	-2.69042	1.07573	0.394556	2.04644	0.271067	-0.183299	
14.644	-0.225159	1.31737	-2.16709	0.491212	0.851003	-1.56998	1.05763	0	2.48338	0.658665	-0.294402	1.58629	-0.904523	-1.71584	-0.181981	-2.68903	1.13928	0.26819	2.02488	0.272591	-0.183431	
14.644	-0.225159	1.31737	-2.16709	0.491212	0.851003	-1.56998	1.05763	0	2.3792	0.674623	-0.299144	1.53901	-0.89415	-1.69784	-0.181892	-2.67382	1.15377	0.153472	2.00429	0.274406	-0.183828	
14.658	-0.225159	1.31737	-2.16709	0.491212	0.851003	-1.56998	1.05763	0	2.28233	0.695217	-0.302977	1.49254	-0.883637	-1.67662	-0.182166	-2.67519	1.18988	0.0468376	1.98233	0.276609	-0.184684	
14.672	-0.225159	1.31737	-2.16709	0.491212	0.851003	-1.56998	1.05763	0	2.21747	0.682803	-0.298342	1.44942	-0.871866	-1.65648	-0.181911	-2.64974	1.2484	-0.0118543	1.96302	0.27661	-0.18471	
14.686	-0.225159	1.31737	-2.16709	0.491212	0.851003	-1.56998	1.05763	0	2.16083	0.699731	-0.299502	1.4164	-0.862338	-1.63758	-0.181999	-2.67205	1.31716	-0.0751406	1.94659	0.279332	-0.185137	
14.686	-0.225159	1.31737	-2.16709	0.491212	0.851003	-1.56998	1.05763	0	2.07251	0.686786	-0.299855	1.36528	-0.853427	-1.62738	-0.182461	-2.64272	1.38573	-0.178858	1.93828	0.28095	-0.1858	
14.7	-0.225159	1.31737	-2.16709	0.491212	0.851003	-1.56998	1.05763	0	2.03493	0.693728	-0.300923	1.33695	-0.850189	-1.62407	-0.182667	-2.67964	1.51203	-0.245828	1.94321	0.286373	-0.186239	
14.714	-0.225159	1.31737	-2.16709	0.491212	0.851003	-1.56998	1.05763	0	1.98672	0.725846	-0.310607	1.31198	-0.850509	-1.62333	-0.183349	-2.74714	1.63196	-0.338855	1.95152	0.292664	-0.187211	
14.714	-0.225159	1.31737	-2.16709	0.491212	0.851003	-1.56998	1.05763	0	1.88408	0.739245	-0.316875	1.26643	-0.847763	-1.62211	-0.18354	-2.74319	1.68233	-0.480134	1.95179	0.297848	-0.188043	
14.728	-0.225159	1.31737	-2.16709	0.491212	0.851003	-1.56998	1.05763	0	1.91724	0.702796	-0.311018	1.2553	-0.843413	-1.61754	-0.183877	-2.75299	1.82189	-0.442219	1.95799	0.295914	-0.187644	
14.742	-0.225159	1.31737	-2.16709	0.491212	0.851003	-1.56998	1.05763	0	1.84237	0.728415	-0.318278	1.22537	-0.83919	-1.60568	-0.184785	-2.76248	1.82834	-0.531376	1.94515	0.2973	-0.189036	
14.756	-0.225159	1.31737	-2.16709	0.491212	0.851003	-1.56998	1.05763	0	1.77848	0.719765	-0.320439	1.19712	-0.835651	-1.59651	-0.185328	-2.7144	1.79035	-0.589668	1.93198	0.293571	-0.189828	
14.756	-0.225159	1.31737	-2.16709	0.491212	0.851003	-1.56998	1.05763	0	1.74919	0.726898	-0.316623	1.18626	-0.831744	-1.58529	-0.185715	-2.6994	1.75436	-0.607268	1.91632	0.293712	-0.190808	
14.77	-0.225159	1.31737	-2.16709	0.491212	0.851003	-1.56998	1.05763	0	1.77803	0.750364	-0.316395	1.19973	-0.830312	-1.57654	-0.185957	-2.74682	1.76936	-0.570427	1.909	0.294843	-0.191133	
14.784	-0.225159	1.31737	-2.16709	0.491212	0.851003	-1.56998	1.05763	0	1.73054	0.740004	-0.314079	1.178	-0.825831	-1.56823	-0.18577	-2.70149	1.73463	-0.608611	1.89623	0.292988	-0.191269	
14.784	-0.225159	1.31737	-2.16709	0.491212	0.851003	-1.56998	1.05763	0	1.75806	0.750121	-0.31104	1.18037	-0.821491	-1.55486	-0.186056	-2.74809	1.80455	-0.571358	1.88799	0.293595	-0.191512	
14.798	-0.225159	1.31737	-2.16709	0.491212	0.851003	-1.56998	1.05763	0	1.80656	0.759957	-0.311334	1.18451	-0.818024	-1.54562	-0.185824	-2.83105	1.95898	-0.528048	1.89131	0.295521	-0.190754	
14.812	-0.225159	1.31737	-2.16709	0.491212	0.851003	-1.56998	1.05763	0	1.72802	0.756805	-0.316602	1.14322	-0.813502	-1.5464	-0.185556	-2.82173	2.03478	-0.639701	1.8956	0.299356	-0.190527	
14.812	-0.225159	1.31737	-2.16709	0.491212	0.851003	-1.56998	1.05763	0	1.72815	0.768283	-0.330309	1.1313	-0.818134	-1.55715	-0.18513	-2.90279	2.21979	-0.691618	1.92302	0.302872	-0.1894	
14.826	-0.225159	1.31737	-2.16709	0.491212	0.851003	-1.56998	1.05763	0	1.57692	0.777918	-0.347457	1.08172	-0.81617	-1.56498	-0.184836	-2.83144	2.13473	-0.882225	1.92188	0.303957	-0.189296	
14.84	-0.225159	1.31737	-2.16709	0.491212	0.851003	-1.56998	1.05763	0	1.49323	0.797895	-0.356649	1.05701	-0.81393	-1.55668	-0.184838	-2.80132	2.05676	-0.970835	1.90659	0.302079	-0.189748	
14.854	-0.225159	1.31737	-2.16709	0.491212	0.851003	-1.56998	1.05763	0	1.44244	0.779358	-0.345525	1.02915	-0.801069	-1.53371	-0.185072	-2.73214	1.9965	-0.984692	1.87461	0.299472	-0.190478	
14.854	-0.225159	1.31737	-2.16709	0.491212	0.851003	-1.56998	1.05763	0	1.38623	0.827375	-0.345876	1.00024	-0.790148	-1.50176	-0.185544	-2.794	2.05892	-1.04021	1.84442	0.303665	-0.191911	
14.868	-0.225159	1.31737	-2.16709	0.491212	0.851003	-1.56998	1.05763	0	1.29391	0.797607	-0.341517	0.940176	-0.774461	-1.4726	-0.185355	-2.72883	2.10014	-1.11175	1.81429	0.298635	-0.191844	
14.882	-0.225159	1.31737	-2.16709	0.491212	0.851003	-1.56998	1.05763	0	1.18637	0.825521	-0.350484	0.885571	-0.766233	-1.4597	-0.184714	-2.76434	2.22053	-1.26067	1.80749	0.304959	-0.191675	
14.882	-0.225159	1.31737	-2.16709	0.491212	0.851003	-1.56998	1.05763	0	1.09494	0.810915	-0.353962	0.822042	-0.755494	-1.44928	-0.184228	-2.76702	2.39719	-1.38606	1.80723	0.308473	-0.191027	
14.896	-0.225159	1.31737	-2.16709	0.491212	0.851003	-1.56998	1.05763	0	1.03112	0.809165	-0.360323	0.764154	-0.743224	-1.43686	-0.183777	-2.82584	2.65722	-1.49329	1.81179	0.314319	-0.189997	
14.91	-0.225159	1.31737	-2.16709	0.491212	0.851003	-1.56998	1.05763	0	0.926104	0.846714	-0.380486	0.709224	-0.735181	-1.42446	-0.183388	-2.89223	2.81913	-1.65144	1.81022	0.318777	-0.189324	
14.924	-0.225159	1.31737	-2.16709	0.491212	0.851003	-1.56998	1.05763	0	0.847845	0.844983	-0.388576	0.659465	-0.725841	-1.40961	-0.183523	-2.89844	2.93289	-1.74887	1.80217	0.318341	-0.189152	
14.924	-0.225159	1.31737	-2.16709	0.491212	0.851003	-1.56998	1.05763	0	0.789925	0.840382	-0.393948	0.626761	-0.717406	-1.39709	-0.183686	-2.8802	2.96339	-1.80825	1.79012	0.31625	-0.188992	
14.938	-0.225159	1.31737	-2.16709	0.491212	0.851003	-1.56998	1.05763	0	0.720061	0.861779	-0.396357	0.604358	-0.710193	-1.38295	-0.183617	-2.85972	2.90121	-1.87384	1.76832	0.317247	-0.189486	
14.952	-0.225159	1.31737	-2.16709	0.491212	0.851003	-1.56998	1.05763	0	0.708002	0.842208	-0.389385	0.594072	-0.702905	-1.37006	-0.18399	-2.81279	2.85989	-1.85625	1.75028	0.313638	-0.189864	
14.952	-0.225159	1.31737	-2.16709	0.491212	0.851003	-1.56998	1.05763	0	0.718665	0.853757	-0.386236	0.599751	-0.699678	-1.36089	-0.184252	-2.82612	2.84461	-1.83166	1.73913	0.314117	-0.190322	
14.966	-0.225159	1.31737	-2.16709	0.491212	0.851003	-1.56998	1.05763	0	0.702367	0.845048	-0.384165	0.582273	-0.695727	-1.35237	-0.184391	-2.82564	2.89892	-1.84645	1.73395	0.313495	-0.190489	
14.98	-0.225159	1.31737	-2.16709	0.491212	0.851003	-1.56998	1.05763	0	0.726433	0.84481	-0.382986	0.574019	-0.691506	-1.34341	-0.184765	-2.88406	3.04729	-1.82934	1.73637	0.315207	-0.190494	
14.994	-0.225159	1.31737	-2.16709	0.491212	0.851003	-1.56998	1.05763	0	0.681225	0.870646	-0.397365	0.547041	-0.689476	-1.33829	-0.185362	-2.94696	3.17263	-1.91159	1.74132	0.317492	-0.190766	
14.994	-0.225159	1.31737	-2.16709	0.491212	0.851003	-1.56998	1.05763	0	0.728	0.814882	-0.39378	0.537684	-0.684111	-1.33463	-0.185554	-2.93566	3.30916	-1.85027	1.74896	0.31111	-0.189504	
15.008	-0.225159	1.31737	-2.16709	0.491212	0.851003	-1.56998	1.05763	0	0.732554	0.83283	-0.400021	0.532441	-0.683806	-1.32936	-0.186383	-2.99608	3.40464	-1.86121	1.75209	0.312238	-0.190113	
15.022	-0.225159	1.31737	-2.16709	0.491212	0.851003	-1.56998	1.05763	0	0.751936	0.840438	-0.405887	0.537426	-0.681526	-1.32282	-0.187097	-3.02527	3.4328	-1.83618	1.74872	0.309586	-0.190184	
15.022	-0.225159	1.31737	-2.16709	0.491212	0.851003	-1.56998	1.05763	0	0.758093	0.843511	-0.40536	0.542515	-0.680002	-1.31615	-0.187282	-3.0188	3.39433	-1.81388	1.73916	0.307138	-0.190371	
15.036	-0.225159	1.31737	-2.16709	0.491212	0.851003	-1.56998	1.05763	0	0.796688	0.812428	-0.39333	0.552233	-0.675309	-1.30946	-0.186903	-2.97665	3.35975	-1.73754	1.72873	0.303433	-0.18978	
15.05	-0.225159	1.31737	-2.16709	0.491212	0.851003	-1.56998	1.05763	0	0.758597	0.857915	-0.400295	0.552742	-0.674897	-1.30398	-0.186904	-3.00095	3.29194	-1.78365	1.71726	0.30659	-0.190404	
15.064	-0.225159	1.31737	-2.16709	0.491212	0.851003	-1.56998	1.05763	0	0.765494	0.803428	-0.385723	0.545058	-0.669827	-1.30011	-0.186957	-2.91183	3.24674	-1.7403	1.70809	0.301556	-0.190352	
15.064	-0.225159	1.31737	-2.16709	0.491212	0.851003	-1.56998	1.05763	0	0.812457	0.832474	-0.388323	0.564002	-0.671798	-1.29485	-0.186723	-2.99101	3.311	-1.69642	1.70955	0.303221	-0.190082	
15.078	-0.225159	1.31737	-2.16709	0.491212	0.851003	-1.56998	1.05763	0	0.787568	0.832418	-0.390416	0.549146	-0.669837	-1.29235	-0.187222	-2.99315	3.3438	-1.73006	1.70899	0.303792	-0.190568	
15.092	-0.225159	1.31737	-2.16709	0.491212	0.851003	-1.56998	1.05763	0	0.782522	0.825522	-0.392164	0.538377	-0.66754	-1.28928	-0.187591	-3.00179	3.40083	-1.73961	1.71027	0.303089	-0.190612	
15.092	-0.225159	1.31737	-2.16709	0.491212	0.851003	-1.56998	1.05763	0	0.811976	0.811467	-0.390984	0.537985	-0.665688	-1.28339	-0.187951	-3.01871	3.4723	-1.70171	1.71079	0.300207	-0.190465	
15.106	-0.225159	1.31737	-2.16709	0.491212	0.851003	-1.56998	1.05763	0	0.87904	0.849037	-0.397683	0.561062	-0.667425	-1.27772	-0.188178	-3.13904	3.59754	-1.64606	1.71737	0.302623	-0.190228	
15.12	-0.225159	1.31737	-2.16709	0.491212	0.851003	-1.56998	1.05763	0	0.832546	0.790312	-0.391869	0.529805	-0.660807	-1.27509	-0.18838	-3.02775	3.55854	-1.67161	1.70959	0.296019	-0.190015	
15.134	-0.225159	1.31737	-2.16709	0.491212	0.851003	-1.56998	1.05763	0	0.839121	0.817475	-0.395842	0.539344	-0.661237	-1.26934	-0.188137	-3.06177	3.54251	-1.66327	1.70324	0.296384	-0.189928	
15.134	-0.225159	1.31737	-2.16709	0.491212	0.851003	-1.56998	1.05763	0	0.866706	0.813575	-0.391244	0.550543	-0.658011	-1.26394	-0.187853	-3.0574	3.51949	-1.61524	1.69547	0.295263	-0.189482	
15.148	-0.225159	1.31737	-2.16709	0.491212	0.851003	-1.56998	1.05763	0	0.839912	0.797268	-0.388018	0.541775	-0.655737	-1.26139	-0.187507	-2.99971	3.4479	-1.62665	1.68623	0.292424	-0.189297	
15.162	-0.225159	1.31737	-2.16709	0.491212	0.851003	-1.56998	1.05763	0	0.867447	0.83186	-0.390232	0.562384	-0.655463	-1.25711	-0.187396	-3.0506	3.43048	-1.59615	1.6808	0.295142	-0.189292	
15.162	-0.225159	1.31737	-2.16709	0.491212	0.851003	-1.56998	1.05763	0	0.929984	0.813983	-0.382641	0.577388	-0.654268	-1.25424	-0.187783	-3.06813	3.48541	-1.51592	1.68281	0.29374	-0.189262	
15.176	-0.225159	1.31737	-2.16709	0.491212	0.851003	-1.56998	1.05763	0	0.910298	0.773357	-0.380166	0.555342	-0.649161	-1.25141	-0.188117	-3.01406	3.51049	-1.52566	1.68091	0.289275	-0.189023	
15.19	-0.225159	1.31737	-2.16709	0.491212	0.851003	-1.56998	1.05763	0	0.859704	0.80014	-0.387318	0.533407	-0.647862	-1.2472	-0.188069	-3.05122	3.56947	-1.60415	1.68048	0.293362	-0.189343	
15.204	-0.225159	1.31737	-2.16709	0.491212	0.851003	-1.56998	1.05763	0	0.917923	0.784902	-0.386241	0.538961	-0.644584	-1.24339	-0.187805	-3.09855	3.70678	-1.54359	1.68816	0.2924	-0.188101	
15.204	-0.225159	1.31737	-2.16709	0.491212	0.851003	-1.56998	1.05763	0	0.918451	0.784829	-0.385209	0.53275	-0.641645	-1.24155	-0.187201	-3.11636	3.76472	-1.55	1.68986	0.294786	-0.187383	
15.218	-0.225159	1.31737	-2.16709	0.491212	0.851003	-1.56998	1.05763	0	0.912419	0.814368	-0.390404	0.535067	-0.641505	-1.23849	-0.187122	-3.15953	3.78038	-1.56747	1.68806	0.297644	-0.187455	
15.232	-0.225159	1.31737	-2.16709	0.491212	0.851003	-1.56998	1.05763	0	0.962092	0.773536	-0.382197	0.543588	-0.638431	-1.23617	-0.187141	-3.12665	3.79361	-1.48826	1.68698	0.292405	-0.186743	
15.232	-0.225159	1.31737	-2.16709	0.491212	0.851003	-1.56998	1.05763	0	0.975078	0.809441	-0.385643	0.562474	-0.640315	-1.23449	-0.187215	-3.16404	3.7446	-1.47487	1.682	0.294652	-0.187128	
15.246	-0.225159	1.31737	-2.16709	0.491212	0.851003	-1.56998	1.05763	0	0.974129	0.794127	-0.379571	0.564081	-0.637743	-1.23223	-0.187907	-3.11912	3.6757	-1.45482	1.67325	0.292738	-0.1879	
15.26	-0.225159	1.31737	-2.16709	0.491212	0.851003	-1.56998	1.05763	0	0.948286	0.769713	-0.374911	0.551794	-0.635248	-1.22721	-0.188048	-3.0545	3.61307	-1.46024	1.66247	0.288275	-0.188192	
15.26	-0.225159	1.31737	-2.16709	0.491212	0.851003	-1.56998	1.05763	0	1.01524	0.786667	-0.372363	0.574815	-0.635083	-1.22202	-0.188266	-3.12731	3.68659	-1.38787	1.66401	0.290365	-0.188203	
15.274	-0.225159	1.31737	-2.16709	0.491212	0.851003	-1.56998	1.05763	0	1.07829	0.734332	-0.35929	0.574989	-0.627837	-1.21565	-0.187968	-3.1137	3.79449	-1.29771	1.66511	0.287145	-0.186978	
15.288	-0.225159	1.31737	-2.16709	0.491212	0.851003	-1.56998	1.05763	0	1.17396	0.741873	-0.352112	0.59259	-0.62389	-1.19983	-0.188035	-3.22177	3.98219	-1.19057	1.66487	0.288752	-0.186614	
15.302	-0.225159	1.31737	-2.16709	0.491212	0.851003	-1.56998	1.05763	0	1.26438	0.724099	-0.345411	0.601889	-0.615454	-1.18151	-0.188471	-3.2903	4.15885	-1.07518	1.66071	0.28602	-0.185932	
15.302	-0.225159	1.31737	-2.16709	0.491212	0.851003	-1.56998	1.05763	0	1.28489	0.726339	-0.351548	0.596384	-0.611725	-1.17122	-0.188797	-3.34052	4.27118	-1.05615	1.66025	0.28346	-0.185448	
15.316	-0.225159	1.31737	-2.16709	0.491212	0.851003	-1.56998	1.05763	0	1.39965	0.638569	-0.328548	0.613691	-0.601541	-1.16235	-0.189321	-3.27997	4.32498	-0.874257	1.65454	0.274852	-0.184514	
15.33	-0.225159	1.31737	-2.16709	0.491212	0.851003	-1.56998	1.05763	0	1.43994	0.627626	-0.323365	0.614253	-0.592788	-1.14099	-0.190061	-3.3004	4.38696	-0.800662	1.63757	0.270321	-0.184688	
15.33	-0.225159	1.31737	-2.16709	0.491212	0.851003	-1.56998	1.05763	0	1.51045	0.628156	-0.322491	0.63782	-0.587624	-1.12371	-0.190192	-3.33024	4.39411	-0.689945	1.62216	0.263848	-0.183983	
15.344	-0.225159	1.31737	-2.16709	0.491212	0.851003	-1.56998	1.05763	0	1.55912	0.541299	-0.298371	0.628656	-0.572978	-1.10016	-0.19037	-3.22523	4.39174	-0.56167	1.59573	0.252498	-0.183405	
15.358	-0.225159	1.31737	-2.16709	0.491212	0.851003	-1.56998	1.05763	0	1.65397	0.549854	-0.288968	0.659249	-0.56539	-1.08126	-0.190415	-3.2861	4.44038	-0.427267	1.58024	0.251905	-0.182986	
15.372	-0.225159	1.31737	-2.16709	0.491212	0.851003	-1.56998	1.05763	0	1.71372	0.540029	-0.279299	0.664565	-0.554532	-1.05679	-0.190345	-3.3222	4.53011	-0.329573	1.56158	0.249214	-0.182404	
15.372	-0.225159	1.31737	-2.16709	0.491212	0.851003	-1.56998	1.05763	0	1.78433	0.493373	-0.259758	0.672323	-0.542537	-1.03665	-0.190414	-3.29151	4.5615	-0.199457	1.54171	0.244059	-0.181896	
15.386	-0.225159	1.31737	-2.16709	0.491212	0.851003	-1.56998	1.05763	0	1.76934	0.515434	-0.266931	0.663487	-0.533371	-1.01417	-0.189697	-3.31834	4.57345	-0.198204	1.51937	0.24068	-0.18076	
15.4	-0.225159	1.31737	-2.16709	0.491212	0.851003	-1.56998	1.05763	0	1.80331	0.419334	-0.242512	0.640632	-0.514451	-0.982501	-0.190223	-3.20308	4.59474	-0.0779104	1.48595	0.227285	-0.180359	
15.4	-0.225159	1.31737	-2.16709	0.491212	0.851003	-1.56998	1.05763	0	1.83379	0.465829	-0.24467	0.649447	-0.507125	-0.958992	-0.19037	-3.30177	4.67121	-0.0380534	1.46783	0.229846	-0.18051	
15.414	-0.225159	1.31737	-2.16709	0.491212	0.851003	-1.56998	1.05763	0	1.86577	0.539313	-0.264148	0.690604	-0.525309	-0.983903	-0.188895	-3.41746	4.67098	-0.0612458	1.49786	0.236977	-0.179333	
15.428	-0.225159	1.31737	-2.16709	0.491212	0.851003	-1.56998	1.05763	0	1.69984	0.0710026	-0.16711	0.494532	-0.457789	-0.934848	-0.190142	-2.66542	4.57482	-0.00121788	1.41887	0.200003	-0.178315	
15.442	-0.225159	1.31737	-2.16709	0.491212	0.851003	-1.56998	1.05763	0	1.8058	0.535713	-0.237691	0.586901	-0.474096	-0.885241	-0.188634	-3.51847	5.10185	-0.0710094	1.41993	0.24235	-0.1793	
15.442	-0.225159	1.31737	-2.16709	0.491212	0.851003	-1.56998	1.05763	0	1.8058	0.535713	-0.237691	0.586901	-0.474096	-0.885241	-0.188634	-3.51847	5.10185	-0.0710094	1.41993	0.24235	-0.1793	
15.456	-0.225159	1.31737	-2.16709	0.491212	0.851003	-1.56998	1.05763	0	1.65593	0.446926	-0.209373	0.493035	-0.437617	-0.852086	-0.186737	-3.31597	5.0733	-0.171415	1.37049	0.243321	-0.177622	
15.47	-0.225159	1.31737	-2.16709	0.491212	0.851003	-1.56998	1.05763	0	1.58902	0.286716	-0.150719	0.380007	-0.396083	-0.809103	-0.186422	-3.14877	5.35328	-0.17858	1.33385	0.247273	-0.177639	
15.47	-0.225159	1.31737	-2.16709	0.491212	0.851003	-1.56998	1.05763	0	1.58902	0.286716	-0.150719	0.380007	-0.396083	-0.809103	-0.186422	-3.14877	5.35328	-0.17858	1.33385	0.247273	-0.177639	
15.484	-0.225159	1.31737	-2.16709	0.491212	0.851003	-1.56998	1.05763	0	1.60259	0.496583	-0.18268	0.406693	-0.406071	-0.786911	-0.186489	-3.52384	5.59533	-0.254529	1.33504	0.266617	-0.179387	
15.498	-0.225159	1.31737	-2.16709	0.491212	0.851003	-1.56998	1.05763	0	1.47429	0.182563	-0.112787	0.262299	-0.3557	-0.75418	-0.185501	-3.02802	5.59076	-0.245083	1.284	0.248154	-0.177079	
15.498	-0.225159	1.31737	-2.16709	0.491212	0.851003	-1.56998	1.05763	0	1.47429	0.182563	-0.112787	0.262299	-0.3557	-0.75418	-0.185501	-3.02802	5.59076	-0.245083	1.284	0.248154	-0.177079	
15.512	-0.225159	1.31737	-2.16709	0.491212	0.851003	-1.56998	1.05763	0	1.44995	0.454862	-0.171146	0.283278	-0.359215	-0.715974	-0.186718	-3.47905	5.83581	-0.372576	1.27017	0.265614	-0.179008	
15.526	-0.225159	1.31737	-2.16709	0.491212	0.851003	-1.56998	1.05763	0	1.36833	0.297948	-0.140029	0.221797	-0.344778	-0.713604	-0.18582	-3.18451	5.7068	-0.387989	1.25125	0.253187	-0.177959	
15.526	-0.225159	1.31737	-2.16709	0.491212	0.851003	-1.56998	1.05763	0	1.34144	0.31429	-0.133416	0.193361	-0.330135	-0.687697	-0.186226	-3.23135	5.82431	-0.411574	1.23002	0.258767	-0.178693	
15.54	-0.225159	1.31737	-2.16709	0.491212	0.851003	-1.56998	1.05763	0	1.34188	0.386678	-0.149253	0.193381	-0.325813	-0.678231	-0.186129	-3.38036	5.97383	-0.451687	1.23193	0.267687	-0.17828	
15.554	-0.225159	1.31737	-2.16709	0.491212	0.851003	-1.56998	1.05763	0	1.23916	0.326262	-0.145142	0.135075	-0.311214	-0.663638	-0.185971	-3.24073	5.92659	-0.529279	1.20912	0.260097	-0.177731	
15.568	-0.225159	1.31737	-2.16709	0.491212	0.851003	-1.56998	1.05763	0	1.14375	0.38484	-0.1529	0.0962654	-0.294659	-0.638856	-0.186544	-3.29542	5.97098	-0.644388	1.18202	0.269135	-0.178741	
15.568	-0.225159	1.31737	-2.16709	0.491212	0.851003	-1.56998	1.05763	0	1.14375	0.38484	-0.1529	0.0962654	-0.294659	-0.638856	-0.186544	-3.29542	5.97098	-0.644388	1.18202	0.269135	-0.178741	
15.582	-0.225159	1.31737	-2.16709	0.491212	0.851003	-1.56998	1.05763	0	1.18798	0.318722	-0.14152	0.0894339	-0.293725	-0.634739	-0.186638	-3.24777	6.04564	-0.57095	1.18501	0.260593	-0.178207	
15.596	-0.225159	1.31737	-2.16709	0.491212	0.851003	-1.56998	1.05763	0	1.13851	0.331022	-0.140831	0.0601927	-0.279876	-0.616955	-0.185908	-3.25922	6.10036	-0.621881	1.16699	0.264826	-0.177478	
15.596	-0.225159	1.31737	-2.16709	0.491212	0.851003	-1.56998	1.05763	0	1.13851	0.331022	-0.140831	0.0601927	-0.279876	-0.616955	-0.185908	-3.25922	6.10036	-0.621881	1.16699	0.264826	-0.177478	
15.61	-0.225159	1.31737	-2.16709	0.491212	0.851003	-1.56998	1.05763	0	1.0952	0.341062	-0.143362	0.0439453	-0.276577	-0.608708	-0.185987	-3.24882	6.0791	-0.665272	1.15595	0.264555	-0.177854	
15.624	-0.225159	1.31737	-2.16709	0.491212	0.851003	-1.56998	1.05763	0	1.0277	0.332437	-0.12468	0.00722089	-0.264899	-0.595745	-0.185447	-3.20699	6.09011	-0.728688	1.1371	0.273074	-0.178697	
15.624	-0.225159	1.31737	-2.16709	0.491212	0.851003	-1.56998	1.05763	0	1.0277	0.332437	-0.12468	0.00722089	-0.264899	-0.595745	-0.185447	-3.20699	6.09011	-0.728688	1.1371	0.273074	-0.178697	
15.638	-0.225159	1.31737	-2.16709	0.491212	0.851003	-1.56998	1.05763	0	1.05513	0.331685	-0.121117	0.00858424	-0.266637	-0.592969	-0.185446	-3.24614	6.17881	-0.705427	1.14218	0.274069	-0.178839	
15.652	-0.225159	1.31737	-2.16709	0.491212	0.851003	-1.56998	1.05763	0	1.01866	0.368214	-0.120176	-0.00641212	-0.264754	-0.582423	-0.186263	-3.29657	6.22512	-0.75843	1.13366	0.280465	-0.180696	
15.652	-0.225159	1.31737	-2.16709	0.491212	0.851003	-1.56998	1.05763	0	1.01866	0.368214	-0.120176	-0.00641212	-0.264754	-0.582423	-0.186263	-3.29657	6.22512	-0.75843	1.13366	0.280465	-0.180696	
15.666	-0.225159	1.31737	-2.16709	0.491212	0.851003	-1.56998	1.05763	0	0.992918	0.322827	-0.117131	-0.029438	-0.259685	-0.579796	-0.185955	-3.22497	6.2267	-0.770145	1.13003	0.274958	-0.179859	
15.68	-0.225159	1.31737	-2.16709	0.491212	0.851003	-1.56998	1.05763	0	0.999403	0.305688	-0.113006	-0.0398115	-0.25911	-0.575536	-0.185899	-3.22836	6.29958	-0.762231	1.13171	0.273668	-0.17981	
15.694	-0.225159	1.31737	-2.16709	0.491212	0.851003	-1.56998	1.05763	0	0.989674	0.322173	-0.1187	-0.0460704	-0.256726	-0.569356	-0.18521	-3.26191	6.34538	-0.78039	1.12905	0.274356	-0.178952	
15.694	-0.225159	1.31737	-2.16709	0.491212	0.851003	-1.56998	1.05763	0	0.989674	0.322173	-0.1187	-0.0460704	-0.256726	-0.569356	-0.18521	-3.26191	6.34538	-0.78039	1.12905	0.274356	-0.178952	
15.708	-0.225159	1.31737	-2.16709	0.491212	0.851003	-1.56998	1.05763	0	0.975267	0.302704	-0.113699	-0.0535705	-0.254645	-0.567493	-0.185188	-3.2153	6.30489	-0.781247	1.12302	0.272296	-0.179048	
15.722	-0.225159	1.31737	-2.16709	0.491212	0.851003	-1.56998	1.05763	0	0.982683	0.284422	-0.107192	-0.0519805	-0.252706	-0.564222	-0.186592	-3.17807	6.25762	-0.752087	1.11547	0.269647	-0.180481	
15.722	-0.225159	1.31737	-2.16709	0.491212	0.851003	-1.56998	1.05763	0	0.982683	0.284422	-0.107192	-0.0519805	-0.252706	-0.564222	-0.186592	-3.17807	6.25762	-0.752087	1.11547	0.269647	-0.180481	
15.736	-0.225159	1.31737	-2.16709	0.491212	0.851003	-1.56998	1.05763	0	0.982948	0.298442	-0.107352	-0.0492889	-0.251068	-0.562451	-0.187215	-3.19697	6.25706	-0.754332	1.1129	0.272233	-0.1812	
15.75	-0.225159	1.31737	-2.16709	0.491212	0.851003	-1.56998	1.05763	0	0.949756	0.301756	-0.110026	-0.0611805	-0.248843	-0.560915	-0.18629	-3.18294	6.24381	-0.792849	1.1093	0.272716	-0.180343	
15.75	-0.225159	1.31737	-2.16709	0.491212	0.851003	-1.56998	1.05763	0	0.949756	0.301756	-0.110026	-0.0611805	-0.248843	-0.560915	-0.18629	-3.18294	6.24381	-0.792849	1.1093	0.272716	-0.180343	
15.764	-0.225159	1.31737	-2.16709	0.491212	0.851003	-1.56998	1.05763	0	0.948874	0.311913	-0.112588	-0.0620035	-0.248097	-0.560089	-0.185835	-3.20547	6.27239	-0.801617	1.11059	0.274296	-0.179816	
15.778	-0.225159	1.31737	-2.16709	0.491212	0.851003	-1.56998	1.05763	0	0.965405	0.305686	-0.109097	-0.0653833	-0.246229	-0.558514	-0.185315	-3.22904	6.35385	-0.789978	1.11488	0.276327	-0.179181	
15.778	-0.225159	1.31737	-2.16709	0.491212	0.851003	-1.56998	1.05763	0	0.965405	0.305686	-0.109097	-0.0653833	-0.246229	-0.558514	-0.185315	-3.22904	6.35385	-0.789978	1.11488	0.276327	-0.179181	
15.792	-0.225159	1.31737	-2.16709	0.491212	0.851003	-1.56998	1.05763	0	0.97938	0.283121	-0.104532	-0.0670557	-0.243257	-0.556665	-0.185749	-3.20684	6.36392	-0.762768	1.11327	0.274268	-0.179266	
15.806	-0.225159	1.31737	-2.16709	0.491212	0.851003	-1.56998	1.05763	0	0.923995	0.305468	-0.111032	-0.0810519	-0.242709	-0.556248	-0.186356	-3.20376	6.32399	-0.833684	1.10875	0.276588	-0.18027	
15.82	-0.225159	1.31737	-2.16709	0.491212	0.851003	-1.56998	1.05763	0	0.952386	0.271987	-0.0989449	-0.0764165	-0.241523	-0.555573	-0.185851	-3.16227	6.31114	-0.781387	1.10649	0.274328	-0.179813	
15.82	-0.225159	1.31737	-2.16709	0.491212	0.851003	-1.56998	1.05763	0	0.952386	0.271987	-0.0989449	-0.0764165	-0.241523	-0.555573	-0.185851	-3.16227	6.31114	-0.781387	1.10649	0.274328	-0.179813	
15.834	-0.225159	1.31737	-2.16709	0.491212	0.851003	-1.56998	1.05763	0	0.998813	0.30731	-0.101031	-0.0506908	-0.242841	-0.554656	-0.185724	-3.23516	6.33394	-0.738975	1.10812	0.27838	-0.179679	
15.848	-0.225159	1.31737	-2.16709	0.491212	0.851003	-1.56998	1.05763	0	0.941691	0.31742	-0.105129	-0.0730767	-0.239781	-0.553451	-0.185223	-3.22802	6.34002	-0.813912	1.10556	0.281334	-0.179428	
15.848	-0.225159	1.31737	-2.16709	0.491212	0.851003	-1.56998	1.05763	0	0.941691	0.31742	-0.105129	-0.0730767	-0.239781	-0.553451	-0.185223	-3.22802	6.34002	-0.813912	1.10556	0.281334	-0.179428	
15.862	-0.225159	1.31737	-2.16709	0.491212	0.851003	-1.56998	1.05763	0	0.958538	0.306897	-0.103032	-0.0705551	-0.23747	-0.553676	-0.185291	-3.22581	6.35845	-0.791942	1.10676	0.281197	-0.179134	
15.876	-0.225159	1.31737	-2.16709	0.491212	0.851003	-1.56998	1.05763	0	0.99963	0.326931	-0.1064	-0.0549182	-0.237241	-0.553251	-0.186008	-3.29036	6.41936	-0.757912	1.11185	0.283788	-0.179428	
15.876	-0.225159	1.31737	-2.16709	0.491212	0.851003	-1.56998	1.05763	0	0.99963	0.326931	-0.1064	-0.0549182	-0.237241	-0.553251	-0.186008	-3.29036	6.41936	-0.757912	1.11185	0.283788	-0.179428	
15.89	-0.225159	1.31737	-2.16709	0.491212	0.851003	-1.56998	1.05763	0	0.940747	0.31224	-0.106175	-0.0768643	-0.235966	-0.554054	-0.186012	-3.22722	6.35817	-0.8169	1.10653	0.282231	-0.179755	
15.904	-0.225159	1.31737	-2.16709	0.491212	0.851003	-1.56998	1.05763	0	0.945465	0.295789	-0.102997	-0.0751754	-0.235715	-0.552992	-0.185205	-3.19301	6.32112	-0.796762	1.10268	0.278968	-0.178898	
15.904	-0.225159	1.31737	-2.16709	0.491212	0.851003	-1.56998	1.05763	0	0.945465	0.295789	-0.102997	-0.0751754	-0.235715	-0.552992	-0.185205	-3.19301	6.32112	-0.796762	1.10268	0.278968	-0.178898	
15.918	-0.225159	1.31737	-2.16709	0.491212	0.851003	-1.56998	1.05763	0	0.974137	0.29934	-0.100707	-0.0634373	-0.236611	-0.552707	-0.18509	-3.21196	6.33206	-0.76341	1.10374	0.279506	-0.178779	
15.932	-0.225159	1.31737	-2.16709	0.491212	0.851003	-1.56998	1.05763	0	0.941973	0.291755	-0.10149	-0.0786061	-0.23549	-0.550937	-0.184914	-3.18693	6.32505	-0.797445	1.10088	0.278318	-0.178718	
15.932	-0.225159	1.31737	-2.16709	0.491212	0.851003	-1.56998	1.05763	0	0.941973	0.291755	-0.10149	-0.0786061	-0.23549	-0.550937	-0.184914	-3.18693	6.32505	-0.797445	1.10088	0.278318	-0.178718	
15.946	-0.225159	1.31737	-2.16709	0.491212	0.851003	-1.56998	1.05763	0	0.955414	0.33146	-0.108409	-0.0657748	-0.239013	-0.550645	-0.184735	-3.25637	6.35319	-0.800512	1.10416	0.281676	-0.178739	
15.96	-0.225159	1.31737	-2.16709	0.491212	0.851003	-1.56998	1.05763	0	0.956158	0.301646	-0.102151	-0.0751715	-0.236528	-0.550008	-0.185093	-3.22144	6.37042	-0.79002	1.10404	0.279864	-0.178934	
15.974	-0.225159	1.31737	-2.16709	0.491212	0.851003	-1.56998	1.05763	0	0.969154	0.306235	-0.103137	-0.0681394	-0.239989	-0.549192	-0.184938	-3.23212	6.36623	-0.774	1.10446	0.278022	-0.178907	
15.974	-0.225159	1.31737	-2.16709	0.491212	0.851003	-1.56998	1.05763	0	0.969154	0.306235	-0.103137	-0.0681394	-0.239989	-0.549192	-0.184938	-3.23212	6.36623	-0.774	1.10446	0.278022	-0.178907	
15.988	-0.225159	1.31737	-2.16709	0.491212	0.851003	-1.56998	1.05763	0	0.949156	0.31856	-0.103339	-0.0721193	-0.23965	-0.548808	-0.184735	-3.23536	6.35151	-0.800551	1.10208	0.280553	-0.179081	
16.002	-0.225159	1.31737	-2.16709	0.491212	0.851003	-1.56998	1.05763	0	0.981513	0.300381	-0.0999911	-0.0651433	-0.239568	-0.549011	-0.184371	-3.23026	6.3744	-0.757114	1.10473	0.278154	-0.17834	
16.002	-0.225159	1.31737	-2.16709	0.491212	0.851003	-1.56998	1.05763	0	0.981513	0.300381	-0.0999911	-0.0651433	-0.239568	-0.549011	-0.184371	-3.23026	6.3744	-0.757114	1.10473	0.278154	-0.17834	
16.016	-0.225159	1.31737	-2.16709	0.491212	0.851003	-1.56998	1.05763	0	0.955753	0.31034	-0.102843	-0.0735559	-0.240006	-0.548512	-0.184804	-3.23406	6.372	-0.792404	1.10384	0.279245	-0.17902	
16.03	-0.225159	1.31737	-2.16709	0.491212	0.851003	-1.56998	1.05763	0	0.958899	0.26759	-0.0972868	-0.0825756	-0.237974	-0.549625	-0.184933	-3.177	6.37157	-0.773525	1.10462	0.274608	-0.178715	
16.03	-0.225159	1.31737	-2.16709	0.491212	0.851003	-1.56998	1.05763	0	0.958899	0.26759	-0.0972868	-0.0825756	-0.237974	-0.549625	-0.184933	-3.177	6.37157	-0.773525	1.10462	0.274608	-0.178715	
16.044	-0.225159	1.31737	-2.16709	0.491212	0.851003	-1.56998	1.05763	0	0.921742	0.317162	-0.10815	-0.0830481	-0.240367	-0.549239	-0.185142	-3.2223	6.34385	-0.834298	1.10232	0.278783	-0.179429	
16.058	-0.225159	1.31737	-2.16709	0.491212	0.851003	-1.56998	1.05763	0	0.973877	0.297853	-0.0998965	-0.0689158	-0.240403	-0.55113	-0.18473	-3.22607	6.37888	-0.769488	1.10718	0.278598	-0.178778	
16.058	-0.225159	1.31737	-2.16709	0.491212	0.851003	-1.56998	1.05763	0	0.973877	0.297853	-0.0998965	-0.0689158	-0.240403	-0.55113	-0.18473	-3.22607	6.37888	-0.769488	1.10718	0.278598	-0.178778	
16.072	-0.225159	1.31737	-2.16709	0.491212	0.851003	-1.56998	1.05763	0	0.984021	0.310793	-0.101399	-0.0635496	-0.240892	-0.550626	-0.184933	-3.25404	6.39731	-0.764186	1.10839	0.280189	-0.178996	
16.086	-0.225159	1.31737	-2.16709	0.491212	0.851003	-1.56998	1.05763	0	0.968857	0.297846	-0.100624	-0.0711242	-0.23846	-0.550629	-0.184784	-3.22342	6.37753	-0.774761	1.10596	0.27901	-0.178689	
16.1	-0.225159	1.31737	-2.16709	0.491212	0.851003	-1.56998	1.05763	0	0.989251	0.286932	-0.0981811	-0.0671592	-0.237305	-0.550761	-0.18516	-3.22215	6.39433	-0.747907	1.10739	0.278286	-0.17877	
16.1	-0.225159	1.31737	-2.16709	0.491212	0.851003	-1.56998	1.05763	0	0.989251	0.286932	-0.0981811	-0.0671592	-0.237305	-0.550761	-0.18516	-3.22215	6.39433	-0.747907	1.10739	0.278286	-0.17877	
16.114	-0.225159	1.31737	-2.16709	0.491212	0.851003	-1.56998	1.05763	0	0.994411	0.288683	-0.100308	-0.0672238	-0.237704	-0.550589	-0.185057	-3.23605	6.42128	-0.746712	1.10986	0.278001	-0.178505	
16.128	-0.225159	1.31737	-2.16709	0.491212	0.851003	-1.56998	1.05763	0	0.932999	0.313541	-0.107759	-0.0853347	-0.238619	-0.549905	-0.185613	-3.24181	6.40299	-0.829743	1.10723	0.280444	-0.179603	
16.128	-0.225159	1.31737	-2.16709	0.491212	0.851003	-1.56998	1.05763	0	0.932999	0.313541	-0.107759	-0.0853347	-0.238619	-0.549905	-0.185613	-3.24181	6.40299	-0.829743	1.10723	0.280444	-0.179603	
16.142	-0.225159	1.31737	-2.16709	0.491212	0.851003	-1.56998	1.05763	0	0.975139	0.2902	-0.0993957	-0.0763827	-0.237594	-0.550591	-0.185367	-3.23472	6.43312	-0.773472	1.11016	0.279686	-0.179108	
16.156	-0.225159	1.31737	-2.16709	0.491212	0.851003	-1.56998	1.05763	0	1.00911	0.28504	-0.09486	-0.0647138	-0.234926	-0.551524	-0.185118	-3.24372	6.44775	-0.731935	1.1114	0.281402	-0.178553	
16.156	-0.225159	1.31737	-2.16709	0.491212	0.851003	-1.56998	1.05763	0	1.00911	0.28504	-0.09486	-0.0647138	-0.234926	-0.551524	-0.185118	-3.24372	6.44775	-0.731935	1.1114	0.281402	-0.178553	
16.17	-0.225159	1.31737	-2.16709	0.491212	0.851003	-1.56998	1.05763	0	0.996071	0.304368	-0.0965944	-0.0637266	-0.235851	-0.551598	-0.185103	-3.25932	6.43151	-0.75293	1.10992	0.284017	-0.178914	
16.184	-0.225159	1.31737	-2.16709	0.491212	0.851003	-1.56998	1.05763	0	1.01833	0.301374	-0.0935779	-0.0552563	-0.233342	-0.551044	-0.185649	-3.26186	6.42722	-0.721892	1.10834	0.284737	-0.179218	
16.184	-0.225159	1.31737	-2.16709	0.491212	0.851003	-1.56998	1.05763	0	1.01833	0.301374	-0.0935779	-0.0552563	-0.233342	-0.551044	-0.185649	-3.26186	6.42722	-0.721892	1.10834	0.284737	-0.179218	
16.198	-0.225159	1.31737	-2.16709	0.491212	0.851003	-1.56998	1.05763	0	0.966663	0.277859	-0.0955442	-0.0770172	-0.229681	-0.551325	-0.185907	-3.19166	6.37041	-0.768617	1.10282	0.281191	-0.179234	
16.212	-0.225159	1.31737	-2.16709	0.491212	0.851003	-1.56998	1.05763	0	0.966546	0.285331	-0.0958836	-0.0762542	-0.228356	-0.550495	-0.185849	-3.28367	6.42735	-0.724605	1.10825	0.285888	-0.179427	
16.212	-0.225159	1.31737	-2.16709	0.491212	0.851003	-1.56998	1.05763	0	0.966546	0.285331	-0.0958836	-0.0762542	-0.228356	-0.550495	-0.185849	-3.28367	6.42735	-0.724605	1.10825	0.285888	-0.179427	
16.226	-0.225159	1.31737	-2.16709	0.491212	0.851003	-1.56998	1.05763	0	0.943844	0.299535	-0.101814	-0.0813318	-0.22972	-0.549634	-0.185745	-3.21207	6.36806	-0.803125	1.10095	0.282621	-0.179193	
16.24	-0.225159	1.31737	-2.16709	0.491212	0.851003	-1.56998	1.05763	0	0.961516	0.275945	-0.0976892	-0.082081	-0.228475	-0.549748	-0.185691	-3.19399	6.39069	-0.775842	1.10285	0.280446	-0.178809	
16.254	-0.225159	1.31737	-2.16709	0.491212	0.851003	-1.56998	1.05763	0	0.958386	0.297877	-0.10062	-0.0783218	-0.231195	-0.549369	-0.186137	-3.22429	6.39228	-0.788158	1.10329	0.282277	-0.179606	
16.254	-0.225159	1.31737	-2.16709	0.491212	0.851003	-1.56998	1.05763	0	0.958386	0.297877	-0.10062	-0.0783218	-0.231195	-0.549369	-0.186137	-3.22429	6.39228	-0.788158	1.10329	0.282277	-0.179606	
16.268	-0.225159	1.31737	-2.16709	0.491212	0.851003	-1.56998	1.05763	0	0.958186	0.297451	-0.101218	-0.0787724	-0.231966	-0.548713	-0.186406	-3.22443	6.39232	-0.787555	1.10308	0.28137	-0.179888	
16.282	-0.225159	1.31737	-2.16709	0.491212	0.851003	-1.56998	1.05763	0	0.957744	0.303785	-0.101935	-0.0759394	-0.231553	-0.548599	-0.185993	-3.22776	6.37937	-0.788019	1.10172	0.282064	-0.179498	
16.282	-0.225159	1.31737	-2.16709	0.491212	0.851003	-1.56998	1.05763	0	0.957744	0.303785	-0.101935	-0.0759394	-0.231553	-0.548599	-0.185993	-3.22776	6.37937	-0.788019	1.10172	0.282064	-0.179498	
16.296	-0.225159	1.31737	-2.16709	0.491212	0.851003	-1.56998	1.05763	0	0.955648	0.315816	-0.10268	-0.0740246	-0.232404	-0.548276	-0.185899	-3.2435	6.38058	-0.794976	1.10152	0.283671	-0.179626	
16.31	-0.225159	1.31737	-2.16709	0.491212	0.851003	-1.56998	1.05763	0	0.944251	0.308416	-0.101514	-0.0792401	-0.233077	-0.549261	-0.185034	-3.22561	6.37343	-0.806554	1.10186	0.283031	-0.178909	
16.31	-0.225159	1.31737	-2.16709	0.491212	0.851003	-1.56998	1.05763	0	0.944251	0.308416	-0.101514	-0.0792401	-0.233077	-0.549261	-0.185034	-3.22561	6.37343	-0.806554	1.10186	0.283031	-0.178909	
16.324	-0.225159	1.31737	-2.16709	0.491212	0.851003	-1.56998	1.05763	0	0.955012	0.292163	-0.0966955	-0.0803056	-0.232521	-0.549706	-0.185003	-3.21213	6.38891	-0.789858	1.10326	0.282457	-0.17884	
16.338	-0.225159	1.31737	-2.16709	0.491212	0.851003	-1.56998	1.05763	0	0.936909	0.298518	-0.0989259	-0.0849668	-0.232005	-0.550295	-0.185179	-3.21	6.37662	-0.813756	1.10243	0.283438	-0.179086	
16.338	-0.225159	1.31737	-2.16709	0.491212	0.851003	-1.56998	1.05763	0	0.936909	0.298518	-0.0989259	-0.0849668	-0.232005	-0.550295	-0.185179	-3.21	6.37662	-0.813756	1.10243	0.283438	-0.179086	
16.352	-0.225159	1.31737	-2.16709	0.491212	0.851003	-1.56998	1.05763	0	0.959164	0.316465	-0.0986501	-0.072572	-0.232952	-0.551019	-0.185663	-3.24756	6.39009	-0.795747	1.10435	0.286553	-0.179684	
16.366	-0.225159	1.31737	-2.16709	0.491212	0.851003	-1.56998	1.05763	0	0.957088	0.30618	-0.0967159	-0.0772111	-0.233114	-0.551524	-0.185844	-3.23715	6.40248	-0.797268	1.1058	0.285949	-0.179883	
16.366	-0.225159	1.31737	-2.16709	0.491212	0.851003	-1.56998	1.05763	0	0.957088	0.30618	-0.0967159	-0.0772111	-0.233114	-0.551524	-0.185844	-3.23715	6.40248	-0.797268	1.1058	0.285949	-0.179883	
16.38	-0.225159	1.31737	-2.16709	0.491212	0.851003	-1.56998	1.05763	0	0.955374	0.316678	-0.0989631	-0.0754587	-0.235764	-0.551767	-0.185776	-3.25274	6.40615	-0.804695	1.10721	0.28615	-0.180018	
16.394	-0.225159	1.31737	-2.16709	0.491212	0.851003	-1.56998	1.05763	0	0.954555	0.294741	-0.0974672	-0.0801913	-0.235812	-0.552189	-0.185326	-3.22037	6.39969	-0.796981	1.10751	0.282571	-0.179356	
16.408	-0.225159	1.31737	-2.16709	0.491212	0.851003	-1.56998	1.05763	0	0.950576	0.294024	-0.101685	-0.0819284	-0.238088	-0.551606	-0.18473	-3.21961	6.40204	-0.801921	1.10852	0.279601	-0.17865	
16.408	-0.225159	1.31737	-2.16709	0.491212	0.851003	-1.56998	1.05763	0	0.950576	0.294024	-0.101685	-0.0819284	-0.238088	-0.551606	-0.18473	-3.21961	6.40204	-0.801921	1.10852	0.279601	-0.17865	
16.422	-0.225159	1.31737	-2.16709	0.491212	0.851003	-1.56998	1.05763	0	0.969317	0.302096	-0.101453	-0.0759938	-0.237588	-0.551842	-0.184738	-3.25029	6.44068	-0.788225	1.11169	0.281957	-0.178555	
16.436	-0.225159	1.31737	-2.16709	0.491212	0.851003	-1.56998	1.05763	0	0.958809	0.290482	-0.0994484	-0.0838838	-0.236538	-0.552225	-0.184989	-3.23216	6.44575	-0.798305	1.11189	0.281665	-0.17881	
16.436	-0.225159	1.31737	-2.16709	0.491212	0.851003	-1.56998	1.05763	0	0.958809	0.290482	-0.0994484	-0.0838838	-0.236538	-0.552225	-0.184989	-3.23216	6.44575	-0.798305	1.11189	0.281665	-0.17881	
16.45	-0.225159	1.31737	-2.16709	0.491212	0.851003	-1.56998	1.05763	0	0.967566	0.308672	-0.104059	-0.0774793	-0.238306	-0.552082	-0.185732	-3.26742	6.46138	-0.797129	1.11395	0.282524	-0.179504	
16.464	-0.225159	1.31737	-2.16709	0.491212	0.851003	-1.56998	1.05763	0	0.990463	0.32415	-0.104222	-0.0650001	-0.238969	-0.552295	-0.184915	-3.3003	6.47487	-0.776621	1.11545	0.284822	-0.178722	
16.464	-0.225159	1.31737	-2.16709	0.491212	0.851003	-1.56998	1.05763	0	0.990463	0.32415	-0.104222	-0.0650001	-0.238969	-0.552295	-0.184915	-3.3003	6.47487	-0.776621	1.11545	0.284822	-0.178722	
16.478	-0.225159	1.31737	-2.16709	0.491212	0.851003	-1.56998	1.05763	0	0.955151	0.299412	-0.101446	-0.0815762	-0.236558	-0.552978	-0.184544	-3.23851	6.43426	-0.805319	1.11163	0.282615	-0.178382	
16.492	-0.225159	1.31737	-2.16709	0.491212	0.851003	-1.56998	1.05763	0	0.945443	0.278018	-0.0998528	-0.0876754	-0.234516	-0.553683	-0.184913	-3.19536	6.40235	-0.804802	1.10928	0.279809	-0.17848	
16.492	-0.225159	1.31737	-2.16709	0.491212	0.851003	-1.56998	1.05763	0	0.945443	0.278018	-0.0998528	-0.0876754	-0.234516	-0.553683	-0.184913	-3.19536	6.40235	-0.804802	1.10928	0.279809	-0.17848	
16.506	-0.225159	1.31737	-2.16709	0.491212	0.851003	-1.56998	1.05763	0	0.980268	0.304832	-0.102008	-0.0685325	-0.237813	-0.553605	-0.185182	-3.25295	6.42317	-0.774889	1.11223	0.282057	-0.178865	
16.52	-0.225159	1.31737	-2.16709	0.491212	0.851003	-1.56998	1.05763	0	0.951905	0.291747	-0.102749	-0.080539	-0.237089	-0.553787	-0.185389	-3.21465	6.39235	-0.80069	1.10965	0.279716	-0.179058	
16.534	-0.225159	1.31737	-2.16709	0.491212	0.851003	-1.56998	1.05763	0	0.958695	0.274345	-0.0967984	-0.082774	-0.236559	-0.553349	-0.185344	-3.19427	6.39716	-0.785449	1.10921	0.278896	-0.179104	
16.534	-0.225159	1.31737	-2.16709	0.491212	0.851003	-1.56998	1.05763	0	0.958695	0.274345	-0.0967984	-0.082774	-0.236559	-0.553349	-0.185344	-3.19427	6.39716	-0.785449	1.10921	0.278896	-0.179104	
16.548	-0.225159	1.31737	-2.16709	0.491212	0.851003	-1.56998	1.05763	0	0.955712	0.310708	-0.103158	-0.0756073	-0.237598	-0.553027	-0.185116	-3.24489	6.40395	-0.803892	1.10961	0.282842	-0.17906	
16.562	-0.225159	1.31737	-2.16709	0.491212	0.851003	-1.56998	1.05763	0	0.954322	0.302751	-0.104116	-0.0776528	-0.234766	-0.55161	-0.184927	-3.23025	6.39523	-0.799111	1.10704	0.281301	-0.178495	
16.562	-0.225159	1.31737	-2.16709	0.491212	0.851003	-1.56998	1.05763	0	0.954322	0.302751	-0.104116	-0.0776528	-0.234766	-0.55161	-0.184927	-3.23025	6.39523	-0.799111	1.10704	0.281301	-0.178495	
16.576	-0.225159	1.31737	-2.16709	0.491212	0.851003	-1.56998	1.05763	0	0.980122	0.301324	-0.100666	-0.0702752	-0.233389	-0.551379	-0.185154	-3.24655	6.42241	-0.770111	1.10854	0.282874	-0.178585	
16.59	-0.225159	1.31737	-2.16709	0.491212	0.851003	-1.56998	1.05763	0	0.956339	0.316755	-0.104424	-0.0753105	-0.231596	-0.550622	-0.185139	-3.25356	6.40874	-0.802422	1.10579	0.285065	-0.178649	
16.59	-0.225159	1.31737	-2.16709	0.491212	0.851003	-1.56998	1.05763	0	0.956339	0.316755	-0.104424	-0.0753105	-0.231596	-0.550622	-0.185139	-3.25356	6.40874	-0.802422	1.10579	0.285065	-0.178649	
16.604	-0.225159	1.31737	-2.16709	0.491212	0.851003	-1.56998	1.05763	0	0.944709	0.322126	-0.106314	-0.0783028	-0.232086	-0.55058	-0.185119	-3.25503	6.40369	-0.818297	1.1054	0.285307	-0.178729	
16.618	-0.225159	1.31737	-2.16709	0.491212	0.851003	-1.56998	1.05763	0	0.955351	0.297985	-0.102713	-0.0788342	-0.231908	-0.550526	-0.18526	-3.22311	6.39334	-0.793913	1.10489	0.281661	-0.178647	
16.618	-0.225159	1.31737	-2.16709	0.491212	0.851003	-1.56998	1.05763	0	0.955351	0.297985	-0.102713	-0.0788342	-0.231908	-0.550526	-0.18526	-3.22311	6.39334	-0.793913	1.10489	0.281661	-0.178647	
16.632	-0.225159	1.31737	-2.16709	0.491212	0.851003	-1.56998	1.05763	0	0.947072	0.295984	-0.103966	-0.0810746	-0.233231	-0.550523	-0.185309	-3.21261	6.37726	-0.801067	1.10417	0.280037	-0.178757	
16.646	-0.225159	1.31737	-2.16709	0.491212	0.851003	-1.56998	1.05763	0	0.952511	0.313107	-0.104465	-0.075476	-0.233861	-0.550294	-0.185254	-3.24026	6.38549	-0.80171	1.10449	0.282798	-0.178921	
16.646	-0.225159	1.31737	-2.16709	0.491212	0.851003	-1.56998	1.05763	0	0.952511	0.313107	-0.104465	-0.075476	-0.233861	-0.550294	-0.185254	-3.24026	6.38549	-0.80171	1.10449	0.282798	-0.178921	
16.66	-0.225159	1.31737	-2.16709	0.491212	0.851003	-1.56998	1.05763	0	0.95556	0.301186	-0.101202	-0.0782845	-0.232945	-0.550353	-0.18543	-3.22807	6.39495	-0.794859	1.1049	0.282477	-0.179064	
16.674	-0.225159	1.31737	-2.16709	0.491212	0.851003	-1.56998	1.05763	0	0.940633	0.296538	-0.102411	-0.0842177	-0.232873	-0.550478	-0.185228	-3.21188	6.38212	-0.809955	1.10399	0.281283	-0.178852	
16.688	-0.225159	1.31737	-2.16709	0.491212	0.851003	-1.56998	1.05763	0	0.952996	0.298997	-0.102518	-0.076687	-0.235767	-0.550657	-0.184814	-3.21569	6.36889	-0.793547	1.10431	0.279824	-0.178555	
16.688	-0.225159	1.31737	-2.16709	0.491212	0.851003	-1.56998	1.05763	0	0.952996	0.298997	-0.102518	-0.076687	-0.235767	-0.550657	-0.184814	-3.21569	6.36889	-0.793547	1.10431	0.279824	-0.178555	
16.702	-0.225159	1.31737	-2.16709	0.491212	0.851003	-1.56998	1.05763	0	0.948427	0.314638	-0.101046	-0.0737922	-0.237377	-0.550175	-0.18501	-3.23071	6.35657	-0.802297	1.10268	0.282447	-0.179288	
16.716	-0.225159	1.31737	-2.16709	0.491212	0.851003	-1.56998	1.05763	0	0.966532	0.266237	-0.0927559	-0.079153	-0.234374	-0.551052	-0.185284	-3.17449	6.36582	-0.763574	1.10374	0.277985	-0.17902	
16.716	-0.225159	1.31737	-2.16709	0.491212	0.851003	-1.56998	1.05763	0	0.966532	0.266237	-0.0927559	-0.079153	-0.234374	-0.551052	-0.185284	-3.17449	6.36582	-0.763574	1.10374	0.277985	-0.17902	
16.73	-0.225159	1.31737	-2.16709	0.491212	0.851003	-1.56998	1.05763	0	0.95711	0.294967	-0.097398	-0.0751998	-0.236478	-0.55105	-0.185125	-3.20819	6.35981	-0.785502	1.10363	0.280775	-0.179206	
16.744	-0.225159	1.31737	-2.16709	0.491212	0.851003	-1.56998	1.05763	0	0.952008	0.274133	-0.0974651	-0.0807115	-0.238012	-0.550724	-0.185877	-3.17357	6.3399	-0.780676	1.10286	0.275643	-0.179797	
16.744	-0.225159	1.31737	-2.16709	0.491212	0.851003	-1.56998	1.05763	0	0.952008	0.274133	-0.0974651	-0.0807115	-0.238012	-0.550724	-0.185877	-3.17357	6.3399	-0.780676	1.10286	0.275643	-0.179797	
