joint_A1	joint_A2	joint_E1	joint_A3	joint_A4	joint_A5	joint_A6	cart_pos_x	cart_pos_y	cart_pos_z	cart_quat_x	cart_quat_y	cart_quat_z	cart_quat_w	force_joint_A1	force_joint_A2	force_joint_E1	force_joint_A3	force_joint_A4	force_joint_A5	force_joint_A6	cart_force_x	cart_force_y	cart_force_z	cart_trq_x	cart_trq_y	cart_trq_z	
11.326	-0.225159	1.31737	-2.16709	0.491212	0.851003	-1.56998	1.05763	0	0.857463	0.222782	-0.0552189	-0.264602	-0.0586167	-0.370875	-0.185365	-3.23983	6.99792	-0.732828	0.92388	0.305852	-0.171832	
11.326	-0.225159	1.31737	-2.16709	0.491212	0.851003	-1.56998	1.05763	0	0.857463	0.222782	-0.0552189	-0.264602	-0.0586167	-0.370875	-0.185365	-3.23983	6.99792	-0.732828	0.92388	0.305852	-0.171832	
11.34	-0.225159	1.31737	-2.16709	0.491212	0.851003	-1.56998	1.05763	0	0.868295	0.208055	-0.0490995	-0.265314	-0.0569507	-0.370842	-0.18535	-3.22711	7.01137	-0.715378	0.924065	0.306347	-0.171825	
11.354	-0.225159	1.31737	-2.16709	0.491212	0.851003	-1.56998	1.05763	0	0.909376	0.210395	-0.047862	-0.251497	-0.0583086	-0.370593	-0.185157	-3.25932	7.05129	-0.671176	0.928027	0.30637	-0.171427	
11.354	-0.225159	1.31737	-2.16709	0.491212	0.851003	-1.56998	1.05763	0	0.909376	0.210395	-0.047862	-0.251497	-0.0583086	-0.370593	-0.185157	-3.25932	7.05129	-0.671176	0.928027	0.30637	-0.171427	
11.368	-0.225159	1.31737	-2.16709	0.491212	0.851003	-1.56998	1.05763	0	0.91618	0.214795	-0.0473996	-0.249636	-0.0595148	-0.369988	-0.184336	-3.27433	7.07346	-0.667266	0.929547	0.307009	-0.170748	
11.382	-0.225159	1.31737	-2.16709	0.491212	0.851003	-1.56998	1.05763	0	0.899311	0.223116	-0.0514912	-0.252352	-0.0607757	-0.370289	-0.184516	-3.27335	7.05256	-0.688821	0.928642	0.306444	-0.171008	
11.396	-0.225159	1.31737	-2.16709	0.491212	0.851003	-1.56998	1.05763	0	0.889488	0.232329	-0.0548504	-0.2569	-0.0592376	-0.369626	-0.184112	-3.29041	7.07873	-0.708273	0.929576	0.30812	-0.170488	
11.396	-0.225159	1.31737	-2.16709	0.491212	0.851003	-1.56998	1.05763	0	0.889488	0.232329	-0.0548504	-0.2569	-0.0592376	-0.369626	-0.184112	-3.29041	7.07873	-0.708273	0.929576	0.30812	-0.170488	
11.41	-0.225159	1.31737	-2.16709	0.491212	0.851003	-1.56998	1.05763	0	0.854571	0.21804	-0.0540366	-0.269847	-0.0566604	-0.369937	-0.184258	-3.23981	7.02652	-0.738001	0.924469	0.30669	-0.170655	
11.424	-0.225159	1.31737	-2.16709	0.491212	0.851003	-1.56998	1.05763	0	0.885777	0.240306	-0.0549496	-0.252395	-0.0571048	-0.368696	-0.184971	-3.28415	7.0312	-0.706272	0.924016	0.309018	-0.171344	
11.424	-0.225159	1.31737	-2.16709	0.491212	0.851003	-1.56998	1.05763	0	0.885777	0.240306	-0.0549496	-0.252395	-0.0571048	-0.368696	-0.184971	-3.28415	7.0312	-0.706272	0.924016	0.309018	-0.171344	
11.438	-0.225159	1.31737	-2.16709	0.491212	0.851003	-1.56998	1.05763	0	0.874587	0.246576	-0.0561963	-0.254121	-0.0568108	-0.368791	-0.184984	-3.28369	7.01742	-0.720457	0.92269	0.309848	-0.171455	
11.452	-0.225159	1.31737	-2.16709	0.491212	0.851003	-1.56998	1.05763	0	0.875241	0.236313	-0.0577219	-0.256972	-0.055631	-0.369732	-0.184785	-3.27358	7.02748	-0.718862	0.924468	0.308313	-0.170869	
11.452	-0.225159	1.31737	-2.16709	0.491212	0.851003	-1.56998	1.05763	0	0.875241	0.236313	-0.0577219	-0.256972	-0.055631	-0.369732	-0.184785	-3.27358	7.02748	-0.718862	0.924468	0.308313	-0.170869	
11.466	-0.225159	1.31737	-2.16709	0.491212	0.851003	-1.56998	1.05763	0	0.889146	0.185007	-0.0477173	-0.263482	-0.0512697	-0.37083	-0.184863	-3.20655	7.024	-0.682132	0.924001	0.304481	-0.170436	
11.48	-0.225159	1.31737	-2.16709	0.491212	0.851003	-1.56998	1.05763	0	0.895949	0.201328	-0.051302	-0.257329	-0.0530666	-0.370621	-0.184352	-3.23486	7.03429	-0.681511	0.92542	0.305271	-0.169969	
11.48	-0.225159	1.31737	-2.16709	0.491212	0.851003	-1.56998	1.05763	0	0.895949	0.201328	-0.051302	-0.257329	-0.0530666	-0.370621	-0.184352	-3.23486	7.03429	-0.681511	0.92542	0.305271	-0.169969	
11.494	-0.225159	1.31737	-2.16709	0.491212	0.851003	-1.56998	1.05763	0	0.897879	0.210176	-0.0511745	-0.253494	-0.0529273	-0.370567	-0.184569	-3.2442	7.02456	-0.68056	0.924324	0.306753	-0.1703	
11.508	-0.225159	1.31737	-2.16709	0.491212	0.851003	-1.56998	1.05763	0	0.940407	0.222289	-0.0487079	-0.235225	-0.0544941	-0.370248	-0.184802	-3.28449	7.04767	-0.635066	0.926542	0.308602	-0.170572	
11.508	-0.225159	1.31737	-2.16709	0.491212	0.851003	-1.56998	1.05763	0	0.878123	0.221512	-0.0509828	-0.254731	-0.052601	-0.370772	-0.185222	-3.28449	7.04767	-0.635066	0.926542	0.308602	-0.170572	
11.522	-0.225159	1.31737	-2.16709	0.491212	0.851003	-1.56998	1.05763	0	0.916512	0.23614	-0.051428	-0.237837	-0.0542815	-0.370781	-0.185076	-3.28146	7.00904	-0.664445	0.923433	0.310166	-0.171081	
11.536	-0.225159	1.31737	-2.16709	0.491212	0.851003	-1.56998	1.05763	0	0.877601	0.213834	-0.049447	-0.257516	-0.051347	-0.370763	-0.184844	-3.22804	6.98706	-0.700868	0.920235	0.308626	-0.170863	
11.55	-0.225159	1.31737	-2.16709	0.491212	0.851003	-1.56998	1.05763	0	0.893344	0.188406	-0.0465006	-0.259232	-0.0498133	-0.371507	-0.184072	-3.20683	7.01211	-0.676601	0.922963	0.306062	-0.169637	
11.55	-0.225159	1.31737	-2.16709	0.491212	0.851003	-1.56998	1.05763	0	0.893344	0.188406	-0.0465006	-0.259232	-0.0498133	-0.371507	-0.184072	-3.20683	7.01211	-0.676601	0.922963	0.306062	-0.169637	
11.564	-0.225159	1.31737	-2.16709	0.491212	0.851003	-1.56998	1.05763	0	0.855889	0.252174	-0.0585836	-0.257644	-0.0520314	-0.370907	-0.184405	-3.275	6.99586	-0.744733	0.921055	0.312739	-0.170593	
11.578	-0.225159	1.31737	-2.16709	0.491212	0.851003	-1.56998	1.05763	0	0.887173	0.215824	-0.0537799	-0.254525	-0.0523083	-0.371412	-0.18443	-3.24214	7.00785	-0.69447	0.923566	0.307212	-0.170102	
11.578	-0.225159	1.31737	-2.16709	0.491212	0.851003	-1.56998	1.05763	0	0.887173	0.215824	-0.0537799	-0.254525	-0.0523083	-0.371412	-0.18443	-3.24214	7.00785	-0.69447	0.923566	0.307212	-0.170102	
11.592	-0.225159	1.31737	-2.16709	0.491212	0.851003	-1.56998	1.05763	0	0.910348	0.194583	-0.0474356	-0.251362	-0.0518021	-0.37166	-0.184539	-3.22547	7.01961	-0.659325	0.924697	0.305742	-0.170084	
11.606	-0.225159	1.31737	-2.16709	0.491212	0.851003	-1.56998	1.05763	0	0.89647	0.201085	-0.0505979	-0.255736	-0.0546543	-0.37063	-0.184232	-3.23043	7.02122	-0.678619	0.924863	0.304516	-0.170016	
11.606	-0.225159	1.31737	-2.16709	0.491212	0.851003	-1.56998	1.05763	0	0.89647	0.201085	-0.0505979	-0.255736	-0.0546543	-0.37063	-0.184232	-3.23043	7.02122	-0.678619	0.924863	0.304516	-0.170016	
11.62	-0.225159	1.31737	-2.16709	0.491212	0.851003	-1.56998	1.05763	0	0.88201	0.220052	-0.0531111	-0.257184	-0.0569272	-0.370347	-0.184227	-3.25125	7.02178	-0.703915	0.924938	0.306511	-0.170443	
11.634	-0.225159	1.31737	-2.16709	0.491212	0.851003	-1.56998	1.05763	0	0.886709	0.22215	-0.0505816	-0.254981	-0.0580486	-0.370079	-0.183744	-3.256	7.02522	-0.698858	0.924988	0.307363	-0.170236	
11.634	-0.225159	1.31737	-2.16709	0.491212	0.851003	-1.56998	1.05763	0	0.886709	0.22215	-0.0505816	-0.254981	-0.0580486	-0.370079	-0.183744	-3.256	7.02522	-0.698858	0.924988	0.307363	-0.170236	
11.648	-0.225159	1.31737	-2.16709	0.491212	0.851003	-1.56998	1.05763	0	0.862585	0.199639	-0.0501081	-0.270204	-0.0588484	-0.369125	-0.184135	-3.21491	7.01689	-0.718336	0.923861	0.303107	-0.170647	
11.662	-0.225159	1.31737	-2.16709	0.491212	0.851003	-1.56998	1.05763	0	0.89191	0.194259	-0.0457935	-0.262562	-0.0579999	-0.36834	-0.184612	-3.22757	7.04381	-0.682684	0.925099	0.30374	-0.171001	
11.662	-0.225159	1.31737	-2.16709	0.491212	0.851003	-1.56998	1.05763	0	0.892508	0.246386	-0.0525819	-0.250048	-0.0607725	-0.367927	-0.18442	-3.30104	7.05087	-0.702538	0.925703	0.309672	-0.171298	
11.676	-0.225159	1.31737	-2.16709	0.491212	0.851003	-1.56998	1.05763	0	0.879882	0.198101	-0.0464036	-0.264849	-0.0588847	-0.368363	-0.184433	-3.22252	7.02713	-0.69649	0.923841	0.30381	-0.171035	
11.69	-0.225159	1.31737	-2.16709	0.491212	0.851003	-1.56998	1.05763	0	0.859377	0.210252	-0.0480271	-0.268722	-0.0582283	-0.368277	-0.18424	-3.22486	7.0102	-0.723721	0.92166	0.305899	-0.17108	
11.704	-0.225159	1.31737	-2.16709	0.491212	0.851003	-1.56998	1.05763	0	0.890954	0.226217	-0.0497525	-0.25619	-0.0588481	-0.36823	-0.183288	-3.27432	7.06043	-0.698604	0.926175	0.3082	-0.169956	
11.704	-0.225159	1.31737	-2.16709	0.491212	0.851003	-1.56998	1.05763	0	0.890954	0.226217	-0.0497525	-0.25619	-0.0588481	-0.36823	-0.183288	-3.27432	7.06043	-0.698604	0.926175	0.3082	-0.169956	
11.718	-0.225159	1.31737	-2.16709	0.491212	0.851003	-1.56998	1.05763	0	0.895901	0.240279	-0.0535487	-0.252782	-0.0588879	-0.367988	-0.183596	-3.30286	7.08034	-0.701016	0.927792	0.309513	-0.170132	
11.732	-0.225159	1.31737	-2.16709	0.491212	0.851003	-1.56998	1.05763	0	0.894661	0.207881	-0.0478291	-0.260481	-0.0561836	-0.368411	-0.184675	-3.25449	7.06703	-0.688302	0.92631	0.306776	-0.170946	
11.732	-0.225159	1.31737	-2.16709	0.491212	0.851003	-1.56998	1.05763	0	0.894661	0.207881	-0.0478291	-0.260481	-0.0561836	-0.368411	-0.184675	-3.25449	7.06703	-0.688302	0.92631	0.306776	-0.170946	
11.746	-0.225159	1.31737	-2.16709	0.491212	0.851003	-1.56998	1.05763	0	0.860588	0.226993	-0.0562094	-0.266765	-0.0564512	-0.367976	-0.185004	-3.25812	7.0342	-0.732681	0.92344	0.306793	-0.171307	
11.76	-0.225159	1.31737	-2.16709	0.491212	0.851003	-1.56998	1.05763	0	0.871368	0.193636	-0.0507167	-0.26893	-0.0533242	-0.369579	-0.184516	-3.21201	7.02418	-0.706462	0.92341	0.304064	-0.17036	
11.76	-0.225159	1.31737	-2.16709	0.491212	0.851003	-1.56998	1.05763	0	0.871368	0.193636	-0.0507167	-0.26893	-0.0533242	-0.369579	-0.184516	-3.21201	7.02418	-0.706462	0.92341	0.304064	-0.17036	
11.774	-0.225159	1.31737	-2.16709	0.491212	0.851003	-1.56998	1.05763	0	0.888055	0.172614	-0.0484881	-0.268286	-0.0520542	-0.370143	-0.18424	-3.19423	7.0383	-0.680631	0.925222	0.301553	-0.169649	
11.788	-0.225159	1.31737	-2.16709	0.491212	0.851003	-1.56998	1.05763	0	0.898838	0.201257	-0.0552756	-0.258375	-0.0541101	-0.369952	-0.184181	-3.24464	7.05701	-0.681345	0.927615	0.303328	-0.169542	
11.788	-0.225159	1.31737	-2.16709	0.491212	0.851003	-1.56998	1.05763	0	0.898838	0.201257	-0.0552756	-0.258375	-0.0541101	-0.369952	-0.184181	-3.24464	7.05701	-0.681345	0.927615	0.303328	-0.169542	
11.802	-0.225159	1.31737	-2.16709	0.491212	0.851003	-1.56998	1.05763	0	0.863227	0.212177	-0.0570246	-0.272344	-0.0540059	-0.369708	-0.183906	-3.25086	7.07357	-0.732751	0.927829	0.306205	-0.169687	
11.816	-0.225159	1.31737	-2.16709	0.491212	0.851003	-1.56998	1.05763	0	0.900031	0.206197	-0.0512789	-0.261115	-0.05418	-0.370269	-0.184108	-3.26488	7.09986	-0.68911	0.93053	0.307196	-0.16985	
11.83	-0.225159	1.31737	-2.16709	0.491212	0.851003	-1.56998	1.05763	0	0.919781	0.209212	-0.0506637	-0.252123	-0.0533789	-0.370095	-0.184467	-3.27597	7.09796	-0.664721	0.930192	0.307618	-0.170026	
11.83	-0.225159	1.31737	-2.16709	0.491212	0.851003	-1.56998	1.05763	0	0.919781	0.209212	-0.0506637	-0.252123	-0.0533789	-0.370095	-0.184467	-3.27597	7.09796	-0.664721	0.930192	0.307618	-0.170026	
11.844	-0.225159	1.31737	-2.16709	0.491212	0.851003	-1.56998	1.05763	0	0.880447	0.213298	-0.0504222	-0.263473	-0.0531678	-0.370199	-0.184444	-3.25208	7.05667	-0.708615	0.925999	0.308842	-0.170498	
11.858	-0.225159	1.31737	-2.16709	0.491212	0.851003	-1.56998	1.05763	0	0.899027	0.217231	-0.0483463	-0.255947	-0.052673	-0.370507	-0.183497	-3.26792	7.07285	-0.689568	0.927302	0.310613	-0.169542	
11.858	-0.225159	1.31737	-2.16709	0.491212	0.851003	-1.56998	1.05763	0	0.899027	0.217231	-0.0483463	-0.255947	-0.052673	-0.370507	-0.183497	-3.26792	7.07285	-0.689568	0.927302	0.310613	-0.169542	
11.872	-0.225159	1.31737	-2.16709	0.491212	0.851003	-1.56998	1.05763	0	0.890233	0.215986	-0.0486217	-0.26087	-0.0526216	-0.370303	-0.182958	-3.26579	7.08347	-0.701698	0.927811	0.310742	-0.169065	
11.886	-0.225159	1.31737	-2.16709	0.491212	0.851003	-1.56998	1.05763	0	0.890731	0.21817	-0.052237	-0.262282	-0.0533566	-0.370693	-0.183242	-3.27801	7.1062	-0.706745	0.930691	0.310036	-0.169139	
11.886	-0.225159	1.31737	-2.16709	0.491212	0.851003	-1.56998	1.05763	0	0.890731	0.21817	-0.052237	-0.262282	-0.0533566	-0.370693	-0.183242	-3.27801	7.1062	-0.706745	0.930691	0.310036	-0.169139	
11.9	-0.225159	1.31737	-2.16709	0.491212	0.851003	-1.56998	1.05763	0	0.899841	0.230604	-0.0529527	-0.254434	-0.0536829	-0.37059	-0.183601	-3.29494	7.09515	-0.697926	0.929784	0.311365	-0.169557	
11.914	-0.225159	1.31737	-2.16709	0.491212	0.851003	-1.56998	1.05763	0	0.891862	0.203168	-0.0496432	-0.263977	-0.051697	-0.370219	-0.183843	-3.25171	7.08628	-0.695419	0.928235	0.308228	-0.169572	
11.914	-0.225159	1.31737	-2.16709	0.491212	0.851003	-1.56998	1.05763	0	0.891862	0.203168	-0.0496432	-0.263977	-0.051697	-0.370219	-0.183843	-3.25171	7.08628	-0.695419	0.928235	0.308228	-0.169572	
11.928	-0.225159	1.31737	-2.16709	0.491212	0.851003	-1.56998	1.05763	0	0.882557	0.194348	-0.0493575	-0.267559	-0.0519841	-0.370662	-0.183384	-3.22883	7.06536	-0.70083	0.927115	0.306457	-0.16912	
11.942	-0.225159	1.31737	-2.16709	0.491212	0.851003	-1.56998	1.05763	0	0.910785	0.223014	-0.053129	-0.251521	-0.0555141	-0.370229	-0.183298	-3.28925	7.09489	-0.681058	0.930549	0.308553	-0.169151	
11.942	-0.225159	1.31737	-2.16709	0.491212	0.851003	-1.56998	1.05763	0	0.883748	0.231283	-0.0537452	-0.260985	-0.0555747	-0.369802	-0.183329	-3.28972	7.09432	-0.717461	0.929413	0.31055	-0.169568	
11.956	-0.225159	1.31737	-2.16709	0.491212	0.851003	-1.56998	1.05763	0	0.873131	0.217842	-0.0532707	-0.26888	-0.055755	-0.369817	-0.183651	-3.26832	7.09444	-0.725946	0.929615	0.308463	-0.169843	
11.97	-0.225159	1.31737	-2.16709	0.491212	0.851003	-1.56998	1.05763	0	0.870336	0.219001	-0.0554493	-0.269246	-0.0570687	-0.369514	-0.183561	-3.26814	7.09017	-0.729072	0.929697	0.307053	-0.169736	
11.984	-0.225159	1.31737	-2.16709	0.491212	0.851003	-1.56998	1.05763	0	0.895133	0.208986	-0.0513108	-0.262324	-0.0589886	-0.368891	-0.184434	-3.2667	7.09458	-0.694097	0.930357	0.305213	-0.170652	
11.984	-0.225159	1.31737	-2.16709	0.491212	0.851003	-1.56998	1.05763	0	0.895133	0.208986	-0.0513108	-0.262324	-0.0589886	-0.368891	-0.184434	-3.2667	7.09458	-0.694097	0.930357	0.305213	-0.170652	
11.998	-0.225159	1.31737	-2.16709	0.491212	0.851003	-1.56998	1.05763	0	0.901464	0.249524	-0.0557384	-0.250177	-0.0615713	-0.368181	-0.184473	-3.32576	7.09853	-0.701369	0.930501	0.309637	-0.17111	
12.012	-0.225159	1.31737	-2.16709	0.491212	0.851003	-1.56998	1.05763	0	0.881545	0.234964	-0.0532683	-0.258216	-0.0597706	-0.368159	-0.184301	-3.28441	7.0595	-0.713885	0.926455	0.308264	-0.170989	
12.012	-0.225159	1.31737	-2.16709	0.491212	0.851003	-1.56998	1.05763	0	0.881545	0.234964	-0.0532683	-0.258216	-0.0597706	-0.368159	-0.184301	-3.28441	7.0595	-0.713885	0.926455	0.308264	-0.170989	
12.026	-0.225159	1.31737	-2.16709	0.491212	0.851003	-1.56998	1.05763	0	0.899555	0.199992	-0.0466254	-0.260606	-0.0587502	-0.3684	-0.183621	-3.24754	7.07471	-0.680645	0.927912	0.304725	-0.170019	
12.04	-0.225159	1.31737	-2.16709	0.491212	0.851003	-1.56998	1.05763	0	0.872889	0.175939	-0.0455696	-0.276162	-0.056911	-0.368758	-0.183413	-3.19976	7.06063	-0.703106	0.926499	0.301955	-0.169669	
12.04	-0.225159	1.31737	-2.16709	0.491212	0.851003	-1.56998	1.05763	0	0.872889	0.175939	-0.0455696	-0.276162	-0.056911	-0.368758	-0.183413	-3.19976	7.06063	-0.703106	0.926499	0.301955	-0.169669	
12.054	-0.225159	1.31737	-2.16709	0.491212	0.851003	-1.56998	1.05763	0	0.866864	0.212388	-0.051311	-0.269761	-0.0583252	-0.368334	-0.18334	-3.24749	7.06151	-0.724248	0.926321	0.305939	-0.169891	
12.068	-0.225159	1.31737	-2.16709	0.491212	0.851003	-1.56998	1.05763	0	0.875055	0.190027	-0.0472779	-0.273597	-0.0545133	-0.368485	-0.184044	-3.22431	7.07405	-0.707444	0.926374	0.305103	-0.170175	
12.068	-0.225159	1.31737	-2.16709	0.491212	0.851003	-1.56998	1.05763	0	0.875055	0.190027	-0.0472779	-0.273597	-0.0545133	-0.368485	-0.184044	-3.22431	7.07405	-0.707444	0.926374	0.305103	-0.170175	
12.082	-0.225159	1.31737	-2.16709	0.491212	0.851003	-1.56998	1.05763	0	0.906079	0.214901	-0.05007	-0.255725	-0.0553901	-0.369218	-0.183787	-3.27532	7.09096	-0.681747	0.92898	0.308031	-0.169805	
12.096	-0.225159	1.31737	-2.16709	0.491212	0.851003	-1.56998	1.05763	0	0.884179	0.223838	-0.0499283	-0.259327	-0.0540854	-0.369363	-0.183729	-3.26676	7.05717	-0.706739	0.92527	0.310237	-0.170036	
12.096	-0.225159	1.31737	-2.16709	0.491212	0.851003	-1.56998	1.05763	0	0.882769	0.226908	-0.0517756	-0.258514	-0.0541901	-0.369515	-0.183857	-3.269	7.05143	-0.709031	0.925157	0.309943	-0.170086	
12.11	-0.225159	1.31737	-2.16709	0.491212	0.851003	-1.56998	1.05763	0	0.904845	0.210713	-0.0471177	-0.255821	-0.0532042	-0.369318	-0.183575	-3.26265	7.076	-0.678796	0.926796	0.309089	-0.169609	
12.124	-0.225159	1.31737	-2.16709	0.491212	0.851003	-1.56998	1.05763	0	0.890983	0.240688	-0.0542567	-0.254536	-0.055469	-0.369115	-0.183818	-3.30071	7.07949	-0.708413	0.927562	0.311294	-0.17008	
12.138	-0.225159	1.31737	-2.16709	0.491212	0.851003	-1.56998	1.05763	0	0.902576	0.217414	-0.0545411	-0.256671	-0.055353	-0.369917	-0.184508	-3.27991	7.09262	-0.688749	0.930276	0.307052	-0.170229	
12.138	-0.225159	1.31737	-2.16709	0.491212	0.851003	-1.56998	1.05763	0	0.902576	0.217414	-0.0545411	-0.256671	-0.055353	-0.369917	-0.184508	-3.27991	7.09262	-0.688749	0.930276	0.307052	-0.170229	
12.152	-0.225159	1.31737	-2.16709	0.491212	0.851003	-1.56998	1.05763	0	0.896742	0.228182	-0.0535758	-0.25563	-0.0545006	-0.370147	-0.184576	-3.28837	7.08353	-0.698579	0.928886	0.309941	-0.170535	
12.166	-0.225159	1.31737	-2.16709	0.491212	0.851003	-1.56998	1.05763	0	0.890515	0.249082	-0.0533183	-0.251886	-0.0520537	-0.370374	-0.18434	-3.30829	7.07131	-0.711924	0.926489	0.31505	-0.170527	
12.166	-0.225159	1.31737	-2.16709	0.491212	0.851003	-1.56998	1.05763	0	0.890515	0.249082	-0.0533183	-0.251886	-0.0520537	-0.370374	-0.18434	-3.30829	7.07131	-0.711924	0.926489	0.31505	-0.170527	
12.18	-0.225159	1.31737	-2.16709	0.491212	0.851003	-1.56998	1.05763	0	0.882425	0.220808	-0.04854	-0.261325	-0.0494284	-0.371016	-0.18462	-3.26287	7.06096	-0.710142	0.925316	0.313028	-0.17062	
12.194	-0.225159	1.31737	-2.16709	0.491212	0.851003	-1.56998	1.05763	0	0.889081	0.225228	-0.0500433	-0.25911	-0.0502397	-0.371902	-0.184561	-3.27849	7.08102	-0.708245	0.928191	0.313555	-0.170488	
12.194	-0.225159	1.31737	-2.16709	0.491212	0.851003	-1.56998	1.05763	0	0.889081	0.225228	-0.0500433	-0.25911	-0.0502397	-0.371902	-0.184561	-3.27849	7.08102	-0.708245	0.928191	0.313555	-0.170488	
12.208	-0.225159	1.31737	-2.16709	0.491212	0.851003	-1.56998	1.05763	0	0.892702	0.223224	-0.0489775	-0.259893	-0.0494253	-0.371304	-0.184592	-3.28191	7.09612	-0.704597	0.928527	0.314005	-0.170478	
12.222	-0.225159	1.31737	-2.16709	0.491212	0.851003	-1.56998	1.05763	0	0.872821	0.221655	-0.0481529	-0.266945	-0.0501639	-0.370946	-0.184874	-3.26614	7.07708	-0.725282	0.926481	0.313773	-0.171076	
12.222	-0.225159	1.31737	-2.16709	0.491212	0.851003	-1.56998	1.05763	0	0.872821	0.221655	-0.0481529	-0.266945	-0.0501639	-0.370946	-0.184874	-3.26614	7.07708	-0.725282	0.926481	0.313773	-0.171076	
12.236	-0.225159	1.31737	-2.16709	0.491212	0.851003	-1.56998	1.05763	0	0.879119	0.242249	-0.0515861	-0.25986	-0.0523845	-0.370668	-0.185123	-3.29951	7.08301	-0.726117	0.927499	0.315175	-0.171475	
12.25	-0.225159	1.31737	-2.16709	0.491212	0.851003	-1.56998	1.05763	0	0.89026	0.234292	-0.0501686	-0.257523	-0.0514993	-0.370615	-0.18489	-3.29382	7.08714	-0.709605	0.927723	0.314339	-0.171045	
12.25	-0.225159	1.31737	-2.16709	0.491212	0.851003	-1.56998	1.05763	0	0.89026	0.234292	-0.0501686	-0.257523	-0.0514993	-0.370615	-0.18489	-3.29382	7.08714	-0.709605	0.927723	0.314339	-0.171045	
12.264	-0.225159	1.31737	-2.16709	0.491212	0.851003	-1.56998	1.05763	0	0.901171	0.243382	-0.0541684	-0.249142	-0.0543225	-0.369778	-0.18423	-3.30685	7.07492	-0.696591	0.927539	0.312151	-0.170328	
12.278	-0.225159	1.31737	-2.16709	0.491212	0.851003	-1.56998	1.05763	0	0.845126	0.228636	-0.0541484	-0.272008	-0.0516778	-0.370111	-0.18402	-3.25072	7.03326	-0.754591	0.922931	0.311282	-0.170298	
12.292	-0.225159	1.31737	-2.16709	0.491212	0.851003	-1.56998	1.05763	0	0.891098	0.217804	-0.0516889	-0.260146	-0.0543623	-0.370084	-0.184477	-3.27042	7.07922	-0.700861	0.928349	0.308864	-0.170477	
12.292	-0.225159	1.31737	-2.16709	0.491212	0.851003	-1.56998	1.05763	0	0.890364	0.204049	-0.0498674	-0.263042	-0.054445	-0.369871	-0.184923	-3.24867	7.06872	-0.694551	0.927499	0.306652	-0.170864	
12.306	-0.225159	1.31737	-2.16709	0.491212	0.851003	-1.56998	1.05763	0	0.889456	0.205915	-0.0471471	-0.262541	-0.0544818	-0.369586	-0.185182	-3.24799	7.06144	-0.694522	0.926203	0.307909	-0.17138	
12.32	-0.225159	1.31737	-2.16709	0.491212	0.851003	-1.56998	1.05763	0	0.886973	0.255522	-0.0552117	-0.250553	-0.0591716	-0.368682	-0.184703	-3.31328	7.0561	-0.714828	0.926255	0.31158	-0.17144	
12.32	-0.225159	1.31737	-2.16709	0.491212	0.851003	-1.56998	1.05763	0	0.844176	0.236077	-0.0568816	-0.26963	-0.0578866	-0.368229	-0.184593	-3.25874	7.01942	-0.754586	0.922479	0.307896	-0.171273	
12.334	-0.225159	1.31737	-2.16709	0.491212	0.851003	-1.56998	1.05763	0	0.879213	0.231431	-0.0520505	-0.258186	-0.0586473	-0.368033	-0.183834	-3.27169	7.04191	-0.712045	0.924443	0.308125	-0.170511	
12.348	-0.225159	1.31737	-2.16709	0.491212	0.851003	-1.56998	1.05763	0	0.877826	0.204745	-0.0474034	-0.263772	-0.0583397	-0.368582	-0.18299	-3.22984	7.03078	-0.702314	0.924009	0.305082	-0.169613	
12.348	-0.225159	1.31737	-2.16709	0.491212	0.851003	-1.56998	1.05763	0	0.880129	0.223157	-0.0498092	-0.260143	-0.0604063	-0.369044	-0.18258	-3.26314	7.05328	-0.711042	0.92674	0.307416	-0.16943	
12.362	-0.225159	1.31737	-2.16709	0.491212	0.851003	-1.56998	1.05763	0	0.883741	0.21058	-0.0458248	-0.263089	-0.0591571	-0.369297	-0.182712	-3.25078	7.06517	-0.703817	0.927316	0.307542	-0.169541	
12.376	-0.225159	1.31737	-2.16709	0.491212	0.851003	-1.56998	1.05763	0	0.89002	0.213416	-0.0453508	-0.262385	-0.059976	-0.369117	-0.183272	-3.2655	7.08805	-0.700772	0.929209	0.308296	-0.170171	
12.39	-0.225159	1.31737	-2.16709	0.491212	0.851003	-1.56998	1.05763	0	0.922951	0.223274	-0.046875	-0.250333	-0.0621281	-0.369114	-0.1834	-3.30657	7.13027	-0.670647	0.933874	0.308676	-0.170135	
12.39	-0.225159	1.31737	-2.16709	0.491212	0.851003	-1.56998	1.05763	0	0.903171	0.197654	-0.0423444	-0.262083	-0.0606602	-0.370035	-0.183384	-3.25448	7.10327	-0.682142	0.931754	0.306629	-0.170169	
12.404	-0.225159	1.31737	-2.16709	0.491212	0.851003	-1.56998	1.05763	0	0.893331	0.232549	-0.0490435	-0.257588	-0.0625581	-0.369544	-0.183685	-3.29891	7.1022	-0.707258	0.93165	0.309758	-0.17074	
12.418	-0.225159	1.31737	-2.16709	0.491212	0.851003	-1.56998	1.05763	0	0.889271	0.230459	-0.0503168	-0.25853	-0.0632595	-0.371958	-0.183612	-3.29349	7.09807	-0.714269	0.933911	0.30951	-0.170597	
12.418	-0.225159	1.31737	-2.16709	0.491212	0.851003	-1.56998	1.05763	0	0.890897	0.210708	-0.0452424	-0.260733	-0.0614292	-0.37588	-0.183232	-3.2629	7.09001	-0.708126	0.936026	0.309972	-0.170101	
12.432	-0.225159	1.31737	-2.16709	0.491212	0.851003	-1.56998	1.05763	0	0.892298	0.228478	-0.0495936	-0.255558	-0.0625254	-0.375284	-0.183196	-3.28753	7.08792	-0.712213	0.935861	0.310707	-0.170076	
12.446	-0.225159	1.31737	-2.16709	0.491212	0.851003	-1.56998	1.05763	0	0.928221	0.228843	-0.0473696	-0.245767	-0.0629143	-0.374456	-0.183371	-3.31826	7.13712	-0.67445	0.939501	0.31137	-0.170079	
12.46	-0.225159	1.31737	-2.16709	0.491212	0.851003	-1.56998	1.05763	0	0.909194	0.23498	-0.0525372	-0.251848	-0.0633174	-0.373126	-0.183588	-3.31842	7.13008	-0.698158	0.938102	0.310049	-0.170239	
12.46	-0.225159	1.31737	-2.16709	0.491212	0.851003	-1.56998	1.05763	0	0.898901	0.245327	-0.0537738	-0.255771	-0.0617542	-0.373392	-0.183741	-3.33498	7.15041	-0.718697	0.939051	0.31313	-0.170443	
12.474	-0.225159	1.31737	-2.16709	0.491212	0.851003	-1.56998	1.05763	0	0.895223	0.2278	-0.0513864	-0.258694	-0.0586708	-0.377141	-0.183702	-3.30242	7.13147	-0.718068	0.939972	0.313199	-0.170071	
12.488	-0.225159	1.31737	-2.16709	0.491212	0.851003	-1.56998	1.05763	0	0.896292	0.192956	-0.0476888	-0.265847	-0.0566102	-0.37612	-0.184012	-3.25095	7.11664	-0.699555	0.937706	0.308124	-0.169973	
12.488	-0.225159	1.31737	-2.16709	0.491212	0.851003	-1.56998	1.05763	0	0.897334	0.233814	-0.0533721	-0.254364	-0.0574213	-0.375344	-0.183775	-3.30324	7.10684	-0.711028	0.936174	0.312572	-0.169988	
12.502	-0.225159	1.31737	-2.16709	0.491212	0.851003	-1.56998	1.05763	0	0.898516	0.231581	-0.0526693	-0.251777	-0.0605783	-0.382216	-0.183538	-3.29968	7.10365	-0.717536	0.943169	0.313787	-0.169903	
12.516	-0.225159	1.31737	-2.16709	0.491212	0.851003	-1.56998	1.05763	0	0.932208	0.2048	-0.0469683	-0.234604	-0.0697466	-0.407071	-0.18359	-3.27158	7.08674	-0.695912	0.968005	0.31581	-0.169954	
12.53	-0.225159	1.31737	-2.16709	0.491212	0.851003	-1.56998	1.05763	0	0.941201	0.260933	-0.0594587	-0.187266	-0.0960781	-0.462858	-0.183921	-3.31942	6.97544	-0.763839	1.01896	0.329628	-0.171264	
12.53	-0.225159	1.31737	-2.16709	0.491212	0.851003	-1.56998	1.05763	0	1.02848	0.253573	-0.0570861	-0.103091	-0.121967	-0.553812	-0.185046	-3.27836	6.77218	-0.739605	1.09553	0.347098	-0.172141	
12.544	-0.225159	1.31737	-2.16709	0.491212	0.851003	-1.56998	1.05763	0	1.09526	0.227214	-0.0493276	-0.0271725	-0.145212	-0.665329	-0.187506	-3.20419	6.57248	-0.761419	1.18931	0.373441	-0.17419	
12.558	-0.225159	1.31737	-2.16709	0.491212	0.851003	-1.56998	1.05763	0	1.14379	0.289569	-0.0649284	0.0559852	-0.173899	-0.766036	-0.189044	-3.2625	6.42024	-0.835053	1.27943	0.401921	-0.175637	
12.558	-0.225159	1.31737	-2.16709	0.491212	0.851003	-1.56998	1.05763	0	1.17275	0.270189	-0.0708288	0.106404	-0.202276	-0.842828	-0.190303	-3.19436	6.23954	-0.865872	1.34628	0.409255	-0.176839	
12.572	-0.225159	1.31737	-2.16709	0.491212	0.851003	-1.56998	1.05763	0	1.09868	0.282548	-0.0874844	0.123971	-0.22612	-0.893408	-0.190907	-3.09612	5.95764	-0.985986	1.37859	0.41002	-0.178202	
12.586	-0.225159	1.31737	-2.16709	0.491212	0.851003	-1.56998	1.05763	0	1.03614	0.351414	-0.114291	0.156755	-0.251147	-0.922223	-0.190951	-3.07155	5.65057	-1.08004	1.38985	0.406931	-0.17937	
12.6	-0.225159	1.31737	-2.16709	0.491212	0.851003	-1.56998	1.05763	0	0.979604	0.396049	-0.136066	0.184165	-0.272345	-0.940848	-0.191237	-3.01085	5.32838	-1.14073	1.38955	0.398246	-0.180589	
12.6	-0.225159	1.31737	-2.16709	0.491212	0.851003	-1.56998	1.05763	0	0.910968	0.415985	-0.144941	0.196588	-0.286236	-0.955917	-0.191199	-2.91424	5.02658	-1.20444	1.38363	0.392908	-0.181748	
12.614	-0.225159	1.31737	-2.16709	0.491212	0.851003	-1.56998	1.05763	0	0.903829	0.484355	-0.163847	0.23466	-0.304208	-0.971594	-0.191563	-2.95083	4.84799	-1.232	1.39066	0.39233	-0.182898	
12.628	-0.225159	1.31737	-2.16709	0.491212	0.851003	-1.56998	1.05763	0	0.881022	0.517364	-0.180596	0.24692	-0.318175	-0.989928	-0.191526	-2.96971	4.78005	-1.28831	1.40773	0.392009	-0.183099	
12.628	-0.225159	1.31737	-2.16709	0.491212	0.851003	-1.56998	1.05763	0	0.970595	0.545912	-0.190529	0.28097	-0.330787	-1.00942	-0.191952	-3.10446	4.94942	-1.24353	1.44536	0.397377	-0.182879	
12.642	-0.225159	1.31737	-2.16709	0.491212	0.851003	-1.56998	1.05763	0	0.986216	0.626517	-0.223821	0.299355	-0.344404	-1.03053	-0.192733	-3.28074	5.1037	-1.31251	1.48407	0.404893	-0.182838	
12.656	-0.225159	1.31737	-2.16709	0.491212	0.851003	-1.56998	1.05763	0	1.01284	0.617123	-0.243046	0.304249	-0.352149	-1.05349	-0.193137	-3.3246	5.22112	-1.32892	1.52033	0.403024	-0.18154	
12.67	-0.225159	1.31737	-2.16709	0.491212	0.851003	-1.56998	1.05763	0	1.03569	0.618886	-0.269668	0.313568	-0.363843	-1.07943	-0.193335	-3.37826	5.32074	-1.35612	1.55995	0.399319	-0.179926	
12.67	-0.225159	1.31737	-2.16709	0.491212	0.851003	-1.56998	1.05763	0	1.11944	0.596526	-0.28019	0.344586	-0.37483	-1.10819	-0.193686	-3.41361	5.40306	-1.2972	1.60008	0.396948	-0.178598	
12.684	-0.225159	1.31737	-2.16709	0.491212	0.851003	-1.56998	1.05763	0	1.18483	0.576332	-0.288773	0.381453	-0.38633	-1.13638	-0.193437	-3.40083	5.35832	-1.23925	1.62919	0.392642	-0.177112	
12.698	-0.225159	1.31737	-2.16709	0.491212	0.851003	-1.56998	1.05763	0	1.23056	0.582284	-0.297461	0.428939	-0.40267	-1.16046	-0.193395	-3.37172	5.17987	-1.18759	1.64466	0.386811	-0.176871	
12.698	-0.225159	1.31737	-2.16709	0.491212	0.851003	-1.56998	1.05763	0	1.2956	0.528625	-0.28828	0.471496	-0.41428	-1.17389	-0.193178	-3.24803	4.9479	-1.06438	1.64422	0.372883	-0.176522	
12.712	-0.225159	1.31737	-2.16709	0.491212	0.851003	-1.56998	1.05763	0	1.26662	0.543846	-0.2938	0.484138	-0.421589	-1.17181	-0.193156	-3.19064	4.74068	-1.0691	1.62846	0.365074	-0.177204	
12.726	-0.225159	1.31737	-2.16709	0.491212	0.851003	-1.56998	1.05763	0	1.27001	0.560146	-0.300201	0.49709	-0.425222	-1.15867	-0.193511	-3.18015	4.63052	-1.03535	1.60987	0.355646	-0.177734	
12.74	-0.225159	1.31737	-2.16709	0.491212	0.851003	-1.56998	1.05763	0	1.25494	0.536503	-0.299003	0.487466	-0.422633	-1.14818	-0.193885	-3.12365	4.57227	-1.02134	1.59523	0.347434	-0.177949	
12.74	-0.225159	1.31737	-2.16709	0.491212	0.851003	-1.56998	1.05763	0	1.21115	0.551326	-0.306876	0.475898	-0.426537	-1.1521	-0.194325	-3.12373	4.55455	-1.08511	1.59855	0.347821	-0.178712	
12.754	-0.225159	1.31737	-2.16709	0.491212	0.851003	-1.56998	1.05763	0	1.2007	0.63649	-0.328955	0.495912	-0.443158	-1.17185	-0.194442	-3.25365	4.5918	-1.16577	1.62552	0.357059	-0.179504	
12.768	-0.225159	1.31737	-2.16709	0.491212	0.851003	-1.56998	1.05763	0	1.21164	0.594007	-0.326719	0.500534	-0.456359	-1.20292	-0.194303	-3.20223	4.58899	-1.1784	1.65895	0.356509	-0.179314	
12.768	-0.225159	1.31737	-2.16709	0.491212	0.851003	-1.56998	1.05763	0	1.22323	0.634942	-0.339519	0.525017	-0.47778	-1.23412	-0.194524	-3.2723	4.60063	-1.22563	1.69624	0.362512	-0.180209	
12.782	-0.225159	1.31737	-2.16709	0.491212	0.851003	-1.56998	1.05763	0	1.17172	0.650438	-0.346528	0.51797	-0.488362	-1.24969	-0.19459	-3.25879	4.54734	-1.30925	1.70924	0.364658	-0.181103	
12.796	-0.225159	1.31737	-2.16709	0.491212	0.851003	-1.56998	1.05763	0	1.12707	0.695575	-0.355976	0.515836	-0.494774	-1.2506	-0.194423	-3.28924	4.501	-1.37658	1.70777	0.367204	-0.181858	
12.796	-0.225159	1.31737	-2.16709	0.491212	0.851003	-1.56998	1.05763	0	1.09268	0.68553	-0.352307	0.501234	-0.487346	-1.23931	-0.194551	-3.23982	4.43949	-1.38944	1.68929	0.364889	-0.182092	
12.81	-0.225159	1.31737	-2.16709	0.491212	0.851003	-1.56998	1.05763	0	1.0617	0.689496	-0.350717	0.492619	-0.48167	-1.22688	-0.194802	-3.20683	4.36442	-1.39966	1.6693	0.362724	-0.182614	
12.824	-0.225159	1.31737	-2.16709	0.491212	0.851003	-1.56998	1.05763	0	1.01394	0.674274	-0.355074	0.476471	-0.478362	-1.22372	-0.194615	-3.14051	4.28132	-1.43561	1.65894	0.357369	-0.182165	
12.838	-0.225159	1.31737	-2.16709	0.491212	0.851003	-1.56998	1.05763	0	0.945149	0.665161	-0.358684	0.46146	-0.47745	-1.23378	-0.194512	-3.05936	4.15477	-1.51045	1.65718	0.357411	-0.182172	
12.838	-0.225159	1.31737	-2.16709	0.491212	0.851003	-1.56998	1.05763	0	0.95765	0.669378	-0.35834	0.477292	-0.483481	-1.25361	-0.194179	-3.05965	4.12454	-1.51793	1.6748	0.362668	-0.18197	
12.852	-0.225159	1.31737	-2.16709	0.491212	0.851003	-1.56998	1.05763	0	0.948485	0.672203	-0.362124	0.476414	-0.489043	-1.27369	-0.193878	-3.07511	4.16691	-1.56533	1.69837	0.368776	-0.18165	
12.866	-0.225159	1.31737	-2.16709	0.491212	0.851003	-1.56998	1.05763	0	0.93539	0.692091	-0.371124	0.471826	-0.495162	-1.2849	-0.193985	-3.12564	4.24383	-1.61868	1.71705	0.373143	-0.181801	
12.866	-0.225159	1.31737	-2.16709	0.491212	0.851003	-1.56998	1.05763	0	0.927597	0.684023	-0.371568	0.459063	-0.497098	-1.28988	-0.193954	-3.14234	4.33301	-1.64778	1.7293	0.375203	-0.18177	
12.88	-0.225159	1.31737	-2.16709	0.491212	0.851003	-1.56998	1.05763	0	0.899537	0.734444	-0.38345	0.453528	-0.502663	-1.29001	-0.193732	-3.22433	4.39908	-1.7147	1.73618	0.380149	-0.182126	
12.894	-0.225159	1.31737	-2.16709	0.491212	0.851003	-1.56998	1.05763	0	0.851342	0.785411	-0.395896	0.445554	-0.509207	-1.29318	-0.193571	-3.28333	4.41682	-1.80297	1.742	0.385169	-0.182757	
12.908	-0.225159	1.31737	-2.16709	0.491212	0.851003	-1.56998	1.05763	0	0.818528	0.813503	-0.397914	0.445879	-0.5084	-1.29415	-0.193518	-3.28485	4.34863	-1.84408	1.73604	0.389705	-0.183266	
12.908	-0.225159	1.31737	-2.16709	0.491212	0.851003	-1.56998	1.05763	0	0.770008	0.789748	-0.386751	0.428084	-0.502198	-1.28972	-0.193283	-3.196	4.24708	-1.87128	1.71998	0.389668	-0.183667	
12.922	-0.225159	1.31737	-2.16709	0.491212	0.851003	-1.56998	1.05763	0	0.730726	0.802547	-0.38786	0.424858	-0.498818	-1.28702	-0.193066	-3.16057	4.13917	-1.90284	1.70692	0.390402	-0.183776	
12.936	-0.225159	1.31737	-2.16709	0.491212	0.851003	-1.56998	1.05763	0	0.675019	0.799452	-0.386101	0.410817	-0.497293	-1.28599	-0.192872	-3.09917	4.03603	-1.95221	1.69607	0.389895	-0.184182	
12.936	-0.225159	1.31737	-2.16709	0.491212	0.851003	-1.56998	1.05763	0	0.66891	0.775974	-0.378344	0.407106	-0.495488	-1.29201	-0.192508	-3.05289	4.00713	-1.95338	1.69799	0.391348	-0.183911	
12.95	-0.225159	1.31737	-2.16709	0.491212	0.851003	-1.56998	1.05763	0	0.664825	0.836182	-0.387747	0.415606	-0.49955	-1.29655	-0.191983	-3.15456	4.07084	-1.99875	1.70796	0.400792	-0.183876	
12.964	-0.225159	1.31737	-2.16709	0.491212	0.851003	-1.56998	1.05763	0	0.644426	0.78348	-0.383575	0.390077	-0.496898	-1.30196	-0.191795	-3.09333	4.12542	-2.02107	1.71669	0.397834	-0.183141	
12.978	-0.225159	1.31737	-2.16709	0.491212	0.851003	-1.56998	1.05763	0	0.64556	0.742027	-0.385381	0.370587	-0.496082	-1.30289	-0.191556	-3.07304	4.22636	-2.02322	1.72667	0.392389	-0.182029	
12.978	-0.225159	1.31737	-2.16709	0.491212	0.851003	-1.56998	1.05763	0	0.674556	0.803536	-0.400773	0.382544	-0.502057	-1.29934	-0.191578	-3.22015	4.37242	-2.03179	1.73803	0.396528	-0.181984	
12.992	-0.225159	1.31737	-2.16709	0.491212	0.851003	-1.56998	1.05763	0	0.591785	0.809087	-0.410999	0.347012	-0.500919	-1.29648	-0.19153	-3.20271	4.38688	-2.13735	1.73583	0.395557	-0.182076	
13.006	-0.225159	1.31737	-2.16709	0.491212	0.851003	-1.56998	1.05763	0	0.643087	0.817412	-0.413577	0.363297	-0.502638	-1.29357	-0.191668	-3.25667	4.45134	-2.08361	1.74006	0.394174	-0.181751	
13.006	-0.225159	1.31737	-2.16709	0.491212	0.851003	-1.56998	1.05763	0	0.679931	0.814273	-0.408782	0.380287	-0.502115	-1.29262	-0.191811	-3.25654	4.42425	-2.02974	1.73706	0.393572	-0.181793	
13.02	-0.225159	1.31737	-2.16709	0.491212	0.851003	-1.56998	1.05763	0	0.630225	0.828991	-0.411493	0.374038	-0.501252	-1.29022	-0.191409	-3.21858	4.31084	-2.07494	1.72467	0.393255	-0.181924	
13.034	-0.225159	1.31737	-2.16709	0.491212	0.851003	-1.56998	1.05763	0	0.661959	0.805733	-0.402055	0.386364	-0.499905	-1.28847	-0.191133	-3.17934	4.25782	-2.01407	1.71843	0.39029	-0.18161	
13.048	-0.225159	1.31737	-2.16709	0.491212	0.851003	-1.56998	1.05763	0	0.630047	0.806685	-0.403177	0.380402	-0.498999	-1.28567	-0.190934	-3.14184	4.17955	-2.03728	1.70895	0.388214	-0.18166	
13.048	-0.225159	1.31737	-2.16709	0.491212	0.851003	-1.56998	1.05763	0	0.636535	0.79465	-0.401198	0.382528	-0.499493	-1.2859	-0.190939	-3.1206	4.15718	-2.02104	1.70778	0.385849	-0.181597	
13.062	-0.225159	1.31737	-2.16709	0.491212	0.851003	-1.56998	1.05763	0	0.558729	0.787135	-0.407395	0.349587	-0.496432	-1.28212	-0.19095	-3.07262	4.13052	-2.10671	1.70078	0.383295	-0.181674	
13.076	-0.225159	1.31737	-2.16709	0.491212	0.851003	-1.56998	1.05763	0	0.589344	0.783505	-0.40544	0.35319	-0.496117	-1.27854	-0.190778	-3.10305	4.20187	-2.07425	1.70347	0.382997	-0.181296	
13.076	-0.225159	1.31737	-2.16709	0.491212	0.851003	-1.56998	1.05763	0	0.573854	0.778659	-0.406165	0.344578	-0.497231	-1.28022	-0.190792	-3.09597	4.21635	-2.09687	1.70643	0.382857	-0.181407	
13.09	-0.225159	1.31737	-2.16709	0.491212	0.851003	-1.56998	1.05763	0	0.549979	0.783436	-0.408395	0.334813	-0.499463	-1.28409	-0.190441	-3.10127	4.2394	-2.13814	1.71215	0.384822	-0.181332	
13.104	-0.225159	1.31737	-2.16709	0.491212	0.851003	-1.56998	1.05763	0	0.53936	0.789282	-0.409553	0.334014	-0.500942	-1.28566	-0.190311	-3.1	4.22363	-2.15323	1.71262	0.385397	-0.18141	
13.118	-0.225159	1.31737	-2.16709	0.491212	0.851003	-1.56998	1.05763	0	0.581973	0.831255	-0.411769	0.358558	-0.506598	-1.28103	-0.190368	-3.18232	4.24794	-2.11387	1.71226	0.387557	-0.181976	
13.118	-0.225159	1.31737	-2.16709	0.491212	0.851003	-1.56998	1.05763	0	0.640021	0.799742	-0.402026	0.369503	-0.506606	-1.27381	-0.190813	-3.17195	4.27822	-2.02422	1.70884	0.381719	-0.182165	
13.132	-0.225159	1.31737	-2.16709	0.491212	0.851003	-1.56998	1.05763	0	0.627781	0.797006	-0.400881	0.356453	-0.502618	-1.25927	-0.19084	-3.17139	4.3031	-2.02309	1.69598	0.378522	-0.182281	
13.146	-0.225159	1.31737	-2.16709	0.491212	0.851003	-1.56998	1.05763	0	0.674443	0.770774	-0.395484	0.357944	-0.499323	-1.24822	-0.191222	-3.17976	4.38048	-1.95278	1.69192	0.373238	-0.182076	
13.146	-0.225159	1.31737	-2.16709	0.491212	0.851003	-1.56998	1.05763	0	0.708663	0.785934	-0.397955	0.363427	-0.500414	-1.24373	-0.191235	-3.2515	4.49159	-1.92888	1.69756	0.374617	-0.181903	
13.16	-0.225159	1.31737	-2.16709	0.491212	0.851003	-1.56998	1.05763	0	0.703087	0.793046	-0.404149	0.357854	-0.505197	-1.24658	-0.191408	-3.28201	4.55201	-1.95378	1.70709	0.374244	-0.18208	
13.174	-0.225159	1.31737	-2.16709	0.491212	0.851003	-1.56998	1.05763	0	0.720625	0.797136	-0.409545	0.361174	-0.508452	-1.25154	-0.191752	-3.31897	4.61832	-1.95213	1.71893	0.374525	-0.182041	
13.188	-0.225159	1.31737	-2.16709	0.491212	0.851003	-1.56998	1.05763	0	0.731734	0.784764	-0.40762	0.359859	-0.510593	-1.25961	-0.191876	-3.32459	4.67115	-1.95353	1.73136	0.376378	-0.182047	
13.188	-0.225159	1.31737	-2.16709	0.491212	0.851003	-1.56998	1.05763	0	0.777852	0.755129	-0.403959	0.37014	-0.510971	-1.26547	-0.191981	-3.31425	4.7063	-1.8983	1.74081	0.373888	-0.181418	
13.202	-0.225159	1.31737	-2.16709	0.491212	0.851003	-1.56998	1.05763	0	0.789232	0.763136	-0.403576	0.375739	-0.511641	-1.26818	-0.191721	-3.33564	4.7267	-1.89405	1.74501	0.376568	-0.181204	
13.216	-0.225159	1.31737	-2.16709	0.491212	0.851003	-1.56998	1.05763	0	0.787885	0.776613	-0.402407	0.381307	-0.511559	-1.26678	-0.19184	-3.34161	4.69352	-1.89298	1.74052	0.378316	-0.181652	
13.216	-0.225159	1.31737	-2.16709	0.491212	0.851003	-1.56998	1.05763	0	0.782842	0.765704	-0.398726	0.373597	-0.506849	-1.2584	-0.192273	-3.32356	4.69195	-1.88315	1.73092	0.376514	-0.182019	
13.23	-0.225159	1.31737	-2.16709	0.491212	0.851003	-1.56998	1.05763	0	0.784642	0.78666	-0.401407	0.378989	-0.505332	-1.24833	-0.19257	-3.34417	4.66557	-1.87075	1.7191	0.375206	-0.182439	
13.244	-0.225159	1.31737	-2.16709	0.491212	0.851003	-1.56998	1.05763	0	0.819038	0.774657	-0.393337	0.384145	-0.502466	-1.23881	-0.192626	-3.34939	4.69532	-1.81461	1.71173	0.373396	-0.182488	
13.244	-0.225159	1.31737	-2.16709	0.491212	0.851003	-1.56998	1.05763	0	0.788266	0.774664	-0.395736	0.371474	-0.500517	-1.23294	-0.192715	-3.33106	4.67465	-1.84196	1.70389	0.37126	-0.18266	
13.258	-0.225159	1.31737	-2.16709	0.491212	0.851003	-1.56998	1.05763	0	0.784802	0.802534	-0.400068	0.375819	-0.500176	-1.23085	-0.192556	-3.36911	4.67997	-1.85498	1.70205	0.374288	-0.182638	
13.272	-0.225159	1.31737	-2.16709	0.491212	0.851003	-1.56998	1.05763	0	0.793187	0.776692	-0.395869	0.373694	-0.499295	-1.23383	-0.192412	-3.33719	4.68152	-1.83873	1.70486	0.372463	-0.182223	
13.286	-0.225159	1.31737	-2.16709	0.491212	0.851003	-1.56998	1.05763	0	0.799256	0.731861	-0.392481	0.367466	-0.500456	-1.23807	-0.192474	-3.27691	4.67281	-1.81867	1.70936	0.366117	-0.181813	
13.286	-0.225159	1.31737	-2.16709	0.491212	0.851003	-1.56998	1.05763	0	0.796789	0.778986	-0.399405	0.375796	-0.507167	-1.24072	-0.192341	-3.35268	4.70676	-1.8497	1.71628	0.371449	-0.182368	
13.3	-0.225159	1.31737	-2.16709	0.491212	0.851003	-1.56998	1.05763	0	0.858712	0.788515	-0.397578	0.398281	-0.511607	-1.24363	-0.192553	-3.41252	4.77356	-1.79106	1.72638	0.373149	-0.182489	
13.314	-0.225159	1.31737	-2.16709	0.491212	0.851003	-1.56998	1.05763	0	0.782189	0.770936	-0.401501	0.367277	-0.510746	-1.24467	-0.192734	-3.34379	4.72314	-1.87378	1.7226	0.370025	-0.182839	
13.314	-0.225159	1.31737	-2.16709	0.491212	0.851003	-1.56998	1.05763	0	0.851779	0.732756	-0.394044	0.381614	-0.508983	-1.24293	-0.192793	-3.33409	4.77028	-1.77735	1.7256	0.364906	-0.182022	
13.328	-0.225159	1.31737	-2.16709	0.491212	0.851003	-1.56998	1.05763	0	0.859313	0.744773	-0.398354	0.385699	-0.507826	-1.2388	-0.192722	-3.35673	4.77916	-1.76858	1.72263	0.364142	-0.18169	
13.342	-0.225159	1.31737	-2.16709	0.491212	0.851003	-1.56998	1.05763	0	0.858538	0.743766	-0.396132	0.383274	-0.504198	-1.23463	-0.193126	-3.35483	4.78071	-1.76337	1.71744	0.364805	-0.182041	
13.356	-0.225159	1.31737	-2.16709	0.491212	0.851003	-1.56998	1.05763	0	0.851423	0.770553	-0.399296	0.389536	-0.504129	-1.23021	-0.192953	-3.37528	4.74252	-1.76991	1.70998	0.366057	-0.182175	
13.356	-0.225159	1.31737	-2.16709	0.491212	0.851003	-1.56998	1.05763	0	0.852064	0.740219	-0.395547	0.381984	-0.501835	-1.22803	-0.192939	-3.33266	4.73823	-1.7538	1.70725	0.361778	-0.181835	
13.37	-0.225159	1.31737	-2.16709	0.491212	0.851003	-1.56998	1.05763	0	0.879295	0.750903	-0.393754	0.393095	-0.501445	-1.22537	-0.193137	-3.36358	4.75751	-1.72309	1.70622	0.363322	-0.182049	
13.384	-0.225159	1.31737	-2.16709	0.491212	0.851003	-1.56998	1.05763	0	0.912947	0.736859	-0.388771	0.396496	-0.500329	-1.21969	-0.193225	-3.37453	4.8098	-1.67661	1.70518	0.361228	-0.18194	
13.384	-0.225159	1.31737	-2.16709	0.491212	0.851003	-1.56998	1.05763	0	0.923381	0.787058	-0.3957	0.405592	-0.50164	-1.21612	-0.193676	-3.46897	4.87342	-1.6889	1.70716	0.36724	-0.182659	
13.398	-0.225159	1.31737	-2.16709	0.491212	0.851003	-1.56998	1.05763	0	0.965805	0.78531	-0.391799	0.411777	-0.50014	-1.20895	-0.193803	-3.51111	4.95934	-1.63976	1.70726	0.367193	-0.182592	
13.412	-0.225159	1.31737	-2.16709	0.491212	0.851003	-1.56998	1.05763	0	1.02215	0.737747	-0.379328	0.412093	-0.495065	-1.19945	-0.194288	-3.49336	5.0381	-1.55095	1.70384	0.361954	-0.18245	
13.426	-0.225159	1.31737	-2.16709	0.491212	0.851003	-1.56998	1.05763	0	1.0266	0.698008	-0.374219	0.396769	-0.489392	-1.18914	-0.194363	-3.45348	5.07652	-1.52273	1.69613	0.355569	-0.181978	
13.426	-0.225159	1.31737	-2.16709	0.491212	0.851003	-1.56998	1.05763	0	1.0653	0.674071	-0.370941	0.399013	-0.484817	-1.17678	-0.194448	-3.44923	5.11697	-1.45517	1.68764	0.349088	-0.181356	
13.44	-0.225159	1.31737	-2.16709	0.491212	0.851003	-1.56998	1.05763	0	1.06368	0.712195	-0.374881	0.400469	-0.480634	-1.15713	-0.19431	-3.50324	5.12812	-1.4469	1.66881	0.348851	-0.181489	
13.454	-0.225159	1.31737	-2.16709	0.491212	0.851003	-1.56998	1.05763	0	1.0789	0.695791	-0.372526	0.400965	-0.476322	-1.14047	-0.194741	-3.47543	5.0931	-1.39301	1.65009	0.340377	-0.181592	
13.454	-0.225159	1.31737	-2.16709	0.491212	0.851003	-1.56998	1.05763	0	1.09249	0.676972	-0.369627	0.39917	-0.475048	-1.12628	-0.194997	-3.45051	5.07704	-1.34709	1.63605	0.331957	-0.181741	
13.468	-0.225159	1.31737	-2.16709	0.491212	0.851003	-1.56998	1.05763	0	1.13765	0.688328	-0.366312	0.415617	-0.479082	-1.11592	-0.195702	-3.49095	5.09577	-1.28417	1.62971	0.328777	-0.182839	
13.482	-0.225159	1.31737	-2.16709	0.491212	0.851003	-1.56998	1.05763	0	1.17429	0.685553	-0.366301	0.424011	-0.483488	-1.10777	-0.196961	-3.51642	5.13035	-1.23288	1.62748	0.322897	-0.184093	
13.496	-0.225159	1.31737	-2.16709	0.491212	0.851003	-1.56998	1.05763	0	1.25198	0.666826	-0.35912	0.437754	-0.486955	-1.10265	-0.197705	-3.563	5.2517	-1.14234	1.63466	0.319579	-0.184592	
13.496	-0.225159	1.31737	-2.16709	0.491212	0.851003	-1.56998	1.05763	0	1.24611	0.673939	-0.369174	0.427798	-0.490545	-1.09966	-0.198771	-3.60284	5.3337	-1.16391	1.64083	0.316279	-0.185342	
13.51	-0.225159	1.31737	-2.16709	0.491212	0.851003	-1.56998	1.05763	0	1.31592	0.711129	-0.377184	0.457352	-0.497563	-1.0998	-0.199645	-3.71413	5.42345	-1.10698	1.65196	0.317215	-0.185922	
13.524	-0.225159	1.31737	-2.16709	0.491212	0.851003	-1.56998	1.05763	0	1.35521	0.689369	-0.376992	0.464201	-0.500075	-1.10141	-0.200181	-3.71777	5.47043	-1.0602	1.65941	0.31269	-0.185867	
13.524	-0.225159	1.31737	-2.16709	0.491212	0.851003	-1.56998	1.05763	0	1.35081	0.693208	-0.382084	0.465536	-0.501031	-1.0989	-0.20031	-3.71374	5.4429	-1.05963	1.65591	0.309238	-0.185809	
13.538	-0.225159	1.31737	-2.16709	0.491212	0.851003	-1.56998	1.05763	0	1.37323	0.690199	-0.382599	0.480771	-0.502458	-1.09432	-0.200151	-3.69362	5.36744	-1.01143	1.64703	0.303283	-0.185495	
13.552	-0.225159	1.31737	-2.16709	0.491212	0.851003	-1.56998	1.05763	0	1.39195	0.67218	-0.375965	0.496672	-0.50174	-1.08926	-0.199912	-3.62891	5.22988	-0.950162	1.63143	0.296722	-0.185315	
13.566	-0.225159	1.31737	-2.16709	0.491212	0.851003	-1.56998	1.05763	0	1.40794	0.668441	-0.369695	0.508379	-0.500157	-1.08083	-0.199472	-3.59985	5.14627	-0.902296	1.61626	0.293246	-0.185145	
13.566	-0.225159	1.31737	-2.16709	0.491212	0.851003	-1.56998	1.05763	0	1.35953	0.691017	-0.373406	0.5031	-0.495453	-1.06899	-0.199265	-3.56744	5.01721	-0.933235	1.59279	0.291337	-0.185343	
13.58	-0.225159	1.31737	-2.16709	0.491212	0.851003	-1.56998	1.05763	0	1.38966	0.672149	-0.366146	0.506225	-0.487949	-1.05134	-0.199443	-3.54801	5.00679	-0.861823	1.57362	0.285579	-0.185154	
13.594	-0.225159	1.31737	-2.16709	0.491212	0.851003	-1.56998	1.05763	0	1.34385	0.661789	-0.36654	0.484199	-0.47991	-1.03306	-0.199998	-3.49676	4.94881	-0.880597	1.54932	0.279354	-0.185664	
13.594	-0.225159	1.31737	-2.16709	0.491212	0.851003	-1.56998	1.05763	0	1.29645	0.684888	-0.373494	0.46392	-0.473687	-1.0142	-0.20064	-3.51037	4.94761	-0.923421	1.52951	0.277279	-0.186427	
13.608	-0.225159	1.31737	-2.16709	0.491212	0.851003	-1.56998	1.05763	0	1.30505	0.680858	-0.370074	0.462295	-0.467948	-0.995415	-0.201363	-3.50083	4.92658	-0.881748	1.50879	0.271968	-0.18709	
13.622	-0.225159	1.31737	-2.16709	0.491212	0.851003	-1.56998	1.05763	0	1.28985	0.677452	-0.368979	0.44596	-0.459015	-0.973584	-0.201118	-3.49549	4.94718	-0.873147	1.48731	0.267696	-0.186686	
13.636	-0.225159	1.31737	-2.16709	0.491212	0.851003	-1.56998	1.05763	0	1.24397	0.680056	-0.368632	0.421651	-0.449747	-0.953493	-0.201233	-3.47646	4.93737	-0.902419	1.46419	0.265313	-0.186956	
13.636	-0.225159	1.31737	-2.16709	0.491212	0.851003	-1.56998	1.05763	0	1.2025	0.675061	-0.366561	0.395655	-0.440087	-0.93204	-0.201165	-3.45259	4.94001	-0.923506	1.44074	0.262006	-0.187005	
13.65	-0.225159	1.31737	-2.16709	0.491212	0.851003	-1.56998	1.05763	0	1.17672	0.68561	-0.366344	0.377026	-0.430267	-0.916106	-0.200894	-3.47107	4.99005	-0.946178	1.42603	0.263899	-0.186685	
13.664	-0.225159	1.31737	-2.16709	0.491212	0.851003	-1.56998	1.05763	0	1.15795	0.653979	-0.360809	0.353081	-0.417651	-0.898575	-0.201305	-3.42558	5.01023	-0.93664	1.40723	0.259504	-0.186535	
13.664	-0.225159	1.31737	-2.16709	0.491212	0.851003	-1.56998	1.05763	0	1.11767	0.654847	-0.359121	0.328045	-0.408009	-0.884934	-0.200981	-3.42063	5.04673	-0.974587	1.39335	0.261142	-0.186266	
13.678	-0.225159	1.31737	-2.16709	0.491212	0.851003	-1.56998	1.05763	0	1.08954	0.650948	-0.35733	0.308929	-0.397836	-0.867716	-0.200595	-3.40408	5.0536	-0.985596	1.37414	0.259507	-0.18575	
13.692	-0.225159	1.31737	-2.16709	0.491212	0.851003	-1.56998	1.05763	0	1.06048	0.645593	-0.358406	0.286204	-0.388004	-0.851054	-0.201085	-3.3964	5.08773	-1.00305	1.35816	0.257205	-0.185877	
13.692	-0.225159	1.31737	-2.16709	0.491212	0.851003	-1.56998	1.05763	0	1.00878	0.631176	-0.357946	0.254978	-0.374441	-0.834879	-0.200443	-3.35579	5.09423	-1.04089	1.33872	0.255539	-0.184824	
13.706	-0.225159	1.31737	-2.16709	0.491212	0.851003	-1.56998	1.05763	0	1.01748	0.644007	-0.35655	0.248644	-0.367425	-0.819728	-0.200201	-3.40123	5.17448	-1.02752	1.32852	0.257209	-0.184487	
13.72	-0.225159	1.31737	-2.16709	0.491212	0.851003	-1.56998	1.05763	0	0.948844	0.609141	-0.353665	0.212965	-0.355116	-0.806171	-0.199804	-3.30411	5.11277	-1.0708	1.30643	0.251974	-0.18379	
13.734	-0.225159	1.31737	-2.16709	0.491212	0.851003	-1.56998	1.05763	0	1.00221	0.639081	-0.352453	0.227833	-0.348592	-0.79108	-0.199437	-3.39556	5.21146	-1.01085	1.29835	0.255694	-0.18313	
13.734	-0.225159	1.31737	-2.16709	0.491212	0.851003	-1.56998	1.05763	0	0.906515	0.635254	-0.356843	0.188783	-0.340771	-0.779134	-0.199654	-3.3333	5.15163	-1.10314	1.27902	0.253027	-0.183563	
13.748	-0.225159	1.31737	-2.16709	0.491212	0.851003	-1.56998	1.05763	0	0.933468	0.630821	-0.349224	0.185255	-0.333547	-0.764907	-0.199424	-3.36373	5.23886	-1.06236	1.27008	0.254121	-0.18323	
13.762	-0.225159	1.31737	-2.16709	0.491212	0.851003	-1.56998	1.05763	0	0.922805	0.617489	-0.346816	0.167352	-0.3255	-0.753488	-0.1992	-3.36034	5.30068	-1.06533	1.26167	0.253276	-0.182662	
13.762	-0.225159	1.31737	-2.16709	0.491212	0.851003	-1.56998	1.05763	0	0.924413	0.632892	-0.346767	0.158494	-0.318245	-0.739785	-0.198897	-3.40874	5.38745	-1.06494	1.25317	0.255939	-0.182237	
13.776	-0.225159	1.31737	-2.16709	0.491212	0.851003	-1.56998	1.05763	0	0.892587	0.617607	-0.343661	0.132294	-0.309948	-0.730059	-0.198623	-3.39218	5.44333	-1.09492	1.24524	0.256343	-0.181831	
13.79	-0.225159	1.31737	-2.16709	0.491212	0.851003	-1.56998	1.05763	0	0.900655	0.584839	-0.338643	0.116909	-0.29999	-0.718667	-0.197749	-3.37093	5.51272	-1.06808	1.23736	0.253254	-0.180174	
13.804	-0.225159	1.31737	-2.16709	0.491212	0.851003	-1.56998	1.05763	0	0.882617	0.569889	-0.334448	0.0999034	-0.292897	-0.709885	-0.197241	-3.35033	5.54032	-1.07723	1.22859	0.25288	-0.179556	
13.804	-0.225159	1.31737	-2.16709	0.491212	0.851003	-1.56998	1.05763	0	0.852882	0.53594	-0.325119	0.0768941	-0.282779	-0.702274	-0.196645	-3.28644	5.53397	-1.08903	1.21673	0.252286	-0.178841	
13.818	-0.225159	1.31737	-2.16709	0.491212	0.851003	-1.56998	1.05763	0	0.846924	0.567793	-0.330418	0.0785537	-0.278615	-0.693768	-0.196105	-3.33004	5.54595	-1.09892	1.20829	0.254891	-0.178258	
13.832	-0.225159	1.31737	-2.16709	0.491212	0.851003	-1.56998	1.05763	0	0.813562	0.558465	-0.326774	0.0623849	-0.271992	-0.686576	-0.195806	-3.29334	5.51994	-1.12235	1.19653	0.254908	-0.17807	
13.832	-0.225159	1.31737	-2.16709	0.491212	0.851003	-1.56998	1.05763	0	0.792917	0.5613	-0.325726	0.0539411	-0.267826	-0.677992	-0.195726	-3.28019	5.49668	-1.13339	1.18488	0.254227	-0.178151	
13.846	-0.225159	1.31737	-2.16709	0.491212	0.851003	-1.56998	1.05763	0	0.773166	0.557862	-0.323935	0.0419951	-0.263463	-0.669855	-0.19528	-3.26694	5.49889	-1.14589	1.17564	0.25355	-0.177801	
13.86	-0.225159	1.31737	-2.16709	0.491212	0.851003	-1.56998	1.05763	0	0.798697	0.543786	-0.322868	0.0431371	-0.258901	-0.662949	-0.195437	-3.26985	5.53603	-1.10534	1.17156	0.250544	-0.177295	
13.874	-0.225159	1.31737	-2.16709	0.491212	0.851003	-1.56998	1.05763	0	0.761841	0.548246	-0.322689	0.0259318	-0.253648	-0.654861	-0.195562	-3.26051	5.53584	-1.14197	1.16153	0.251589	-0.177623	
13.874	-0.225159	1.31737	-2.16709	0.491212	0.851003	-1.56998	1.05763	0	0.770214	0.519643	-0.315129	0.014808	-0.246168	-0.648724	-0.195127	-3.23957	5.58851	-1.12043	1.15742	0.25107	-0.176773	
13.888	-0.225159	1.31737	-2.16709	0.491212	0.851003	-1.56998	1.05763	0	0.758853	0.527815	-0.317719	0.00777563	-0.243294	-0.641813	-0.194924	-3.25306	5.6098	-1.13212	1.15179	0.250838	-0.176502	
13.902	-0.225159	1.31737	-2.16709	0.491212	0.851003	-1.56998	1.05763	0	0.750297	0.498174	-0.312289	-0.00520409	-0.237687	-0.636917	-0.194414	-3.20885	5.61417	-1.12516	1.14567	0.248207	-0.175703	
13.902	-0.225159	1.31737	-2.16709	0.491212	0.851003	-1.56998	1.05763	0	0.701904	0.512305	-0.31831	-0.0214589	-0.235124	-0.632223	-0.194273	-3.2032	5.59503	-1.18188	1.13854	0.248553	-0.175711	
13.916	-0.225159	1.31737	-2.16709	0.491212	0.851003	-1.56998	1.05763	0	0.724554	0.485687	-0.311182	-0.0245767	-0.231345	-0.627512	-0.194153	-3.1885	5.63769	-1.14375	1.13652	0.246557	-0.175274	
13.93	-0.225159	1.31737	-2.16709	0.491212	0.851003	-1.56998	1.05763	0	0.719853	0.481013	-0.310108	-0.0306286	-0.226354	-0.622741	-0.194378	-3.18314	5.64867	-1.14291	1.13126	0.246707	-0.17525	
13.944	-0.225159	1.31737	-2.16709	0.491212	0.851003	-1.56998	1.05763	0	0.69005	0.46833	-0.309632	-0.0479024	-0.220949	-0.617544	-0.194117	-3.15294	5.64775	-1.16804	1.12433	0.245548	-0.174822	
13.944	-0.225159	1.31737	-2.16709	0.491212	0.851003	-1.56998	1.05763	0	0.668061	0.445096	-0.30767	-0.065236	-0.215912	-0.611541	-0.193823	-3.11329	5.65191	-1.1792	1.11745	0.242404	-0.174268	
13.958	-0.225159	1.31737	-2.16709	0.491212	0.851003	-1.56998	1.05763	0	0.682834	0.462103	-0.306896	-0.062506	-0.214282	-0.607366	-0.193201	-3.16147	5.71537	-1.17197	1.11775	0.246161	-0.173756	
13.972	-0.225159	1.31737	-2.16709	0.491212	0.851003	-1.56998	1.05763	0	0.720376	0.418263	-0.296174	-0.0658964	-0.208377	-0.602515	-0.192956	-3.13526	5.77903	-1.1117	1.1168	0.243292	-0.172889	
13.972	-0.225159	1.31737	-2.16709	0.491212	0.851003	-1.56998	1.05763	0	0.68573	0.45284	-0.300115	-0.0750198	-0.207389	-0.597483	-0.192961	-3.17317	5.79329	-1.16392	1.11187	0.24812	-0.173497	
13.986	-0.225159	1.31737	-2.16709	0.491212	0.851003	-1.56998	1.05763	0	0.672615	0.42192	-0.298919	-0.0916725	-0.202118	-0.593791	-0.192786	-3.13319	5.81577	-1.16741	1.10896	0.244387	-0.172733	
14	-0.225159	1.31737	-2.16709	0.491212	0.851003	-1.56998	1.05763	0	0.666808	0.450355	-0.300169	-0.0897319	-0.199013	-0.589128	-0.193186	-3.17131	5.82377	-1.18011	1.10354	0.249127	-0.173368	
14.014	-0.225159	1.31737	-2.16709	0.491212	0.851003	-1.56998	1.05763	0	0.680923	0.442206	-0.299755	-0.087269	-0.19642	-0.585117	-0.193138	-3.16601	5.82563	-1.15408	1.09967	0.246776	-0.172934	
14.014	-0.225159	1.31737	-2.16709	0.491212	0.851003	-1.56998	1.05763	0	0.656763	0.429959	-0.298362	-0.0982113	-0.191872	-0.583089	-0.192989	-3.12895	5.79617	-1.17157	1.09363	0.246094	-0.172653	
14.028	-0.225159	1.31737	-2.16709	0.491212	0.851003	-1.56998	1.05763	0	0.652085	0.433099	-0.300021	-0.0996289	-0.189961	-0.579327	-0.192802	-3.12827	5.78767	-1.17207	1.08898	0.245173	-0.172347	
14.042	-0.225159	1.31737	-2.16709	0.491212	0.851003	-1.56998	1.05763	0	0.647662	0.435196	-0.297235	-0.102536	-0.185466	-0.576357	-0.192452	-3.12865	5.7924	-1.1745	1.08454	0.247698	-0.172003	
14.042	-0.225159	1.31737	-2.16709	0.491212	0.851003	-1.56998	1.05763	0	0.631269	0.441511	-0.299192	-0.108231	-0.182791	-0.574306	-0.191943	-3.12939	5.79115	-1.19432	1.08143	0.248825	-0.17145	
14.056	-0.225159	1.31737	-2.16709	0.491212	0.851003	-1.56998	1.05763	0	0.64013	0.431139	-0.296726	-0.11105	-0.179878	-0.573165	-0.19151	-3.12921	5.82678	-1.18346	1.0823	0.249271	-0.170754	
14.07	-0.225159	1.31737	-2.16709	0.491212	0.851003	-1.56998	1.05763	0	0.650773	0.382657	-0.28916	-0.122567	-0.175319	-0.571157	-0.191391	-3.07673	5.85786	-1.15389	1.08188	0.244761	-0.170045	
14.07	-0.225159	1.31737	-2.16709	0.491212	0.851003	-1.56998	1.05763	0	0.668995	0.411409	-0.293416	-0.112253	-0.175247	-0.56841	-0.19136	-3.1349	5.89384	-1.14443	1.08236	0.247713	-0.169962	
14.084	-0.225159	1.31737	-2.16709	0.491212	0.851003	-1.56998	1.05763	0	0.655788	0.408714	-0.291497	-0.120124	-0.172466	-0.565237	-0.191332	-3.12672	5.89861	-1.15619	1.07843	0.248451	-0.170022	
14.098	-0.225159	1.31737	-2.16709	0.491212	0.851003	-1.56998	1.05763	0	0.671429	0.406139	-0.285854	-0.11775	-0.169951	-0.562385	-0.191306	-3.1352	5.92194	-1.13506	1.07636	0.250391	-0.170081	
14.112	-0.225159	1.31737	-2.16709	0.491212	0.851003	-1.56998	1.05763	0	0.652512	0.387329	-0.282239	-0.129834	-0.166493	-0.558871	-0.191381	-3.09545	5.90382	-1.14348	1.07022	0.248496	-0.170142	
14.112	-0.225159	1.31737	-2.16709	0.491212	0.851003	-1.56998	1.05763	0	0.654244	0.382316	-0.280554	-0.130865	-0.163942	-0.557367	-0.191066	-3.0882	5.90426	-1.1371	1.06795	0.248653	-0.169695	
14.126	-0.225159	1.31737	-2.16709	0.491212	0.851003	-1.56998	1.05763	0	0.647204	0.37071	-0.27906	-0.134208	-0.161077	-0.555606	-0.190584	-3.05881	5.87552	-1.13392	1.0631	0.247	-0.16904	
14.14	-0.225159	1.31737	-2.16709	0.491212	0.851003	-1.56998	1.05763	0	0.658792	0.373218	-0.276253	-0.130241	-0.161011	-0.554522	-0.190019	-3.06946	5.88837	-1.12074	1.06283	0.24823	-0.168628	
14.14	-0.225159	1.31737	-2.16709	0.491212	0.851003	-1.56998	1.05763	0	0.609096	0.355006	-0.27712	-0.152886	-0.157057	-0.553595	-0.189853	-3.01516	5.8584	-1.16979	1.05792	0.246441	-0.168368	
14.154	-0.225159	1.31737	-2.16709	0.491212	0.851003	-1.56998	1.05763	0	0.65615	0.345712	-0.272752	-0.138838	-0.156569	-0.552595	-0.189822	-3.02991	5.8882	-1.11062	1.05979	0.245588	-0.168	
14.168	-0.225159	1.31737	-2.16709	0.491212	0.851003	-1.56998	1.05763	0	0.623058	0.380615	-0.278099	-0.142341	-0.156307	-0.552548	-0.189892	-3.05843	5.8703	-1.16227	1.05733	0.250686	-0.168533	
14.182	-0.225159	1.31737	-2.16709	0.491212	0.851003	-1.56998	1.05763	0	0.665268	0.365661	-0.274643	-0.130235	-0.155958	-0.552728	-0.189833	-3.06057	5.88982	-1.10701	1.05971	0.248655	-0.168025	
14.182	-0.225159	1.31737	-2.16709	0.491212	0.851003	-1.56998	1.05763	0	0.616439	0.372592	-0.276371	-0.143586	-0.154043	-0.552162	-0.190017	-3.03188	5.83298	-1.16032	1.05313	0.249912	-0.168574	
14.196	-0.225159	1.31737	-2.16709	0.491212	0.851003	-1.56998	1.05763	0	0.683337	0.362152	-0.269425	-0.124828	-0.154434	-0.551827	-0.189741	-3.06387	5.89806	-1.0826	1.0587	0.250131	-0.167991	
14.21	-0.225159	1.31737	-2.16709	0.491212	0.851003	-1.56998	1.05763	0	0.638824	0.355146	-0.269608	-0.142361	-0.153663	-0.550047	-0.189481	-3.02585	5.86488	-1.12781	1.05354	0.248883	-0.168064	
14.21	-0.225159	1.31737	-2.16709	0.491212	0.851003	-1.56998	1.05763	0	0.666559	0.367636	-0.269475	-0.129132	-0.153879	-0.548746	-0.189252	-3.05675	5.87663	-1.09781	1.05355	0.250122	-0.167774	
14.224	-0.225159	1.31737	-2.16709	0.491212	0.851003	-1.56998	1.05763	0	0.639143	0.358365	-0.270778	-0.143936	-0.151573	-0.547806	-0.18933	-3.03587	5.88275	-1.12857	1.05229	0.249405	-0.167742	
14.238	-0.225159	1.31737	-2.16709	0.491212	0.851003	-1.56998	1.05763	0	0.645641	0.366422	-0.273493	-0.140698	-0.151961	-0.546739	-0.189311	-3.05399	5.89513	-1.12435	1.05273	0.249297	-0.167609	
14.252	-0.225159	1.31737	-2.16709	0.491212	0.851003	-1.56998	1.05763	0	0.606555	0.3708	-0.275764	-0.156844	-0.149801	-0.545439	-0.189103	-3.04576	5.89913	-1.174	1.05052	0.250897	-0.167575	
14.252	-0.225159	1.31737	-2.16709	0.491212	0.851003	-1.56998	1.05763	0	0.63627	0.361592	-0.273336	-0.149982	-0.149684	-0.544732	-0.189292	-3.05474	5.92877	-1.13725	1.05269	0.249754	-0.167486	
14.266	-0.225159	1.31737	-2.16709	0.491212	0.851003	-1.56998	1.05763	0	0.630838	0.392336	-0.27559	-0.146462	-0.151059	-0.542317	-0.189462	-3.0976	5.93827	-1.15412	1.05104	0.253582	-0.168154	
14.28	-0.225159	1.31737	-2.16709	0.491212	0.851003	-1.56998	1.05763	0	0.643968	0.376571	-0.273627	-0.145851	-0.150209	-0.543504	-0.189617	-3.08556	5.95081	-1.13534	1.05325	0.252135	-0.167991	
14.28	-0.225159	1.31737	-2.16709	0.491212	0.851003	-1.56998	1.05763	0	0.647759	0.339621	-0.268802	-0.15203	-0.148259	-0.544969	-0.189571	-3.03325	5.94117	-1.11671	1.0536	0.248137	-0.16754	
14.294	-0.225159	1.31737	-2.16709	0.491212	0.851003	-1.56998	1.05763	0	0.63007	0.359277	-0.271867	-0.153575	-0.148159	-0.545232	-0.189339	-3.04992	5.93287	-1.14528	1.05265	0.251088	-0.167556	
14.308	-0.225159	1.31737	-2.16709	0.491212	0.851003	-1.56998	1.05763	0	0.643496	0.354421	-0.271034	-0.149944	-0.147079	-0.544375	-0.188935	-3.04998	5.9396	-1.12643	1.05233	0.250339	-0.166932	
14.322	-0.225159	1.31737	-2.16709	0.491212	0.851003	-1.56998	1.05763	0	0.641424	0.375698	-0.273855	-0.145589	-0.148166	-0.544113	-0.189134	-3.07823	5.93885	-1.13672	1.05216	0.252709	-0.167346	
14.322	-0.225159	1.31737	-2.16709	0.491212	0.851003	-1.56998	1.05763	0	0.641089	0.353776	-0.271525	-0.152452	-0.14652	-0.544265	-0.189322	-3.05241	5.95064	-1.131	1.05295	0.250569	-0.16725	
14.336	-0.225159	1.31737	-2.16709	0.491212	0.851003	-1.56998	1.05763	0	0.654686	0.390573	-0.278086	-0.141505	-0.149945	-0.543359	-0.189489	-3.12138	5.98745	-1.13348	1.05637	0.253549	-0.167596	
14.35	-0.225159	1.31737	-2.16709	0.491212	0.851003	-1.56998	1.05763	0	0.63059	0.350351	-0.273167	-0.158898	-0.146124	-0.543486	-0.189454	-3.04747	5.95984	-1.14362	1.05297	0.249635	-0.167294	
14.35	-0.225159	1.31737	-2.16709	0.491212	0.851003	-1.56998	1.05763	0	0.645044	0.362636	-0.272929	-0.152758	-0.146066	-0.542594	-0.189415	-3.07789	5.98582	-1.13321	1.05407	0.251974	-0.167316	
14.364	-0.225159	1.31737	-2.16709	0.491212	0.851003	-1.56998	1.05763	0	0.698739	0.365957	-0.268824	-0.133326	-0.147035	-0.542467	-0.189384	-3.11489	6.02353	-1.073	1.05764	0.253175	-0.167151	
14.378	-0.225159	1.31737	-2.16709	0.491212	0.851003	-1.56998	1.05763	0	0.680939	0.336715	-0.260804	-0.148274	-0.142844	-0.540259	-0.189544	-3.06366	6.01467	-1.07908	1.05281	0.252223	-0.167393	
14.392	-0.225159	1.31737	-2.16709	0.491212	0.851003	-1.56998	1.05763	0	0.6624	0.370607	-0.270703	-0.14599	-0.142864	-0.539196	-0.18969	-3.0978	5.99654	-1.11113	1.05055	0.254145	-0.167503	
14.392	-0.225159	1.31737	-2.16709	0.491212	0.851003	-1.56998	1.05763	0	0.661164	0.363924	-0.266475	-0.149324	-0.141777	-0.539932	-0.189488	-3.09102	6.00899	-1.11285	1.05133	0.2558	-0.167454	
14.406	-0.225159	1.31737	-2.16709	0.491212	0.851003	-1.56998	1.05763	0	0.704593	0.345299	-0.261694	-0.139946	-0.141215	-0.54008	-0.189066	-3.09589	6.05223	-1.05859	1.05538	0.254283	-0.166605	
14.42	-0.225159	1.31737	-2.16709	0.491212	0.851003	-1.56998	1.05763	0	0.672404	0.366701	-0.265947	-0.144991	-0.14164	-0.539416	-0.188827	-3.10186	6.02051	-1.10092	1.05177	0.256325	-0.166761	
14.42	-0.225159	1.31737	-2.16709	0.491212	0.851003	-1.56998	1.05763	0	0.654982	0.300837	-0.255421	-0.168134	-0.136004	-0.539429	-0.189042	-3.00141	6.0114	-1.09567	1.04915	0.250889	-0.166539	
14.434	-0.225159	1.31737	-2.16709	0.491212	0.851003	-1.56998	1.05763	0	0.709306	0.340565	-0.256945	-0.140786	-0.138373	-0.53952	-0.188803	-3.09343	6.06491	-1.05163	1.0544	0.256549	-0.166387	
14.448	-0.225159	1.31737	-2.16709	0.491212	0.851003	-1.56998	1.05763	0	0.70988	0.325662	-0.26089	-0.14369	-0.13915	-0.54388	-0.188493	-3.07857	6.07665	-1.05368	1.06056	0.253686	-0.165527	
14.462	-0.225159	1.31737	-2.16709	0.491212	0.851003	-1.56998	1.05763	0	0.64692	0.296409	-0.250476	-0.172819	-0.130396	-0.539889	-0.188925	-2.98933	6.01094	-1.10366	1.04681	0.254929	-0.166399	
14.462	-0.225159	1.31737	-2.16709	0.491212	0.851003	-1.56998	1.05763	0	0.688482	0.314645	-0.251699	-0.170317	-0.126605	-0.529383	-0.18791	-3.0822	6.17245	-1.07164	1.04915	0.258076	-0.164995	
14.476	-0.225159	1.31737	-2.16709	0.491212	0.851003	-1.56998	1.05763	0	0.691283	0.316333	-0.253615	-0.172756	-0.124294	-0.526721	-0.187036	-3.09606	6.20733	-1.07107	1.04896	0.258242	-0.16384	
14.49	-0.225159	1.31737	-2.16709	0.491212	0.851003	-1.56998	1.05763	0	0.668722	0.312246	-0.248574	-0.192113	-0.118576	-0.526025	-0.186327	-3.10597	6.28995	-1.11015	1.05167	0.264603	-0.163296	
14.49	-0.225159	1.31737	-2.16709	0.491212	0.851003	-1.56998	1.05763	0	0.684021	0.348026	-0.249055	-0.184736	-0.11748	-0.526104	-0.18521	-3.18424	6.37006	-1.11774	1.05691	0.273326	-0.162461	
14.504	-0.225159	1.31737	-2.16709	0.491212	0.851003	-1.56998	1.05763	0	0.752836	0.345592	-0.239435	-0.174475	-0.117125	-0.525836	-0.184078	-3.26309	6.54704	-1.05955	1.07038	0.279426	-0.16129	
14.518	-0.225159	1.31737	-2.16709	0.491212	0.851003	-1.56998	1.05763	0	0.700817	0.333828	-0.2303	-0.198554	-0.112356	-0.527326	-0.183371	-3.22096	6.54161	-1.12027	1.0675	0.285233	-0.161313	
14.518	-0.225159	1.31737	-2.16709	0.491212	0.851003	-1.56998	1.05763	0	0.726429	0.314702	-0.227127	-0.196842	-0.110371	-0.523617	-0.18319	-3.21475	6.57271	-1.08103	1.06654	0.282225	-0.16071	
14.532	-0.225159	1.31737	-2.16709	0.491212	0.851003	-1.56998	1.05763	0	0.72933	0.29975	-0.219975	-0.199725	-0.109986	-0.523186	-0.182398	-3.19442	6.57635	-1.07122	1.0657	0.282413	-0.160203	
14.546	-0.225159	1.31737	-2.16709	0.491212	0.851003	-1.56998	1.05763	0	0.725119	0.304919	-0.212561	-0.204139	-0.107095	-0.523978	-0.181297	-3.20901	6.61691	-1.08536	1.06718	0.289303	-0.159596	
14.56	-0.225159	1.31737	-2.16709	0.491212	0.851003	-1.56998	1.05763	0	0.740318	0.269662	-0.202059	-0.20831	-0.10325	-0.526322	-0.180508	-3.1717	6.64117	-1.05924	1.06962	0.289723	-0.158605	
14.56	-0.225159	1.31737	-2.16709	0.491212	0.851003	-1.56998	1.05763	0	0.740318	0.269662	-0.202059	-0.20831	-0.10325	-0.526322	-0.180508	-3.1717	6.64117	-1.05924	1.06962	0.289723	-0.158605	
14.574	-0.225159	1.31737	-2.16709	0.491212	0.851003	-1.56998	1.05763	0	0.754553	0.261632	-0.195486	-0.207548	-0.102687	-0.525765	-0.179918	-3.17411	6.67116	-1.04215	1.07079	0.29134	-0.158224	
14.588	-0.225159	1.31737	-2.16709	0.491212	0.851003	-1.56998	1.05763	0	0.727196	0.266166	-0.193316	-0.222508	-0.0992702	-0.521575	-0.179019	-3.17809	6.70413	-1.07768	1.06735	0.294604	-0.157678	
14.588	-0.225159	1.31737	-2.16709	0.491212	0.851003	-1.56998	1.05763	0	0.727196	0.266166	-0.193316	-0.222508	-0.0992702	-0.521575	-0.179019	-3.17809	6.70413	-1.07768	1.06735	0.294604	-0.157678	
14.602	-0.225159	1.31737	-2.16709	0.491212	0.851003	-1.56998	1.05763	0	0.714868	0.237612	-0.187767	-0.238602	-0.0979134	-0.521867	-0.179017	-3.14628	6.74087	-1.08883	1.06976	0.293565	-0.157697	
14.616	-0.225159	1.31737	-2.16709	0.491212	0.851003	-1.56998	1.05763	0	0.767515	0.268207	-0.190093	-0.214758	-0.098846	-0.522103	-0.178834	-3.22741	6.80002	-1.04465	1.07545	0.297974	-0.157302	
14.616	-0.225159	1.31737	-2.16709	0.491212	0.851003	-1.56998	1.05763	0	0.767515	0.268207	-0.190093	-0.214758	-0.098846	-0.522103	-0.178834	-3.22741	6.80002	-1.04465	1.07545	0.297974	-0.157302	
14.63	-0.225159	1.31737	-2.16709	0.491212	0.851003	-1.56998	1.05763	0	0.744005	0.244253	-0.18392	-0.229831	-0.0960164	-0.5208	-0.17902	-3.17979	6.7853	-1.06034	1.07145	0.297076	-0.15766	
14.644	-0.225159	1.31737	-2.16709	0.491212	0.851003	-1.56998	1.05763	0	0.729573	0.23691	-0.181176	-0.236507	-0.0941899	-0.519887	-0.178428	-3.15796	6.77156	-1.07171	1.06841	0.297332	-0.157209	
14.644	-0.225159	1.31737	-2.16709	0.491212	0.851003	-1.56998	1.05763	0	0.724582	0.269724	-0.184085	-0.229656	-0.0948722	-0.520082	-0.17788	-3.19756	6.76608	-1.08957	1.06773	0.302181	-0.157053	
14.658	-0.225159	1.31737	-2.16709	0.491212	0.851003	-1.56998	1.05763	0	0.743977	0.223983	-0.178951	-0.233419	-0.0913937	-0.521282	-0.177223	-3.14544	6.77735	-1.05112	1.06948	0.297166	-0.155604	
14.672	-0.225159	1.31737	-2.16709	0.491212	0.851003	-1.56998	1.05763	0	0.765216	0.215991	-0.173638	-0.227875	-0.0901502	-0.522262	-0.177251	-3.1463	6.79186	-1.0247	1.07094	0.29853	-0.155585	
14.686	-0.225159	1.31737	-2.16709	0.491212	0.851003	-1.56998	1.05763	0	0.771553	0.20253	-0.172414	-0.229854	-0.0894859	-0.520736	-0.17778	-3.13336	6.7979	-1.0107	1.07018	0.296098	-0.155897	
14.686	-0.225159	1.31737	-2.16709	0.491212	0.851003	-1.56998	1.05763	0	0.771553	0.20253	-0.172414	-0.229854	-0.0894859	-0.520736	-0.17778	-3.13336	6.7979	-1.0107	1.07018	0.296098	-0.155897	
14.7	-0.225159	1.31737	-2.16709	0.491212	0.851003	-1.56998	1.05763	0	0.778923	0.223162	-0.175255	-0.225386	-0.0907717	-0.51875	-0.178193	-3.17504	6.82741	-1.01187	1.07112	0.298049	-0.156448	
14.714	-0.225159	1.31737	-2.16709	0.491212	0.851003	-1.56998	1.05763	0	0.760886	0.198194	-0.168983	-0.23806	-0.0880405	-0.519011	-0.177372	-3.12865	6.81831	-1.02326	1.0691	0.297525	-0.155729	
14.714	-0.225159	1.31737	-2.16709	0.491212	0.851003	-1.56998	1.05763	0	0.760886	0.198194	-0.168983	-0.23806	-0.0880405	-0.519011	-0.177372	-3.12865	6.81831	-1.02326	1.0691	0.297525	-0.155729	
14.728	-0.225159	1.31737	-2.16709	0.491212	0.851003	-1.56998	1.05763	0	0.799809	0.239356	-0.174652	-0.214743	-0.0918189	-0.517633	-0.176865	-3.2105	6.85023	-0.993926	1.07208	0.300417	-0.155304	
14.742	-0.225159	1.31737	-2.16709	0.491212	0.851003	-1.56998	1.05763	0	0.791071	0.20191	-0.166137	-0.227544	-0.0893352	-0.516886	-0.176358	-3.15289	6.846	-0.988427	1.06986	0.29779	-0.15481	
14.742	-0.225159	1.31737	-2.16709	0.491212	0.851003	-1.56998	1.05763	0	0.791071	0.20191	-0.166137	-0.227544	-0.0893352	-0.516886	-0.176358	-3.15289	6.846	-0.988427	1.06986	0.29779	-0.15481	
14.756	-0.225159	1.31737	-2.16709	0.491212	0.851003	-1.56998	1.05763	0	0.787585	0.202121	-0.166682	-0.228609	-0.0881961	-0.517508	-0.176428	-3.151	6.84386	-0.993275	1.06986	0.298375	-0.154782	
14.77	-0.225159	1.31737	-2.16709	0.491212	0.851003	-1.56998	1.05763	0	0.786172	0.186432	-0.161631	-0.232562	-0.0869541	-0.518213	-0.176121	-3.12652	6.84032	-0.989022	1.06946	0.298288	-0.154543	
14.77	-0.225159	1.31737	-2.16709	0.491212	0.851003	-1.56998	1.05763	0	0.786172	0.186432	-0.161631	-0.232562	-0.0869541	-0.518213	-0.176121	-3.12652	6.84032	-0.989022	1.06946	0.298288	-0.154543	
14.784	-0.225159	1.31737	-2.16709	0.491212	0.851003	-1.56998	1.05763	0	0.768227	0.207774	-0.171561	-0.233663	-0.0870604	-0.518413	-0.176408	-3.14757	6.83122	-1.019	1.06946	0.298478	-0.154577	
14.798	-0.225159	1.31737	-2.16709	0.491212	0.851003	-1.56998	1.05763	0	0.793185	0.18202	-0.164595	-0.230832	-0.0849343	-0.519527	-0.176232	-3.12556	6.84576	-0.981339	1.07111	0.297432	-0.154101	
14.798	-0.225159	1.31737	-2.16709	0.491212	0.851003	-1.56998	1.05763	0	0.760983	0.23188	-0.176321	-0.228672	-0.0880914	-0.519755	-0.17622	-3.17286	6.81687	-1.03674	1.06975	0.30102	-0.15453	
14.812	-0.225159	1.31737	-2.16709	0.491212	0.851003	-1.56998	1.05763	0	0.783217	0.225062	-0.172326	-0.222399	-0.0887479	-0.520742	-0.176098	-3.17688	6.83312	-1.01011	1.07219	0.301265	-0.154411	
14.826	-0.225159	1.31737	-2.16709	0.491212	0.851003	-1.56998	1.05763	0	0.781101	0.203921	-0.169131	-0.228778	-0.0870899	-0.521013	-0.1762	-3.14774	6.83506	-1.00529	1.07213	0.299501	-0.154327	
14.84	-0.225159	1.31737	-2.16709	0.491212	0.851003	-1.56998	1.05763	0	0.770004	0.218643	-0.171681	-0.232779	-0.0874936	-0.518241	-0.17618	-3.17082	6.85622	-1.02487	1.07113	0.30086	-0.154527	
14.84	-0.225159	1.31737	-2.16709	0.491212	0.851003	-1.56998	1.05763	0	0.770004	0.218643	-0.171681	-0.232779	-0.0874936	-0.518241	-0.17618	-3.17082	6.85622	-1.02487	1.07113	0.30086	-0.154527	
14.854	-0.225159	1.31737	-2.16709	0.491212	0.851003	-1.56998	1.05763	0	0.780971	0.203706	-0.169338	-0.235785	-0.086868	-0.518419	-0.176732	-3.16751	6.89232	-1.01187	1.07423	0.299939	-0.154855	
14.868	-0.225159	1.31737	-2.16709	0.491212	0.851003	-1.56998	1.05763	0	0.775093	0.200858	-0.167411	-0.237657	-0.0844491	-0.519508	-0.176448	-3.15653	6.88231	-1.01747	1.07326	0.301584	-0.154547	
14.868	-0.225159	1.31737	-2.16709	0.491212	0.851003	-1.56998	1.05763	0	0.775093	0.200858	-0.167411	-0.237657	-0.0844491	-0.519508	-0.176448	-3.15653	6.88231	-1.01747	1.07326	0.301584	-0.154547	
14.882	-0.225159	1.31737	-2.16709	0.491212	0.851003	-1.56998	1.05763	0	0.767132	0.201933	-0.168609	-0.240094	-0.0839955	-0.519746	-0.176025	-3.15324	6.87866	-1.02757	1.073	0.301705	-0.1541	
14.896	-0.225159	1.31737	-2.16709	0.491212	0.851003	-1.56998	1.05763	0	0.753989	0.225469	-0.171378	-0.237249	-0.0849192	-0.519826	-0.175721	-3.17188	6.85548	-1.04912	1.07101	0.304495	-0.154161	
14.896	-0.225159	1.31737	-2.16709	0.491212	0.851003	-1.56998	1.05763	0	0.753989	0.225469	-0.171378	-0.237249	-0.0849192	-0.519826	-0.175721	-3.17188	6.85548	-1.04912	1.07101	0.304495	-0.154161	
14.91	-0.225159	1.31737	-2.16709	0.491212	0.851003	-1.56998	1.05763	0	0.764001	0.202842	-0.164438	-0.238509	-0.0840507	-0.521182	-0.175756	-3.14415	6.85615	-1.02946	1.07182	0.30375	-0.154195	
14.924	-0.225159	1.31737	-2.16709	0.491212	0.851003	-1.56998	1.05763	0	0.765331	0.218111	-0.168851	-0.2343	-0.0854352	-0.52068	-0.175454	-3.1668	6.85884	-1.03369	1.07229	0.304016	-0.153885	
14.924	-0.225159	1.31737	-2.16709	0.491212	0.851003	-1.56998	1.05763	0	0.765331	0.218111	-0.168851	-0.2343	-0.0854352	-0.52068	-0.175454	-3.1668	6.85884	-1.03369	1.07229	0.304016	-0.153885	
14.938	-0.225159	1.31737	-2.16709	0.491212	0.851003	-1.56998	1.05763	0	0.774036	0.177264	-0.161068	-0.239296	-0.0864228	-0.520102	-0.175973	-3.10912	6.84018	-1.00329	1.07089	0.298139	-0.154363	
14.952	-0.225159	1.31737	-2.16709	0.491212	0.851003	-1.56998	1.05763	0	0.771898	0.186071	-0.160629	-0.237325	-0.0875621	-0.520101	-0.17596	-3.11775	6.8333	-1.00808	1.07037	0.299443	-0.154632	
14.966	-0.225159	1.31737	-2.16709	0.491212	0.851003	-1.56998	1.05763	0	0.761254	0.214712	-0.167493	-0.232412	-0.089183	-0.51854	-0.175926	-3.14516	6.80828	-1.02632	1.06753	0.300367	-0.154765	
14.966	-0.225159	1.31737	-2.16709	0.491212	0.851003	-1.56998	1.05763	0	0.761254	0.214712	-0.167493	-0.232412	-0.089183	-0.51854	-0.175926	-3.14516	6.80828	-1.02632	1.06753	0.300367	-0.154765	
14.98	-0.225159	1.31737	-2.16709	0.491212	0.851003	-1.56998	1.05763	0	0.766236	0.227724	-0.169626	-0.228855	-0.0903317	-0.518098	-0.175292	-3.17071	6.82752	-1.02781	1.06905	0.301613	-0.154213	
14.994	-0.225159	1.31737	-2.16709	0.491212	0.851003	-1.56998	1.05763	0	0.777329	0.207905	-0.164857	-0.231992	-0.0887363	-0.518478	-0.174864	-3.15664	6.85721	-1.01161	1.07125	0.301084	-0.153611	
14.994	-0.225159	1.31737	-2.16709	0.491212	0.851003	-1.56998	1.05763	0	0.777329	0.207905	-0.164857	-0.231992	-0.0887363	-0.518478	-0.174864	-3.15664	6.85721	-1.01161	1.07125	0.301084	-0.153611	
15.008	-0.225159	1.31737	-2.16709	0.491212	0.851003	-1.56998	1.05763	0	0.74263	0.185188	-0.16298	-0.249602	-0.0874434	-0.518601	-0.175128	-3.10383	6.83046	-1.04219	1.0685	0.298553	-0.153944	
15.022	-0.225159	1.31737	-2.16709	0.491212	0.851003	-1.56998	1.05763	0	0.776726	0.209283	-0.166786	-0.231493	-0.0895138	-0.51872	-0.175592	-3.15812	6.85191	-1.01261	1.07158	0.300193	-0.154261	
15.022	-0.225159	1.31737	-2.16709	0.491212	0.851003	-1.56998	1.05763	0	0.776726	0.209283	-0.166786	-0.231493	-0.0895138	-0.51872	-0.175592	-3.15812	6.85191	-1.01261	1.07158	0.300193	-0.154261	
15.036	-0.225159	1.31737	-2.16709	0.491212	0.851003	-1.56998	1.05763	0	0.78462	0.190623	-0.161918	-0.233011	-0.0879489	-0.519209	-0.175371	-3.13559	6.85483	-0.996393	1.07169	0.299369	-0.153924	
15.05	-0.225159	1.31737	-2.16709	0.491212	0.851003	-1.56998	1.05763	0	0.805102	0.191186	-0.157056	-0.226391	-0.0871908	-0.518965	-0.174752	-3.14889	6.8754	-0.973503	1.07248	0.301651	-0.153427	
15.05	-0.225159	1.31737	-2.16709	0.491212	0.851003	-1.56998	1.05763	0	0.805102	0.191186	-0.157056	-0.226391	-0.0871908	-0.518965	-0.174752	-3.14889	6.8754	-0.973503	1.07248	0.301651	-0.153427	
15.064	-0.225159	1.31737	-2.16709	0.491212	0.851003	-1.56998	1.05763	0	0.774609	0.201342	-0.161552	-0.235257	-0.0883487	-0.518491	-0.174679	-3.14723	6.86163	-1.01306	1.07111	0.30162	-0.153586	
15.078	-0.225159	1.31737	-2.16709	0.491212	0.851003	-1.56998	1.05763	0	0.779696	0.20229	-0.161466	-0.234904	-0.0880332	-0.518553	-0.17461	-3.15697	6.88165	-1.0105	1.07268	0.302351	-0.153459	
15.078	-0.225159	1.31737	-2.16709	0.491212	0.851003	-1.56998	1.05763	0	0.779696	0.20229	-0.161466	-0.234904	-0.0880332	-0.518553	-0.17461	-3.15697	6.88165	-1.0105	1.07268	0.302351	-0.153459	
15.092	-0.225159	1.31737	-2.16709	0.491212	0.851003	-1.56998	1.05763	0	0.811329	0.207663	-0.160861	-0.223414	-0.0875231	-0.518564	-0.175054	-3.18617	6.91013	-0.977569	1.07516	0.303588	-0.153645	
15.106	-0.225159	1.31737	-2.16709	0.491212	0.851003	-1.56998	1.05763	0	0.787347	0.196781	-0.159285	-0.233186	-0.0872764	-0.518686	-0.17506	-3.15218	6.88065	-0.99864	1.07247	0.302342	-0.153846	
15.12	-0.225159	1.31737	-2.16709	0.491212	0.851003	-1.56998	1.05763	0	0.747171	0.224561	-0.16519	-0.239357	-0.0872259	-0.519865	-0.175057	-3.16335	6.84709	-1.05558	1.07011	0.306053	-0.154229	
15.12	-0.225159	1.31737	-2.16709	0.491212	0.851003	-1.56998	1.05763	0	0.747171	0.224561	-0.16519	-0.239357	-0.0872259	-0.519865	-0.175057	-3.16335	6.84709	-1.05558	1.07011	0.306053	-0.154229	
15.134	-0.225159	1.31737	-2.16709	0.491212	0.851003	-1.56998	1.05763	0	0.764163	0.201726	-0.15984	-0.239954	-0.0847281	-0.520635	-0.174863	-3.1448	6.86875	-1.02987	1.07186	0.305328	-0.153716	
15.148	-0.225159	1.31737	-2.16709	0.491212	0.851003	-1.56998	1.05763	0	0.774106	0.195101	-0.160084	-0.236872	-0.0841485	-0.521771	-0.174358	-3.1393	6.86934	-1.01648	1.07316	0.304318	-0.152926	
15.148	-0.225159	1.31737	-2.16709	0.491212	0.851003	-1.56998	1.05763	0	0.774106	0.195101	-0.160084	-0.236872	-0.0841485	-0.521771	-0.174358	-3.1393	6.86934	-1.01648	1.07316	0.304318	-0.152926	
15.162	-0.225159	1.31737	-2.16709	0.491212	0.851003	-1.56998	1.05763	0	0.780658	0.182072	-0.160447	-0.239079	-0.0854297	-0.521668	-0.174232	-3.13122	6.88795	-1.00672	1.07554	0.301354	-0.152597	
15.176	-0.225159	1.31737	-2.16709	0.491212	0.851003	-1.56998	1.05763	0	0.738899	0.2044	-0.166441	-0.250469	-0.0856044	-0.520709	-0.175	-3.14324	6.8764	-1.06473	1.07322	0.303678	-0.153714	
15.176	-0.225159	1.31737	-2.16709	0.491212	0.851003	-1.56998	1.05763	0	0.738899	0.2044	-0.166441	-0.250469	-0.0856044	-0.520709	-0.175	-3.14324	6.8764	-1.06473	1.07322	0.303678	-0.153714	
15.19	-0.225159	1.31737	-2.16709	0.491212	0.851003	-1.56998	1.05763	0	0.785126	0.190629	-0.15911	-0.238207	-0.0862544	-0.520658	-0.175584	-3.15307	6.90909	-1.00663	1.07623	0.303286	-0.1542	
15.204	-0.225159	1.31737	-2.16709	0.491212	0.851003	-1.56998	1.05763	0	0.775938	0.201073	-0.163469	-0.237443	-0.087547	-0.520654	-0.17538	-3.15862	6.89171	-1.0195	1.07547	0.302707	-0.154016	
15.204	-0.225159	1.31737	-2.16709	0.491212	0.851003	-1.56998	1.05763	0	0.775938	0.201073	-0.163469	-0.237443	-0.087547	-0.520654	-0.17538	-3.15862	6.89171	-1.0195	1.07547	0.302707	-0.154016	
15.218	-0.225159	1.31737	-2.16709	0.491212	0.851003	-1.56998	1.05763	0	0.76203	0.198041	-0.164723	-0.2408	-0.0877489	-0.5206	-0.175375	-3.13914	6.86055	-1.03056	1.07305	0.301112	-0.154033	
15.232	-0.225159	1.31737	-2.16709	0.491212	0.851003	-1.56998	1.05763	0	0.804465	0.20146	-0.161738	-0.226347	-0.0881753	-0.520768	-0.175224	-3.17325	6.90233	-0.98567	1.07694	0.302659	-0.153739	
15.232	-0.225159	1.31737	-2.16709	0.491212	0.851003	-1.56998	1.05763	0	0.794693	0.226729	-0.165736	-0.223482	-0.0894622	-0.520586	-0.174958	-3.20184	6.89664	-1.00643	1.07641	0.305344	-0.153762	
15.246	-0.225159	1.31737	-2.16709	0.491212	0.851003	-1.56998	1.05763	0	0.788982	0.195649	-0.16057	-0.233624	-0.0864624	-0.521064	-0.174768	-3.15657	6.89747	-1.00223	1.0759	0.303238	-0.153326	
15.26	-0.225159	1.31737	-2.16709	0.491212	0.851003	-1.56998	1.05763	0	0.756848	0.205572	-0.165036	-0.240514	-0.0865485	-0.52113	-0.17477	-3.1451	6.85799	-1.03993	1.07261	0.303216	-0.153486	
15.274	-0.225159	1.31737	-2.16709	0.491212	0.851003	-1.56998	1.05763	0	0.778875	0.181644	-0.158079	-0.238835	-0.0861952	-0.521328	-0.174938	-3.12535	6.87256	-1.00563	1.07393	0.301525	-0.153558	
15.274	-0.225159	1.31737	-2.16709	0.491212	0.851003	-1.56998	1.05763	0	0.778875	0.181644	-0.158079	-0.238835	-0.0861952	-0.521328	-0.174938	-3.12535	6.87256	-1.00563	1.07393	0.301525	-0.153558	
15.288	-0.225159	1.31737	-2.16709	0.491212	0.851003	-1.56998	1.05763	0	0.773305	0.213448	-0.163878	-0.234771	-0.08669	-0.520953	-0.17486	-3.17144	6.88694	-1.0268	1.07469	0.305328	-0.153622	
15.302	-0.225159	1.31737	-2.16709	0.491212	0.851003	-1.56998	1.05763	0	0.774014	0.233713	-0.167096	-0.228849	-0.088727	-0.519314	-0.174345	-3.19663	6.87945	-1.03031	1.07322	0.306093	-0.153346	
15.302	-0.225159	1.31737	-2.16709	0.491212	0.851003	-1.56998	1.05763	0	0.774014	0.233713	-0.167096	-0.228849	-0.088727	-0.519314	-0.174345	-3.19663	6.87945	-1.03031	1.07322	0.306093	-0.153346	
15.316	-0.225159	1.31737	-2.16709	0.491212	0.851003	-1.56998	1.05763	0	0.801501	0.233185	-0.166357	-0.221096	-0.0898998	-0.518613	-0.174419	-3.21827	6.91344	-1.00057	1.07613	0.30554	-0.153269	
15.33	-0.225159	1.31737	-2.16709	0.491212	0.851003	-1.56998	1.05763	0	0.797606	0.201813	-0.163787	-0.233716	-0.0890883	-0.518049	-0.175514	-3.18459	6.93868	-0.997404	1.07781	0.301553	-0.154053	
15.33	-0.225159	1.31737	-2.16709	0.491212	0.851003	-1.56998	1.05763	0	0.797606	0.201813	-0.163787	-0.233716	-0.0890883	-0.518049	-0.175514	-3.18459	6.93868	-0.997404	1.07781	0.301553	-0.154053	
15.344	-0.225159	1.31737	-2.16709	0.491212	0.851003	-1.56998	1.05763	0	0.774453	0.212236	-0.167606	-0.240424	-0.0893671	-0.517512	-0.175784	-3.18869	6.9324	-1.02892	1.07672	0.30217	-0.154463	
15.358	-0.225159	1.31737	-2.16709	0.491212	0.851003	-1.56998	1.05763	0	0.793632	0.199686	-0.163272	-0.236505	-0.0874875	-0.517974	-0.175539	-3.18128	6.9433	-1.0021	1.07745	0.302248	-0.154008	
15.358	-0.225159	1.31737	-2.16709	0.491212	0.851003	-1.56998	1.05763	0	0.793632	0.199686	-0.163272	-0.236505	-0.0874875	-0.517974	-0.175539	-3.18128	6.9433	-1.0021	1.07745	0.302248	-0.154008	
15.372	-0.225159	1.31737	-2.16709	0.491212	0.851003	-1.56998	1.05763	0	0.745081	0.235733	-0.17244	-0.239369	-0.0862275	-0.518623	-0.175302	-3.18456	6.86289	-1.06394	1.07061	0.305456	-0.154038	
15.386	-0.225159	1.31737	-2.16709	0.491212	0.851003	-1.56998	1.05763	0	0.772827	0.213886	-0.166239	-0.234569	-0.0856827	-0.518824	-0.175102	-3.16935	6.87727	-1.0232	1.07202	0.303713	-0.153642	
15.4	-0.225159	1.31737	-2.16709	0.491212	0.851003	-1.56998	1.05763	0	0.770595	0.219331	-0.165192	-0.233696	-0.0839751	-0.51957	-0.174646	-3.17365	6.87544	-1.02835	1.07158	0.30623	-0.153242	
15.4	-0.225159	1.31737	-2.16709	0.491212	0.851003	-1.56998	1.05763	0	0.770595	0.219331	-0.165192	-0.233696	-0.0839751	-0.51957	-0.174646	-3.17365	6.87544	-1.02835	1.07158	0.30623	-0.153242	
15.414	-0.225159	1.31737	-2.16709	0.491212	0.851003	-1.56998	1.05763	0	0.761027	0.204319	-0.162872	-0.2433	-0.0826817	-0.519313	-0.175296	-3.15478	6.88925	-1.03665	1.07189	0.305476	-0.153843	
15.428	-0.225159	1.31737	-2.16709	0.491212	0.851003	-1.56998	1.05763	0	0.769041	0.198523	-0.160595	-0.24519	-0.0833855	-0.518949	-0.175396	-3.16195	6.92476	-1.02998	1.07458	0.305584	-0.154003	
15.428	-0.225159	1.31737	-2.16709	0.491212	0.851003	-1.56998	1.05763	0	0.769041	0.198523	-0.160595	-0.24519	-0.0833855	-0.518949	-0.175396	-3.16195	6.92476	-1.02998	1.07458	0.305584	-0.154003	
15.442	-0.225159	1.31737	-2.16709	0.491212	0.851003	-1.56998	1.05763	0	0.755376	0.189188	-0.159486	-0.252994	-0.0812382	-0.519088	-0.175457	-3.14245	6.9214	-1.04303	1.07353	0.305572	-0.153989	
15.456	-0.225159	1.31737	-2.16709	0.491212	0.851003	-1.56998	1.05763	0	0.782354	0.202453	-0.157357	-0.2413	-0.0830646	-0.519333	-0.175196	-3.18	6.95136	-1.01944	1.07655	0.308289	-0.153947	
15.456	-0.225159	1.31737	-2.16709	0.491212	0.851003	-1.56998	1.05763	0	0.782354	0.202453	-0.157357	-0.2413	-0.0830646	-0.519333	-0.175196	-3.18	6.95136	-1.01944	1.07655	0.308289	-0.153947	
15.47	-0.225159	1.31737	-2.16709	0.491212	0.851003	-1.56998	1.05763	0	0.777578	0.20298	-0.158508	-0.241326	-0.0840888	-0.519608	-0.175176	-3.17389	6.93503	-1.02339	1.07593	0.307307	-0.15397	
15.484	-0.225159	1.31737	-2.16709	0.491212	0.851003	-1.56998	1.05763	0	0.762678	0.211227	-0.159451	-0.24362	-0.0844411	-0.520202	-0.175265	-3.17351	6.91749	-1.04303	1.0748	0.308609	-0.154293	
15.484	-0.225159	1.31737	-2.16709	0.491212	0.851003	-1.56998	1.05763	0	0.762678	0.211227	-0.159451	-0.24362	-0.0844411	-0.520202	-0.175265	-3.17351	6.91749	-1.04303	1.0748	0.308609	-0.154293	
15.498	-0.225159	1.31737	-2.16709	0.491212	0.851003	-1.56998	1.05763	0	0.731396	0.210119	-0.163874	-0.256923	-0.0830088	-0.520417	-0.175478	-3.16078	6.91689	-1.08239	1.07451	0.308168	-0.154367	
15.512	-0.225159	1.31737	-2.16709	0.491212	0.851003	-1.56998	1.05763	0	0.785126	0.234739	-0.167528	-0.232866	-0.0874156	-0.520598	-0.175631	-3.23239	6.96473	-1.03316	1.08087	0.309076	-0.154358	
15.512	-0.225159	1.31737	-2.16709	0.491212	0.851003	-1.56998	1.05763	0	0.812635	0.213796	-0.161141	-0.228222	-0.0865712	-0.52115	-0.175573	-3.23239	6.96473	-1.03316	1.08087	0.309076	-0.154358	
15.526	-0.225159	1.31737	-2.16709	0.491212	0.851003	-1.56998	1.05763	0	0.789417	0.213137	-0.163672	-0.235161	-0.0862873	-0.521759	-0.175331	-3.20106	6.95641	-1.01948	1.08103	0.307159	-0.153881	
15.54	-0.225159	1.31737	-2.16709	0.491212	0.851003	-1.56998	1.05763	0	0.781964	0.189597	-0.160488	-0.242378	-0.0842349	-0.52174	-0.175486	-3.15973	6.93767	-1.0165	1.07891	0.304608	-0.153844	
15.554	-0.225159	1.31737	-2.16709	0.491212	0.851003	-1.56998	1.05763	0	0.748352	0.208044	-0.164491	-0.249287	-0.0853681	-0.520408	-0.17522	-3.16261	6.9096	-1.05933	1.07525	0.30577	-0.154025	
15.554	-0.225159	1.31737	-2.16709	0.491212	0.851003	-1.56998	1.05763	0	0.748352	0.208044	-0.164491	-0.249287	-0.0853681	-0.520408	-0.17522	-3.16261	6.9096	-1.05933	1.07525	0.30577	-0.154025	
15.568	-0.225159	1.31737	-2.16709	0.491212	0.851003	-1.56998	1.05763	0	0.77779	0.222823	-0.163638	-0.235151	-0.087752	-0.519624	-0.175207	-3.19945	6.92612	-1.02972	1.0767	0.307154	-0.15418	
15.582	-0.225159	1.31737	-2.16709	0.491212	0.851003	-1.56998	1.05763	0	0.790163	0.19971	-0.159319	-0.238006	-0.0855347	-0.519072	-0.175808	-3.17875	6.94339	-1.0074	1.0771	0.305342	-0.154459	
15.582	-0.225159	1.31737	-2.16709	0.491212	0.851003	-1.56998	1.05763	0	0.790163	0.19971	-0.159319	-0.238006	-0.0855347	-0.519072	-0.175808	-3.17875	6.94339	-1.0074	1.0771	0.305342	-0.154459	
15.596	-0.225159	1.31737	-2.16709	0.491212	0.851003	-1.56998	1.05763	0	0.788069	0.213747	-0.163096	-0.236041	-0.0863028	-0.518444	-0.176006	-3.19943	6.94795	-1.01556	1.07727	0.306027	-0.154665	
15.61	-0.225159	1.31737	-2.16709	0.491212	0.851003	-1.56998	1.05763	0	0.796852	0.234527	-0.164697	-0.228767	-0.0888685	-0.517573	-0.175643	-3.23586	6.96286	-1.01392	1.07833	0.308013	-0.154616	
15.61	-0.225159	1.31737	-2.16709	0.491212	0.851003	-1.56998	1.05763	0	0.796852	0.234527	-0.164697	-0.228767	-0.0888685	-0.517573	-0.175643	-3.23586	6.96286	-1.01392	1.07833	0.308013	-0.154616	
15.624	-0.225159	1.31737	-2.16709	0.491212	0.851003	-1.56998	1.05763	0	0.77959	0.209173	-0.161493	-0.239815	-0.0865385	-0.517665	-0.175252	-3.18591	6.93934	-1.02184	1.07568	0.305459	-0.154098	
15.638	-0.225159	1.31737	-2.16709	0.491212	0.851003	-1.56998	1.05763	0	0.81211	0.176454	-0.15498	-0.234883	-0.0851821	-0.517783	-0.175045	-3.15525	6.94575	-0.969518	1.07649	0.301695	-0.153438	
15.638	-0.225159	1.31737	-2.16709	0.491212	0.851003	-1.56998	1.05763	0	0.81211	0.176454	-0.15498	-0.234883	-0.0851821	-0.517783	-0.175045	-3.15525	6.94575	-0.969518	1.07649	0.301695	-0.153438	
15.652	-0.225159	1.31737	-2.16709	0.491212	0.851003	-1.56998	1.05763	0	0.781995	0.167811	-0.156879	-0.248188	-0.0832165	-0.517695	-0.175244	-3.12718	6.93007	-1.00137	1.07443	0.300563	-0.153531	
15.666	-0.225159	1.31737	-2.16709	0.491212	0.851003	-1.56998	1.05763	0	0.775394	0.196536	-0.162914	-0.244309	-0.0854895	-0.517064	-0.175788	-3.16609	6.93219	-1.02053	1.07474	0.302568	-0.154294	
15.666	-0.225159	1.31737	-2.16709	0.491212	0.851003	-1.56998	1.05763	0	0.775394	0.196536	-0.162914	-0.244309	-0.0854895	-0.517064	-0.175788	-3.16609	6.93219	-1.02053	1.07474	0.302568	-0.154294	
15.68	-0.225159	1.31737	-2.16709	0.491212	0.851003	-1.56998	1.05763	0	0.751937	0.217712	-0.169415	-0.248548	-0.0872277	-0.516254	-0.175506	-3.18569	6.92921	-1.05691	1.07423	0.303457	-0.154232	
15.694	-0.225159	1.31737	-2.16709	0.491212	0.851003	-1.56998	1.05763	0	0.77434	0.227683	-0.169311	-0.237909	-0.0879878	-0.516349	-0.175418	-3.21188	6.94211	-1.03481	1.07574	0.304748	-0.15412	
15.708	-0.225159	1.31737	-2.16709	0.491212	0.851003	-1.56998	1.05763	0	0.827522	0.197262	-0.163721	-0.224482	-0.0868966	-0.51812	-0.175286	-3.19684	6.96124	-0.961866	1.07963	0.301243	-0.153268	
15.708	-0.225159	1.31737	-2.16709	0.491212	0.851003	-1.56998	1.05763	0	0.827522	0.197262	-0.163721	-0.224482	-0.0868966	-0.51812	-0.175286	-3.19684	6.96124	-0.961866	1.07963	0.301243	-0.153268	
15.722	-0.225159	1.31737	-2.16709	0.491212	0.851003	-1.56998	1.05763	0	0.785528	0.205494	-0.166518	-0.235924	-0.0859355	-0.518955	-0.174782	-3.17893	6.92485	-1.01258	1.07649	0.302748	-0.153052	
15.736	-0.225159	1.31737	-2.16709	0.491212	0.851003	-1.56998	1.05763	0	0.805027	0.160415	-0.15785	-0.23865	-0.0843061	-0.519552	-0.175335	-3.12368	6.92039	-0.970721	1.07658	0.298014	-0.153234	
15.736	-0.225159	1.31737	-2.16709	0.491212	0.851003	-1.56998	1.05763	0	0.805027	0.160415	-0.15785	-0.23865	-0.0843061	-0.519552	-0.175335	-3.12368	6.92039	-0.970721	1.07658	0.298014	-0.153234	
15.75	-0.225159	1.31737	-2.16709	0.491212	0.851003	-1.56998	1.05763	0	0.784207	0.184043	-0.163106	-0.239619	-0.0859555	-0.518626	-0.175673	-3.14172	6.89867	-1.00123	1.07428	0.299347	-0.153887	
15.764	-0.225159	1.31737	-2.16709	0.491212	0.851003	-1.56998	1.05763	0	0.763053	0.209286	-0.169222	-0.243176	-0.0870812	-0.517646	-0.17619	-3.17113	6.90383	-1.03735	1.07393	0.301534	-0.154639	
15.764	-0.225159	1.31737	-2.16709	0.491212	0.851003	-1.56998	1.05763	0	0.763053	0.209286	-0.169222	-0.243176	-0.0870812	-0.517646	-0.17619	-3.17113	6.90383	-1.03735	1.07393	0.301534	-0.154639	
15.778	-0.225159	1.31737	-2.16709	0.491212	0.851003	-1.56998	1.05763	0	0.805274	0.20636	-0.166953	-0.23139	-0.0883184	-0.517741	-0.176267	-3.20074	6.9552	-0.992147	1.07908	0.301453	-0.15448	
15.792	-0.225159	1.31737	-2.16709	0.491212	0.851003	-1.56998	1.05763	0	0.790278	0.20688	-0.165484	-0.234366	-0.0857279	-0.518645	-0.176179	-3.18427	6.92515	-1.00678	1.0761	0.303322	-0.154471	
15.792	-0.225159	1.31737	-2.16709	0.491212	0.851003	-1.56998	1.05763	0	0.790278	0.20688	-0.165484	-0.234366	-0.0857279	-0.518645	-0.176179	-3.18427	6.92515	-1.00678	1.0761	0.303322	-0.154471	
15.806	-0.225159	1.31737	-2.16709	0.491212	0.851003	-1.56998	1.05763	0	0.792143	0.224499	-0.163054	-0.23014	-0.0852838	-0.518751	-0.176	-3.20985	6.93308	-1.01209	1.07579	0.308134	-0.154705	
15.82	-0.225159	1.31737	-2.16709	0.491212	0.851003	-1.56998	1.05763	0	0.773396	0.206968	-0.163853	-0.240297	-0.084306	-0.519174	-0.176039	-3.17329	6.91463	-1.0266	1.07466	0.305119	-0.154531	
15.82	-0.225159	1.31737	-2.16709	0.491212	0.851003	-1.56998	1.05763	0	0.773396	0.206968	-0.163853	-0.240297	-0.084306	-0.519174	-0.176039	-3.17329	6.91463	-1.0266	1.07466	0.305119	-0.154531	
15.834	-0.225159	1.31737	-2.16709	0.491212	0.851003	-1.56998	1.05763	0	0.784667	0.229558	-0.169343	-0.232496	-0.0879288	-0.519711	-0.176398	-3.21949	6.94212	-1.02706	1.07893	0.306169	-0.154949	
15.848	-0.225159	1.31737	-2.16709	0.491212	0.851003	-1.56998	1.05763	0	0.815568	0.220384	-0.166812	-0.223565	-0.0871621	-0.520512	-0.176671	-3.22498	6.96039	-0.9888	1.08136	0.305618	-0.154868	
15.862	-0.225159	1.31737	-2.16709	0.491212	0.851003	-1.56998	1.05763	0	0.788749	0.196125	-0.165413	-0.237432	-0.0855033	-0.520042	-0.175802	-3.17016	6.92899	-1.00722	1.07785	0.302078	-0.153916	
15.862	-0.225159	1.31737	-2.16709	0.491212	0.851003	-1.56998	1.05763	0	0.788749	0.196125	-0.165413	-0.237432	-0.0855033	-0.520042	-0.175802	-3.17016	6.92899	-1.00722	1.07785	0.302078	-0.153916	
15.876	-0.225159	1.31737	-2.16709	0.491212	0.851003	-1.56998	1.05763	0	0.784292	0.204975	-0.165092	-0.236938	-0.0858579	-0.519965	-0.175583	-3.17927	6.92743	-1.01567	1.07737	0.303841	-0.15394	
15.89	-0.225159	1.31737	-2.16709	0.491212	0.851003	-1.56998	1.05763	0	0.812041	0.214094	-0.163456	-0.225574	-0.0855243	-0.518748	-0.176176	-3.2084	6.94538	-0.98548	1.07763	0.305535	-0.154486	
15.89	-0.225159	1.31737	-2.16709	0.491212	0.851003	-1.56998	1.05763	0	0.812041	0.214094	-0.163456	-0.225574	-0.0855243	-0.518748	-0.176176	-3.2084	6.94538	-0.98548	1.07763	0.305535	-0.154486	
15.904	-0.225159	1.31737	-2.16709	0.491212	0.851003	-1.56998	1.05763	0	0.784395	0.203158	-0.162926	-0.237953	-0.0834266	-0.518336	-0.176048	-3.17551	6.92475	-1.01184	1.0746	0.304719	-0.154379	
15.918	-0.225159	1.31737	-2.16709	0.491212	0.851003	-1.56998	1.05763	0	0.792806	0.20705	-0.165944	-0.234391	-0.0844324	-0.51689	-0.176291	-3.18717	6.93017	-1.00211	1.07459	0.303034	-0.154447	
15.918	-0.225159	1.31737	-2.16709	0.491212	0.851003	-1.56998	1.05763	0	0.792806	0.20705	-0.165944	-0.234391	-0.0844324	-0.51689	-0.176291	-3.18717	6.93017	-1.00211	1.07459	0.303034	-0.154447	
15.932	-0.225159	1.31737	-2.16709	0.491212	0.851003	-1.56998	1.05763	0	0.801944	0.218286	-0.16547	-0.227699	-0.0851162	-0.516146	-0.175712	-3.20454	6.92936	-0.99358	1.07386	0.304481	-0.154051	
15.946	-0.225159	1.31737	-2.16709	0.491212	0.851003	-1.56998	1.05763	0	0.818825	0.217433	-0.163938	-0.220808	-0.0862651	-0.516371	-0.174851	-3.21016	6.93373	-0.973006	1.07493	0.304133	-0.153208	
15.946	-0.225159	1.31737	-2.16709	0.491212	0.851003	-1.56998	1.05763	0	0.818825	0.217433	-0.163938	-0.220808	-0.0862651	-0.516371	-0.174851	-3.21016	6.93373	-0.973006	1.07493	0.304133	-0.153208	
15.96	-0.225159	1.31737	-2.16709	0.491212	0.851003	-1.56998	1.05763	0	0.79958	0.170987	-0.156423	-0.235635	-0.0839931	-0.516873	-0.17477	-3.12326	6.88725	-0.971938	1.07082	0.299007	-0.153028	
15.974	-0.225159	1.31737	-2.16709	0.491212	0.851003	-1.56998	1.05763	0	0.792345	0.215465	-0.163891	-0.226946	-0.0858449	-0.517009	-0.174792	-3.17968	6.88197	-0.997423	1.07081	0.303712	-0.153371	
15.974	-0.225159	1.31737	-2.16709	0.491212	0.851003	-1.56998	1.05763	0	0.792345	0.215465	-0.163891	-0.226946	-0.0858449	-0.517009	-0.174792	-3.17968	6.88197	-0.997423	1.07081	0.303712	-0.153371	
15.988	-0.225159	1.31737	-2.16709	0.491212	0.851003	-1.56998	1.05763	0	0.783584	0.210488	-0.162627	-0.227991	-0.0865388	-0.516715	-0.175352	-3.15656	6.84092	-0.999152	1.06737	0.302127	-0.154099	
16.002	-0.225159	1.31737	-2.16709	0.491212	0.851003	-1.56998	1.05763	0	0.779739	0.207368	-0.162286	-0.23133	-0.0867182	-0.516671	-0.175541	-3.154	6.84928	-1.00424	1.06801	0.301934	-0.15432	
16.016	-0.225159	1.31737	-2.16709	0.491212	0.851003	-1.56998	1.05763	0	0.794331	0.203496	-0.161124	-0.229811	-0.0883336	-0.516858	-0.174733	-3.1671	6.88946	-0.991661	1.07209	0.301654	-0.153514	
16.016	-0.225159	1.31737	-2.16709	0.491212	0.851003	-1.56998	1.05763	0	0.794331	0.203496	-0.161124	-0.229811	-0.0883336	-0.516858	-0.174733	-3.1671	6.88946	-0.991661	1.07209	0.301654	-0.153514	
16.03	-0.225159	1.31737	-2.16709	0.491212	0.851003	-1.56998	1.05763	0	0.753185	0.19368	-0.161063	-0.244318	-0.0863559	-0.517352	-0.174477	-3.12076	6.84019	-1.0317	1.06742	0.300852	-0.153405	
16.044	-0.225159	1.31737	-2.16709	0.491212	0.851003	-1.56998	1.05763	0	0.786316	0.204116	-0.163463	-0.231977	-0.0868941	-0.517299	-0.174282	-3.16212	6.88269	-1.00139	1.07162	0.301598	-0.152865	
16.044	-0.225159	1.31737	-2.16709	0.491212	0.851003	-1.56998	1.05763	0	0.786316	0.204116	-0.163463	-0.231977	-0.0868941	-0.517299	-0.174282	-3.16212	6.88269	-1.00139	1.07162	0.301598	-0.152865	
16.058	-0.225159	1.31737	-2.16709	0.491212	0.851003	-1.56998	1.05763	0	0.783513	0.194786	-0.163978	-0.234924	-0.0858631	-0.517885	-0.174377	-3.14747	6.879	-1.00159	1.07181	0.30024	-0.152718	
16.072	-0.225159	1.31737	-2.16709	0.491212	0.851003	-1.56998	1.05763	0	0.777666	0.17821	-0.161859	-0.241223	-0.0829558	-0.518426	-0.175039	-3.12123	6.87397	-1.00229	1.07098	0.299468	-0.153114	
16.072	-0.225159	1.31737	-2.16709	0.491212	0.851003	-1.56998	1.05763	0	0.777666	0.17821	-0.161859	-0.241223	-0.0829558	-0.518426	-0.175039	-3.12123	6.87397	-1.00229	1.07098	0.299468	-0.153114	
16.086	-0.225159	1.31737	-2.16709	0.491212	0.851003	-1.56998	1.05763	0	0.787774	0.232064	-0.170961	-0.226812	-0.0862875	-0.517803	-0.175091	-3.20991	6.90529	-1.01503	1.07399	0.304745	-0.153439	
16.1	-0.225159	1.31737	-2.16709	0.491212	0.851003	-1.56998	1.05763	0	0.793134	0.213039	-0.166816	-0.231386	-0.0840317	-0.518606	-0.175277	-3.19242	6.92594	-1.00537	1.0756	0.30451	-0.153412	
16.1	-0.225159	1.31737	-2.16709	0.491212	0.851003	-1.56998	1.05763	0	0.793134	0.213039	-0.166816	-0.231386	-0.0840317	-0.518606	-0.175277	-3.19242	6.92594	-1.00537	1.0756	0.30451	-0.153412	
16.114	-0.225159	1.31737	-2.16709	0.491212	0.851003	-1.56998	1.05763	0	0.785124	0.206852	-0.164735	-0.234374	-0.0833597	-0.51906	-0.175341	-3.1743	6.90745	-1.01033	1.07404	0.304463	-0.153573	
16.128	-0.225159	1.31737	-2.16709	0.491212	0.851003	-1.56998	1.05763	0	0.794035	0.206799	-0.162114	-0.231601	-0.0835811	-0.518927	-0.175219	-3.1798	6.91606	-1.0002	1.07445	0.305376	-0.153579	
16.142	-0.225159	1.31737	-2.16709	0.491212	0.851003	-1.56998	1.05763	0	0.786304	0.205392	-0.161206	-0.233649	-0.0836725	-0.519603	-0.175334	-3.17016	6.90209	-1.00783	1.07374	0.305625	-0.153824	
16.142	-0.225159	1.31737	-2.16709	0.491212	0.851003	-1.56998	1.05763	0	0.786304	0.205392	-0.161206	-0.233649	-0.0836725	-0.519603	-0.175334	-3.17016	6.90209	-1.00783	1.07374	0.305625	-0.153824	
16.156	-0.225159	1.31737	-2.16709	0.491212	0.851003	-1.56998	1.05763	0	0.784847	0.197619	-0.160575	-0.236031	-0.0837531	-0.519764	-0.175168	-3.15894	6.90192	-1.00694	1.07401	0.304472	-0.153609	
16.17	-0.225159	1.31737	-2.16709	0.491212	0.851003	-1.56998	1.05763	0	0.80093	0.20438	-0.1632	-0.226581	-0.0846734	-0.519844	-0.175866	-3.17216	6.89071	-0.987765	1.07407	0.303488	-0.154089	
16.17	-0.225159	1.31737	-2.16709	0.491212	0.851003	-1.56998	1.05763	0	0.80093	0.20438	-0.1632	-0.226581	-0.0846734	-0.519844	-0.175866	-3.17216	6.89071	-0.987765	1.07407	0.303488	-0.154089	
16.184	-0.225159	1.31737	-2.16709	0.491212	0.851003	-1.56998	1.05763	0	0.79237	0.185974	-0.164804	-0.235167	-0.0856686	-0.520313	-0.175622	-3.14782	6.89925	-0.994126	1.07612	0.299527	-0.153598	
16.198	-0.225159	1.31737	-2.16709	0.491212	0.851003	-1.56998	1.05763	0	0.795873	0.229131	-0.17261	-0.224254	-0.0873758	-0.520059	-0.175147	-3.21291	6.91435	-1.0086	1.07761	0.303901	-0.15328	
16.198	-0.225159	1.31737	-2.16709	0.491212	0.851003	-1.56998	1.05763	0	0.795873	0.229131	-0.17261	-0.224254	-0.0873758	-0.520059	-0.175147	-3.21291	6.91435	-1.0086	1.07761	0.303901	-0.15328	
16.212	-0.225159	1.31737	-2.16709	0.491212	0.851003	-1.56998	1.05763	0	0.784341	0.225608	-0.171252	-0.228592	-0.0850528	-0.519406	-0.174742	-3.1972	6.89913	-1.01791	1.07468	0.304471	-0.152891	
16.226	-0.225159	1.31737	-2.16709	0.491212	0.851003	-1.56998	1.05763	0	0.803967	0.187218	-0.165799	-0.229404	-0.0833428	-0.518735	-0.175247	-3.15007	6.89008	-0.976131	1.07354	0.299023	-0.152887	
16.226	-0.225159	1.31737	-2.16709	0.491212	0.851003	-1.56998	1.05763	0	0.803967	0.187218	-0.165799	-0.229404	-0.0833428	-0.518735	-0.175247	-3.15007	6.89008	-0.976131	1.07354	0.299023	-0.152887	
16.24	-0.225159	1.31737	-2.16709	0.491212	0.851003	-1.56998	1.05763	0	0.79312	0.184356	-0.167061	-0.234945	-0.0832524	-0.517847	-0.175319	-3.14261	6.89025	-0.987684	1.07277	0.297966	-0.152939	
16.254	-0.225159	1.31737	-2.16709	0.491212	0.851003	-1.56998	1.05763	0	0.778515	0.153257	-0.16417	-0.248109	-0.0804038	-0.517925	-0.175292	-3.09206	6.88308	-0.992977	1.07149	0.294732	-0.152598	
