4732335788
5275841743
9721446241
5063194365
8035872761
7082027670
3411571723
4531534020
8263640916
1430952202
917285478
8932712764
2046839225
3575601771
5387495314
7054235588
8814027577
5343259891
6907206004
8622581865
5790791429
121779386
4632891579
5805184686
6956820379
9956463004
3112137404
5732267790
9261355239
6245495412
5840954010
242550453
6057146212
5517905875
6002565149
3246641559
6185690427
4590631749
4761444265
6463900982
2791685672
8187843107
9268043364
16323655
2349698182
6921981651
1324182710
1111728932
1674102374
5499266996
5497669137
5423544380
7936572393
3467197622
8251115110
9936540231
8606470744
9442412610
2646725020
9389369703
6456235021
3960052266
9374944900
2860660885
6033250479
7602136282
7747789435
1346589339
1603763488
5530176675
1990228426
3676359291
630174810
835280846
4000950672
8621302473
8764544577
1608718928
820653568
6457859551
3047808300
9464326608
9098349964
888421547
1000018782
437607420
1270183396
8337232916
964357372
1338189988
5367062285
368664257
5120882675
6879345824
7912924077
7672445966
3410544464
9232371395
695876579
6853362936
9134327163
6468582221
7437980790
3025449297
8277336542
8471710208
2837460533
9128609451
8741007910
3946193508
5528904226
306205640
9595777527
2632347593
1264488333
8270502518
3573702924
9090091126
91499314
9178238186
5552329535
5445276775
7227715067
6756194704
8941800932
6234249970
8884713992
48767941
3994095867
9732365812
7608020527
6477508706
4424250030
7439820625
1842643590
8899287410
1611711969
794103704
5926204384
9040171534
2628110467
3452777623
7314658705
3482878637
916335964
2511331936
204327250
4509529704
9682187951
9595786296
7618621582
2091189338
5594461009
6920214450
1508513914
7949872799
5151061785
571032067
6108741537
987922529
969502318
3966094660
2113423675
8349903328
6605637996
4157072191
513529538
9281994525
5659396767
4242015992
3452162412
1594305382
5907188565
8448538344
3096094351
6984089375
6625973075
2395064821
3194531010
9739689512
2521949743
7096995718
1084614460
1064513806
5485701782
9354345996
3594477524
1227491506
802606133
7140344908
1370782231
5069098107
8203875380
312202074
7363019095
7145259561
5592857881
7916967713
2356600215
5973371161
3837283190
2699241551
2309385954
1782697329
1225117154
8092658420
1322148769
3614585306
7570503762
5725023347
331191563
7830969451
3184977600
9220425537
5842204210
9575665275
6521118302
1047640846
7809477066
4128100502
3400279329
791077577
9345799237
2298629409
7870002303
377192560
6661771264
250841219
5427600928
8003140891
2738612218
5848890607
2353299457
8556682137
7157751820
415104094
2933194930
185008497
1710904373
5994076278
3482888320
8323676786
1152281570
341570282
5622312676
5886692000
7541543693
1209328741
8920987423
4386164138
8757195309
4362195056
7881091170
3809763295
4526427591
6588201443
9804380713
326873010
3612219195
7325328457
2623410049
661876909
2288557057
2072609946
523150758
6067498085
7256892813
5752957317
9862896697
7379991934
8235711747
379015854
7722599505
706418557
219966569
2797387380
6752692226
180695389
1542217923
62067653
3520465601
5061220723
4457430217
1813826550
2575271170
4774190177
687029099
1549437337
2246264092
494265266
4597180171
9248337868
776964122
4910728027
7599946878
8915681574
6314251487
5904012359
7092291762
453518819
2920767184
8509413241
8003739410
1469853485
6626102181
8112501958
1895191384
7708047958
3717435719
6848852925
9500069492
1496354024
4312088256
8899688409
7775568202
5518525202
4876285883
5310019380
2485448651
6452221438
7352870924
1334824395
3214405870
8569896272
7775192663
2041974546
7641985984
7252772970
1824458909
9417142321
6269087663
8111976223
806162271
5038551865
7369281673
323418668
9667339026
2653354644
1759855050
4309609931
8278034658
825822764
3820912948
514440084
3634499720
5929410296
1944083209
3835986144
9535860273
9876130131
1959093680
2632992152
793623729
5000931094
6106068213
1150652946
155286536
9363137706
439508816
5337021699
5106067386
5598561136
5844414272
4594211909
3239361931
5270351621
584080014
2412081958
9744187005
2211470420
8400585901
4337277738
1043456579
2342758264
1725946926
5352361092
7489549032
6643021910
3221598847
5467251378
4652880103
840063609
2050077101
818355226
7197057096
3335086856
8404376299
5210965652
5064509901
6871277795
1008825700
3937573571
1903230920
8265324310
8839629909
1397956910
4528832593
4107065751
4503061776
1185291909
5579956121
5559402341
7060777513
6994554615
1709198622
3828276903
3874955282
8845908375
4012890317
8443374706
7842135762
6014612386
1907318753
4255059045
1602495062
5543245670
644562877
2963922310
8631663898
2214505672
6162827183
9912753963
8558600771
1319462432
943812856
1513503591
5084644801
135453650
8109199736
2381955274
1999628804
4606686324
1313594947
3235632075
29398604
1343553308
7067484710
7050562181
6120812778
7546775553
8135820558
5839782300
5335037569
7174121156
1909970154
1778922506
3870474883
9739687804
326045826
1462722767
9417047851
1779255575
8855419940
5370346823
6284295247
9373983442
6819616650
6066834490
6597988564
1964794411
7765376401
8730568739
6838542699
472991917
9505650589
6766783416
5499027889
3651786747
4536815337
1462150019
5468402409
9011413227
8568836127
5796588247
9546877579
2607451284
3480551722
1082938324
5621872403
3584854517
6702955370
7099819463
9758547568
7099233082
5594818697
7776147655
1140570110
3552645878
6345598952
3757651991
8023436933
4638458102
968301745
8135367767
6290878649
240844223
2543536071
9250356706
2188175976
4181287592
73977203
8287000420
918908866
4224614127
8740965424
1423534874
2171045234
8258560004
188895058
5796873322
5762575287
4163866282
6739178621
3714777417
1682393676
9897816105
4516711808
5455703026
3235535191
6068050615
4280450312
8286757523
8606269840
2905025863
4562294693
2956680079
2920104775
8912352746
4507410130
1442362304
7922729103
9961525124
7385175590
1644352737
7050962785
5105969490
9852383318
6899248427
7711657822
3984215023
579332367
6050901744
9990291277
5483810336
9752189185
2449578003
6649686590
4387209758
5135827814
6672579464
5894474873
8202944868
9878766810
6574371811
5383850672
7736572848
2789007885
3434270342
1715473620
7591521920
1482869324
5653546740
6689243666
4558086223
7282290900
2513517480
8768807158
725309771
5781370396
5926298673
5432462378
6113298717
5272263711
3826800513
1011014811
5327079376
4327195349
5011199344
582334363
3712302475
9818963380
1604103126
7988817743
4503617983
9390045499
3807085407
1100854056
5970877851
2042542083
5764584540
9954614491
1209562609
5389064512
3772760182
827967401
5039878810
3362529673
9006095145
8823066536
1848242062
2991314901
5469452299
1245208925
1168318006
9164786330
3479653274
7365851295
6907900098
5103433332
4700810091
4433593123
4530460911
9944981740
3840542159
2333330330
5613635487
719697871
294815216
8043096428
6490766236
8591131646
9409975331
6249805399
3304771008
7394334154
836442779
4507009508
1217740353
9200276390
848261274
1563591890
3759422475
9614079572
6811994416
1965776128
2645425526
2018909366
5680373185
2913671244
257750805
2784697679
8601002251
3855425118
89190192
5819586501
5542492641
8725354902
7877563770
3775793447
4434429633
635790916
2073052676
9278894307
5171108228
6833038601
6932004532
8541721215
3999237732
5077659218
3489347774
74828216
2282079416
6005510702
3946988074
9309918169
9604464260
9428342898
3658970548
4996992311
5004742504
6749546723
4226788569
6274266725
6204473634
9390186134
3387608198
3411934340
2043815579
4818449249
8329613332
2348108834
3453786848
342070596
1627405292
583597501
2424744280
9518101439
6653341262
620821160
8713553524
8295473559
2666304858
6844878866
6151451145
7483033384
5300313145
4777942070
2972768306
7459405882
2113438030
4690696980
301649793
7930368384
5221342601
2817239126
1722708179
129490950
2920894671
891982509
8149336714
1626193367
4550655514
2841844234
5194249221
6397415813
8034357190
7906498746
7437908784
9380278696
9318842765
3992558964
3284056764
4465490616
5873733225
781872366
436647243
6104793883
6533685974
7397936090
8561510058
4664734856
8536517368
7286526538
8640610903
217258689
6070738415
5519142684
7280210123
7979514041
1688726594
3059061310
7579272640
7140399955
4384277519
4598486958
5289942407
8817183756
6230518564
5686691799
8168187380
1735559624
241435545
5599594116
4948464260
4690264756
2354918086
1939553184
5367213444
9963167037
1071339516
7973533032
2911193031
2317624463
572802784
4656627696
7055652326
3251534515
882663840
4332608770
5341885458
3309403352
3887298275
5644517855
1763301355
159920268
8638235169
3923802646
1832354981
2726210182
4410691193
6115973580
833605662
6824769840
3359197100
9993251430
5673143459
1824028841
7986317667
2195240477
4560126083
5480015727
3738567979
6740234534
6154623663
4833251257
9577377422
7744315288
8915651832
1033745887
477784730
3428554446
8772926986
2208782022
494099589
8015898667
5952515311
5137432489
7963304
8204592444
7023701995
6396562981
3094768484
8356884316
4063621203
2968365243
7994457815
7225301325
6392192291
8592142513
1983924680
5909505286
610187416
4383301628
2654230977
6818522782
797928725
4736172987
4740323903
7309803468
7129724906
7598188393
9573865614
2045984043
7643214560
9901133061
2602594489
2136521522
2361886655
5930348259
872830921
5259939137
8859510219
5462519425
6031487485
2970781291
977821780
9832923202
8693369663
9334883594
9667992249
1431673158
1842880306
2303948130
7901408919
4528998011
4310634734
4255636053
486475346
9979984734
2332818384
6819426722
2475497781
4864076131
3427307298
7899758368
7645062880
4307461990
1129619840
336129403
927419794
4790422816
9543010698
2863134818
9732677761
9922315214
630918651
3197207352
5844579711
9485004734
7309966981
2956525546
1539530209
3813077178
8512031268
7236257740
6203003738
6720012601
521279962
144495508
4465069654
3313235306
9871007865
2479020512
6234735140
3830479192
8314885708
705704734
5295331977
361221032
4538933971
7343851293
7363568944
7333476193
5960554266
2817122399
8114656757
8468029889
8045142060
6580701842
9800948372
2964976429
5221681680
7264799556
3167879737
8085875222
3285808329
1690345764
9841170636
5350242062
8048584120
4996367945
8788716659
8718948359
8855708062
8092189164
9139069642
1241716651
7341757869
8336857018
4851592595
7148509801
4536729247
2884142455
9328017710
3715615422
4649356921
3258708900
364117136
8041833666
6495441628
9554858059
3133648928
5054476190
1576254087
7325569625
3028461047
8620041211
5745291990
7310498579
4042096703
6277967663
8330006536
8660917901
5226324244
5368017028
209269191
8148617864
1534090280
5966205363
1770221364
9944302441
9680976984
5018114948
2127633810
8581553015
3622785122
2186876245
6706536123
1349262371
3150621046
3940704452
2864983854
4407520716
7918212904
8569645782
8573499176
4506910659
8964654361
5758929828
8126792671
8470587466
2939384842
181055193
3062945087
1741001458
3921939522
3827728148
3003521875
973101789
8083980026
7589935887
6195866960
2111611416
631779707
559805704
9213281111
6026334457
6765070875
3577499251
7310423374
