joint_A1	joint_A2	joint_E1	joint_A3	joint_A4	joint_A5	joint_A6	cart_pos_x	cart_pos_y	cart_pos_z	cart_quat_x	cart_quat_y	cart_quat_z	cart_quat_w	force_joint_A1	force_joint_A2	force_joint_E1	force_joint_A3	force_joint_A4	force_joint_A5	force_joint_A6	cart_force_x	cart_force_y	cart_force_z	cart_trq_x	cart_trq_y	cart_trq_z	
10.36	-0.225159	1.31737	-2.16709	0.491212	0.851003	-1.56998	1.05763	0	0.904836	0.193124	-0.010684	-0.157476	-0.132665	-0.423976	-0.185969	-2.97282	6.24599	-0.606991	0.933535	0.289123	-0.179816	
10.374	-0.225159	1.31737	-2.16709	0.491212	0.851003	-1.56998	1.05763	0	0.864887	0.206761	-0.0121911	-0.167348	-0.133599	-0.423809	-0.185903	-2.96406	6.21089	-0.656134	0.92994	0.291025	-0.180354	
10.388	-0.225159	1.31737	-2.16709	0.491212	0.851003	-1.56998	1.05763	0	0.897703	0.22369	-0.0125779	-0.15081	-0.135478	-0.423607	-0.185701	-3.0044	6.2258	-0.623595	0.931805	0.292569	-0.180175	
10.388	-0.225159	1.31737	-2.16709	0.491212	0.851003	-1.56998	1.05763	0	0.897703	0.22369	-0.0125779	-0.15081	-0.135478	-0.423607	-0.185701	-3.0044	6.2258	-0.623595	0.931805	0.292569	-0.180175	
10.402	-0.225159	1.31737	-2.16709	0.491212	0.851003	-1.56998	1.05763	0	0.862135	0.198896	-0.0100841	-0.167284	-0.133758	-0.423582	-0.185371	-2.94143	6.18114	-0.651059	0.927315	0.289562	-0.179918	
10.416	-0.225159	1.31737	-2.16709	0.491212	0.851003	-1.56998	1.05763	0	0.869966	0.222063	-0.0131095	-0.158635	-0.135756	-0.42333	-0.185207	-2.97762	6.18575	-0.65061	0.928058	0.29164	-0.179948	
10.416	-0.225159	1.31737	-2.16709	0.491212	0.851003	-1.56998	1.05763	0	0.869966	0.222063	-0.0131095	-0.158635	-0.135756	-0.42333	-0.185207	-2.97762	6.18575	-0.65061	0.928058	0.29164	-0.179948	
10.43	-0.225159	1.31737	-2.16709	0.491212	0.851003	-1.56998	1.05763	0	0.885242	0.217491	-0.0135099	-0.155015	-0.136392	-0.422665	-0.185756	-2.9829	6.19864	-0.631243	0.929221	0.289912	-0.180279	
10.444	-0.225159	1.31737	-2.16709	0.491212	0.851003	-1.56998	1.05763	0	0.855994	0.212329	-0.0131116	-0.165879	-0.135112	-0.423086	-0.186081	-2.95554	6.17125	-0.661805	0.926506	0.290039	-0.180767	
10.444	-0.225159	1.31737	-2.16709	0.491212	0.851003	-1.56998	1.05763	0	0.857862	0.247285	-0.0178614	-0.158257	-0.137453	-0.422572	-0.186366	-3.00996	6.18735	-0.675033	0.927822	0.2939	-0.181384	
10.458	-0.225159	1.31737	-2.16709	0.491212	0.851003	-1.56998	1.05763	0	0.862561	0.257381	-0.0194183	-0.156149	-0.137416	-0.422803	-0.186448	-3.03349	6.21093	-0.677337	0.92989	0.295743	-0.181441	
10.472	-0.225159	1.31737	-2.16709	0.491212	0.851003	-1.56998	1.05763	0	0.84842	0.21922	-0.0141243	-0.170035	-0.134684	-0.423505	-0.186711	-2.97088	6.19569	-0.678725	0.928444	0.292179	-0.18146	
10.486	-0.225159	1.31737	-2.16709	0.491212	0.851003	-1.56998	1.05763	0	0.902354	0.228605	-0.0143293	-0.150808	-0.136958	-0.423896	-0.186224	-3.02454	6.25648	-0.625593	0.935197	0.29293	-0.180688	
10.486	-0.225159	1.31737	-2.16709	0.491212	0.851003	-1.56998	1.05763	0	0.902354	0.228605	-0.0143293	-0.150808	-0.136958	-0.423896	-0.186224	-3.02454	6.25648	-0.625593	0.935197	0.29293	-0.180688	
10.5	-0.225159	1.31737	-2.16709	0.491212	0.851003	-1.56998	1.05763	0	0.858591	0.213971	-0.0138126	-0.170249	-0.134545	-0.424376	-0.186329	-2.97917	6.23122	-0.671233	0.932268	0.2923	-0.180891	
10.514	-0.225159	1.31737	-2.16709	0.491212	0.851003	-1.56998	1.05763	0	0.873372	0.22154	-0.012935	-0.16322	-0.133489	-0.424564	-0.186269	-2.99767	6.24138	-0.657223	0.932815	0.294429	-0.180776	
10.514	-0.225159	1.31737	-2.16709	0.491212	0.851003	-1.56998	1.05763	0	0.873372	0.22154	-0.012935	-0.16322	-0.133489	-0.424564	-0.186269	-2.99767	6.24138	-0.657223	0.932815	0.294429	-0.180776	
10.528	-0.225159	1.31737	-2.16709	0.491212	0.851003	-1.56998	1.05763	0	0.881808	0.222661	-0.0128447	-0.158965	-0.132101	-0.425078	-0.18652	-3.00089	6.23712	-0.646845	0.932606	0.295084	-0.180843	
10.542	-0.225159	1.31737	-2.16709	0.491212	0.851003	-1.56998	1.05763	0	0.897135	0.225931	-0.0132452	-0.151411	-0.131665	-0.425473	-0.186658	-3.01052	6.23486	-0.628907	0.932924	0.295322	-0.180792	
10.542	-0.225159	1.31737	-2.16709	0.491212	0.851003	-1.56998	1.05763	0	0.897135	0.225931	-0.0132452	-0.151411	-0.131665	-0.425473	-0.186658	-3.01052	6.23486	-0.628907	0.932924	0.295322	-0.180792	
10.556	-0.225159	1.31737	-2.16709	0.491212	0.851003	-1.56998	1.05763	0	0.874183	0.214638	-0.0110407	-0.16462	-0.131783	-0.425607	-0.185772	-2.9887	6.24578	-0.655424	0.933434	0.29512	-0.180173	
10.57	-0.225159	1.31737	-2.16709	0.491212	0.851003	-1.56998	1.05763	0	0.899932	0.200087	-0.00635867	-0.159426	-0.132868	-0.425981	-0.185591	-2.9855	6.26706	-0.621592	0.936068	0.293767	-0.179933	
10.584	-0.225159	1.31737	-2.16709	0.491212	0.851003	-1.56998	1.05763	0	0.881134	0.188765	-0.00522006	-0.168023	-0.133715	-0.426233	-0.185771	-2.95663	6.24668	-0.637905	0.93477	0.291922	-0.18029	
10.584	-0.225159	1.31737	-2.16709	0.491212	0.851003	-1.56998	1.05763	0	0.881134	0.188765	-0.00522006	-0.168023	-0.133715	-0.426233	-0.185771	-2.95663	6.24668	-0.637905	0.93477	0.291922	-0.18029	
10.598	-0.225159	1.31737	-2.16709	0.491212	0.851003	-1.56998	1.05763	0	0.884223	0.216432	-0.0115972	-0.16098	-0.135827	-0.425596	-0.185904	-3.00018	6.25711	-0.645899	0.935944	0.293526	-0.180485	
10.612	-0.225159	1.31737	-2.16709	0.491212	0.851003	-1.56998	1.05763	0	0.883788	0.220559	-0.0124437	-0.157999	-0.136073	-0.425781	-0.186289	-2.99894	6.23541	-0.644591	0.934508	0.293383	-0.180884	
10.612	-0.225159	1.31737	-2.16709	0.491212	0.851003	-1.56998	1.05763	0	0.883788	0.220559	-0.0124437	-0.157999	-0.136073	-0.425781	-0.186289	-2.99894	6.23541	-0.644591	0.934508	0.293383	-0.180884	
10.626	-0.225159	1.31737	-2.16709	0.491212	0.851003	-1.56998	1.05763	0	0.930257	0.199124	-0.00415226	-0.147712	-0.134793	-0.425747	-0.186009	-2.9984	6.27275	-0.583844	0.937307	0.292822	-0.180323	
10.64	-0.225159	1.31737	-2.16709	0.491212	0.851003	-1.56998	1.05763	0	0.879638	0.21087	-0.0103142	-0.163817	-0.135404	-0.42517	-0.185817	-2.98855	6.25117	-0.647872	0.934826	0.293007	-0.180438	
10.64	-0.225159	1.31737	-2.16709	0.491212	0.851003	-1.56998	1.05763	0	0.879638	0.21087	-0.0103142	-0.163817	-0.135404	-0.42517	-0.185817	-2.98855	6.25117	-0.647872	0.934826	0.293007	-0.180438	
10.654	-0.225159	1.31737	-2.16709	0.491212	0.851003	-1.56998	1.05763	0	0.871979	0.216553	-0.0114671	-0.167217	-0.135993	-0.425199	-0.185757	-2.99885	6.26727	-0.662555	0.936151	0.29404	-0.180504	
10.668	-0.225159	1.31737	-2.16709	0.491212	0.851003	-1.56998	1.05763	0	0.921751	0.195667	-0.00361997	-0.15465	-0.136164	-0.425271	-0.185742	-2.99871	6.29727	-0.596948	0.939099	0.292544	-0.180251	
10.682	-0.225159	1.31737	-2.16709	0.491212	0.851003	-1.56998	1.05763	0	0.885663	0.22819	-0.00947551	-0.158925	-0.137073	-0.424168	-0.185873	-3.0191	6.26624	-0.648009	0.935151	0.295811	-0.180905	
10.682	-0.225159	1.31737	-2.16709	0.491212	0.851003	-1.56998	1.05763	0	0.885663	0.22819	-0.00947551	-0.158925	-0.137073	-0.424168	-0.185873	-3.0191	6.26624	-0.648009	0.935151	0.295811	-0.180905	
10.696	-0.225159	1.31737	-2.16709	0.491212	0.851003	-1.56998	1.05763	0	0.884816	0.194618	-0.00334834	-0.166444	-0.133806	-0.424648	-0.185858	-2.9681	6.25441	-0.634497	0.933596	0.293269	-0.180604	
10.71	-0.225159	1.31737	-2.16709	0.491212	0.851003	-1.56998	1.05763	0	0.88279	0.263841	-0.015724	-0.150283	-0.137608	-0.42303	-0.185906	-3.06254	6.25367	-0.661588	0.93315	0.299043	-0.181088	
10.71	-0.225159	1.31737	-2.16709	0.491212	0.851003	-1.56998	1.05763	0	0.88279	0.263841	-0.015724	-0.150283	-0.137608	-0.42303	-0.185906	-3.06254	6.25367	-0.661588	0.93315	0.299043	-0.181088	
10.724	-0.225159	1.31737	-2.16709	0.491212	0.851003	-1.56998	1.05763	0	0.907508	0.222693	-0.0121487	-0.152851	-0.135978	-0.423616	-0.185805	-3.02637	6.28325	-0.620864	0.93664	0.29355	-0.180228	
10.738	-0.225159	1.31737	-2.16709	0.491212	0.851003	-1.56998	1.05763	0	0.870125	0.216861	-0.0157702	-0.170016	-0.135581	-0.424191	-0.18585	-3.00598	6.2859	-0.667231	0.937167	0.292546	-0.180266	
10.738	-0.225159	1.31737	-2.16709	0.491212	0.851003	-1.56998	1.05763	0	0.870125	0.216861	-0.0157702	-0.170016	-0.135581	-0.424191	-0.18585	-3.00598	6.2859	-0.667231	0.937167	0.292546	-0.180266	
10.752	-0.225159	1.31737	-2.16709	0.491212	0.851003	-1.56998	1.05763	0	0.899751	0.21452	-0.0137321	-0.161368	-0.137024	-0.424191	-0.186156	-3.02489	6.31637	-0.634398	0.940433	0.292225	-0.180478	
10.766	-0.225159	1.31737	-2.16709	0.491212	0.851003	-1.56998	1.05763	0	0.888405	0.210439	-0.0127307	-0.165497	-0.136437	-0.424703	-0.186439	-3.00956	6.3	-0.644896	0.939152	0.292275	-0.180844	
10.766	-0.225159	1.31737	-2.16709	0.491212	0.851003	-1.56998	1.05763	0	0.888405	0.210439	-0.0127307	-0.165497	-0.136437	-0.424703	-0.186439	-3.00956	6.3	-0.644896	0.939152	0.292275	-0.180844	
10.78	-0.225159	1.31737	-2.16709	0.491212	0.851003	-1.56998	1.05763	0	0.881822	0.21707	-0.0118707	-0.163824	-0.137342	-0.424673	-0.186548	-3.0064	6.27173	-0.650701	0.936762	0.293016	-0.181264	
10.794	-0.225159	1.31737	-2.16709	0.491212	0.851003	-1.56998	1.05763	0	0.859949	0.230076	-0.0148835	-0.166723	-0.137007	-0.424483	-0.186313	-3.00554	6.24229	-0.677822	0.933779	0.294208	-0.181213	
10.808	-0.225159	1.31737	-2.16709	0.491212	0.851003	-1.56998	1.05763	0	0.884375	0.222235	-0.00916104	-0.160377	-0.133917	-0.425067	-0.18621	-3.00844	6.26089	-0.647384	0.93457	0.296378	-0.180931	
10.808	-0.225159	1.31737	-2.16709	0.491212	0.851003	-1.56998	1.05763	0	0.884375	0.222235	-0.00916104	-0.160377	-0.133917	-0.425067	-0.18621	-3.00844	6.26089	-0.647384	0.93457	0.296378	-0.180931	
10.822	-0.225159	1.31737	-2.16709	0.491212	0.851003	-1.56998	1.05763	0	0.886984	0.217481	-0.00908015	-0.160244	-0.132053	-0.424792	-0.186639	-3.00151	6.25569	-0.64094	0.933474	0.295948	-0.181121	
10.836	-0.225159	1.31737	-2.16709	0.491212	0.851003	-1.56998	1.05763	0	0.858284	0.224087	-0.00934849	-0.169783	-0.13311	-0.424554	-0.186728	-2.99621	6.24567	-0.677528	0.932078	0.29725	-0.181687	
10.836	-0.225159	1.31737	-2.16709	0.491212	0.851003	-1.56998	1.05763	0	0.858284	0.224087	-0.00934849	-0.169783	-0.13311	-0.424554	-0.186728	-2.99621	6.24567	-0.677528	0.932078	0.29725	-0.181687	
10.85	-0.225159	1.31737	-2.16709	0.491212	0.851003	-1.56998	1.05763	0	0.891187	0.21209	-0.00806433	-0.160832	-0.13228	-0.424227	-0.186113	-2.99869	6.26619	-0.634632	0.933946	0.295151	-0.180577	
10.864	-0.225159	1.31737	-2.16709	0.491212	0.851003	-1.56998	1.05763	0	0.88668	0.218585	-0.00790996	-0.15913	-0.130878	-0.4237	-0.185272	-2.99776	6.24773	-0.63854	0.931215	0.296469	-0.17981	
10.864	-0.225159	1.31737	-2.16709	0.491212	0.851003	-1.56998	1.05763	0	0.88668	0.218585	-0.00790996	-0.15913	-0.130878	-0.4237	-0.185272	-2.99776	6.24773	-0.63854	0.931215	0.296469	-0.17981	
10.878	-0.225159	1.31737	-2.16709	0.491212	0.851003	-1.56998	1.05763	0	0.888191	0.207245	-0.00946906	-0.158588	-0.128882	-0.424022	-0.185633	-2.97483	6.2212	-0.628303	0.929371	0.293828	-0.179695	
10.892	-0.225159	1.31737	-2.16709	0.491212	0.851003	-1.56998	1.05763	0	0.879076	0.224285	-0.0124628	-0.158423	-0.128954	-0.42361	-0.185783	-2.99493	6.22174	-0.645825	0.928821	0.295929	-0.179983	
10.892	-0.225159	1.31737	-2.16709	0.491212	0.851003	-1.56998	1.05763	0	0.879076	0.224285	-0.0124628	-0.158423	-0.128954	-0.42361	-0.185783	-2.99493	6.22174	-0.645825	0.928821	0.295929	-0.179983	
10.906	-0.225159	1.31737	-2.16709	0.491212	0.851003	-1.56998	1.05763	0	0.871873	0.249859	-0.0183629	-0.155795	-0.130673	-0.42305	-0.186368	-3.03001	6.2259	-0.664969	0.929224	0.297717	-0.18071	
10.92	-0.225159	1.31737	-2.16709	0.491212	0.851003	-1.56998	1.05763	0	0.861187	0.232401	-0.0159693	-0.164728	-0.130265	-0.423214	-0.18636	-3.00257	6.22715	-0.672197	0.929264	0.296014	-0.180703	
10.92	-0.225159	1.31737	-2.16709	0.491212	0.851003	-1.56998	1.05763	0	0.909171	0.216266	-0.0135191	-0.151597	-0.131932	-0.423037	-0.186127	-3.00998	6.25856	-0.611115	0.93325	0.292461	-0.18002	
10.934	-0.225159	1.31737	-2.16709	0.491212	0.851003	-1.56998	1.05763	0	0.873016	0.206889	-0.0122123	-0.166832	-0.131538	-0.423022	-0.185895	-2.97545	6.23644	-0.649113	0.930689	0.291977	-0.180113	
10.948	-0.225159	1.31737	-2.16709	0.491212	0.851003	-1.56998	1.05763	0	0.891198	0.23893	-0.0153967	-0.153144	-0.134524	-0.422315	-0.185569	-3.03221	6.25525	-0.640849	0.932442	0.29513	-0.180077	
10.962	-0.225159	1.31737	-2.16709	0.491212	0.851003	-1.56998	1.05763	0	0.904449	0.206887	-0.00950051	-0.155372	-0.135393	-0.422356	-0.186385	-2.99335	6.25041	-0.611348	0.932766	0.29065	-0.18077	
10.962	-0.225159	1.31737	-2.16709	0.491212	0.851003	-1.56998	1.05763	0	0.904449	0.206887	-0.00950051	-0.155372	-0.135393	-0.422356	-0.186385	-2.99335	6.25041	-0.611348	0.932766	0.29065	-0.18077	
10.976	-0.225159	1.31737	-2.16709	0.491212	0.851003	-1.56998	1.05763	0	0.914027	0.200967	-0.0069313	-0.152271	-0.135216	-0.422742	-0.18674	-2.9869	6.24412	-0.596356	0.93256	0.290388	-0.181107	
10.99	-0.225159	1.31737	-2.16709	0.491212	0.851003	-1.56998	1.05763	0	0.865043	0.204721	-0.00958137	-0.167884	-0.137164	-0.422647	-0.186735	-2.96104	6.20533	-0.652918	0.929372	0.289704	-0.181636	
10.99	-0.225159	1.31737	-2.16709	0.491212	0.851003	-1.56998	1.05763	0	0.865043	0.204721	-0.00958137	-0.167884	-0.137164	-0.422647	-0.186735	-2.96104	6.20533	-0.652918	0.929372	0.289704	-0.181636	
11.004	-0.225159	1.31737	-2.16709	0.491212	0.851003	-1.56998	1.05763	0	0.886391	0.210962	-0.00946365	-0.159984	-0.13752	-0.423033	-0.186215	-2.9866	6.23429	-0.633857	0.932334	0.291009	-0.181017	
11.018	-0.225159	1.31737	-2.16709	0.491212	0.851003	-1.56998	1.05763	0	0.872103	0.213826	-0.0146519	-0.164562	-0.138733	-0.423037	-0.185178	-2.985	6.23395	-0.653309	0.933107	0.289234	-0.179877	
11.018	-0.225159	1.31737	-2.16709	0.491212	0.851003	-1.56998	1.05763	0	0.872103	0.213826	-0.0146519	-0.164562	-0.138733	-0.423037	-0.185178	-2.985	6.23395	-0.653309	0.933107	0.289234	-0.179877	
11.032	-0.225159	1.31737	-2.16709	0.491212	0.851003	-1.56998	1.05763	0	0.913399	0.208424	-0.0126304	-0.151953	-0.139422	-0.423261	-0.185396	-3.00505	6.26733	-0.605402	0.936882	0.28841	-0.179766	
11.046	-0.225159	1.31737	-2.16709	0.491212	0.851003	-1.56998	1.05763	0	0.863296	0.220895	-0.0173194	-0.164398	-0.138976	-0.423664	-0.185754	-2.98551	6.21349	-0.664579	0.932179	0.289359	-0.180451	
11.046	-0.225159	1.31737	-2.16709	0.491212	0.851003	-1.56998	1.05763	0	0.863296	0.220895	-0.0173194	-0.164398	-0.138976	-0.423664	-0.185754	-2.98551	6.21349	-0.664579	0.932179	0.289359	-0.180451	
11.06	-0.225159	1.31737	-2.16709	0.491212	0.851003	-1.56998	1.05763	0	0.886184	0.230432	-0.0193261	-0.155465	-0.139673	-0.424113	-0.185565	-3.01839	6.24631	-0.645794	0.935881	0.290322	-0.180052	
11.074	-0.225159	1.31737	-2.16709	0.491212	0.851003	-1.56998	1.05763	0	0.863635	0.216822	-0.0176297	-0.166097	-0.1376	-0.424583	-0.18557	-2.98353	6.2249	-0.665717	0.933597	0.28966	-0.18006	
11.088	-0.225159	1.31737	-2.16709	0.491212	0.851003	-1.56998	1.05763	0	0.906296	0.209185	-0.0112635	-0.154695	-0.137268	-0.425359	-0.185123	-3.00365	6.27258	-0.617914	0.938049	0.291245	-0.1795	
11.088	-0.225159	1.31737	-2.16709	0.491212	0.851003	-1.56998	1.05763	0	0.906296	0.209185	-0.0112635	-0.154695	-0.137268	-0.425359	-0.185123	-3.00365	6.27258	-0.617914	0.938049	0.291245	-0.1795	
11.102	-0.225159	1.31737	-2.16709	0.491212	0.851003	-1.56998	1.05763	0	0.872341	0.224072	-0.0180228	-0.161897	-0.136799	-0.424784	-0.185066	-3.00053	6.23944	-0.6601	0.934649	0.291375	-0.179485	
11.116	-0.225159	1.31737	-2.16709	0.491212	0.851003	-1.56998	1.05763	0	0.89909	0.23245	-0.0140635	-0.15222	-0.134257	-0.424783	-0.185654	-3.03117	6.26972	-0.634194	0.93586	0.295692	-0.180023	
11.116	-0.225159	1.31737	-2.16709	0.491212	0.851003	-1.56998	1.05763	0	0.89909	0.23245	-0.0140635	-0.15222	-0.134257	-0.424783	-0.185654	-3.03117	6.26972	-0.634194	0.93586	0.295692	-0.180023	
11.13	-0.225159	1.31737	-2.16709	0.491212	0.851003	-1.56998	1.05763	0	0.882704	0.219182	-0.0133061	-0.16107	-0.133091	-0.424474	-0.1858	-3.0021	6.25494	-0.6468	0.933969	0.293977	-0.180116	
11.144	-0.225159	1.31737	-2.16709	0.491212	0.851003	-1.56998	1.05763	0	0.868525	0.197417	-0.00993921	-0.172296	-0.127857	-0.423941	-0.185573	-2.97778	6.26224	-0.643526	0.933332	0.293116	-0.17966	
11.144	-0.225159	1.31737	-2.16709	0.491212	0.851003	-1.56998	1.05763	0	0.868525	0.197417	-0.00993921	-0.172296	-0.127857	-0.423941	-0.185573	-2.97778	6.26224	-0.643526	0.933332	0.293116	-0.17966	
11.158	-0.225159	1.31737	-2.16709	0.491212	0.851003	-1.56998	1.05763	0	0.903338	0.221871	-0.0133143	-0.155255	-0.130612	-0.423477	-0.185255	-3.02332	6.28779	-0.62588	0.935126	0.295279	-0.17922	
11.172	-0.225159	1.31737	-2.16709	0.491212	0.851003	-1.56998	1.05763	0	0.884347	0.219868	-0.0122144	-0.161658	-0.131188	-0.42325	-0.184767	-3.00607	6.26852	-0.645307	0.933096	0.295143	-0.179047	
11.172	-0.225159	1.31737	-2.16709	0.491212	0.851003	-1.56998	1.05763	0	0.884347	0.219868	-0.0122144	-0.161658	-0.131188	-0.42325	-0.184767	-3.00607	6.26852	-0.645307	0.933096	0.295143	-0.179047	
11.186	-0.225159	1.31737	-2.16709	0.491212	0.851003	-1.56998	1.05763	0	0.857237	0.226627	-0.0142256	-0.168226	-0.129391	-0.423004	-0.184697	-2.99372	6.23665	-0.676004	0.9293	0.29626	-0.179089	
11.2	-0.225159	1.31737	-2.16709	0.491212	0.851003	-1.56998	1.05763	0	0.868283	0.206271	-0.0116955	-0.168874	-0.128607	-0.422977	-0.184915	-2.97108	6.238	-0.654588	0.929577	0.293435	-0.179006	
11.214	-0.225159	1.31737	-2.16709	0.491212	0.851003	-1.56998	1.05763	0	0.847071	0.226857	-0.0180808	-0.168906	-0.129218	-0.422754	-0.184802	-2.97967	6.2024	-0.682959	0.926713	0.294039	-0.178993	
11.214	-0.225159	1.31737	-2.16709	0.491212	0.851003	-1.56998	1.05763	0	0.847071	0.226857	-0.0180808	-0.168906	-0.129218	-0.422754	-0.184802	-2.97967	6.2024	-0.682959	0.926713	0.294039	-0.178993	
11.228	-0.225159	1.31737	-2.16709	0.491212	0.851003	-1.56998	1.05763	0	0.855365	0.187193	-0.0105392	-0.17623	-0.125825	-0.42315	-0.184996	-2.93064	6.2101	-0.658874	0.926729	0.291177	-0.178807	
11.242	-0.225159	1.31737	-2.16709	0.491212	0.851003	-1.56998	1.05763	0	0.845879	0.231348	-0.0203863	-0.170054	-0.12851	-0.422607	-0.185334	-2.99125	6.21728	-0.688657	0.927704	0.294581	-0.179368	
11.242	-0.225159	1.31737	-2.16709	0.491212	0.851003	-1.56998	1.05763	0	0.845879	0.231348	-0.0203863	-0.170054	-0.12851	-0.422607	-0.185334	-2.99125	6.21728	-0.688657	0.927704	0.294581	-0.179368	
11.256	-0.225159	1.31737	-2.16709	0.491212	0.851003	-1.56998	1.05763	0	0.841442	0.209238	-0.0144057	-0.177589	-0.125831	-0.422835	-0.185365	-2.95818	6.21723	-0.685625	0.926643	0.294265	-0.179367	
11.27	-0.225159	1.31737	-2.16709	0.491212	0.851003	-1.56998	1.05763	0	0.851801	0.237312	-0.0192394	-0.168209	-0.130946	-0.42322	-0.185805	-2.97901	6.22389	-0.677288	0.928539	0.294926	-0.179848	
11.27	-0.225159	1.31737	-2.16709	0.491212	0.851003	-1.56998	1.05763	0	0.851801	0.237312	-0.0192394	-0.168209	-0.130946	-0.42322	-0.185805	-2.97901	6.22389	-0.677288	0.928539	0.294926	-0.179848	
11.284	-0.225159	1.31737	-2.16709	0.491212	0.851003	-1.56998	1.05763	0	0.867456	0.222438	-0.013564	-0.164512	-0.131427	-0.424005	-0.185949	-2.99223	6.23087	-0.662236	0.93072	0.294861	-0.18034	
11.298	-0.225159	1.31737	-2.16709	0.491212	0.851003	-1.56998	1.05763	0	0.879163	0.204617	-0.00847813	-0.164006	-0.131664	-0.42465	-0.186416	-2.97234	6.22995	-0.64132	0.93133	0.293411	-0.180805	
11.298	-0.225159	1.31737	-2.16709	0.491212	0.851003	-1.56998	1.05763	0	0.879163	0.204617	-0.00847813	-0.164006	-0.131664	-0.42465	-0.186416	-2.97234	6.22995	-0.64132	0.93133	0.293411	-0.180805	
11.312	-0.225159	1.31737	-2.16709	0.491212	0.851003	-1.56998	1.05763	0	0.904	0.199861	-0.00592527	-0.156634	-0.132089	-0.4245	-0.186026	-2.98115	6.24932	-0.611288	0.933122	0.293051	-0.180311	
11.326	-0.225159	1.31737	-2.16709	0.491212	0.851003	-1.56998	1.05763	0	0.882836	0.209713	-0.0087322	-0.162095	-0.134903	-0.424631	-0.185725	-2.98478	6.24273	-0.641051	0.933369	0.293131	-0.180388	
11.34	-0.225159	1.31737	-2.16709	0.491212	0.851003	-1.56998	1.05763	0	0.906914	0.222726	-0.00796786	-0.152637	-0.137518	-0.424318	-0.185104	-3.02436	6.2827	-0.622181	0.937089	0.295003	-0.179979	
11.34	-0.225159	1.31737	-2.16709	0.491212	0.851003	-1.56998	1.05763	0	0.906725	0.20841	-0.00668652	-0.155885	-0.137502	-0.424877	-0.185452	-3.00445	6.27945	-0.617284	0.937573	0.292969	-0.180193	
11.354	-0.225159	1.31737	-2.16709	0.491212	0.851003	-1.56998	1.05763	0	0.873333	0.230043	-0.0127406	-0.161365	-0.138754	-0.425012	-0.185355	-3.01201	6.25045	-0.663	0.935426	0.29437	-0.180414	
11.368	-0.225159	1.31737	-2.16709	0.491212	0.851003	-1.56998	1.05763	0	0.887787	0.217033	-0.00838955	-0.159321	-0.13745	-0.425199	-0.185416	-3.00135	6.2572	-0.640967	0.935707	0.294075	-0.180356	
11.368	-0.225159	1.31737	-2.16709	0.491212	0.851003	-1.56998	1.05763	0	0.878868	0.212312	-0.00994692	-0.16177	-0.136778	-0.425026	-0.185093	-2.98384	6.23449	-0.646339	0.933733	0.292383	-0.179889	
11.382	-0.225159	1.31737	-2.16709	0.491212	0.851003	-1.56998	1.05763	0	0.876624	0.215867	-0.0114031	-0.16194	-0.137244	-0.424624	-0.18448	-2.98836	6.23749	-0.650566	0.933819	0.292213	-0.17929	
11.396	-0.225159	1.31737	-2.16709	0.491212	0.851003	-1.56998	1.05763	0	0.875666	0.212872	-0.0117273	-0.161562	-0.137267	-0.424834	-0.184368	-2.97945	6.22405	-0.648654	0.933084	0.291246	-0.179116	
11.396	-0.225159	1.31737	-2.16709	0.491212	0.851003	-1.56998	1.05763	0	0.923935	0.211137	-0.00797708	-0.146376	-0.136847	-0.424722	-0.184371	-3.00968	6.26837	-0.594471	0.936797	0.292251	-0.178831	
11.41	-0.225159	1.31737	-2.16709	0.491212	0.851003	-1.56998	1.05763	0	0.89803	0.2372	-0.0160358	-0.15076	-0.138251	-0.424053	-0.185105	-3.03629	6.26493	-0.636021	0.936324	0.2937	-0.179726	
11.424	-0.225159	1.31737	-2.16709	0.491212	0.851003	-1.56998	1.05763	0	0.881021	0.232707	-0.0158768	-0.159438	-0.138757	-0.423912	-0.185682	-3.02512	6.26624	-0.655893	0.936239	0.293249	-0.180464	
11.438	-0.225159	1.31737	-2.16709	0.491212	0.851003	-1.56998	1.05763	0	0.886317	0.193252	-0.00784704	-0.168818	-0.136097	-0.423689	-0.185641	-2.97749	6.28138	-0.636129	0.93638	0.290373	-0.180186	
11.438	-0.225159	1.31737	-2.16709	0.491212	0.851003	-1.56998	1.05763	0	0.894186	0.234511	-0.0163041	-0.155268	-0.138707	-0.423399	-0.185408	-3.03824	6.28378	-0.642359	0.93741	0.293245	-0.180048	
11.452	-0.225159	1.31737	-2.16709	0.491212	0.851003	-1.56998	1.05763	0	0.87152	0.209755	-0.0137359	-0.169628	-0.1361	-0.423654	-0.185176	-2.99112	6.27169	-0.659523	0.935671	0.291191	-0.179682	
11.466	-0.225159	1.31737	-2.16709	0.491212	0.851003	-1.56998	1.05763	0	0.886741	0.221466	-0.0109979	-0.159311	-0.136828	-0.424059	-0.185359	-3.00854	6.26097	-0.643203	0.935004	0.293723	-0.180143	
11.466	-0.225159	1.31737	-2.16709	0.491212	0.851003	-1.56998	1.05763	0	0.880623	0.211238	-0.00827612	-0.163773	-0.134643	-0.42384	-0.185214	-2.98857	6.25308	-0.645009	0.9332	0.293737	-0.179959	
11.48	-0.225159	1.31737	-2.16709	0.491212	0.851003	-1.56998	1.05763	0	0.902956	0.199355	-0.00707858	-0.158076	-0.13391	-0.42395	-0.185181	-2.98369	6.26103	-0.613927	0.934316	0.291794	-0.179535	
11.494	-0.225159	1.31737	-2.16709	0.491212	0.851003	-1.56998	1.05763	0	0.874591	0.212252	-0.00878072	-0.16371	-0.13392	-0.424664	-0.185139	-2.98052	6.23274	-0.650503	0.932023	0.294005	-0.17986	
11.508	-0.225159	1.31737	-2.16709	0.491212	0.851003	-1.56998	1.05763	0	0.874613	0.212167	-0.00965819	-0.160938	-0.134316	-0.429006	-0.185348	-2.97592	6.21818	-0.653828	0.935071	0.29482	-0.179963	
11.508	-0.225159	1.31737	-2.16709	0.491212	0.851003	-1.56998	1.05763	0	0.879673	0.195629	-0.00552913	-0.164869	-0.131675	-0.428971	-0.184913	-2.96014	6.23719	-0.643965	0.935579	0.294824	-0.179346	
11.522	-0.225159	1.31737	-2.16709	0.491212	0.851003	-1.56998	1.05763	0	0.887299	0.231778	-0.011593	-0.154148	-0.134032	-0.427921	-0.184933	-3.01715	6.24967	-0.64915	0.936416	0.29783	-0.179562	
11.536	-0.225159	1.31737	-2.16709	0.491212	0.851003	-1.56998	1.05763	0	0.874691	0.194209	-0.0076959	-0.170155	-0.130759	-0.42752	-0.18476	-2.96477	6.26172	-0.652103	0.936138	0.294204	-0.179009	
11.536	-0.225159	1.31737	-2.16709	0.491212	0.851003	-1.56998	1.05763	0	0.877161	0.21601	-0.0119252	-0.163505	-0.132875	-0.426353	-0.184425	-2.99481	6.25909	-0.655538	0.935643	0.295059	-0.178835	
11.55	-0.225159	1.31737	-2.16709	0.491212	0.851003	-1.56998	1.05763	0	0.893919	0.236816	-0.0139248	-0.15045	-0.13348	-0.427821	-0.184277	-3.02803	6.25596	-0.643712	0.936956	0.297901	-0.178697	
11.564	-0.225159	1.31737	-2.16709	0.491212	0.851003	-1.56998	1.05763	0	0.881971	0.22376	-0.0151479	-0.156602	-0.132056	-0.429637	-0.184345	-3.00113	6.24103	-0.653752	0.937264	0.296178	-0.17846	
11.578	-0.225159	1.31737	-2.16709	0.491212	0.851003	-1.56998	1.05763	0	0.883798	0.249198	-0.0192438	-0.148884	-0.13314	-0.427954	-0.184629	-3.0332	6.22932	-0.657007	0.935113	0.297811	-0.1789	
11.578	-0.225159	1.31737	-2.16709	0.491212	0.851003	-1.56998	1.05763	0	0.879637	0.221167	-0.0143433	-0.158891	-0.12934	-0.428169	-0.184691	-2.99618	6.24035	-0.653344	0.934872	0.296626	-0.178665	
11.592	-0.225159	1.31737	-2.16709	0.491212	0.851003	-1.56998	1.05763	0	0.865218	0.218018	-0.0153552	-0.163776	-0.130978	-0.428218	-0.184941	-2.98113	6.22141	-0.667404	0.933952	0.294909	-0.179064	
11.606	-0.225159	1.31737	-2.16709	0.491212	0.851003	-1.56998	1.05763	0	0.883952	0.209259	-0.0137644	-0.161347	-0.132964	-0.42899	-0.184452	-2.98879	6.25861	-0.648126	0.938637	0.293754	-0.178506	
11.606	-0.225159	1.31737	-2.16709	0.491212	0.851003	-1.56998	1.05763	0	0.898125	0.212334	-0.0112477	-0.156583	-0.132635	-0.428748	-0.184286	-3.00339	6.2765	-0.633925	0.93952	0.295476	-0.178411	
11.62	-0.225159	1.31737	-2.16709	0.491212	0.851003	-1.56998	1.05763	0	0.916575	0.195146	-0.00977334	-0.151252	-0.137641	-0.43822	-0.183793	-2.99278	6.29154	-0.619967	0.951604	0.29434	-0.177815	
11.634	-0.225159	1.31737	-2.16709	0.491212	0.851003	-1.56998	1.05763	0	0.877042	0.235276	-0.0194752	-0.14092	-0.151122	-0.465441	-0.183576	-3.00883	6.21445	-0.709396	0.974133	0.302535	-0.178521	
11.648	-0.225159	1.31737	-2.16709	0.491212	0.851003	-1.56998	1.05763	0	0.930937	0.271931	-0.022999	-0.0851774	-0.174233	-0.520453	-0.184615	-3.06183	6.14957	-0.719671	1.02709	0.317285	-0.18021	
11.648	-0.225159	1.31737	-2.16709	0.491212	0.851003	-1.56998	1.05763	0	1.02041	0.300761	-0.0237496	0.0126166	-0.204491	-0.615442	-0.186063	-3.06321	5.92176	-0.707788	1.10631	0.339483	-0.181973	
11.662	-0.225159	1.31737	-2.16709	0.491212	0.851003	-1.56998	1.05763	0	1.09394	0.23667	-0.00769334	0.0911975	-0.230721	-0.733531	-0.188401	-2.91681	5.65268	-0.703624	1.20163	0.361544	-0.184025	
11.676	-0.225159	1.31737	-2.16709	0.491212	0.851003	-1.56998	1.05763	0	1.12694	0.266567	-0.0206855	0.175808	-0.268555	-0.842714	-0.189853	-2.88513	5.37404	-0.775082	1.29291	0.38175	-0.18583	
11.676	-0.225159	1.31737	-2.16709	0.491212	0.851003	-1.56998	1.05763	0	1.09707	0.304381	-0.0421711	0.227591	-0.30674	-0.925557	-0.190724	-2.84505	5.10326	-0.895633	1.36094	0.39127	-0.18761	
11.69	-0.225159	1.31737	-2.16709	0.491212	0.851003	-1.56998	1.05763	0	1.07607	0.317163	-0.058796	0.272697	-0.337627	-0.997247	-0.191181	-2.77429	4.83855	-0.980877	1.4171	0.396449	-0.188486	
11.704	-0.225159	1.31737	-2.16709	0.491212	0.851003	-1.56998	1.05763	0	1.07695	0.371722	-0.0748742	0.345745	-0.367671	-1.07615	-0.191971	-2.74506	4.50954	-1.05226	1.47358	0.410768	-0.189976	
11.718	-0.225159	1.31737	-2.16709	0.491212	0.851003	-1.56998	1.05763	0	1.12308	0.386811	-0.077496	0.435289	-0.397715	-1.1729	-0.193275	-2.67014	4.1581	-1.07094	1.54445	0.42848	-0.191667	
11.718	-0.225159	1.31737	-2.16709	0.491212	0.851003	-1.56998	1.05763	0	1.20793	0.37779	-0.0713221	0.540507	-0.429894	-1.28535	-0.194256	-2.57377	3.80143	-1.05147	1.62996	0.449405	-0.192868	
11.732	-0.225159	1.31737	-2.16709	0.491212	0.851003	-1.56998	1.05763	0	1.36599	0.443292	-0.0785285	0.683398	-0.47711	-1.4029	-0.195817	-2.65701	3.579	-1.00003	1.73706	0.475865	-0.195018	
11.746	-0.225159	1.31737	-2.16709	0.491212	0.851003	-1.56998	1.05763	0	1.53973	0.422224	-0.076568	0.812603	-0.520148	-1.52006	-0.19729	-2.62451	3.34387	-0.893244	1.84292	0.490363	-0.195972	
11.746	-0.225159	1.31737	-2.16709	0.491212	0.851003	-1.56998	1.05763	0	1.71519	0.469066	-0.102938	0.962807	-0.578591	-1.63741	-0.198429	-2.68733	3.09159	-0.810588	1.95522	0.498839	-0.196569	
11.76	-0.225159	1.31737	-2.16709	0.491212	0.851003	-1.56998	1.05763	0	1.91514	0.465502	-0.127263	1.11872	-0.637789	-1.75548	-0.19946	-2.66863	2.76751	-0.667186	2.06456	0.495796	-0.196216	
11.774	-0.225159	1.31737	-2.16709	0.491212	0.851003	-1.56998	1.05763	0	2.08333	0.499081	-0.157751	1.28071	-0.703812	-1.87903	-0.201179	-2.66257	2.36007	-0.57148	2.17382	0.495492	-0.19742	
11.774	-0.225159	1.31737	-2.16709	0.491212	0.851003	-1.56998	1.05763	0	2.412	0.511609	-0.17613	1.49907	-0.776387	-2.00932	-0.202692	-2.71565	2.0321	-0.288622	2.29977	0.49324	-0.197696	
11.788	-0.225159	1.31737	-2.16709	0.491212	0.851003	-1.56998	1.05763	0	2.60387	0.505292	-0.191506	1.66976	-0.846128	-2.13666	-0.204163	-2.63793	1.55066	-0.139841	2.40735	0.489096	-0.199193	
11.802	-0.225159	1.31737	-2.16709	0.491212	0.851003	-1.56998	1.05763	0	2.78087	0.553493	-0.212992	1.84968	-0.921494	-2.25511	-0.204942	-2.61499	1.02806	-0.0118661	2.5046	0.486269	-0.201095	
11.816	-0.225159	1.31737	-2.16709	0.491212	0.851003	-1.56998	1.05763	0	3.03746	0.5568	-0.223956	2.04962	-0.993471	-2.37563	-0.206369	-2.56894	0.529388	0.226922	2.60587	0.479648	-0.20261	
11.816	-0.225159	1.31737	-2.16709	0.491212	0.851003	-1.56998	1.05763	0	3.28762	0.598805	-0.234856	2.24811	-1.06238	-2.49706	-0.207134	-2.59749	0.113839	0.428331	2.71205	0.484502	-0.203903	
11.83	-0.225159	1.31737	-2.16709	0.491212	0.851003	-1.56998	1.05763	0	3.55384	0.62272	-0.245616	2.44247	-1.13082	-2.62197	-0.207798	-2.63294	-0.227508	0.639193	2.82785	0.488949	-0.204564	
11.844	-0.225159	1.31737	-2.16709	0.491212	0.851003	-1.56998	1.05763	0	3.82086	0.623571	-0.260481	2.63048	-1.20282	-2.75052	-0.208215	-2.64849	-0.54315	0.84948	2.95148	0.487816	-0.204507	
11.844	-0.225159	1.31737	-2.16709	0.491212	0.851003	-1.56998	1.05763	0	4.08143	0.670838	-0.283119	2.83716	-1.27471	-2.8888	-0.209151	-2.70163	-0.927714	1.03297	3.07812	0.494626	-0.204994	
11.858	-0.225159	1.31737	-2.16709	0.491212	0.851003	-1.56998	1.05763	0	4.41813	0.683085	-0.300023	3.07008	-1.35081	-3.03913	-0.209925	-2.74053	-1.30166	1.30723	3.21966	0.498093	-0.204541	
11.872	-0.225159	1.31737	-2.16709	0.491212	0.851003	-1.56998	1.05763	0	4.76693	0.677441	-0.317142	3.31416	-1.43134	-3.19547	-0.210322	-2.73418	-1.75536	1.60857	3.36272	0.496128	-0.203537	
11.886	-0.225159	1.31737	-2.16709	0.491212	0.851003	-1.56998	1.05763	0	5.08957	0.660899	-0.332641	3.54739	-1.51425	-3.34986	-0.210958	-2.6925	-2.24328	1.88936	3.50172	0.490963	-0.203223	
11.886	-0.225159	1.31737	-2.16709	0.491212	0.851003	-1.56998	1.05763	0	5.44673	0.672665	-0.351372	3.79646	-1.59578	-3.49956	-0.210895	-2.7161	-2.68688	2.2017	3.63983	0.488533	-0.20199	
11.9	-0.225159	1.31737	-2.16709	0.491212	0.851003	-1.56998	1.05763	0	5.7931	0.657969	-0.358636	4.03479	-1.67784	-3.65061	-0.210718	-2.69687	-3.13281	2.50974	3.77797	0.486603	-0.201277	
11.914	-0.225159	1.31737	-2.16709	0.491212	0.851003	-1.56998	1.05763	0	6.12738	0.694702	-0.36982	4.28708	-1.76383	-3.80595	-0.210654	-2.72621	-3.62762	2.78576	3.9163	0.492095	-0.201533	
11.914	-0.225159	1.31737	-2.16709	0.491212	0.851003	-1.56998	1.05763	0	6.45241	0.674915	-0.367048	4.51499	-1.84207	-3.95957	-0.210504	-2.68948	-4.07002	3.06615	4.05387	0.496943	-0.201463	
11.928	-0.225159	1.31737	-2.16709	0.491212	0.851003	-1.56998	1.05763	0	6.7872	0.699459	-0.371555	4.75227	-1.92186	-4.10816	-0.210551	-2.7316	-4.4711	3.34128	4.19068	0.505263	-0.201789	
11.942	-0.225159	1.31737	-2.16709	0.491212	0.851003	-1.56998	1.05763	0	7.09026	0.721641	-0.378139	4.97387	-1.99753	-4.24673	-0.209864	-2.75363	-4.88301	3.59288	4.3159	0.510623	-0.201367	
11.956	-0.225159	1.31737	-2.16709	0.491212	0.851003	-1.56998	1.05763	0	7.41004	0.718896	-0.384021	5.19871	-2.07352	-4.38699	-0.209949	-2.7435	-5.31482	3.87575	4.44223	0.51099	-0.201193	
11.956	-0.225159	1.31737	-2.16709	0.491212	0.851003	-1.56998	1.05763	0	7.77013	0.72871	-0.389075	5.44301	-2.14914	-4.52752	-0.20991	-2.76717	-5.74018	4.20336	4.56951	0.51324	-0.200684	
11.97	-0.225159	1.31737	-2.16709	0.491212	0.851003	-1.56998	1.05763	0	8.08536	0.718782	-0.397527	5.6668	-2.22251	-4.66241	-0.209603	-2.73215	-6.21176	4.49721	4.68751	0.509121	-0.199735	
11.984	-0.225159	1.31737	-2.16709	0.491212	0.851003	-1.56998	1.05763	0	8.45685	0.743453	-0.409086	5.90744	-2.2984	-4.79188	-0.209949	-2.81154	-6.55117	4.8329	4.81244	0.508724	-0.199382	
11.984	-0.225159	1.31737	-2.16709	0.491212	0.851003	-1.56998	1.05763	0	8.7897	0.665706	-0.402334	6.10419	-2.35773	-4.91093	-0.210011	-2.7264	-6.90762	5.17762	4.92045	0.500013	-0.197912	
11.998	-0.225159	1.31737	-2.16709	0.491212	0.851003	-1.56998	1.05763	0	9.09568	0.672537	-0.414781	6.3092	-2.4259	-5.02809	-0.210487	-2.7545	-7.25121	5.45525	5.03062	0.496058	-0.197646	
12.012	-0.225159	1.31737	-2.16709	0.491212	0.851003	-1.56998	1.05763	0	9.41171	0.682737	-0.416026	6.51992	-2.49014	-5.14574	-0.210215	-2.78319	-7.60294	5.74653	5.13764	0.498872	-0.197162	
12.026	-0.225159	1.31737	-2.16709	0.491212	0.851003	-1.56998	1.05763	0	9.72328	0.686271	-0.413461	6.72999	-2.55186	-5.2608	-0.210596	-2.78703	-7.99542	6.04568	5.23781	0.501142	-0.197413	
12.026	-0.225159	1.31737	-2.16709	0.491212	0.851003	-1.56998	1.05763	0	9.96926	0.694571	-0.411857	6.91387	-2.61266	-5.37362	-0.210497	-2.76856	-8.39581	6.26504	5.33364	0.505313	-0.197869	
12.04	-0.225159	1.31737	-2.16709	0.491212	0.851003	-1.56998	1.05763	0	10.1979	0.682163	-0.407805	7.07605	-2.66834	-5.47192	-0.210552	-2.72994	-8.75196	6.48249	5.418	0.504559	-0.198357	
12.054	-0.225159	1.31737	-2.16709	0.491212	0.851003	-1.56998	1.05763	0	10.4112	0.684559	-0.409345	7.22183	-2.71881	-5.54987	-0.210784	-2.72999	-9.03738	6.6901	5.48787	0.500518	-0.198878	
12.054	-0.225159	1.31737	-2.16709	0.491212	0.851003	-1.56998	1.05763	0	10.6618	0.703594	-0.413643	7.38003	-2.76748	-5.62477	-0.211195	-2.78796	-9.2605	6.93176	5.55994	0.498422	-0.199116	
12.068	-0.225159	1.31737	-2.16709	0.491212	0.851003	-1.56998	1.05763	0	10.838	0.695777	-0.417869	7.5136	-2.81669	-5.70332	-0.211572	-2.74184	-9.60205	7.10519	5.62547	0.49176	-0.199709	
12.082	-0.225159	1.31737	-2.16709	0.491212	0.851003	-1.56998	1.05763	0	11.0668	0.666387	-0.415393	7.65529	-2.86318	-5.78459	-0.211713	-2.71557	-9.85203	7.33419	5.70039	0.48675	-0.199441	
12.096	-0.225159	1.31737	-2.16709	0.491212	0.851003	-1.56998	1.05763	0	11.2551	0.673442	-0.419591	7.78362	-2.90506	-5.85742	-0.211837	-2.73116	-10.0762	7.50561	5.76721	0.486355	-0.199412	
12.096	-0.225159	1.31737	-2.16709	0.491212	0.851003	-1.56998	1.05763	0	11.4389	0.69827	-0.430504	7.91008	-2.94582	-5.9252	-0.211933	-2.77958	-10.272	7.66605	5.83171	0.485777	-0.199141	
12.11	-0.225159	1.31737	-2.16709	0.491212	0.851003	-1.56998	1.05763	0	11.6098	0.695038	-0.430189	8.02612	-2.98504	-5.99629	-0.212047	-2.77839	-10.4804	7.81964	5.89654	0.486741	-0.19931	
12.124	-0.225159	1.31737	-2.16709	0.491212	0.851003	-1.56998	1.05763	0	11.7816	0.709502	-0.433414	8.14308	-3.02121	-6.05626	-0.21216	-2.80259	-10.6856	7.982	5.95059	0.486401	-0.199396	
12.124	-0.225159	1.31737	-2.16709	0.491212	0.851003	-1.56998	1.05763	0	11.9241	0.706964	-0.432017	8.24072	-3.05164	-6.10798	-0.213874	-2.79038	-10.8983	8.12695	5.99389	0.484641	-0.201164	
12.138	-0.225159	1.31737	-2.16709	0.491212	0.851003	-1.56998	1.05763	0	12.0592	0.686914	-0.428806	8.32771	-3.07788	-6.15477	-0.214262	-2.75593	-11.0907	8.27272	6.03296	0.480776	-0.201328	
12.152	-0.225159	1.31737	-2.16709	0.491212	0.851003	-1.56998	1.05763	0	12.2106	0.714656	-0.435878	8.43133	-3.11304	-6.20287	-0.215396	-2.80558	-11.2567	8.41325	6.07882	0.478675	-0.202642	
12.152	-0.225159	1.31737	-2.16709	0.491212	0.851003	-1.56998	1.05763	0	12.3705	0.694664	-0.428764	8.52864	-3.14252	-6.25466	-0.215666	-2.78581	-11.4326	8.58068	6.12472	0.47681	-0.202902	
12.166	-0.225159	1.31737	-2.16709	0.491212	0.851003	-1.56998	1.05763	0	12.4784	0.671252	-0.425743	8.60118	-3.16783	-6.30277	-0.216118	-2.7444	-11.6007	8.68759	6.16611	0.474664	-0.203269	
12.18	-0.225159	1.31737	-2.16709	0.491212	0.851003	-1.56998	1.05763	0	12.5768	0.693151	-0.433747	8.67546	-3.19628	-6.34739	-0.216612	-2.7785	-11.7225	8.76134	6.20918	0.475268	-0.203908	
12.194	-0.225159	1.31737	-2.16709	0.491212	0.851003	-1.56998	1.05763	0	12.7013	0.718038	-0.43717	8.76275	-3.22238	-6.39415	-0.217704	-2.82165	-11.8557	8.86657	6.25224	0.479135	-0.205048	
12.194	-0.225159	1.31737	-2.16709	0.491212	0.851003	-1.56998	1.05763	0	12.876	0.699286	-0.436252	8.8587	-3.25074	-6.43785	-0.218079	-2.82953	-11.9768	9.05298	6.29598	0.47298	-0.204812	
12.208	-0.225159	1.31737	-2.16709	0.491212	0.851003	-1.56998	1.05763	0	12.9843	0.721977	-0.439987	8.94252	-3.27759	-6.48352	-0.219145	-2.85018	-12.1506	9.14702	6.33492	0.475005	-0.206117	
12.222	-0.225159	1.31737	-2.16709	0.491212	0.851003	-1.56998	1.05763	0	13.0771	0.70803	-0.438182	9.0093	-3.29767	-6.52069	-0.219646	-2.80891	-12.3366	9.24957	6.36286	0.471919	-0.206511	
12.222	-0.225159	1.31737	-2.16709	0.491212	0.851003	-1.56998	1.05763	0	13.1926	0.714536	-0.439248	9.08626	-3.32036	-6.55381	-0.220202	-2.81589	-12.4904	9.3724	6.39087	0.468914	-0.20706	
12.236	-0.225159	1.31737	-2.16709	0.491212	0.851003	-1.56998	1.05763	0	13.297	0.685567	-0.433566	9.14743	-3.34025	-6.58892	-0.220199	-2.77817	-12.6155	9.48759	6.42174	0.465068	-0.206916	
12.25	-0.225159	1.31737	-2.16709	0.491212	0.851003	-1.56998	1.05763	0	13.4347	0.674177	-0.4309	9.22484	-3.36404	-6.62729	-0.220929	-2.78929	-12.7105	9.62803	6.45988	0.462726	-0.207418	
12.264	-0.225159	1.31737	-2.16709	0.491212	0.851003	-1.56998	1.05763	0	13.4988	0.689357	-0.435392	9.28528	-3.38741	-6.66548	-0.221736	-2.78418	-12.8784	9.6784	6.49076	0.46299	-0.208619	
12.264	-0.225159	1.31737	-2.16709	0.491212	0.851003	-1.56998	1.05763	0	13.628	0.682815	-0.429231	9.35747	-3.40677	-6.6987	-0.222802	-2.79942	-12.9662	9.81275	6.52245	0.463325	-0.209632	
12.278	-0.225159	1.31737	-2.16709	0.491212	0.851003	-1.56998	1.05763	0	13.7038	0.69731	-0.438593	9.41676	-3.42917	-6.7308	-0.223976	-2.81313	-13.0944	9.87893	6.55165	0.459956	-0.210688	
12.292	-0.225159	1.31737	-2.16709	0.491212	0.851003	-1.56998	1.05763	0	13.7804	0.667453	-0.435607	9.46513	-3.44795	-6.76223	-0.22467	-2.76353	-13.224	9.96504	6.57835	0.454558	-0.211278	
12.292	-0.225159	1.31737	-2.16709	0.491212	0.851003	-1.56998	1.05763	0	13.8497	0.718582	-0.44822	9.52977	-3.47289	-6.78097	-0.225128	-2.81512	-13.3791	10.0315	6.59353	0.449874	-0.212399	
12.306	-0.225159	1.31737	-2.16709	0.491212	0.851003	-1.56998	1.05763	0	13.9768	0.749516	-0.455782	9.60672	-3.49613	-6.80247	-0.226083	-2.88611	-13.4604	10.1623	6.61745	0.445372	-0.213293	
12.32	-0.225159	1.31737	-2.16709	0.491212	0.851003	-1.56998	1.05763	0	14.0141	0.701169	-0.450756	9.63527	-3.51125	-6.82183	-0.226712	-2.77901	-13.6404	10.231	6.62751	0.433908	-0.214019	
12.334	-0.225159	1.31737	-2.16709	0.491212	0.851003	-1.56998	1.05763	0	14.1509	0.712524	-0.448171	9.70903	-3.53316	-6.83937	-0.227725	-2.8278	-13.7141	10.386	6.64724	0.428882	-0.215317	
12.334	-0.225159	1.31737	-2.16709	0.491212	0.851003	-1.56998	1.05763	0	14.2217	0.707502	-0.448799	9.75644	-3.5518	-6.86188	-0.228429	-2.8163	-13.825	10.464	6.66701	0.423834	-0.216201	
12.348	-0.225159	1.31737	-2.16709	0.491212	0.851003	-1.56998	1.05763	0	14.2591	0.687128	-0.447784	9.78426	-3.56955	-6.88565	-0.229947	-2.77772	-13.919	10.5013	6.68844	0.418984	-0.218057	
12.362	-0.225159	1.31737	-2.16709	0.491212	0.851003	-1.56998	1.05763	0	14.3777	0.710794	-0.450816	9.8541	-3.58992	-6.91059	-0.230907	-2.8417	-13.9765	10.6159	6.71566	0.418524	-0.219027	
12.362	-0.225159	1.31737	-2.16709	0.491212	0.851003	-1.56998	1.05763	0	14.4786	0.722823	-0.453542	9.91005	-3.6101	-6.92806	-0.231773	-2.8883	-14.0204	10.7204	6.7371	0.413958	-0.220031	
12.376	-0.225159	1.31737	-2.16709	0.491212	0.851003	-1.56998	1.05763	0	14.5091	0.74983	-0.464724	9.94842	-3.63471	-6.94504	-0.233115	-2.9041	-14.1454	10.7441	6.75265	0.406768	-0.222186	
12.39	-0.225159	1.31737	-2.16709	0.491212	0.851003	-1.56998	1.05763	0	14.5844	0.752882	-0.467248	9.99857	-3.6559	-6.96089	-0.232968	-2.90414	-14.2598	10.8339	6.76714	0.398447	-0.222448	
12.404	-0.225159	1.31737	-2.16709	0.491212	0.851003	-1.56998	1.05763	0	14.6663	0.749879	-0.463685	10.0492	-3.6762	-6.97456	-0.233687	-2.89664	-14.3789	10.9384	6.77842	0.390784	-0.223842	
12.404	-0.225159	1.31737	-2.16709	0.491212	0.851003	-1.56998	1.05763	0	14.7321	0.776991	-0.470034	10.0996	-3.69905	-6.98787	-0.234235	-2.92945	-14.4866	11.0091	6.7914	0.384228	-0.22513	
12.418	-0.225159	1.31737	-2.16709	0.491212	0.851003	-1.56998	1.05763	0	14.8	0.809859	-0.476221	10.1514	-3.72282	-7.00538	-0.23444	-2.97806	-14.5709	11.0707	6.81014	0.380708	-0.226166	
12.432	-0.225159	1.31737	-2.16709	0.491212	0.851003	-1.56998	1.05763	0	14.9078	0.818458	-0.477334	10.2109	-3.74727	-7.02769	-0.235682	-3.02337	-14.6159	11.1783	6.83732	0.376129	-0.227797	
12.432	-0.225159	1.31737	-2.16709	0.491212	0.851003	-1.56998	1.05763	0	14.9716	0.779921	-0.470938	10.2426	-3.7653	-7.05263	-0.236694	-2.97981	-14.6779	11.2489	6.86267	0.370436	-0.229011	
12.446	-0.225159	1.31737	-2.16709	0.491212	0.851003	-1.56998	1.05763	0	15.008	0.813159	-0.487161	10.2815	-3.78637	-7.06919	-0.237479	-3.0175	-14.7678	11.2723	6.88005	0.364255	-0.229988	
12.46	-0.225159	1.31737	-2.16709	0.491212	0.851003	-1.56998	1.05763	0	15.1208	0.844517	-0.492989	10.3442	-3.8086	-7.07943	-0.238588	-3.09893	-14.8034	11.3921	6.89648	0.358138	-0.231421	
12.474	-0.225159	1.31737	-2.16709	0.491212	0.851003	-1.56998	1.05763	0	15.1893	0.840327	-0.494226	10.3785	-3.82077	-7.07909	-0.239446	-3.10401	-14.865	11.4893	6.89733	0.347811	-0.232287	
12.474	-0.225159	1.31737	-2.16709	0.491212	0.851003	-1.56998	1.05763	0	15.1576	0.853509	-0.502342	10.3869	-3.83415	-7.07136	-0.240464	-3.04956	-15.0643	11.4871	6.87964	0.334036	-0.234333	
12.488	-0.225159	1.31737	-2.16709	0.491212	0.851003	-1.56998	1.05763	0	15.269	0.926879	-0.520947	10.4597	-3.86456	-7.06884	-0.241005	-3.18042	-15.1318	11.6103	6.88555	0.321125	-0.235674	
12.502	-0.225159	1.31737	-2.16709	0.491212	0.851003	-1.56998	1.05763	0	15.3459	0.871086	-0.512572	10.4933	-3.88551	-7.07815	-0.241613	-3.10253	-15.245	11.733	6.89434	0.303678	-0.236683	
12.502	-0.225159	1.31737	-2.16709	0.491212	0.851003	-1.56998	1.05763	0	15.4461	0.920861	-0.5244	10.5512	-3.90757	-7.08845	-0.242896	-3.21883	-15.2397	11.8226	6.91406	0.300085	-0.238225	
12.516	-0.225159	1.31737	-2.16709	0.491212	0.851003	-1.56998	1.05763	0	15.5039	0.935035	-0.539064	10.5884	-3.92879	-7.10338	-0.24406	-3.25755	-15.2772	11.873	6.93491	0.290883	-0.239204	
12.53	-0.225159	1.31737	-2.16709	0.491212	0.851003	-1.56998	1.05763	0	15.6061	0.92122	-0.543319	10.6395	-3.95109	-7.11743	-0.244765	-3.26606	-15.3374	11.9955	6.95377	0.277951	-0.239723	
12.544	-0.225159	1.31737	-2.16709	0.491212	0.851003	-1.56998	1.05763	0	15.6753	0.970251	-0.561931	10.6833	-3.97413	-7.12288	-0.245544	-3.37033	-15.3339	12.0524	6.9697	0.269861	-0.240706	
12.544	-0.225159	1.31737	-2.16709	0.491212	0.851003	-1.56998	1.05763	0	15.7484	0.980932	-0.576144	10.7266	-3.99836	-7.13134	-0.24694	-3.40381	-15.3951	12.1359	6.98429	0.255211	-0.24205	
12.558	-0.225159	1.31737	-2.16709	0.491212	0.851003	-1.56998	1.05763	0	15.7941	1.01399	-0.588643	10.7736	-4.02557	-7.14554	-0.248355	-3.42981	-15.5348	12.1823	6.99744	0.245543	-0.244339	
12.572	-0.225159	1.31737	-2.16709	0.491212	0.851003	-1.56998	1.05763	0	15.8788	0.996814	-0.588527	10.8279	-4.05048	-7.16191	-0.249496	-3.39127	-15.7016	12.2993	7.01002	0.231517	-0.245938	
12.572	-0.225159	1.31737	-2.16709	0.491212	0.851003	-1.56998	1.05763	0	15.9806	1.04073	-0.598373	10.9012	-4.0776	-7.1712	-0.251281	-3.44756	-15.8583	12.422	7.01785	0.220874	-0.248423	
12.586	-0.225159	1.31737	-2.16709	0.491212	0.851003	-1.56998	1.05763	0	16.0127	1.02758	-0.604007	10.9324	-4.09856	-7.17727	-0.2531	-3.39087	-16.04	12.4876	7.01833	0.203952	-0.250723	
12.6	-0.225159	1.31737	-2.16709	0.491212	0.851003	-1.56998	1.05763	0	16.0493	1.10855	-0.625386	10.9831	-4.12742	-7.18145	-0.254634	-3.48455	-16.1655	12.5149	7.02384	0.1956	-0.253547	
12.6	-0.225159	1.31737	-2.16709	0.491212	0.851003	-1.56998	1.05763	0	16.1234	1.06824	-0.623974	11.0135	-4.14759	-7.18803	-0.256222	-3.445	-16.2312	12.6233	7.03417	0.178692	-0.255226	
12.614	-0.225159	1.31737	-2.16709	0.491212	0.851003	-1.56998	1.05763	0	16.1671	1.11279	-0.639058	11.047	-4.16862	-7.19279	-0.257468	-3.52546	-16.2494	12.655	7.04618	0.172104	-0.257012	
12.628	-0.225159	1.31737	-2.16709	0.491212	0.851003	-1.56998	1.05763	0	16.209	1.14192	-0.65283	11.0744	-4.18864	-7.19276	-0.258781	-3.58479	-16.2671	12.6966	7.0538	0.161676	-0.258741	
12.642	-0.225159	1.31737	-2.16709	0.491212	0.851003	-1.56998	1.05763	0	16.2686	1.15533	-0.668061	11.1033	-4.21109	-7.18636	-0.260401	-3.63288	-16.2824	12.7738	7.05778	0.14351	-0.260497	
12.642	-0.225159	1.31737	-2.16709	0.491212	0.851003	-1.56998	1.05763	0	16.2105	1.18398	-0.695355	11.096	-4.23138	-7.17391	-0.262414	-3.62171	-16.4082	12.7237	7.04587	0.122457	-0.263136	
12.656	-0.225159	1.31737	-2.16709	0.491212	0.851003	-1.56998	1.05763	0	16.1624	1.25047	-0.726137	11.1037	-4.25121	-7.15848	-0.264401	-3.65731	-16.5572	12.6801	7.02892	0.105221	-0.265961	
12.67	-0.225159	1.31737	-2.16709	0.491212	0.851003	-1.56998	1.05763	0	16.1327	1.29977	-0.747686	11.1111	-4.26527	-7.13772	-0.266737	-3.67905	-16.6918	12.6718	7.00582	0.0886975	-0.26903	
12.67	-0.225159	1.31737	-2.16709	0.491212	0.851003	-1.56998	1.05763	0	16.0568	1.30319	-0.764095	11.0878	-4.27226	-7.11141	-0.268893	-3.61266	-16.8462	12.6343	6.97336	0.0672439	-0.27166	
12.684	-0.225159	1.31737	-2.16709	0.491212	0.851003	-1.56998	1.05763	0	15.9672	1.38659	-0.791288	11.0719	-4.28415	-7.07756	-0.271045	-3.66532	-16.9572	12.5512	6.93815	0.0530292	-0.275313	
12.698	-0.225159	1.31737	-2.16709	0.491212	0.851003	-1.56998	1.05763	0	15.8844	1.39425	-0.816849	11.0372	-4.29019	-7.04015	-0.27298	-3.62571	-17.0477	12.5065	6.90148	0.0262262	-0.277233	
12.712	-0.225159	1.31737	-2.16709	0.491212	0.851003	-1.56998	1.05763	0	15.7518	1.41139	-0.84172	10.9758	-4.28812	-6.99222	-0.27435	-3.59224	-17.092	12.4026	6.85472	0.00347521	-0.278878	
12.712	-0.225159	1.31737	-2.16709	0.491212	0.851003	-1.56998	1.05763	0	15.5773	1.48531	-0.877741	10.9036	-4.283	-6.93439	-0.275956	-3.63307	-17.098	12.231	6.80011	-0.0135419	-0.281131	
12.726	-0.225159	1.31737	-2.16709	0.491212	0.851003	-1.56998	1.05763	0	15.3367	1.55791	-0.915538	10.8054	-4.27394	-6.87138	-0.277244	-3.63366	-17.1401	11.9904	6.73557	-0.0308484	-0.283405	
12.74	-0.225159	1.31737	-2.16709	0.491212	0.851003	-1.56998	1.05763	0	15.077	1.53846	-0.932632	10.6709	-4.25097	-6.80139	-0.278556	-3.50481	-17.159	11.7679	6.66099	-0.0527229	-0.285156	
12.74	-0.225159	1.31737	-2.16709	0.491212	0.851003	-1.56998	1.05763	0	14.8665	1.62224	-0.959641	10.5671	-4.22724	-6.72177	-0.279946	-3.57473	-17.0562	11.5604	6.58643	-0.061023	-0.287354	
12.754	-0.225159	1.31737	-2.16709	0.491212	0.851003	-1.56998	1.05763	0	14.5567	1.65404	-0.983358	10.4115	-4.19447	-6.63821	-0.281132	-3.52016	-16.996	11.2612	6.50085	-0.0736391	-0.289254	
12.768	-0.225159	1.31737	-2.16709	0.491212	0.851003	-1.56998	1.05763	0	14.2325	1.67557	-0.999703	10.2383	-4.15383	-6.54609	-0.28219	-3.46151	-16.8797	10.9505	6.40812	-0.0832886	-0.291134	
12.782	-0.225159	1.31737	-2.16709	0.491212	0.851003	-1.56998	1.05763	0	13.901	1.74279	-1.02286	10.0635	-4.10705	-6.45112	-0.283046	-3.48952	-16.6763	10.603	6.31702	-0.083221	-0.292642	
12.782	-0.225159	1.31737	-2.16709	0.491212	0.851003	-1.56998	1.05763	0	13.5196	1.76528	-1.03457	9.85151	-4.03986	-6.35292	-0.283108	-3.44082	-16.4405	10.211	6.21705	-0.0772111	-0.292615	
12.796	-0.225159	1.31737	-2.16709	0.491212	0.851003	-1.56998	1.05763	0	13.1774	1.76514	-1.0387	9.63775	-3.96888	-6.25318	-0.283291	-3.41331	-16.0901	9.85984	6.12369	-0.0695983	-0.292258	
12.81	-0.225159	1.31737	-2.16709	0.491212	0.851003	-1.56998	1.05763	0	12.803	1.80426	-1.05511	9.41474	-3.89509	-6.14809	-0.283329	-3.44072	-15.7004	9.45342	6.02762	-0.0586876	-0.291616	
12.81	-0.225159	1.31737	-2.16709	0.491212	0.851003	-1.56998	1.05763	0	12.3846	1.79308	-1.05864	9.15904	-3.80803	-6.03598	-0.282418	-3.37415	-15.3194	9.0236	5.9186	-0.0480444	-0.289843	
12.824	-0.225159	1.31737	-2.16709	0.491212	0.851003	-1.56998	1.05763	0	11.9891	1.78797	-1.06959	8.89896	-3.72035	-5.91187	-0.281875	-3.36649	-14.8219	8.61542	5.8091	-0.0417144	-0.28782	
12.838	-0.225159	1.31737	-2.16709	0.491212	0.851003	-1.56998	1.05763	0	11.5502	1.77799	-1.07383	8.62874	-3.62163	-5.78646	-0.280907	-3.29658	-14.4248	8.17537	5.68501	-0.0306078	-0.285486	
12.852	-0.225159	1.31737	-2.16709	0.491212	0.851003	-1.56998	1.05763	0	11.1491	1.73372	-1.06814	8.35321	-3.52079	-5.6531	-0.279457	-3.2263	-13.9282	7.78992	5.5611	-0.0227629	-0.282465	
12.852	-0.225159	1.31737	-2.16709	0.491212	0.851003	-1.56998	1.05763	0	10.7026	1.73027	-1.07457	8.07045	-3.42421	-5.51719	-0.278393	-3.1897	-13.4536	7.33814	5.43431	-0.0141933	-0.280362	
12.866	-0.225159	1.31737	-2.16709	0.491212	0.851003	-1.56998	1.05763	0	10.1883	1.71888	-1.07327	7.75794	-3.31858	-5.37989	-0.275876	-3.10568	-12.992	6.80981	5.29974	0.00121076	-0.277383	
12.88	-0.225159	1.31737	-2.16709	0.491212	0.851003	-1.56998	1.05763	0	9.7182	1.72792	-1.0734	7.46241	-3.21968	-5.23749	-0.27379	-3.08585	-12.4795	6.32669	5.16742	0.0149885	-0.275137	
12.88	-0.225159	1.31737	-2.16709	0.491212	0.851003	-1.56998	1.05763	0	9.21217	1.70807	-1.06379	7.1453	-3.11529	-5.09096	-0.271445	-3.00219	-11.99	5.81992	5.02631	0.0286046	-0.27299	
12.894	-0.225159	1.31737	-2.16709	0.491212	0.851003	-1.56998	1.05763	0	8.7286	1.71409	-1.06264	6.83555	-3.01408	-4.94131	-0.269117	-2.99042	-11.4234	5.32166	4.89049	0.0422432	-0.270637	
12.908	-0.225159	1.31737	-2.16709	0.491212	0.851003	-1.56998	1.05763	0	8.27368	1.71485	-1.06212	6.54056	-2.92016	-4.79299	-0.267562	-2.97436	-10.8913	4.86457	4.75657	0.0503172	-0.269135	
12.922	-0.225159	1.31737	-2.16709	0.491212	0.851003	-1.56998	1.05763	0	7.80704	1.72261	-1.05595	6.2482	-2.8271	-4.64755	-0.265868	-2.94452	-10.4093	4.39549	4.6203	0.0620493	-0.268205	
12.922	-0.225159	1.31737	-2.16709	0.491212	0.851003	-1.56998	1.05763	0	7.33332	1.74495	-1.06147	5.95025	-2.73351	-4.50027	-0.26401	-2.95394	-9.86772	3.90336	4.48802	0.0727803	-0.26648	
12.936	-0.225159	1.31737	-2.16709	0.491212	0.851003	-1.56998	1.05763	0	6.89986	1.75518	-1.06572	5.66983	-2.64294	-4.35701	-0.26228	-2.95617	-9.34781	3.46442	4.35974	0.0802368	-0.264526	
12.95	-0.225159	1.31737	-2.16709	0.491212	0.851003	-1.56998	1.05763	0	6.46675	1.74092	-1.06665	5.38809	-2.55226	-4.22023	-0.259805	-2.91653	-8.85034	3.03057	4.23571	0.0864477	-0.261609	
12.95	-0.225159	1.31737	-2.16709	0.491212	0.851003	-1.56998	1.05763	0	6.08466	1.76258	-1.07021	5.13872	-2.4659	-4.09181	-0.257457	-2.94759	-8.34663	2.63484	4.12158	0.0985172	-0.258821	
12.964	-0.225159	1.31737	-2.16709	0.491212	0.851003	-1.56998	1.05763	0	5.63577	1.73445	-1.06518	4.85935	-2.37313	-3.96969	-0.254949	-2.85365	-7.92951	2.1814	4.00293	0.109835	-0.255927	
12.978	-0.225159	1.31737	-2.16709	0.491212	0.851003	-1.56998	1.05763	0	5.28186	1.73514	-1.06079	4.61901	-2.28729	-3.85046	-0.252303	-2.86655	-7.42189	1.81658	3.89756	0.123981	-0.252743	
12.992	-0.225159	1.31737	-2.16709	0.491212	0.851003	-1.56998	1.05763	0	4.86536	1.73218	-1.05656	4.35805	-2.19794	-3.73474	-0.249486	-2.83052	-6.96954	1.37967	3.78863	0.140816	-0.249686	
12.992	-0.225159	1.31737	-2.16709	0.491212	0.851003	-1.56998	1.05763	0	4.59551	1.68902	-1.03877	4.13472	-2.1062	-3.61074	-0.246997	-2.83165	-6.4083	1.13542	3.68218	0.151516	-0.245733	
13.006	-0.225159	1.31737	-2.16709	0.491212	0.851003	-1.56998	1.05763	0	4.28655	1.59662	-0.998396	3.88565	-2.00204	-3.48222	-0.24407	-2.72568	-5.89942	0.878452	3.56051	0.165735	-0.241911	
13.02	-0.225159	1.31737	-2.16709	0.491212	0.851003	-1.56998	1.05763	0	4.03722	1.61024	-0.980325	3.68539	-1.91714	-3.37203	-0.240563	-2.82314	-5.2967	0.613171	3.47071	0.190614	-0.237955	
13.02	-0.225159	1.31737	-2.16709	0.491212	0.851003	-1.56998	1.05763	0	3.7157	1.5746	-0.968351	3.46568	-1.84419	-3.28174	-0.237576	-2.77884	-4.85298	0.274321	3.39142	0.204678	-0.234673	
13.034	-0.225159	1.31737	-2.16709	0.491212	0.851003	-1.56998	1.05763	0	3.44705	1.54709	-0.953265	3.26949	-1.77656	-3.19482	-0.235015	-2.77226	-4.39281	-0.00867332	3.31868	0.219538	-0.231961	
13.048	-0.225159	1.31737	-2.16709	0.491212	0.851003	-1.56998	1.05763	0	3.21733	1.54432	-0.946673	3.10436	-1.71312	-3.11246	-0.232699	-2.79442	-3.99899	-0.247597	3.24769	0.232578	-0.229033	
13.048	-0.225159	1.31737	-2.16709	0.491212	0.851003	-1.56998	1.05763	0	2.90847	1.52041	-0.947042	2.91999	-1.65345	-3.04015	-0.230708	-2.70882	-3.75993	-0.565931	3.17499	0.239562	-0.226553	
13.062	-0.225159	1.31737	-2.16709	0.491212	0.851003	-1.56998	1.05763	0	2.66934	1.46632	-0.92038	2.76671	-1.59953	-2.97825	-0.22901	-2.58247	-3.58759	-0.786092	3.1067	0.250289	-0.225547	
13.076	-0.225159	1.31737	-2.16709	0.491212	0.851003	-1.56998	1.05763	0	2.45486	1.46093	-0.901403	2.63273	-1.54756	-2.91499	-0.227362	-2.54183	-3.38722	-0.996997	3.04026	0.265619	-0.224644	
13.09	-0.225159	1.31737	-2.16709	0.491212	0.851003	-1.56998	1.05763	0	2.22501	1.49241	-0.892181	2.50747	-1.49898	-2.85807	-0.225999	-2.53443	-3.22497	-1.24377	2.97777	0.284482	-0.224159	
13.09	-0.225159	1.31737	-2.16709	0.491212	0.851003	-1.56998	1.05763	0	2.04404	1.4123	-0.856313	2.37057	-1.44201	-2.79979	-0.223709	-2.40103	-3.02624	-1.38946	2.91433	0.295684	-0.221971	
13.104	-0.225159	1.31737	-2.16709	0.491212	0.851003	-1.56998	1.05763	0	1.88612	1.39027	-0.837508	2.25214	-1.39001	-2.74505	-0.22075	-2.38262	-2.75329	-1.54692	2.8629	0.311198	-0.218756	
13.118	-0.225159	1.31737	-2.16709	0.491212	0.851003	-1.56998	1.05763	0	1.71238	1.41383	-0.843796	2.13888	-1.34467	-2.69608	-0.218254	-2.43368	-2.45961	-1.75515	2.8227	0.32525	-0.215325	
13.118	-0.225159	1.31737	-2.16709	0.491212	0.851003	-1.56998	1.05763	0	1.54716	1.31378	-0.82165	1.99937	-1.29246	-2.65504	-0.215262	-2.31843	-2.1559	-1.91643	2.78761	0.333864	-0.210991	
13.132	-0.225159	1.31737	-2.16709	0.491212	0.851003	-1.56998	1.05763	0	1.45556	1.31292	-0.809284	1.91056	-1.24868	-2.61257	-0.212435	-2.38261	-1.80675	-2.02914	2.75773	0.352044	-0.207452	
13.146	-0.225159	1.31737	-2.16709	0.491212	0.851003	-1.56998	1.05763	0	1.35135	1.25712	-0.786467	1.80917	-1.19981	-2.56944	-0.208901	-2.34291	-1.52209	-2.12408	2.72026	0.364727	-0.202942	
13.16	-0.225159	1.31737	-2.16709	0.491212	0.851003	-1.56998	1.05763	0	1.21354	1.19627	-0.759325	1.70317	-1.14837	-2.52566	-0.205083	-2.24488	-1.34601	-2.23909	2.67162	0.377357	-0.198596	
13.16	-0.225159	1.31737	-2.16709	0.491212	0.851003	-1.56998	1.05763	0	1.10725	1.16627	-0.732562	1.62073	-1.0968	-2.48492	-0.201286	-2.19344	-1.18818	-2.32667	2.62405	0.395524	-0.194323	
13.174	-0.225159	1.31737	-2.16709	0.491212	0.851003	-1.56998	1.05763	0	0.991255	1.06966	-0.693307	1.5221	-1.03955	-2.4469	-0.196915	-2.0327	-1.06664	-2.39765	2.57402	0.409086	-0.189066	
13.188	-0.225159	1.31737	-2.16709	0.491212	0.851003	-1.56998	1.05763	0	0.94472	1.04685	-0.661243	1.45683	-0.989013	-2.40509	-0.192666	-2.04325	-0.816482	-2.42686	2.53327	0.430535	-0.184318	
13.188	-0.225159	1.31737	-2.16709	0.491212	0.851003	-1.56998	1.05763	0	0.811186	0.953039	-0.616374	1.34569	-0.931569	-2.36037	-0.187862	-1.88973	-0.65906	-2.51765	2.47862	0.445952	-0.179394	
13.202	-0.225159	1.31737	-2.16709	0.491212	0.851003	-1.56998	1.05763	0	0.738281	0.882096	-0.579077	1.25225	-0.880137	-2.31604	-0.181577	-1.83966	-0.357964	-2.56711	2.43931	0.461898	-0.172555	
13.216	-0.225159	1.31737	-2.16709	0.491212	0.851003	-1.56998	1.05763	0	0.680889	0.825718	-0.540984	1.16677	-0.832171	-2.27428	-0.175873	-1.82518	-0.029968	-2.61078	2.40538	0.480811	-0.166637	
13.23	-0.225159	1.31737	-2.16709	0.491212	0.851003	-1.56998	1.05763	0	0.660592	0.745588	-0.493462	1.08289	-0.777925	-2.21976	-0.170422	-1.80255	0.333366	-2.58685	2.36064	0.496417	-0.160645	
13.23	-0.225159	1.31737	-2.16709	0.491212	0.851003	-1.56998	1.05763	0	0.622406	0.683182	-0.45453	1.00033	-0.726585	-2.16643	-0.165167	-1.78709	0.659681	-2.58817	2.31549	0.510604	-0.154844	
13.244	-0.225159	1.31737	-2.16709	0.491212	0.851003	-1.56998	1.05763	0	0.583213	0.573327	-0.406309	0.912808	-0.672778	-2.11606	-0.16024	-1.68407	0.920782	-2.56501	2.26706	0.52024	-0.149141	
13.258	-0.225159	1.31737	-2.16709	0.491212	0.851003	-1.56998	1.05763	0	0.576469	0.484793	-0.358572	0.840078	-0.623049	-2.04937	-0.156098	-1.62132	1.17153	-2.486	2.20469	0.524201	-0.144698	
13.258	-0.225159	1.31737	-2.16709	0.491212	0.851003	-1.56998	1.05763	0	0.537895	0.538118	-0.343452	0.794622	-0.587056	-1.98913	-0.152593	-1.73683	1.39609	-2.50731	2.15084	0.538605	-0.141821	
13.272	-0.225159	1.31737	-2.16709	0.491212	0.851003	-1.56998	1.05763	0	0.614393	0.469681	-0.301087	0.765448	-0.548623	-1.93542	-0.146923	-1.74023	1.66401	-2.35272	2.1073	0.542349	-0.135521	
13.286	-0.225159	1.31737	-2.16709	0.491212	0.851003	-1.56998	1.05763	0	0.568985	0.266468	-0.235987	0.657321	-0.50005	-1.86775	-0.145678	-1.47553	1.80819	-2.25954	2.03619	0.529476	-0.134047	
13.3	-0.225159	1.31737	-2.16709	0.491212	0.851003	-1.56998	1.05763	0	0.632527	0.437947	-0.254558	0.679763	-0.485014	-1.82654	-0.140985	-1.83868	2.15412	-2.24703	2.01984	0.550825	-0.129382	
13.3	-0.225159	1.31737	-2.16709	0.491212	0.851003	-1.56998	1.05763	0	0.510765	0.132796	-0.178957	0.542251	-0.430964	-1.77847	-0.137522	-1.33242	2.0912	-2.20106	1.94813	0.530054	-0.125091	
13.314	-0.225159	1.31737	-2.16709	0.491212	0.851003	-1.56998	1.05763	0	0.638678	0.264846	-0.178667	0.554056	-0.41996	-1.69046	-0.138984	-1.71047	2.54105	-2.04846	1.899	0.532292	-0.127658	
13.328	-0.225159	1.31737	-2.16709	0.491212	0.851003	-1.56998	1.05763	0	0.580082	0.226756	-0.157312	0.471924	-0.377725	-1.59737	-0.136956	-1.68159	2.7159	-2.00831	1.81099	0.520538	-0.125528	
13.328	-0.225159	1.31737	-2.16709	0.491212	0.851003	-1.56998	1.05763	0	0.773493	0.253363	-0.128425	0.487947	-0.360135	-1.52783	-0.132318	-1.94311	3.21112	-1.76331	1.7798	0.523915	-0.121201	
13.342	-0.225159	1.31737	-2.16709	0.491212	0.851003	-1.56998	1.05763	0	0.774578	-0.158454	-0.019002	0.3427	-0.292966	-1.44195	-0.135013	-1.39945	3.31907	-1.49947	1.6837	0.488126	-0.122207	
13.356	-0.225159	1.31737	-2.16709	0.491212	0.851003	-1.56998	1.05763	0	0.909495	0.0614354	-0.0287653	0.353148	-0.268819	-1.32752	-0.134225	-1.95338	3.94789	-1.36531	1.61923	0.502054	-0.122436	
13.37	-0.225159	1.31737	-2.16709	0.491212	0.851003	-1.56998	1.05763	0	0.875511	0.0482738	-0.00372208	0.305629	-0.230956	-1.2732	-0.132512	-1.9443	4.05975	-1.34403	1.5619	0.508086	-0.120797	
13.37	-0.225159	1.31737	-2.16709	0.491212	0.851003	-1.56998	1.05763	0	0.878428	-0.172067	0.0628226	0.221521	-0.19825	-1.22787	-0.133954	-1.67721	4.18922	-1.21276	1.51658	0.493135	-0.122176	
13.384	-0.225159	1.31737	-2.16709	0.491212	0.851003	-1.56998	1.05763	0	0.889695	-0.12069	0.0680821	0.210248	-0.180551	-1.18334	-0.131912	-1.79102	4.33327	-1.18063	1.47951	0.497981	-0.120553	
13.398	-0.225159	1.31737	-2.16709	0.491212	0.851003	-1.56998	1.05763	0	0.921771	0.100624	0.0477052	0.231546	-0.17735	-1.13848	-0.135314	-2.20891	4.63922	-1.21635	1.45914	0.522034	-0.125809	
13.398	-0.225159	1.31737	-2.16709	0.491212	0.851003	-1.56998	1.05763	0	0.737274	-0.121515	0.0983383	0.128758	-0.148143	-1.18005	-0.139101	-1.75761	4.43255	-1.37919	1.46552	0.53082	-0.129272	
13.412	-0.225159	1.31737	-2.16709	0.491212	0.851003	-1.56998	1.05763	0	0.746733	-0.0298088	0.0782847	0.118632	-0.145888	-1.13241	-0.141124	-1.96276	4.64372	-1.37587	1.43892	0.526772	-0.131534	
13.426	-0.225159	1.31737	-2.16709	0.491212	0.851003	-1.56998	1.05763	0	0.853541	-0.0420752	0.108406	0.133535	-0.142193	-1.09927	-0.145991	-2.03176	4.7755	-1.21331	1.41627	0.525767	-0.137556	
13.44	-0.225159	1.31737	-2.16709	0.491212	0.851003	-1.56998	1.05763	0	0.847736	-0.12339	0.128448	0.071603	-0.117303	-1.05586	-0.151113	-1.9932	4.99394	-1.16708	1.3851	0.517663	-0.141729	
13.44	-0.225159	1.31737	-2.16709	0.491212	0.851003	-1.56998	1.05763	0	0.853374	-0.328963	0.151141	0.018798	-0.105177	-1.01743	-0.15218	-1.69204	4.91344	-1.01681	1.34298	0.475206	-0.140945	
13.454	-0.225159	1.31737	-2.16709	0.491212	0.851003	-1.56998	1.05763	0	0.980333	-0.10258	0.117083	0.0663714	-0.128101	-0.966107	-0.157436	-2.21231	5.35482	-0.954142	1.34032	0.481424	-0.148075	
13.468	-0.225159	1.31737	-2.16709	0.491212	0.851003	-1.56998	1.05763	0	0.837988	-0.213481	0.124996	-0.0206369	-0.10792	-0.924798	-0.154326	-1.96118	5.23433	-1.0138	1.28588	0.456578	-0.144522	
13.468	-0.225159	1.31737	-2.16709	0.491212	0.851003	-1.56998	1.05763	0	0.91123	0.0237238	0.0739573	0.0215828	-0.131663	-0.895962	-0.154712	-2.45554	5.62739	-1.04523	1.30097	0.466568	-0.145996	
13.482	-0.225159	1.31737	-2.16709	0.491212	0.851003	-1.56998	1.05763	0	0.827253	-0.250287	0.123401	-0.0733335	-0.112943	-0.871379	-0.158733	-1.98893	5.44206	-0.980004	1.257	0.431137	-0.149448	
13.496	-0.225159	1.31737	-2.16709	0.491212	0.851003	-1.56998	1.05763	0	0.874196	-0.04826	0.0868427	-0.0517552	-0.123032	-0.822953	-0.158959	-2.40025	5.77587	-0.992651	1.24345	0.437675	-0.150892	
13.496	-0.225159	1.31737	-2.16709	0.491212	0.851003	-1.56998	1.05763	0	0.874387	0.076722	0.0631225	-0.0354502	-0.123153	-0.793113	-0.157837	-2.59211	5.83862	-1.01139	1.22137	0.440942	-0.150301	
13.51	-0.225159	1.31737	-2.16709	0.491212	0.851003	-1.56998	1.05763	0	0.818225	0.00743373	0.0838907	-0.0985599	-0.112411	-0.764407	-0.157365	-2.51344	5.96259	-1.03695	1.19925	0.434556	-0.150607	
13.524	-0.225159	1.31737	-2.16709	0.491212	0.851003	-1.56998	1.05763	0	0.835847	-0.00721146	0.0813957	-0.102683	-0.106282	-0.743596	-0.157289	-2.50601	5.97764	-0.984017	1.1808	0.424604	-0.149751	
13.538	-0.225159	1.31737	-2.16709	0.491212	0.851003	-1.56998	1.05763	0	0.864708	0.179336	0.0320281	-0.077183	-0.125332	-0.715917	-0.159689	-2.86815	6.22401	-1.02846	1.18425	0.425644	-0.152668	
13.538	-0.225159	1.31737	-2.16709	0.491212	0.851003	-1.56998	1.05763	0	0.815787	-0.0564413	0.0660615	-0.147732	-0.110225	-0.702178	-0.160849	-2.4825	6.08783	-0.957515	1.15699	0.39381	-0.15241	
13.552	-0.225159	1.31737	-2.16709	0.491212	0.851003	-1.56998	1.05763	0	0.861686	0.0423211	0.0387318	-0.129383	-0.120276	-0.679933	-0.16348	-2.7057	6.2691	-0.94151	1.15681	0.391171	-0.154976	
13.566	-0.225159	1.31737	-2.16709	0.491212	0.851003	-1.56998	1.05763	0	0.828356	-0.0146043	0.0304441	-0.155233	-0.117415	-0.670269	-0.16223	-2.60441	6.22848	-0.943102	1.14622	0.373887	-0.152489	
13.566	-0.225159	1.31737	-2.16709	0.491212	0.851003	-1.56998	1.05763	0	0.827008	-0.0120076	0.0323308	-0.165011	-0.121837	-0.654578	-0.163448	-2.62562	6.27354	-0.933147	1.13677	0.368322	-0.154459	
13.58	-0.225159	1.31737	-2.16709	0.491212	0.851003	-1.56998	1.05763	0	0.815245	-0.0236437	0.0253559	-0.169319	-0.124202	-0.643912	-0.164603	-2.58794	6.20702	-0.919049	1.124	0.356457	-0.155331	
13.594	-0.225159	1.31737	-2.16709	0.491212	0.851003	-1.56998	1.05763	0	0.851938	0.0605723	0.011296	-0.14843	-0.131761	-0.631515	-0.164428	-2.75904	6.32588	-0.909845	1.1251	0.360352	-0.155715	
13.608	-0.225159	1.31737	-2.16709	0.491212	0.851003	-1.56998	1.05763	0	0.816195	-0.0149807	0.0286282	-0.173999	-0.130034	-0.624497	-0.166477	-2.60576	6.21233	-0.89671	1.10827	0.349481	-0.158289	
13.608	-0.225159	1.31737	-2.16709	0.491212	0.851003	-1.56998	1.05763	0	0.825048	0.0557137	0.0175418	-0.159047	-0.134661	-0.613011	-0.166682	-2.71698	6.24135	-0.902707	1.10154	0.352209	-0.15914	
13.622	-0.225159	1.31737	-2.16709	0.491212	0.851003	-1.56998	1.05763	0	0.803533	0.120964	0.00310044	-0.151763	-0.141391	-0.604975	-0.167512	-2.79351	6.21727	-0.940879	1.09455	0.352578	-0.160699	
13.636	-0.225159	1.31737	-2.16709	0.491212	0.851003	-1.56998	1.05763	0	0.809099	0.142976	0.00140276	-0.153329	-0.147312	-0.596025	-0.169318	-2.84941	6.27623	-0.941205	1.09289	0.351451	-0.163211	
13.636	-0.225159	1.31737	-2.16709	0.491212	0.851003	-1.56998	1.05763	0	0.80309	0.140123	-0.00376974	-0.158777	-0.146164	-0.591867	-0.169327	-2.84827	6.28718	-0.944439	1.09036	0.347936	-0.162806	
13.65	-0.225159	1.31737	-2.16709	0.491212	0.851003	-1.56998	1.05763	0	0.835516	0.247566	-0.0292008	-0.133904	-0.156873	-0.582077	-0.170057	-3.056	6.41448	-0.955448	1.09651	0.351507	-0.163797	
13.664	-0.225159	1.31737	-2.16709	0.491212	0.851003	-1.56998	1.05763	0	0.835516	0.247566	-0.0292008	-0.133904	-0.156873	-0.582077	-0.170057	-3.056	6.41448	-0.955448	1.09651	0.351507	-0.163797	
13.678	-0.225159	1.31737	-2.16709	0.491212	0.851003	-1.56998	1.05763	0	0.804781	0.180381	-0.0349485	-0.167062	-0.155432	-0.577339	-0.170413	-2.96573	6.43892	-0.967873	1.09593	0.336427	-0.162944	
13.678	-0.225159	1.31737	-2.16709	0.491212	0.851003	-1.56998	1.05763	0	0.804781	0.180381	-0.0349485	-0.167062	-0.155432	-0.577339	-0.170413	-2.96573	6.43892	-0.967873	1.09593	0.336427	-0.162944	
13.692	-0.225159	1.31737	-2.16709	0.491212	0.851003	-1.56998	1.05763	0	0.759244	0.195235	-0.0473841	-0.179072	-0.159438	-0.573881	-0.171024	-2.95912	6.39774	-1.02045	1.09149	0.33127	-0.163649	
13.706	-0.225159	1.31737	-2.16709	0.491212	0.851003	-1.56998	1.05763	0	0.811738	0.183073	-0.0488128	-0.162436	-0.160923	-0.569649	-0.170687	-2.96904	6.41285	-0.947283	1.09106	0.324658	-0.162616	
13.706	-0.225159	1.31737	-2.16709	0.491212	0.851003	-1.56998	1.05763	0	0.811738	0.183073	-0.0488128	-0.162436	-0.160923	-0.569649	-0.170687	-2.96904	6.41285	-0.947283	1.09106	0.324658	-0.162616	
13.72	-0.225159	1.31737	-2.16709	0.491212	0.851003	-1.56998	1.05763	0	0.83342	0.186176	-0.0483256	-0.15461	-0.160952	-0.565513	-0.170737	-2.98421	6.42038	-0.916943	1.08823	0.323276	-0.162577	
13.734	-0.225159	1.31737	-2.16709	0.491212	0.851003	-1.56998	1.05763	0	0.793802	0.199988	-0.0551183	-0.173018	-0.160887	-0.557268	-0.170986	-2.9611	6.42186	-0.951229	1.08527	0.320651	-0.162626	
13.734	-0.225159	1.31737	-2.16709	0.491212	0.851003	-1.56998	1.05763	0	0.793802	0.199988	-0.0551183	-0.173018	-0.160887	-0.557268	-0.170986	-2.9611	6.42186	-0.951229	1.08527	0.320651	-0.162626	
13.748	-0.225159	1.31737	-2.16709	0.491212	0.851003	-1.56998	1.05763	0	0.78024	0.199826	-0.0606805	-0.185485	-0.162108	-0.552443	-0.171279	-3.01303	6.49923	-0.986355	1.08339	0.318618	-0.163209	
13.762	-0.225159	1.31737	-2.16709	0.491212	0.851003	-1.56998	1.05763	0	0.813235	0.171026	-0.0568929	-0.189753	-0.160768	-0.548997	-0.17156	-3.01931	6.59495	-0.945864	1.08829	0.315324	-0.162925	
13.762	-0.225159	1.31737	-2.16709	0.491212	0.851003	-1.56998	1.05763	0	0.813235	0.171026	-0.0568929	-0.189753	-0.160768	-0.548997	-0.17156	-3.01931	6.59495	-0.945864	1.08829	0.315324	-0.162925	
13.776	-0.225159	1.31737	-2.16709	0.491212	0.851003	-1.56998	1.05763	0	0.829422	0.184042	-0.0662884	-0.192894	-0.159127	-0.543677	-0.171909	-3.08372	6.70879	-0.943582	1.09321	0.314748	-0.162507	
13.79	-0.225159	1.31737	-2.16709	0.491212	0.851003	-1.56998	1.05763	0	0.815587	0.205439	-0.0733167	-0.193105	-0.161015	-0.541808	-0.172141	-3.10686	6.70162	-0.965932	1.09176	0.314554	-0.162837	
13.804	-0.225159	1.31737	-2.16709	0.491212	0.851003	-1.56998	1.05763	0	0.828965	0.215103	-0.073974	-0.172186	-0.163666	-0.541482	-0.172117	-3.08342	6.57613	-0.930885	1.08268	0.311173	-0.162972	
13.804	-0.225159	1.31737	-2.16709	0.491212	0.851003	-1.56998	1.05763	0	0.828965	0.215103	-0.073974	-0.172186	-0.163666	-0.541482	-0.172117	-3.08342	6.57613	-0.930885	1.08268	0.311173	-0.162972	
13.818	-0.225159	1.31737	-2.16709	0.491212	0.851003	-1.56998	1.05763	0	0.824472	0.205048	-0.0668049	-0.166965	-0.163898	-0.542839	-0.171944	-3.03568	6.48493	-0.918271	1.07598	0.310552	-0.163257	
13.832	-0.225159	1.31737	-2.16709	0.491212	0.851003	-1.56998	1.05763	0	0.777259	0.22276	-0.0700487	-0.172027	-0.165204	-0.542092	-0.171353	-3.00723	6.38408	-0.966056	1.06684	0.310592	-0.163319	
13.832	-0.225159	1.31737	-2.16709	0.491212	0.851003	-1.56998	1.05763	0	0.777259	0.22276	-0.0700487	-0.172027	-0.165204	-0.542092	-0.171353	-3.00723	6.38408	-0.966056	1.06684	0.310592	-0.163319	
13.846	-0.225159	1.31737	-2.16709	0.491212	0.851003	-1.56998	1.05763	0	0.742279	0.203801	-0.0692001	-0.193037	-0.162896	-0.540886	-0.171097	-2.97176	6.39642	-1.00328	1.06562	0.309238	-0.163061	
13.86	-0.225159	1.31737	-2.16709	0.491212	0.851003	-1.56998	1.05763	0	0.787952	0.181008	-0.0720304	-0.195509	-0.161783	-0.537948	-0.171465	-3.01048	6.54495	-0.959473	1.07627	0.305311	-0.162306	
13.86	-0.225159	1.31737	-2.16709	0.491212	0.851003	-1.56998	1.05763	0	0.787952	0.181008	-0.0720304	-0.195509	-0.161783	-0.537948	-0.171465	-3.01048	6.54495	-0.959473	1.07627	0.305311	-0.162306	
13.874	-0.225159	1.31737	-2.16709	0.491212	0.851003	-1.56998	1.05763	0	0.809067	0.212851	-0.0791674	-0.186761	-0.163244	-0.535374	-0.171666	-3.08735	6.61675	-0.95437	1.08064	0.307898	-0.162356	
13.888	-0.225159	1.31737	-2.16709	0.491212	0.851003	-1.56998	1.05763	0	0.779759	0.213948	-0.0859013	-0.199426	-0.160112	-0.532061	-0.171913	-3.07755	6.61289	-0.986846	1.07667	0.306006	-0.162216	
13.888	-0.225159	1.31737	-2.16709	0.491212	0.851003	-1.56998	1.05763	0	0.779759	0.213948	-0.0859013	-0.199426	-0.160112	-0.532061	-0.171913	-3.07755	6.61289	-0.986846	1.07667	0.306006	-0.162216	
13.902	-0.225159	1.31737	-2.16709	0.491212	0.851003	-1.56998	1.05763	0	0.821267	0.201965	-0.0811741	-0.185344	-0.159767	-0.531056	-0.172114	-3.0766	6.61212	-0.928385	1.07611	0.304118	-0.162136	
13.916	-0.225159	1.31737	-2.16709	0.491212	0.851003	-1.56998	1.05763	0	0.833958	0.206973	-0.0807126	-0.176709	-0.160823	-0.530466	-0.172464	-3.08099	6.589	-0.909593	1.07419	0.303598	-0.162546	
13.916	-0.225159	1.31737	-2.16709	0.491212	0.851003	-1.56998	1.05763	0	0.833958	0.206973	-0.0807126	-0.176709	-0.160823	-0.530466	-0.172464	-3.08099	6.589	-0.909593	1.07419	0.303598	-0.162546	
13.93	-0.225159	1.31737	-2.16709	0.491212	0.851003	-1.56998	1.05763	0	0.784882	0.216431	-0.0828318	-0.185186	-0.15998	-0.530385	-0.172243	-3.04231	6.49337	-0.958191	1.06536	0.303902	-0.162781	
13.944	-0.225159	1.31737	-2.16709	0.491212	0.851003	-1.56998	1.05763	0	0.792981	0.174429	-0.0726683	-0.19125	-0.158966	-0.53189	-0.172652	-2.98484	6.48474	-0.932189	1.06559	0.300781	-0.163145	
13.958	-0.225159	1.31737	-2.16709	0.491212	0.851003	-1.56998	1.05763	0	0.769596	0.211075	-0.0815526	-0.194743	-0.163485	-0.533223	-0.17297	-3.03883	6.51726	-0.983668	1.07065	0.304278	-0.163908	
13.958	-0.225159	1.31737	-2.16709	0.491212	0.851003	-1.56998	1.05763	0	0.769596	0.211075	-0.0815526	-0.194743	-0.163485	-0.533223	-0.17297	-3.03883	6.51726	-0.983668	1.07065	0.304278	-0.163908	
13.972	-0.225159	1.31737	-2.16709	0.491212	0.851003	-1.56998	1.05763	0	0.774899	0.248068	-0.0854211	-0.186402	-0.166916	-0.533668	-0.172612	-3.10231	6.55092	-0.997602	1.07443	0.309179	-0.164022	
13.986	-0.225159	1.31737	-2.16709	0.491212	0.851003	-1.56998	1.05763	0	0.813927	0.234076	-0.0787181	-0.177628	-0.167767	-0.534137	-0.172316	-3.11125	6.59306	-0.950792	1.07865	0.309054	-0.163672	
13.986	-0.225159	1.31737	-2.16709	0.491212	0.851003	-1.56998	1.05763	0	0.813927	0.234076	-0.0787181	-0.177628	-0.167767	-0.534137	-0.172316	-3.11125	6.59306	-0.950792	1.07865	0.309054	-0.163672	
14	-0.225159	1.31737	-2.16709	0.491212	0.851003	-1.56998	1.05763	0	0.824398	0.240434	-0.0779078	-0.17327	-0.169624	-0.533828	-0.172383	-3.12905	6.60786	-0.942233	1.08007	0.309787	-0.163933	
14.014	-0.225159	1.31737	-2.16709	0.491212	0.851003	-1.56998	1.05763	0	0.801021	0.248936	-0.0773788	-0.17976	-0.170655	-0.532917	-0.173051	-3.12617	6.58971	-0.970507	1.07737	0.311172	-0.165113	
14.014	-0.225159	1.31737	-2.16709	0.491212	0.851003	-1.56998	1.05763	0	0.801021	0.248936	-0.0773788	-0.17976	-0.170655	-0.532917	-0.173051	-3.12617	6.58971	-0.970507	1.07737	0.311172	-0.165113	
14.028	-0.225159	1.31737	-2.16709	0.491212	0.851003	-1.56998	1.05763	0	0.795005	0.245983	-0.0754941	-0.186027	-0.170241	-0.532235	-0.173511	-3.12823	6.61414	-0.980135	1.07821	0.31217	-0.165714	
14.042	-0.225159	1.31737	-2.16709	0.491212	0.851003	-1.56998	1.05763	0	0.840311	0.228982	-0.0746301	-0.174956	-0.17079	-0.532387	-0.173412	-3.13631	6.65318	-0.923891	1.08291	0.308647	-0.164965	
14.042	-0.225159	1.31737	-2.16709	0.491212	0.851003	-1.56998	1.05763	0	0.840311	0.228982	-0.0746301	-0.174956	-0.17079	-0.532387	-0.173412	-3.13631	6.65318	-0.923891	1.08291	0.308647	-0.164965	
14.056	-0.225159	1.31737	-2.16709	0.491212	0.851003	-1.56998	1.05763	0	0.80228	0.232537	-0.0830297	-0.187597	-0.170475	-0.532316	-0.17298	-3.12111	6.63337	-0.970159	1.08156	0.306496	-0.164323	
14.07	-0.225159	1.31737	-2.16709	0.491212	0.851003	-1.56998	1.05763	0	0.763144	0.224994	-0.0822344	-0.201134	-0.169338	-0.533128	-0.172606	-3.0803	6.58974	-1.00991	1.07776	0.306311	-0.164228	
14.07	-0.225159	1.31737	-2.16709	0.491212	0.851003	-1.56998	1.05763	0	0.763144	0.224994	-0.0822344	-0.201134	-0.169338	-0.533128	-0.172606	-3.0803	6.58974	-1.00991	1.07776	0.306311	-0.164228	
14.084	-0.225159	1.31737	-2.16709	0.491212	0.851003	-1.56998	1.05763	0	0.770805	0.220754	-0.0838202	-0.194776	-0.168027	-0.532306	-0.172565	-3.06341	6.54716	-0.990286	1.07378	0.303646	-0.163825	
14.098	-0.225159	1.31737	-2.16709	0.491212	0.851003	-1.56998	1.05763	0	0.854995	0.206802	-0.0776993	-0.166406	-0.167898	-0.531901	-0.172755	-3.08713	6.57938	-0.883846	1.07716	0.301604	-0.163355	
14.112	-0.225159	1.31737	-2.16709	0.491212	0.851003	-1.56998	1.05763	0	0.785072	0.206708	-0.0799091	-0.192517	-0.165492	-0.530546	-0.173157	-3.04733	6.54029	-0.963134	1.07094	0.302349	-0.164176	
14.112	-0.225159	1.31737	-2.16709	0.491212	0.851003	-1.56998	1.05763	0	0.785072	0.206708	-0.0799091	-0.192517	-0.165492	-0.530546	-0.173157	-3.04733	6.54029	-0.963134	1.07094	0.302349	-0.164176	
14.126	-0.225159	1.31737	-2.16709	0.491212	0.851003	-1.56998	1.05763	0	0.8086	0.187823	-0.0734416	-0.19255	-0.163511	-0.530041	-0.173145	-3.04536	6.58781	-0.933401	1.07359	0.302612	-0.163981	
