0.013	0.201212	1.59458	-2.07737	-1.92064	-0.128926	0.146579	0.000139616
0.026	0.200234	1.59451	-2.07731	-1.92057	-0.12913	0.146616	0.000141459
0.039	0.200234	1.59451	-2.07731	-1.92057	-0.12913	0.146616	0.000141459
0.052	0.200229	1.59451	-2.07731	-1.92057	-0.12913	0.146616	0.000141459
0.065	0.200219	1.59451	-2.07731	-1.92057	-0.129133	0.146618	0.000141459
0.078	0.200197	1.59451	-2.07731	-1.92058	-0.129135	0.14662	0.000141459
0.091	0.200152	1.59451	-2.07731	-1.92058	-0.129137	0.146623	0.000141459
0.104	0.20009	1.5945	-2.07731	-1.92059	-0.129145	0.146628	0.000141459
0.117	0.199996	1.5945	-2.07731	-1.92061	-0.12918	0.146635	0.000141459
0.13	0.199861	1.5945	-2.07731	-1.92065	-0.12928	0.14664	0.000141459
0.143	0.199685	1.5945	-2.07731	-1.92071	-0.12936	0.146647	0.000141459
0.156	0.199442	1.5945	-2.07731	-1.92078	-0.129392	0.146654	0.000141459
0.169	0.199145	1.5945	-2.07731	-1.92088	-0.1294	0.14666	0.000141459
0.182	0.198818	1.5945	-2.07731	-1.92102	-0.129409	0.146666	0.000141459
0.195	0.198468	1.5945	-2.07731	-1.92121	-0.129413	0.146672	0.000141459
0.208	0.198103	1.5945	-2.07731	-1.92143	-0.129417	0.146674	0.000141459
0.221	0.19773	1.5945	-2.07731	-1.92168	-0.129421	0.146677	0.000141459
0.234	0.197316	1.5945	-2.07731	-1.92198	-0.129429	0.146679	0.000141459
0.247	0.196918	1.5945	-2.07731	-1.92225	-0.129439	0.146683	0.000141459
0.26	0.196517	1.5945	-2.07731	-1.92257	-0.129452	0.146683	0.000141459
0.273	0.196149	1.5945	-2.07731	-1.92287	-0.12946	0.146683	0.000141459
0.286	0.195754	1.5945	-2.07731	-1.92314	-0.129468	0.146683	0.000141459
0.299	0.195356	1.5945	-2.07731	-1.92335	-0.129476	0.146683	0.000141459
0.312	0.194936	1.5945	-2.07731	-1.92352	-0.129486	0.146683	0.000141459
0.325	0.194559	1.5945	-2.07731	-1.92366	-0.129497	0.146683	0.000141459
0.338	0.194193	1.5945	-2.07731	-1.92378	-0.129511	0.146681	0.000141459
0.351	0.193838	1.5945	-2.07731	-1.92383	-0.129527	0.146681	0.000141459
0.364	0.193476	1.5945	-2.07731	-1.92383	-0.129544	0.146679	0.000141459
0.377	0.193163	1.5945	-2.07731	-1.92383	-0.129578	0.146679	0.000141459
0.39	0.192876	1.5945	-2.07731	-1.92383	-0.129611	0.146677	0.000141459
0.403	0.19266	1.5945	-2.07731	-1.92383	-0.129652	0.146677	0.000141459
0.416	0.192479	1.5945	-2.07731	-1.92383	-0.129689	0.146676	0.000141459
0.429	0.192333	1.5945	-2.07731	-1.92382	-0.129724	0.146674	0.000141459
0.442	0.192249	1.5945	-2.07731	-1.92382	-0.129767	0.146672	0.000141459
0.455	0.192204	1.5945	-2.07731	-1.92382	-0.129824	0.146671	0.000141459
0.468	0.192205	1.5945	-2.07731	-1.92382	-0.129889	0.146667	0.000141459
0.481	0.192227	1.5945	-2.07731	-1.92382	-0.129965	0.146664	0.000141459
0.494	0.192245	1.5945	-2.07731	-1.92381	-0.13002	0.14666	0.000141459
0.507	0.192252	1.5945	-2.07731	-1.92381	-0.130055	0.146657	0.000141459
0.52	0.192259	1.5945	-2.07731	-1.92381	-0.130079	0.146652	0.000141459
0.533	0.192266	1.59451	-2.07731	-1.92381	-0.130094	0.146645	0.000141459
0.546	0.192275	1.59451	-2.07731	-1.92381	-0.130108	0.146616	0.000141459
0.559	0.192281	1.59451	-2.07731	-1.9238	-0.130114	0.146519	0.000141459
0.572	0.192283	1.59451	-2.07731	-1.9238	-0.130118	0.14627	0.000141459
0.585	0.192284	1.59451	-2.07731	-1.9238	-0.130118	0.1459	0.000141459
0.598	0.19229	1.59451	-2.07731	-1.9238	-0.130116	0.145443	0.000141459
0.611	0.192292	1.59451	-2.07731	-1.9238	-0.130114	0.144944	0.000141459
0.624	0.192292	1.59451	-2.07731	-1.9238	-0.130104	0.144387	0.000141459
0.637	0.192293	1.59451	-2.07731	-1.9238	-0.1301	0.144077	0.000141459
0.65	0.192295	1.59451	-2.07731	-1.9238	-0.130096	0.143911	0.000141459
0.663	0.192296	1.59451	-2.07731	-1.9238	-0.130094	0.143886	0.000141459
0.676	0.192296	1.5945	-2.07731	-1.9238	-0.130092	0.143875	0.000141459
0.689	0.192298	1.5945	-2.07731	-1.9238	-0.130092	0.14387	0.000141459
0.702	0.192301	1.5945	-2.07731	-1.9238	-0.13009	0.143867	0.000141459
0.715	0.192301	1.5945	-2.07731	-1.9238	-0.13009	0.143865	0.000141459
0.728	0.192302	1.5945	-2.07731	-1.9238	-0.130088	0.143865	0.000141459
0.741	0.192302	1.5945	-2.07731	-1.9238	-0.130086	0.143867	0.000141459
0.754	0.192302	1.5945	-2.07731	-1.9238	-0.130082	0.143869	0.000141459
0.767	0.192302	1.5945	-2.07731	-1.9238	-0.130077	0.14387	0.000141459
0.78	0.192302	1.5945	-2.07731	-1.9238	-0.130075	0.143872	0.000141459
0.793	0.192302	1.5945	-2.07731	-1.9238	-0.130073	0.143874	0.000141459
0.806	0.192302	1.59449	-2.07731	-1.9238	-0.130071	0.143877	0.000141459
0.819	0.192301	1.59447	-2.07732	-1.92381	-0.130069	0.143882	0.000143169
0.832	0.192298	1.59444	-2.07732	-1.92382	-0.130069	0.143889	0.000143169
0.845	0.192293	1.59442	-2.07732	-1.92389	-0.130067	0.143896	0.000143169
0.858	0.192292	1.59441	-2.07732	-1.92401	-0.130067	0.143911	0.00014488
0.871	0.192269	1.59439	-2.07733	-1.92419	-0.130067	0.143967	0.000148283
0.884	0.192224	1.59438	-2.07733	-1.92438	-0.130065	0.144146	0.000173852
0.897	0.192172	1.59435	-2.07735	-1.9246	-0.130065	0.144581	0.000320425
0.91	0.192128	1.59433	-2.07736	-1.92486	-0.130065	0.145198	0.000572677
0.923	0.192095	1.59432	-2.07739	-1.92509	-0.130067	0.146142	0.000961292
0.936	0.192049	1.5943	-2.07739	-1.92532	-0.130067	0.146913	0.00138399
0.949	0.191976	1.59429	-2.0774	-1.92562	-0.130067	0.147134	0.00165499
0.962	0.191898	1.59427	-2.07741	-1.92595	-0.130071	0.147194	0.00185101
0.975	0.191819	1.59425	-2.07742	-1.92626	-0.1301	0.147332	0.00220041
0.988	0.191699	1.59422	-2.07743	-1.92652	-0.130337	0.147727	0.00275945
1.001	0.191515	1.59418	-2.07743	-1.92676	-0.131071	0.148213	0.00334067
1.014	0.191312	1.59412	-2.07743	-1.92694	-0.131814	0.148876	0.00397642
1.027	0.191099	1.59401	-2.07744	-1.92705	-0.132168	0.14978	0.00473829
1.04	0.190867	1.59388	-2.07743	-1.92709	-0.132511	0.150644	0.00573198
1.053	0.190577	1.5937	-2.07743	-1.92717	-0.133244	0.150918	0.00619728
1.066	0.190284	1.59345	-2.07743	-1.92722	-0.134082	0.150928	0.00650407
1.079	0.189963	1.59312	-2.07743	-1.92725	-0.134583	0.150974	0.00745345
1.092	0.189622	1.59276	-2.07743	-1.92725	-0.135052	0.151189	0.00825623
1.105	0.189225	1.59235	-2.07744	-1.92725	-0.135757	0.151581	0.00877607
1.118	0.18881	1.59188	-2.07744	-1.92725	-0.136794	0.152016	0.00982088
1.131	0.188357	1.59132	-2.07743	-1.92725	-0.138017	0.152421	0.010622
1.144	0.187909	1.59064	-2.07745	-1.92725	-0.138944	0.152691	0.0112441
1.157	0.187399	1.58995	-2.07745	-1.92725	-0.139568	0.152916	0.0117639
1.17	0.186845	1.58921	-2.0775	-1.92725	-0.140206	0.153134	0.0121525
1.183	0.186252	1.58848	-2.07752	-1.92725	-0.14102	0.153541	0.0128036
1.196	0.185658	1.58779	-2.07758	-1.92725	-0.141942	0.154007	0.0138962
1.209	0.185008	1.58701	-2.07767	-1.92725	-0.143202	0.154332	0.0143308
1.222	0.18436	1.58619	-2.07774	-1.92725	-0.14446	0.154344	0.0145626
1.235	0.183685	1.58535	-2.07786	-1.92724	-0.145155	0.154344	0.0153926
1.248	0.182983	1.58452	-2.07804	-1.92724	-0.145906	0.154371	0.0159687
1.261	0.182238	1.58366	-2.07822	-1.92724	-0.146892	0.154514	0.0161613
1.274	0.181437	1.58272	-2.07846	-1.92724	-0.147696	0.154726	0.016688
1.287	0.18067	1.58181	-2.07871	-1.92724	-0.14843	0.154954	0.0176118
1.3	0.179858	1.58084	-2.07893	-1.92724	-0.149714	0.155399	0.017893
1.313	0.179009	1.57977	-2.07922	-1.92724	-0.150972	0.155711	0.0179697
1.326	0.178176	1.57877	-2.07947	-1.92724	-0.151563	0.155987	0.01851
1.339	0.177305	1.57763	-2.07971	-1.92724	-0.152163	0.156439	0.0190094
1.352	0.176487	1.57657	-2.07997	-1.92724	-0.153058	0.156998	0.0191321
1.365	0.175628	1.57546	-2.0802	-1.92721	-0.15384	0.158141	0.0193537
1.378	0.174797	1.57438	-2.08048	-1.92719	-0.154339	0.158971	0.0198037
1.391	0.173895	1.57329	-2.08086	-1.92719	-0.155018	0.159578	0.0201497
1.404	0.173005	1.57225	-2.0812	-1.92719	-0.156081	0.159917	0.0204019
1.417	0.172176	1.57114	-2.08156	-1.92719	-0.156975	0.160574	0.0209252
1.43	0.171347	1.57014	-2.08175	-1.92711	-0.157384	0.161862	0.0214348
1.443	0.170519	1.56912	-2.082	-1.92699	-0.157689	0.163662	0.0214825
1.456	0.169654	1.56825	-2.08218	-1.92691	-0.158072	0.165377	0.0215405
1.469	0.168894	1.56739	-2.08242	-1.92675	-0.158417	0.16725	0.0219513
1.482	0.168126	1.56658	-2.08257	-1.92659	-0.158853	0.168792	0.0224319
1.495	0.167398	1.56593	-2.08271	-1.9263	-0.159256	0.170645	0.0227967
1.508	0.166602	1.56532	-2.08281	-1.92598	-0.159397	0.172266	0.023233
1.521	0.165799	1.56486	-2.08283	-1.92551	-0.159409	0.174185	0.0236966
1.534	0.164978	1.56447	-2.08284	-1.92496	-0.159417	0.176208	0.0243255
1.547	0.164098	1.56418	-2.08283	-1.92428	-0.159436	0.178593	0.0253737
1.56	0.163139	1.56404	-2.08284	-1.92353	-0.159489	0.181035	0.0260606
1.573	0.162105	1.56395	-2.08283	-1.92261	-0.159491	0.183905	0.0265737
1.586	0.161045	1.56394	-2.08283	-1.92149	-0.159489	0.187079	0.0275264
1.599	0.159911	1.56394	-2.08283	-1.9202	-0.159487	0.190515	0.0286002
1.612	0.158771	1.56394	-2.08283	-1.91877	-0.159487	0.193674	0.0300916
1.625	0.157532	1.56394	-2.08283	-1.9173	-0.159483	0.196455	0.0308637
1.638	0.1563	1.5639	-2.08282	-1.91568	-0.159477	0.199242	0.0313154
1.651	0.154935	1.56388	-2.08282	-1.914	-0.159432	0.202083	0.0320312
1.664	0.153555	1.56385	-2.08282	-1.9122	-0.159188	0.205454	0.0335345
1.677	0.152108	1.5638	-2.08281	-1.91034	-0.158861	0.20925	0.034397
1.69	0.150587	1.56374	-2.08281	-1.90839	-0.158362	0.212939	0.0345231
1.703	0.14904	1.56364	-2.08281	-1.90646	-0.157669	0.216066	0.0349594
1.716	0.147438	1.56346	-2.08279	-1.90446	-0.157053	0.218809	0.0358116
1.729	0.145757	1.56329	-2.08279	-1.90243	-0.156808	0.22137	0.0365667
1.742	0.144048	1.56306	-2.08278	-1.90024	-0.156581	0.224302	0.0374257
1.755	0.142274	1.56273	-2.08277	-1.89791	-0.156059	0.227767	0.0377734
1.768	0.140504	1.56235	-2.08277	-1.89539	-0.155149	0.231486	0.0381024
1.781	0.138669	1.56194	-2.08276	-1.89282	-0.1542	0.234825	0.0387313
1.794	0.136759	1.56143	-2.08276	-1.89034	-0.153913	0.237753	0.0392989
1.807	0.134823	1.5609	-2.08273	-1.88787	-0.153819	0.240325	0.0398664
1.82	0.13288	1.56023	-2.08272	-1.88532	-0.153566	0.243051	0.0408482
1.833	0.130841	1.55953	-2.08265	-1.88265	-0.153206	0.246124	0.0416288
1.846	0.12884	1.55874	-2.08263	-1.87981	-0.152727	0.249343	0.0418061
1.859	0.126776	1.55789	-2.08258	-1.87689	-0.151997	0.252348	0.0420788
1.872	0.124766	1.55701	-2.08257	-1.87393	-0.151342	0.255028	0.0427861
1.885	0.12269	1.55597	-2.08251	-1.87099	-0.151136	0.257721	0.0432872
1.898	0.120662	1.55491	-2.08246	-1.86809	-0.151136	0.260361	0.0436502
1.911	0.11858	1.55378	-2.08234	-1.86507	-0.15113	0.263265	0.0445724
1.924	0.116467	1.55257	-2.08221	-1.86199	-0.151124	0.266497	0.0455865
1.937	0.114389	1.55132	-2.08197	-1.85874	-0.15112	0.269713	0.045912
1.95	0.112308	1.55002	-2.08164	-1.85547	-0.150983	0.272552	0.0462376
1.963	0.11025	1.54874	-2.08133	-1.85219	-0.150743	0.275055	0.0470267
1.976	0.108129	1.54739	-2.08113	-1.84891	-0.150641	0.27769	0.0477153
1.989	0.106033	1.5462	-2.08101	-1.84553	-0.150641	0.280432	0.0486357
2.002	0.103854	1.54503	-2.081	-1.84218	-0.150643	0.283653	0.0496055
2.015	0.101727	1.54395	-2.08099	-1.83865	-0.150643	0.287061	0.0500453
2.028	0.0995527	1.54282	-2.08099	-1.83513	-0.150643	0.290386	0.0507304
2.041	0.0973873	1.54172	-2.08093	-1.83165	-0.150643	0.293306	0.051523
2.054	0.0951681	1.54055	-2.08089	-1.82833	-0.150643	0.295791	0.0524775
2.067	0.092972	1.53938	-2.08078	-1.82506	-0.150645	0.298098	0.0534353
2.08	0.0907528	1.53822	-2.08064	-1.82169	-0.150645	0.300664	0.0536484
2.093	0.0885746	1.53709	-2.08047	-1.81831	-0.150645	0.303539	0.054187
2.106	0.086441	1.53594	-2.0802	-1.81482	-0.150645	0.306803	0.055225
2.119	0.0842564	1.53482	-2.07989	-1.81142	-0.150645	0.310031	0.0558931
2.132	0.0821472	1.53371	-2.07956	-1.80809	-0.150647	0.312835	0.0568203
2.145	0.0799242	1.53262	-2.07925	-1.80496	-0.150649	0.31504	0.0575396
2.158	0.0777613	1.53159	-2.0789	-1.80172	-0.150649	0.31706	0.0580526
2.171	0.0754603	1.53057	-2.07852	-1.79853	-0.150651	0.319141	0.059002
2.184	0.07319	1.52959	-2.07812	-1.79526	-0.150651	0.3218	0.0601371
2.197	0.0708251	1.52865	-2.07758	-1.79204	-0.150653	0.324819	0.0613882
2.21	0.0685408	1.52766	-2.07716	-1.78893	-0.150655	0.327697	0.0621467
2.223	0.0662973	1.52681	-2.07674	-1.78594	-0.150655	0.329784	0.0629562
2.236	0.0639631	1.52599	-2.07649	-1.78303	-0.150659	0.331454	0.064601
2.249	0.0616532	1.52527	-2.0763	-1.78015	-0.150694	0.332608	0.0664946
2.262	0.0592487	1.52462	-2.07614	-1.77738	-0.150809	0.333723	0.0674508
2.275	0.0568173	1.52397	-2.076	-1.77451	-0.150862	0.335705	0.0688263
2.288	0.0544205	1.52335	-2.07588	-1.77175	-0.150901	0.337876	0.0705239
2.301	0.0544205	1.52335	-2.07588	-1.77175	-0.150901	0.337876	0.0705239
2.314	0.0519508	1.52273	-2.07572	-1.76898	-0.15103	0.340295	0.0716369
2.327	0.0494939	1.52214	-2.0756	-1.76624	-0.151118	0.342294	0.0731112
2.34	0.0470791	1.52162	-2.07544	-1.76336	-0.151193	0.344036	0.0743179
2.353	0.0446541	1.52108	-2.0753	-1.76054	-0.151246	0.345226	0.0751991
2.366	0.0423289	1.5206	-2.07514	-1.75757	-0.151248	0.346795	0.0765933
2.379	0.039932	1.52011	-2.07497	-1.75456	-0.151255	0.348512	0.0778989
2.392	0.0375122	1.51959	-2.07482	-1.75155	-0.151277	0.350247	0.078579
2.405	0.035132	1.51906	-2.07466	-1.74848	-0.151279	0.352198	0.0796562
2.418	0.0327198	1.51848	-2.07455	-1.74548	-0.151293	0.35384	0.0814765
2.431	0.030392	1.51794	-2.07445	-1.7423	-0.15148	0.355728	0.0825367
2.444	0.0280411	1.51734	-2.07436	-1.73908	-0.15166	0.357365	0.0831571
2.457	0.0257555	1.51669	-2.07425	-1.73566	-0.151668	0.359614	0.0848411
2.47	0.0234865	1.51602	-2.07404	-1.73226	-0.15169	0.362062	0.0863835
2.483	0.02122	1.51526	-2.07381	-1.72888	-0.151844	0.364651	0.087125
2.496	0.0189881	1.51448	-2.07352	-1.72544	-0.151993	0.367035	0.0885107
2.509	0.0166794	1.51373	-2.07327	-1.72206	-0.152154	0.368757	0.0900719
2.522	0.0143759	1.51301	-2.07312	-1.71856	-0.15241	0.37041	0.0910468
2.535	0.0119791	1.5123	-2.07299	-1.715	-0.152533	0.372058	0.0923184
2.548	0.0095426	1.51163	-2.07295	-1.71155	-0.152578	0.373908	0.0935302
2.561	0.00715217	1.51102	-2.07295	-1.70803	-0.1526	0.376193	0.0942733
2.574	0.00466711	1.51037	-2.07296	-1.70463	-0.152602	0.378622	0.0950284
2.587	0.00227793	1.50978	-2.07295	-1.70118	-0.152609	0.380944	0.0965658
2.6	-0.000203261	1.50916	-2.07295	-1.69771	-0.152621	0.383355	0.0975629
2.613	-0.00278546	1.50856	-2.07292	-1.69433	-0.152631	0.385394	0.0980895
2.626	-0.00533058	1.50792	-2.07284	-1.69097	-0.152631	0.387299	0.0991343
2.639	-0.00794346	1.5073	-2.07273	-1.68778	-0.152633	0.388581	0.10088
2.652	-0.010541	1.5067	-2.07268	-1.68457	-0.152637	0.390014	0.101974
2.665	-0.0131526	1.50617	-2.07263	-1.68134	-0.152639	0.391474	0.102589
2.678	-0.0158384	1.5057	-2.07253	-1.67821	-0.152639	0.392963	0.104355
2.691	-0.0185791	1.50528	-2.07241	-1.67497	-0.152639	0.395153	0.106428
2.704	-0.0214067	1.50492	-2.07231	-1.67187	-0.152643	0.397345	0.108025
2.717	-0.0242625	1.50465	-2.07212	-1.66873	-0.152643	0.399609	0.109468
2.73	-0.0272218	1.50436	-2.07195	-1.66563	-0.152641	0.401536	0.110869
2.743	-0.0301414	1.50418	-2.07172	-1.66236	-0.152641	0.403265	0.11292
2.756	-0.0330573	1.50401	-2.07146	-1.65907	-0.152641	0.404814	0.114365
2.769	-0.035977	1.50385	-2.0711	-1.6556	-0.152635	0.406825	0.115391
2.782	-0.0389439	1.50367	-2.07075	-1.65221	-0.152629	0.408859	0.117
2.795	-0.0419505	1.50352	-2.07039	-1.64868	-0.152586	0.411148	0.118336
2.808	-0.0449929	1.50339	-2.07005	-1.6451	-0.152322	0.413251	0.120065
2.821	-0.0480647	1.50332	-2.06966	-1.64132	-0.151964	0.415514	0.121801
2.834	-0.0511416	1.50328	-2.06927	-1.63743	-0.15161	0.418015	0.123322
2.847	-0.054239	1.50328	-2.06891	-1.63352	-0.151183	0.420945	0.125408
2.86	-0.0573312	1.50328	-2.0685	-1.62953	-0.150956	0.424115	0.127446
2.873	-0.0604324	1.50327	-2.0681	-1.62549	-0.150805	0.426978	0.129689
2.886	-0.0635822	1.50324	-2.06762	-1.62144	-0.150537	0.429187	0.131506
2.899	-0.0667473	1.5032	-2.06716	-1.61742	-0.149982	0.431117	0.133228
2.912	-0.0698945	1.50318	-2.06674	-1.61346	-0.149162	0.43321	0.13437
2.925	-0.0729945	1.50315	-2.06638	-1.60953	-0.14818	0.435826	0.135999
2.938	-0.0760944	1.50312	-2.06594	-1.60554	-0.147553	0.438843	0.137375
2.951	-0.0791381	1.50303	-2.06554	-1.60153	-0.147301	0.441872	0.138604
2.964	-0.0822418	1.50292	-2.06508	-1.5976	-0.146929	0.444622	0.140715
2.977	-0.0852765	1.50276	-2.06462	-1.59378	-0.146518	0.446894	0.142551
2.99	-0.0882614	1.50256	-2.06413	-1.59007	-0.146107	0.44866	0.144431
3.003	-0.0911236	1.50234	-2.06362	-1.58635	-0.145634	0.450283	0.146006
3.016	-0.0940356	1.5021	-2.06308	-1.58268	-0.145184	0.451725	0.148133
3.029	-0.0968479	1.50185	-2.06247	-1.57887	-0.144836	0.453983	0.149967
3.042	-0.0996295	1.50162	-2.06182	-1.57522	-0.144499	0.45653	0.151532
3.055	-0.102426	1.50136	-2.06113	-1.57166	-0.144055	0.459258	0.152846
3.068	-0.105198	1.50111	-2.06047	-1.56815	-0.14354	0.461793	0.15422
3.081	-0.107871	1.50088	-2.05985	-1.56466	-0.143051	0.463574	0.156193
3.094	-0.11044	1.50067	-2.05918	-1.56114	-0.142707	0.46519	0.157443
3.107	-0.113026	1.50046	-2.05851	-1.55774	-0.142325	0.466402	0.158622
3.12	-0.115496	1.50023	-2.05781	-1.55445	-0.141863	0.467845	0.160587
3.133	-0.11788	1.50001	-2.05713	-1.5512	-0.141529	0.46979	0.162094
3.146	-0.120338	1.4998	-2.05643	-1.54818	-0.14139	0.47153	0.163938
3.159	-0.122647	1.49961	-2.0557	-1.545	-0.141271	0.473507	0.165827
3.172	-0.125021	1.4994	-2.05495	-1.54197	-0.141032	0.475125	0.168152
3.185	-0.127314	1.49924	-2.05419	-1.53883	-0.140819	0.477066	0.169846
3.198	-0.129504	1.4991	-2.05348	-1.5358	-0.140576	0.478909	0.171414
3.211	-0.131706	1.499	-2.05279	-1.53282	-0.140177	0.481007	0.172656
3.224	-0.133823	1.49896	-2.05214	-1.52983	-0.139746	0.482768	0.17401
3.237	-0.135941	1.49893	-2.05143	-1.52683	-0.139433	0.484578	0.175948
3.25	-0.137996	1.49891	-2.05066	-1.52379	-0.139257	0.48603	0.177137
3.263	-0.140119	1.49885	-2.04985	-1.52085	-0.138962	0.487516	0.178467
3.276	-0.14214	1.49883	-2.04903	-1.51781	-0.138492	0.489524	0.180452
3.289	-0.144273	1.49882	-2.04812	-1.51491	-0.138265	0.49144	0.182063
3.302	-0.146357	1.49882	-2.0472	-1.51195	-0.138197	0.49363	0.184018
3.315	-0.148456	1.49882	-2.04622	-1.50901	-0.138118	0.495716	0.185958
3.328	-0.150547	1.49881	-2.04527	-1.50596	-0.137909	0.497986	0.188267
3.341	-0.152652	1.49882	-2.04425	-1.50282	-0.13767	0.500303	0.189854
3.354	-0.154825	1.49881	-2.04329	-1.49971	-0.137357	0.502518	0.191424
3.367	-0.157013	1.4988	-2.04229	-1.49651	-0.136991	0.504794	0.19267
3.38	-0.159341	1.49876	-2.0414	-1.49356	-0.136588	0.506624	0.194233
3.393	-0.16162	1.49877	-2.04047	-1.49051	-0.136267	0.508501	0.196106
3.406	-0.164055	1.49875	-2.03961	-1.48763	-0.136136	0.510013	0.197266
3.419	-0.166519	1.49874	-2.03876	-1.48456	-0.135958	0.511869	0.198959
3.432	-0.169	1.49873	-2.03784	-1.48133	-0.135655	0.514173	0.200728
3.445	-0.171566	1.49869	-2.03699	-1.47806	-0.135315	0.516939	0.202618
3.458	-0.174196	1.49867	-2.03609	-1.47478	-0.135142	0.519663	0.204507
3.471	-0.176835	1.49862	-2.03528	-1.47155	-0.135056	0.522053	0.206533
3.484	-0.179632	1.49856	-2.03437	-1.46827	-0.135005	0.524057	0.208533
3.497	-0.182365	1.4985	-2.03356	-1.465	-0.134835	0.525461	0.210191
3.51	-0.185229	1.49848	-2.03264	-1.46165	-0.134532	0.526987	0.211679
3.523	-0.188111	1.49841	-2.03176	-1.45813	-0.134141	0.529182	0.212818
3.536	-0.19099	1.49834	-2.03098	-1.45454	-0.133622	0.531807	0.214517
3.549	-0.193902	1.49827	-2.03012	-1.45085	-0.133377	0.534744	0.21595
3.562	-0.196764	1.49816	-2.02936	-1.44697	-0.133199	0.5378	0.216964
3.575	-0.199733	1.49803	-2.02848	-1.44294	-0.132906	0.540832	0.21878
3.588	-0.202631	1.4978	-2.02763	-1.43889	-0.132675	0.543583	0.220394
3.601	-0.205542	1.49754	-2.02665	-1.43489	-0.132562	0.54594	0.221704
3.614	-0.208368	1.49719	-2.0257	-1.43083	-0.132446	0.548364	0.22321
3.627	-0.211232	1.49681	-2.02474	-1.42669	-0.132342	0.55075	0.224559
3.64	-0.214081	1.49644	-2.02375	-1.42232	-0.132264	0.553663	0.226375
3.653	-0.216905	1.49603	-2.0227	-1.41788	-0.132248	0.557201	0.227789
3.666	-0.219823	1.49556	-2.02169	-1.41355	-0.132209	0.560932	0.228568
3.679	-0.222688	1.49504	-2.02071	-1.40925	-0.132102	0.564147	0.230129
3.692	-0.225526	1.49456	-2.01971	-1.40498	-0.132094	0.566521	0.23143
3.705	-0.228307	1.49404	-2.01875	-1.40067	-0.132094	0.568551	0.232043
3.718	-0.231164	1.49349	-2.01776	-1.39645	-0.132078	0.570857	0.23288
3.731	-0.233944	1.49295	-2.01677	-1.3922	-0.132055	0.57377	0.234501
3.744	-0.236642	1.49231	-2.01581	-1.38784	-0.132057	0.577056	0.23528
3.757	-0.239426	1.49166	-2.01478	-1.38346	-0.132057	0.580349	0.235652
3.77	-0.242166	1.49095	-2.01383	-1.37917	-0.132055	0.583153	0.236686
3.783	-0.244917	1.49032	-2.01285	-1.37509	-0.132057	0.58514	0.238358
3.796	-0.247583	1.48964	-2.01201	-1.37102	-0.132059	0.586986	0.239388
3.809	-0.250241	1.48899	-2.01119	-1.36695	-0.132059	0.588592	0.239795
3.822	-0.252873	1.48831	-2.01033	-1.36271	-0.132059	0.590976	0.24085
3.835	-0.255491	1.48768	-2.00943	-1.35841	-0.132061	0.59417	0.242521
3.848	-0.25823	1.48704	-2.00852	-1.35417	-0.132065	0.597778	0.243605
3.861	-0.260869	1.48644	-2.00767	-1.34988	-0.13207	0.60108	0.244358
3.874	-0.263501	1.48591	-2.00668	-1.34553	-0.132076	0.6037	0.246033
3.887	-0.266096	1.48543	-2.00576	-1.34121	-0.132086	0.605719	0.247423
3.9	-0.268712	1.48505	-2.00478	-1.33688	-0.132127	0.607892	0.248126
3.913	-0.271309	1.48474	-2.00377	-1.33255	-0.132168	0.610589	0.249597
3.926	-0.27387	1.48441	-2.00268	-1.32807	-0.132256	0.613873	0.250983
3.939	-0.276396	1.48408	-2.00158	-1.32353	-0.13229	0.617604	0.251661
3.952	-0.278935	1.48379	-2.00037	-1.31908	-0.13229	0.62134	0.252522
3.965	-0.281483	1.48351	-1.99915	-1.31486	-0.132297	0.624294	0.254356
3.978	-0.283964	1.48331	-1.99803	-1.31074	-0.132411	0.626592	0.255537
3.991	-0.286397	1.48319	-1.99691	-1.30676	-0.13254	0.628352	0.256521
4.004	-0.288763	1.4831	-1.99586	-1.30273	-0.132579	0.630875	0.258259
4.017	-0.291087	1.48304	-1.99482	-1.29877	-0.132616	0.63413	0.259655
4.03	-0.293392	1.48297	-1.99385	-1.29491	-0.132626	0.637786	0.261077
4.043	-0.295653	1.48295	-1.99289	-1.29109	-0.13272	0.640991	0.262752
4.056	-0.297836	1.48289	-1.99193	-1.28743	-0.1329	0.643258	0.264141
4.069	-0.299963	1.48282	-1.99097	-1.28397	-0.132967	0.644901	0.265939
4.082	-0.302036	1.48277	-1.99003	-1.28068	-0.13297	0.646661	0.267209
4.095	-0.304099	1.48271	-1.98914	-1.27765	-0.132967	0.648422	0.26809
4.108	-0.306047	1.48269	-1.98823	-1.27457	-0.132967	0.650871	0.269704
4.121	-0.307972	1.48263	-1.98736	-1.27165	-0.132967	0.653409	0.270787
4.134	-0.309777	1.48259	-1.98654	-1.26882	-0.132967	0.655777	0.271395
4.147	-0.311551	1.48254	-1.9857	-1.26611	-0.132967	0.658018	0.272564
4.16	-0.313192	1.48252	-1.98483	-1.26352	-0.13297	0.659487	0.274107
4.173	-0.314829	1.48245	-1.98393	-1.2611	-0.13297	0.660871	0.274792
4.186	-0.316468	1.48238	-1.98293	-1.25872	-0.132967	0.662175	0.275302
4.199	-0.318001	1.48232	-1.98205	-1.25646	-0.132967	0.663208	0.27672
4.212	-0.31957	1.48229	-1.98109	-1.25422	-0.132972	0.664643	0.278315
4.225	-0.321034	1.48226	-1.98025	-1.25185	-0.132994	0.666407	0.279062
4.238	-0.322512	1.48226	-1.97931	-1.24957	-0.133039	0.667975	0.279841
4.251	-0.323949	1.48223	-1.97838	-1.24709	-0.133041	0.670119	0.281487
4.264	-0.325394	1.48223	-1.9775	-1.24462	-0.133139	0.672117	0.282837
4.277	-0.326832	1.48223	-1.97657	-1.24208	-0.133344	0.674351	0.283635
4.29	-0.328295	1.48223	-1.97568	-1.23949	-0.13345	0.676289	0.285148
4.303	-0.329813	1.48223	-1.97478	-1.23682	-0.133577	0.678072	0.286435
4.316	-0.331379	1.48222	-1.97397	-1.23424	-0.133687	0.679274	0.28713
4.329	-0.332869	1.48222	-1.97322	-1.23141	-0.133771	0.680769	0.288172
4.342	-0.334461	1.48221	-1.9725	-1.22869	-0.133855	0.682187	0.289556
4.355	-0.336122	1.4822	-1.97177	-1.22601	-0.134017	0.683422	0.290221
4.368	-0.337802	1.48219	-1.97115	-1.22326	-0.134094	0.685214	0.290769
4.381	-0.339533	1.48218	-1.97061	-1.22062	-0.134119	0.686746	0.291782
4.394	-0.341323	1.48218	-1.97015	-1.21796	-0.134289	0.688338	0.29336
4.407	-0.343114	1.48217	-1.96966	-1.21526	-0.134702	0.689988	0.294081
4.42	-0.344912	1.48215	-1.96925	-1.21252	-0.134878	0.69116	0.294521
4.433	-0.3467	1.48214	-1.9688	-1.20963	-0.134898	0.692715	0.295535
4.446	-0.348555	1.48214	-1.96829	-1.20663	-0.135003	0.694235	0.297101
4.459	-0.350447	1.48213	-1.96777	-1.20368	-0.135342	0.695675	0.297996
4.472	-0.352372	1.48213	-1.9672	-1.20062	-0.135645	0.697349	0.298485
4.485	-0.354389	1.4821	-1.96674	-1.1977	-0.13578	0.698367	0.299629
4.498	-0.356456	1.48211	-1.96629	-1.19478	-0.136066	0.699268	0.301725
4.511	-0.358582	1.48211	-1.96585	-1.19175	-0.136604	0.70038	0.302905
4.524	-0.360755	1.48211	-1.96548	-1.18874	-0.137025	0.701257	0.303665
4.537	-0.362959	1.48211	-1.96518	-1.18582	-0.137164	0.701803	0.305003
4.55	-0.365163	1.48211	-1.96497	-1.18297	-0.137289	0.70241	0.306087
4.563	-0.367436	1.4821	-1.96482	-1.18019	-0.137545	0.703441	0.306706
4.576	-0.369677	1.48211	-1.96471	-1.17732	-0.137786	0.704876	0.307612
4.589	-0.371994	1.48211	-1.96466	-1.17457	-0.138048	0.705747	0.309012
4.602	-0.374254	1.4821	-1.96466	-1.17184	-0.13834	0.70613	0.309629
4.615	-0.376512	1.48208	-1.96466	-1.16917	-0.138469	0.706487	0.310023
4.628	-0.378712	1.48202	-1.96466	-1.16649	-0.138494	0.707264	0.310612
4.641	-0.380913	1.48201	-1.96466	-1.1637	-0.138498	0.708903	0.311371
4.654	-0.383068	1.48201	-1.96466	-1.16103	-0.138613	0.710301	0.312388
4.667	-0.385102	1.48201	-1.96466	-1.1584	-0.138897	0.711463	0.312789
4.68	-0.38714	1.482	-1.96466	-1.15581	-0.13905	0.712759	0.313021
4.693	-0.389039	1.482	-1.96466	-1.15324	-0.139103	0.713458	0.313697
4.706	-0.390926	1.48199	-1.96466	-1.15076	-0.139165	0.713797	0.314367
4.719	-0.392748	1.48197	-1.96466	-1.14826	-0.139273	0.714363	0.314798
4.732	-0.39455	1.48197	-1.96466	-1.1458	-0.139392	0.715781	0.315255
4.745	-0.396306	1.48197	-1.96466	-1.14338	-0.139451	0.717451	0.315947
4.758	-0.39806	1.48197	-1.96466	-1.14118	-0.139541	0.718607	0.316399
4.771	-0.399736	1.48197	-1.96466	-1.13894	-0.139676	0.719609	0.316678
4.784	-0.401403	1.48197	-1.96466	-1.13688	-0.139699	0.720316	0.317113
4.797	-0.402947	1.48197	-1.96466	-1.13485	-0.139737	0.720534	0.317675
4.81	-0.404477	1.48196	-1.96466	-1.13296	-0.139758	0.720748	0.318054
4.823	-0.405942	1.48195	-1.96466	-1.13113	-0.139789	0.721201	0.318267
4.836	-0.407332	1.48195	-1.96467	-1.1294	-0.139791	0.721961	0.31869
4.849	-0.408652	1.48196	-1.96467	-1.12771	-0.139793	0.723156	0.319315
4.862	-0.410025	1.48196	-1.96467	-1.1261	-0.139795	0.724673	0.319862
4.875	-0.411227	1.48196	-1.96467	-1.12458	-0.139805	0.725423	0.32
4.888	-0.412496	1.48196	-1.96467	-1.1232	-0.139805	0.725701	0.320116
4.901	-0.413698	1.48196	-1.96467	-1.12193	-0.139803	0.725811	0.320443
4.914	-0.414795	1.48196	-1.96467	-1.12067	-0.139803	0.726009	0.320897
4.927	-0.415968	1.48197	-1.96466	-1.11938	-0.139803	0.726679	0.321302
4.94	-0.417087	1.48197	-1.96466	-1.11794	-0.139803	0.728145	0.321556
4.953	-0.418212	1.48198	-1.96466	-1.11656	-0.139801	0.729304	0.321749
4.966	-0.41932	1.48198	-1.96466	-1.11515	-0.139801	0.72988	0.322056
4.979	-0.420381	1.48198	-1.96466	-1.11381	-0.139797	0.730192	0.322501
4.992	-0.421414	1.48198	-1.96466	-1.11249	-0.139795	0.730601	0.322973
5.005	-0.422425	1.48198	-1.96466	-1.11097	-0.139793	0.731797	0.323486
5.018	-0.423472	1.48198	-1.96466	-1.10963	-0.139789	0.732724	0.32374
5.031	-0.424383	1.48198	-1.96466	-1.10851	-0.139754	0.732956	0.323869
5.044	-0.425327	1.48198	-1.96466	-1.10752	-0.139553	0.732961	0.32405
5.057	-0.426197	1.48198	-1.96466	-1.10652	-0.139349	0.732966	0.324348
5.07	-0.42707	1.48201	-1.96464	-1.10567	-0.13906	0.732995	0.324626
5.083	-0.427867	1.48202	-1.96463	-1.10475	-0.138707	0.733096	0.324853
5.096	-0.428639	1.48202	-1.96463	-1.10389	-0.138361	0.733411	0.325059
5.109	-0.429383	1.48203	-1.96463	-1.10308	-0.138099	0.733691	0.325231
5.122	-0.430041	1.48203	-1.96463	-1.10237	-0.137895	0.733865	0.325413
5.135	-0.430641	1.48204	-1.96459	-1.10173	-0.137561	0.733953	0.325589
5.148	-0.431235	1.48205	-1.96455	-1.10107	-0.137136	0.734001	0.325734
5.161	-0.431763	1.48207	-1.96452	-1.10031	-0.136733	0.734177	0.32586
5.174	-0.432272	1.48207	-1.96442	-1.09951	-0.136287	0.734758	0.32593
5.187	-0.432705	1.48208	-1.96431	-1.09873	-0.135835	0.735763	0.326001
5.2	-0.433102	1.48208	-1.96412	-1.09807	-0.135522	0.736104	0.326071
5.213	-0.433485	1.48208	-1.96387	-1.09745	-0.135189	0.736103	0.326184
5.226	-0.433838	1.48209	-1.96361	-1.09686	-0.134841	0.736104	0.326324
5.239	-0.434194	1.48212	-1.96337	-1.09632	-0.134479	0.736106	0.326458
5.252	-0.434555	1.48219	-1.96321	-1.09588	-0.134078	0.736108	0.326675
5.265	-0.434885	1.48228	-1.96312	-1.09549	-0.133657	0.736109	0.327014
5.278	-0.435203	1.48238	-1.96304	-1.0952	-0.133417	0.736116	0.327312
5.291	-0.435497	1.48255	-1.96295	-1.09497	-0.13318	0.736118	0.327459
5.304	-0.435764	1.48278	-1.96294	-1.09482	-0.132751	0.736125	0.327747
5.317	-0.435988	1.48304	-1.96294	-1.0947	-0.132344	0.736137	0.328026
5.33	-0.436178	1.48327	-1.96294	-1.0946	-0.131961	0.736156	0.328129
5.343	-0.436301	1.48354	-1.96294	-1.0945	-0.131532	0.7362	0.328263
5.356	-0.436389	1.48376	-1.96294	-1.09443	-0.131098	0.736305	0.328458
5.369	-0.436431	1.48391	-1.96289	-1.09432	-0.130564	0.736488	0.328543
5.382	-0.436446	1.48401	-1.96278	-1.0942	-0.129957	0.736699	0.328544
5.395	-0.436447	1.48402	-1.96267	-1.09411	-0.129454	0.73682	0.328541
5.408	-0.436444	1.484	-1.96261	-1.094	-0.129061	0.736953	0.328539
5.421	-0.436438	1.48397	-1.96262	-1.09389	-0.12886	0.737171	0.328539
5.434	-0.436429	1.48394	-1.96264	-1.09376	-0.128783	0.737505	0.328539
5.447	-0.436411	1.48393	-1.96264	-1.09367	-0.128621	0.73788	0.328539
5.46	-0.436403	1.48393	-1.96264	-1.09355	-0.128298	0.738303	0.328539
5.473	-0.436402	1.48393	-1.96264	-1.09332	-0.127893	0.739005	0.328538
5.486	-0.436402	1.48393	-1.96264	-1.09302	-0.127543	0.739704	0.328538
5.499	-0.436402	1.48393	-1.96264	-1.09278	-0.127337	0.739898	0.328538
5.512	-0.436401	1.48393	-1.96264	-1.0925	-0.127142	0.73991	0.328536
5.525	-0.4364	1.48393	-1.96264	-1.09225	-0.126844	0.740001	0.328536
5.538	-0.436398	1.48392	-1.96264	-1.09205	-0.126584	0.740239	0.328536
5.551	-0.436398	1.48392	-1.96264	-1.0919	-0.126427	0.74058	0.328536
5.564	-0.436398	1.48392	-1.96264	-1.09183	-0.126287	0.74087	0.328534
5.577	-0.436397	1.48392	-1.96263	-1.09178	-0.12614	0.741131	0.328534
5.59	-0.436396	1.48392	-1.96264	-1.09177	-0.126058	0.741337	0.328534
5.603	-0.436396	1.48392	-1.96264	-1.09177	-0.125987	0.741492	0.328534
5.616	-0.436396	1.48392	-1.96264	-1.09177	-0.125854	0.74161	0.328534
5.629	-0.436396	1.48392	-1.96264	-1.09176	-0.125752	0.741724	0.328534
5.642	-0.436394	1.48392	-1.96264	-1.09174	-0.125723	0.741847	0.328533
5.655	-0.436394	1.48392	-1.96264	-1.09169	-0.125684	0.741996	0.328533
5.668	-0.436393	1.48392	-1.96264	-1.09165	-0.125623	0.742227	0.328533
5.681	-0.436392	1.48392	-1.96264	-1.09155	-0.125565	0.742755	0.328533
5.694	-0.436392	1.48392	-1.96264	-1.09137	-0.125543	0.743438	0.328533
5.707	-0.436392	1.48392	-1.96263	-1.09124	-0.125541	0.743636	0.328533
5.72	-0.436392	1.48392	-1.96263	-1.09102	-0.125541	0.743638	0.328533
5.733	-0.436392	1.48392	-1.96264	-1.0908	-0.125541	0.74365	0.328533
5.746	-0.436391	1.48391	-1.96264	-1.09058	-0.125541	0.743672	0.328533
5.759	-0.436389	1.48391	-1.96264	-1.09032	-0.125541	0.743694	0.328533
5.772	-0.436391	1.48391	-1.96264	-1.09009	-0.125541	0.743728	0.328533
5.785	-0.436389	1.48391	-1.96264	-1.08992	-0.125541	0.743778	0.328533
5.798	-0.436389	1.48391	-1.96264	-1.08971	-0.125543	0.743825	0.328533
5.811	-0.436389	1.4839	-1.96264	-1.08957	-0.125543	0.743856	0.328533
5.824	-0.436389	1.4839	-1.96264	-1.08951	-0.125543	0.74387	0.328533
5.837	-0.436389	1.4839	-1.96264	-1.08947	-0.125545	0.743871	0.328533
5.85	-0.436389	1.48389	-1.96264	-1.08945	-0.125545	0.743871	0.328533
5.863	-0.436389	1.48389	-1.96264	-1.08945	-0.125547	0.743871	0.328533
5.876	-0.436389	1.48389	-1.96265	-1.08944	-0.125547	0.743871	0.328533
5.889	-0.436388	1.48388	-1.96265	-1.08943	-0.125549	0.74387	0.328533
5.902	-0.436388	1.48387	-1.96265	-1.08941	-0.125549	0.74387	0.328533
5.915	-0.436388	1.48387	-1.96265	-1.08937	-0.125551	0.74387	0.328533
5.928	-0.436388	1.48387	-1.96265	-1.08932	-0.125553	0.74387	0.328533
5.941	-0.436388	1.48387	-1.96265	-1.08923	-0.125555	0.74387	0.328533
5.954	-0.436388	1.48387	-1.96265	-1.08908	-0.125557	0.74387	0.328533
5.967	-0.436388	1.48386	-1.96265	-1.0889	-0.125559	0.74387	0.328534
5.98	-0.436388	1.48386	-1.96265	-1.08867	-0.125563	0.743871	0.328534
5.993	-0.436388	1.48386	-1.96265	-1.08841	-0.125565	0.743871	0.328534
6.006	-0.436388	1.48386	-1.96265	-1.08813	-0.125568	0.743873	0.328534
6.019	-0.436388	1.48386	-1.96265	-1.08789	-0.125572	0.743878	0.328534
6.032	-0.436388	1.48385	-1.96266	-1.08766	-0.125586	0.743882	0.328534
6.045	-0.436388	1.48384	-1.96266	-1.08748	-0.125643	0.743885	0.328534
6.058	-0.436388	1.48384	-1.96266	-1.08738	-0.125713	0.743888	0.328534
6.071	-0.436388	1.48383	-1.96266	-1.08733	-0.125745	0.74389	0.328534
6.084	-0.436388	1.48383	-1.96266	-1.08732	-0.125807	0.74389	0.328534
6.097	-0.436388	1.48383	-1.96266	-1.08732	-0.125868	0.743892	0.328534
6.11	-0.436388	1.48383	-1.96266	-1.08732	-0.125891	0.743894	0.328534
6.123	-0.436387	1.48383	-1.96266	-1.08732	-0.125919	0.743894	0.328534
6.136	-0.436388	1.48383	-1.96266	-1.08732	-0.125964	0.743895	0.328534
6.149	-0.436388	1.48382	-1.96266	-1.08732	-0.126013	0.743895	0.328536
6.162	-0.436388	1.48382	-1.96267	-1.08732	-0.126038	0.743897	0.328536
6.175	-0.436387	1.48382	-1.96267	-1.08732	-0.126067	0.743897	0.328536
6.188	-0.436387	1.48382	-1.96267	-1.08731	-0.126093	0.743899	0.328536
6.201	-0.436387	1.48382	-1.96267	-1.0873	-0.126116	0.743899	0.328536
6.214	-0.436387	1.48382	-1.96267	-1.08728	-0.126124	0.7439	0.328536
6.227	-0.436387	1.48382	-1.96267	-1.08723	-0.12613	0.74391	0.328536
6.24	-0.436387	1.48382	-1.96267	-1.0872	-0.12613	0.743922	0.328536
6.253	-0.436387	1.48382	-1.96267	-1.08717	-0.126132	0.743963	0.328536
6.266	-0.436385	1.48382	-1.96267	-1.08713	-0.126132	0.744066	0.328536
6.279	-0.436387	1.48382	-1.96267	-1.08709	-0.12613	0.744176	0.328536
6.292	-0.436385	1.48382	-1.96267	-1.08706	-0.126126	0.744253	0.328536
6.305	-0.436385	1.48382	-1.96267	-1.08701	-0.126126	0.744332	0.328536
6.318	-0.436385	1.48381	-1.96267	-1.08696	-0.126124	0.744405	0.328536
6.331	-0.436385	1.4838	-1.96268	-1.08694	-0.126124	0.744468	0.328536
6.344	-0.436385	1.4838	-1.96268	-1.08693	-0.126124	0.744541	0.328534
6.357	-0.436385	1.48379	-1.96268	-1.08692	-0.126122	0.744606	0.328534
6.37	-0.436385	1.48379	-1.96268	-1.08693	-0.12612	0.744672	0.328536
6.383	-0.436385	1.48379	-1.96268	-1.08693	-0.12612	0.744732	0.328536
6.396	-0.436385	1.48379	-1.96268	-1.08693	-0.126118	0.744775	0.328536
6.409	-0.436385	1.48379	-1.96268	-1.08694	-0.126116	0.744828	0.328534
6.422	-0.436391	1.48379	-1.96268	-1.08694	-0.126114	0.744894	0.328534
6.435	-0.436396	1.48379	-1.96268	-1.08694	-0.126112	0.744988	0.328534
6.448	-0.436397	1.48378	-1.96268	-1.08694	-0.126112	0.74507	0.328534
6.461	-0.436397	1.48378	-1.96268	-1.08694	-0.126112	0.745114	0.328534
6.474	-0.436394	1.48378	-1.96268	-1.08694	-0.12611	0.745153	0.328534
6.487	-0.436388	1.48378	-1.96268	-1.08694	-0.12611	0.745191	0.328534
6.5	-0.436388	1.48377	-1.96268	-1.08694	-0.126108	0.74523	0.328534
6.513	-0.436388	1.48376	-1.96268	-1.08694	-0.126105	0.745259	0.328534
6.526	-0.436388	1.48376	-1.96268	-1.08694	-0.126105	0.745283	0.328534
6.539	-0.436387	1.48375	-1.96268	-1.08694	-0.126105	0.745301	0.328534
6.552	-0.436387	1.48375	-1.96268	-1.08694	-0.126103	0.745312	0.328534
6.565	-0.436387	1.48375	-1.96268	-1.08694	-0.126103	0.745324	0.328534
6.578	-0.436385	1.48374	-1.96268	-1.08694	-0.126101	0.745342	0.328534
6.591	-0.436387	1.48372	-1.96268	-1.08694	-0.126101	0.745356	0.328534
6.604	-0.436385	1.48371	-1.96268	-1.08694	-0.126101	0.745366	0.328534
6.617	-0.436385	1.48371	-1.96268	-1.08693	-0.126101	0.74537	0.328534
6.63	-0.436385	1.4837	-1.96268	-1.08693	-0.126099	0.745371	0.328534
6.643	-0.436385	1.48369	-1.96268	-1.08693	-0.126099	0.745373	0.328534
6.656	-0.436385	1.48366	-1.96268	-1.08693	-0.126099	0.745375	0.328534
6.669	-0.436385	1.48362	-1.96268	-1.08693	-0.126099	0.745376	0.328534
6.682	-0.436385	1.4836	-1.96268	-1.08693	-0.126099	0.745376	0.328534
6.695	-0.436387	1.48357	-1.96268	-1.08693	-0.126099	0.745376	0.328534
6.708	-0.436391	1.48355	-1.96268	-1.08694	-0.126099	0.745376	0.328534
6.721	-0.436391	1.48352	-1.96268	-1.08694	-0.126099	0.745376	0.328534
6.734	-0.436387	1.48349	-1.96269	-1.08694	-0.126099	0.745375	0.328534
