1.656	0.272634	1.93129	1.66274	2.03982	-2.73192	-0.00259925	-1.8069
1.674	0.272634	1.93129	1.66274	2.03982	-2.73192	-0.00259925	-1.8069
1.692	0.272633	1.93129	1.66343	2.03982	-2.73192	-0.00260265	-1.8069
1.71	0.272634	1.93129	1.66418	2.03981	-2.73192	-0.00260436	-1.8069
1.728	0.272634	1.93129	1.66502	2.03981	-2.73192	-0.00260436	-1.8069
1.746	0.272633	1.93129	1.66587	2.03981	-2.73192	-0.00260265	-1.8069
1.764	0.272632	1.93129	1.66678	2.03981	-2.73192	-0.00260265	-1.8069
1.782	0.272632	1.93129	1.66764	2.03981	-2.73192	-0.00260265	-1.8069
1.8	0.272628	1.93129	1.66848	2.03981	-2.73192	-0.00260094	-1.8069
1.818	0.272628	1.93129	1.66848	2.03981	-2.73192	-0.00260094	-1.8069
1.836	0.272627	1.93129	1.66925	2.03981	-2.73192	-0.00260094	-1.8069
1.854	0.272622	1.93129	1.66997	2.03981	-2.73192	-0.00260094	-1.8069
1.872	0.272618	1.93129	1.67067	2.03981	-2.73192	-0.00260094	-1.8069
1.89	0.272618	1.93129	1.67132	2.03981	-2.73192	-0.00260094	-1.8069
1.908	0.272614	1.93129	1.67187	2.03981	-2.73192	-0.00260094	-1.8069
1.926	0.272605	1.93129	1.67243	2.03981	-2.73192	-0.00260094	-1.8069
1.944	0.272596	1.93129	1.67292	2.03981	-2.73192	-0.00260094	-1.8069
1.962	0.272564	1.93129	1.67333	2.03981	-2.73192	-0.00260094	-1.8069
1.98	0.272519	1.93129	1.67365	2.03981	-2.73192	-0.00260094	-1.8069
1.998	0.272468	1.93129	1.67387	2.03981	-2.73192	-0.00260094	-1.8069
2.016	0.272395	1.93129	1.67402	2.03981	-2.73192	-0.00260094	-1.8069
2.034	0.272308	1.93129	1.6741	2.03981	-2.73192	-0.00260094	-1.8069
2.052	0.272308	1.93129	1.6741	2.03981	-2.73192	-0.00260094	-1.8069
2.07	0.272179	1.93129	1.67411	2.03981	-2.73192	-0.00260094	-1.8069
2.088	0.272037	1.93128	1.6741	2.0398	-2.73192	-0.00260265	-1.8069
2.106	0.271872	1.93128	1.6741	2.0398	-2.73192	-0.00260094	-1.8069
2.124	0.271681	1.93128	1.6741	2.0398	-2.73192	-0.00260094	-1.8069
2.142	0.27147	1.93128	1.6741	2.0398	-2.73192	-0.00260094	-1.8069
2.16	0.271228	1.93128	1.6741	2.0398	-2.73192	-0.00260094	-1.8069
2.178	0.270946	1.93128	1.6741	2.0398	-2.73192	-0.00259925	-1.8069
2.196	0.270616	1.93128	1.6741	2.0398	-2.73192	-0.00260094	-1.8069
2.214	0.270245	1.93128	1.6741	2.0398	-2.73192	-0.00260094	-1.8069
2.232	0.269808	1.93128	1.6741	2.03979	-2.73192	-0.00260094	-1.8069
2.25	0.269331	1.93128	1.6741	2.03979	-2.73192	-0.00260094	-1.8069
2.268	0.269331	1.93128	1.6741	2.03979	-2.73192	-0.00260094	-1.8069
2.286	0.268799	1.93128	1.6741	2.03978	-2.73192	-0.00260265	-1.8069
2.304	0.268234	1.93128	1.6741	2.03977	-2.73192	-0.00260265	-1.8069
2.322	0.267631	1.93128	1.6741	2.03972	-2.73192	-0.00260265	-1.8069
2.34	0.267015	1.93128	1.6741	2.03964	-2.73192	-0.00260265	-1.8069
2.358	0.266371	1.93128	1.6741	2.03949	-2.73192	-0.00260265	-1.8069
2.376	0.265697	1.93128	1.6741	2.03927	-2.73192	-0.00260436	-1.8069
2.394	0.265019	1.93128	1.6741	2.03903	-2.73192	-0.00260436	-1.8069
2.412	0.264346	1.93128	1.6741	2.03877	-2.73192	-0.00260436	-1.8069
2.43	0.263704	1.93128	1.6741	2.03848	-2.73192	-0.00260436	-1.8069
2.448	0.263125	1.93128	1.6741	2.03823	-2.73192	-0.00260436	-1.8069
2.466	0.262619	1.93128	1.6741	2.03803	-2.73192	-0.00260436	-1.8069
2.484	0.262619	1.93128	1.6741	2.03803	-2.73192	-0.00260436	-1.8069
2.502	0.262182	1.93128	1.6741	2.0378	-2.73192	-0.00260436	-1.8069
2.52	0.261811	1.93128	1.6741	2.03761	-2.73192	-0.00260436	-1.8069
2.538	0.261519	1.93128	1.6741	2.03748	-2.73192	-0.00260436	-1.8069
2.556	0.26132	1.93128	1.6741	2.03738	-2.73192	-0.00260436	-1.8069
2.574	0.261198	1.93128	1.6741	2.03733	-2.73192	-0.00260436	-1.8069
2.592	0.261163	1.93128	1.6741	2.03732	-2.73192	-0.00260436	-1.8069
2.61	0.261164	1.93128	1.6741	2.03734	-2.73192	-0.00260436	-1.8069
2.628	0.26117	1.93128	1.6741	2.03734	-2.73192	-0.00260436	-1.8069
2.646	0.261172	1.93128	1.6741	2.03735	-2.73192	-0.00260265	-1.8069
2.664	0.261172	1.93128	1.6741	2.03736	-2.73192	-0.00260265	-1.8069
2.682	0.261172	1.93128	1.6741	2.03736	-2.73192	-0.00260265	-1.8069
2.7	0.261172	1.93128	1.6741	2.03736	-2.73192	-0.00260265	-1.8069
2.718	0.261172	1.93128	1.6741	2.03737	-2.73192	-0.00260265	-1.8069
2.736	0.261172	1.93128	1.6741	2.03737	-2.73192	-0.00260265	-1.8069
2.754	0.261172	1.93128	1.6741	2.03737	-2.73192	-0.00260265	-1.8069
2.772	0.261173	1.93128	1.6741	2.03737	-2.73192	-0.00260265	-1.8069
2.79	0.261173	1.93128	1.6741	2.03737	-2.73192	-0.00260265	-1.8069
2.808	0.261173	1.93128	1.6741	2.03738	-2.73192	-0.00260094	-1.8069
2.826	0.261173	1.93128	1.6741	2.03738	-2.73192	-0.00260094	-1.8069
2.844	0.261173	1.93128	1.6741	2.03738	-2.73192	-0.00260094	-1.8069
2.862	0.261173	1.93128	1.6741	2.03738	-2.73192	-0.00260094	-1.8069
2.88	0.261172	1.93128	1.6741	2.03738	-2.73192	-0.00260094	-1.8069
2.898	0.261172	1.93128	1.6741	2.03738	-2.73192	-0.00260265	-1.8069
2.916	0.261172	1.93128	1.6741	2.03738	-2.73192	-0.00260265	-1.8069
2.934	0.261172	1.93128	1.6741	2.03738	-2.73192	-0.00260265	-1.8069
2.952	0.261172	1.93128	1.6741	2.03738	-2.73192	-0.00260265	-1.8069
2.97	0.261172	1.93128	1.6741	2.03738	-2.73192	-0.00260436	-1.8069
2.988	0.261173	1.93128	1.6741	2.03738	-2.73192	-0.00260436	-1.8069
3.006	0.261173	1.93128	1.6741	2.03736	-2.73192	-0.00260436	-1.8069
3.024	0.261173	1.93128	1.6741	2.03733	-2.73192	-0.00260436	-1.8069
3.042	0.261173	1.93128	1.6741	2.03725	-2.73192	-0.00260436	-1.8069
3.06	0.261173	1.93128	1.6741	2.03713	-2.73192	-0.00260265	-1.8069
3.078	0.261173	1.93128	1.6741	2.03698	-2.73192	-0.00260265	-1.8069
3.096	0.261173	1.93128	1.6741	2.03678	-2.73192	-0.00260265	-1.8069
3.114	0.261173	1.93128	1.6741	2.03654	-2.73192	-0.00260265	-1.8069
3.132	0.261173	1.93128	1.6741	2.03654	-2.73192	-0.00260265	-1.8069
3.15	0.261173	1.93128	1.6741	2.03628	-2.73192	-0.00260265	-1.8069
3.168	0.261173	1.93128	1.6741	2.03602	-2.73192	-0.00260265	-1.8069
3.186	0.261173	1.93128	1.6741	2.03575	-2.73192	-0.00260265	-1.8069
3.204	0.261173	1.93128	1.6741	2.0355	-2.73192	-0.00260265	-1.8069
3.222	0.261173	1.93128	1.6741	2.03525	-2.73192	-0.00260436	-1.8069
3.24	0.261173	1.93128	1.6741	2.03501	-2.73192	-0.00260436	-1.8069
3.258	0.261173	1.93128	1.6741	2.03478	-2.73192	-0.00260436	-1.8069
3.276	0.26117	1.93128	1.6741	2.03457	-2.73192	-0.00260265	-1.8069
3.294	0.261167	1.93128	1.6741	2.03437	-2.73192	-0.00260265	-1.8069
3.312	0.261163	1.93128	1.6741	2.03417	-2.73192	-0.00260265	-1.8069
3.33	0.261147	1.93128	1.6741	2.03402	-2.73192	-0.00260094	-1.8069
3.348	0.261147	1.93128	1.6741	2.03402	-2.73192	-0.00260094	-1.8069
3.366	0.261112	1.93128	1.6741	2.0339	-2.73192	-0.00260094	-1.8069
3.384	0.261059	1.93128	1.6741	2.03382	-2.73192	-0.00260094	-1.8069
3.402	0.260996	1.93128	1.6741	2.0338	-2.73192	-0.00260094	-1.8069
3.42	0.260931	1.93128	1.6741	2.03381	-2.73192	-0.00260094	-1.8069
3.438	0.260848	1.93128	1.67409	2.03382	-2.73192	-0.00260094	-1.8069
3.456	0.260747	1.93127	1.67409	2.03382	-2.73192	-0.00260094	-1.8069
3.474	0.260601	1.93127	1.67409	2.03382	-2.73192	-0.00260265	-1.8069
3.492	0.260428	1.93127	1.67409	2.03382	-2.73192	-0.00260265	-1.8069
3.51	0.260233	1.93127	1.67409	2.03382	-2.73192	-0.00260265	-1.8069
3.528	0.260022	1.93127	1.67409	2.03382	-2.73192	-0.00260436	-1.8069
3.546	0.259791	1.93127	1.67409	2.03379	-2.73192	-0.00260436	-1.8069
3.564	0.259791	1.93127	1.67409	2.03379	-2.73192	-0.00260436	-1.8069
3.582	0.259544	1.93127	1.67408	2.03376	-2.73192	-0.00260436	-1.8069
3.6	0.259273	1.93127	1.67408	2.03371	-2.73192	-0.00260436	-1.8069
3.618	0.258992	1.93127	1.67408	2.03363	-2.73192	-0.00260436	-1.8069
3.636	0.258682	1.93127	1.67408	2.03351	-2.73192	-0.00260436	-1.8069
3.654	0.25832	1.93126	1.67408	2.03335	-2.73192	-0.00260436	-1.8069
3.672	0.257929	1.93126	1.67407	2.03315	-2.73192	-0.00260436	-1.8069
3.69	0.257507	1.93126	1.67407	2.03292	-2.73192	-0.00260436	-1.8069
3.708	0.25708	1.93126	1.67407	2.03268	-2.73192	-0.00260436	-1.8069
3.726	0.256637	1.93126	1.67407	2.03241	-2.73192	-0.00260436	-1.8069
3.744	0.256153	1.93126	1.67407	2.03211	-2.73192	-0.00260436	-1.8069
3.762	0.25567	1.93126	1.67407	2.03175	-2.73192	-0.00260606	-1.8069
3.78	0.25567	1.93126	1.67407	2.03175	-2.73192	-0.00260606	-1.8069
3.798	0.255184	1.93126	1.67407	2.0314	-2.73192	-0.00260606	-1.8069
3.816	0.254715	1.93126	1.67406	2.03107	-2.73192	-0.00260606	-1.8069
3.834	0.254239	1.93126	1.67406	2.03069	-2.73192	-0.00260606	-1.8069
3.852	0.253741	1.93126	1.67402	2.03031	-2.73192	-0.00260606	-1.8069
3.87	0.253249	1.93126	1.67397	2.02991	-2.73192	-0.00260777	-1.8069
3.888	0.252758	1.93126	1.6739	2.02949	-2.73192	-0.00260777	-1.8069
3.906	0.252278	1.93126	1.67379	2.02906	-2.73192	-0.00260777	-1.8069
3.924	0.251762	1.93126	1.67363	2.0286	-2.73192	-0.00260606	-1.8069
3.942	0.251253	1.93126	1.67346	2.02807	-2.73192	-0.00260777	-1.8069
3.96	0.250729	1.93125	1.67328	2.02754	-2.73192	-0.00260777	-1.8069
3.978	0.250197	1.93125	1.67313	2.02698	-2.73192	-0.00260777	-1.8069
3.996	0.250197	1.93125	1.67313	2.02698	-2.73192	-0.00260777	-1.8069
4.014	0.249682	1.93123	1.67297	2.02643	-2.73192	-0.00260777	-1.8069
4.032	0.249159	1.93123	1.67283	2.02586	-2.73192	-0.00260777	-1.8069
4.05	0.248639	1.93122	1.6727	2.02534	-2.73192	-0.00260777	-1.8069
4.068	0.248117	1.93122	1.67259	2.02482	-2.73192	-0.00260777	-1.8069
4.086	0.247634	1.93122	1.67249	2.02437	-2.73192	-0.00260777	-1.8069
4.104	0.247155	1.93122	1.67242	2.02396	-2.73192	-0.00260777	-1.8069
4.122	0.2467	1.93121	1.67237	2.02359	-2.73192	-0.00260777	-1.8069
4.14	0.246232	1.93121	1.67233	2.02322	-2.73192	-0.00260777	-1.8069
4.158	0.245792	1.93121	1.67227	2.02288	-2.73192	-0.00260948	-1.8069
4.176	0.245368	1.93121	1.67221	2.02261	-2.73192	-0.00260948	-1.8069
4.194	0.244983	1.93121	1.6721	2.02239	-2.73192	-0.00260948	-1.8069
4.212	0.244983	1.93121	1.6721	2.02239	-2.73192	-0.00260948	-1.8069
4.23	0.244584	1.93121	1.67192	2.02224	-2.73192	-0.00260948	-1.8069
4.248	0.244197	1.93121	1.67166	2.02211	-2.73192	-0.00260948	-1.8069
4.266	0.243831	1.93121	1.67133	2.02204	-2.73192	-0.00260948	-1.8069
4.284	0.243518	1.93121	1.67098	2.02203	-2.73192	-0.00260777	-1.8069
4.302	0.243215	1.9312	1.67057	2.02203	-2.73192	-0.00260777	-1.8069
4.32	0.242939	1.9312	1.67007	2.02203	-2.73192	-0.00260777	-1.8069
4.338	0.242668	1.9312	1.66952	2.02203	-2.73192	-0.00260777	-1.8069
4.356	0.242429	1.9312	1.66894	2.02203	-2.73192	-0.00260777	-1.8069
4.374	0.242208	1.93119	1.66835	2.02203	-2.73192	-0.00260948	-1.8069
4.392	0.242019	1.93119	1.6677	2.02203	-2.73192	-0.00260948	-1.8069
4.41	0.241854	1.93119	1.66707	2.02201	-2.73192	-0.00260948	-1.8069
4.428	0.241712	1.93119	1.66637	2.022	-2.73192	-0.00260948	-1.8069
4.446	0.241712	1.93119	1.66637	2.022	-2.73192	-0.00260948	-1.8069
4.464	0.241581	1.93119	1.66572	2.02198	-2.73192	-0.00260948	-1.8069
4.482	0.24146	1.93118	1.66514	2.02194	-2.73192	-0.00260948	-1.8069
4.5	0.241349	1.93118	1.66459	2.02191	-2.73192	-0.00260948	-1.8069
4.518	0.241236	1.93118	1.66411	2.02187	-2.73192	-0.00260948	-1.8069
4.536	0.241098	1.93118	1.66369	2.02179	-2.73192	-0.00260948	-1.8069
4.554	0.240919	1.93117	1.66331	2.02169	-2.73192	-0.00260777	-1.8069
4.572	0.24068	1.93117	1.66298	2.02156	-2.73192	-0.00260777	-1.8069
4.59	0.240394	1.93117	1.66271	2.02141	-2.73192	-0.00260606	-1.8069
4.608	0.240058	1.93117	1.6625	2.02125	-2.73192	-0.00260606	-1.8069
4.626	0.239687	1.93117	1.66234	2.02108	-2.73192	-0.00260777	-1.8069
4.644	0.23928	1.93117	1.66222	2.0209	-2.73192	-0.00260777	-1.8069
4.662	0.23928	1.93117	1.66222	2.0209	-2.73192	-0.00260777	-1.8069
4.68	0.23882	1.93117	1.66213	2.02071	-2.73193	-0.00260777	-1.8069
4.698	0.238283	1.93117	1.66205	2.02047	-2.73193	-0.00260948	-1.8069
4.716	0.237697	1.93116	1.66196	2.0202	-2.73193	-0.00260948	-1.8069
4.734	0.237052	1.93116	1.66191	2.01986	-2.73192	-0.00260948	-1.8069
4.752	0.236348	1.93116	1.66184	2.01946	-2.73193	-0.00261117	-1.8069
4.77	0.235637	1.93116	1.66176	2.01899	-2.73192	-0.00261117	-1.8069
4.788	0.234863	1.93116	1.66165	2.01851	-2.73193	-0.00261117	-1.8069
4.806	0.234047	1.93116	1.66151	2.01798	-2.73193	-0.00261117	-1.8069
4.824	0.23322	1.93116	1.66131	2.0174	-2.73193	-0.00261117	-1.8069
4.842	0.23231	1.93116	1.66107	2.0168	-2.73192	-0.00261117	-1.8069
4.86	0.231416	1.93115	1.66078	2.01618	-2.73192	-0.00261117	-1.8069
4.878	0.231416	1.93115	1.66078	2.01618	-2.73192	-0.00261117	-1.8069
4.896	0.230464	1.93115	1.66046	2.01556	-2.73192	-0.00261117	-1.8069
4.914	0.229533	1.93115	1.66008	2.01493	-2.73193	-0.00261117	-1.8069
4.932	0.228541	1.93115	1.65968	2.01433	-2.73192	-0.00261117	-1.8069
4.95	0.22758	1.93115	1.65929	2.01373	-2.73192	-0.00261117	-1.8069
4.968	0.226594	1.93115	1.65888	2.01312	-2.73192	-0.00261288	-1.8069
4.986	0.22561	1.93115	1.65847	2.0125	-2.73192	-0.00261288	-1.8069
5.004	0.224594	1.93115	1.65805	2.01188	-2.73192	-0.00261288	-1.8069
5.022	0.223654	1.93115	1.65763	2.01129	-2.73192	-0.00261288	-1.8069
5.04	0.222673	1.93115	1.65725	2.01074	-2.73193	-0.00261459	-1.8069
5.058	0.221797	1.93115	1.65688	2.01017	-2.73193	-0.00261288	-1.8069
5.076	0.220879	1.93115	1.65652	2.00963	-2.73192	-0.00261288	-1.8069
5.094	0.220879	1.93115	1.65652	2.00963	-2.73192	-0.00261288	-1.8069
5.112	0.220076	1.93115	1.65616	2.00905	-2.73192	-0.00261288	-1.8069
5.13	0.219294	1.93114	1.6558	2.00853	-2.73192	-0.00261288	-1.8069
5.148	0.218528	1.93114	1.65551	2.00798	-2.73192	-0.00261288	-1.8069
5.166	0.217852	1.93114	1.6552	2.00744	-2.73192	-0.00261288	-1.8069
5.184	0.21719	1.93114	1.65493	2.00694	-2.73192	-0.00261288	-1.8069
5.202	0.216585	1.93113	1.65468	2.00645	-2.73192	-0.00261288	-1.8069
5.22	0.216025	1.93114	1.65442	2.00599	-2.73192	-0.00261288	-1.8069
5.238	0.215514	1.93113	1.65419	2.00557	-2.73193	-0.00261288	-1.8069
5.256	0.215053	1.93113	1.65394	2.00519	-2.73192	-0.00261288	-1.8069
5.274	0.214597	1.93114	1.65366	2.00484	-2.73192	-0.00261288	-1.8069
5.292	0.214195	1.93113	1.65343	2.00454	-2.73192	-0.00261288	-1.8069
5.31	0.214195	1.93113	1.65343	2.00454	-2.73192	-0.00261288	-1.8069
5.328	0.213837	1.93113	1.65323	2.00431	-2.73192	-0.00261288	-1.8069
5.346	0.213535	1.93113	1.65308	2.0041	-2.73192	-0.00261288	-1.8069
5.364	0.213235	1.93113	1.65293	2.00387	-2.73193	-0.00261288	-1.8069
5.382	0.212951	1.93113	1.65275	2.00363	-2.73193	-0.00261288	-1.8069
5.4	0.212667	1.93113	1.65259	2.00338	-2.73192	-0.00261288	-1.8069
5.418	0.212413	1.93113	1.65245	2.00318	-2.73192	-0.00261288	-1.8069
5.436	0.212189	1.93113	1.65236	2.00301	-2.73193	-0.00261288	-1.8069
5.454	0.212008	1.93113	1.65228	2.00291	-2.73192	-0.00261117	-1.8069
5.472	0.211876	1.93113	1.65219	2.00287	-2.73192	-0.00261117	-1.8069
5.49	0.211734	1.93113	1.65212	2.00282	-2.73193	-0.00261117	-1.8069
5.508	0.211611	1.93113	1.65205	2.00278	-2.73192	-0.00261117	-1.8069
5.526	0.211512	1.93113	1.65196	2.00276	-2.73192	-0.00261117	-1.8069
5.544	0.211512	1.93113	1.65196	2.00276	-2.73192	-0.00261117	-1.8069
5.562	0.211417	1.93113	1.6519	2.00272	-2.73192	-0.00261117	-1.8069
5.58	0.211333	1.93113	1.65184	2.00267	-2.73192	-0.00261117	-1.8069
5.598	0.211265	1.93113	1.65181	2.00265	-2.73192	-0.00261117	-1.8069
5.616	0.2112	1.93113	1.65179	2.00263	-2.73193	-0.00261117	-1.8069
5.634	0.21109	1.93113	1.65176	2.00261	-2.73192	-0.00261117	-1.8069
5.652	0.210963	1.93113	1.65175	2.00258	-2.73193	-0.00261117	-1.8069
5.67	0.210801	1.93113	1.65174	2.00255	-2.73192	-0.00261288	-1.8069
5.688	0.210595	1.93113	1.65173	2.0025	-2.73193	-0.00261288	-1.8069
5.706	0.210396	1.93113	1.65173	2.00245	-2.73192	-0.00261117	-1.8069
5.724	0.210233	1.93113	1.65173	2.00244	-2.73193	-0.00261117	-1.8069
5.742	0.20998	1.93113	1.65173	2.00243	-2.73193	-0.00261288	-1.8069
5.76	0.20998	1.93113	1.65173	2.00243	-2.73193	-0.00261288	-1.8069
5.778	0.209668	1.93113	1.65173	2.00237	-2.73192	-0.00261288	-1.8069
5.796	0.209296	1.93113	1.65167	2.00229	-2.73192	-0.00261288	-1.8069
5.814	0.208887	1.93113	1.65156	2.0022	-2.73192	-0.00261459	-1.8069
5.832	0.208432	1.93113	1.65142	2.00205	-2.73192	-0.00261288	-1.8069
5.85	0.207925	1.93113	1.65126	2.0019	-2.73192	-0.00261288	-1.8069
5.868	0.207434	1.93113	1.65105	2.00181	-2.73192	-0.00261288	-1.8069
5.886	0.206897	1.93113	1.65077	2.00169	-2.73192	-0.00261459	-1.8069
5.904	0.20634	1.93113	1.65045	2.00152	-2.73192	-0.00261459	-1.8069
5.922	0.20575	1.93113	1.65007	2.00135	-2.73192	-0.0026197	-1.8069
5.94	0.205082	1.93113	1.64971	2.00094	-2.73192	-0.00262482	-1.8069
5.958	0.204395	1.93113	1.64943	2.00056	-2.73192	-0.00261288	-1.8069
5.976	0.204395	1.93113	1.64943	2.00056	-2.73192	-0.00261288	-1.8069
5.994	0.203815	1.93112	1.64917	2.00043	-2.73192	-0.00261628	-1.8069
6.012	0.203105	1.93112	1.64901	2.00016	-2.73192	-0.00261628	-1.8069
6.03	0.202421	1.93112	1.64886	1.99998	-2.73192	-0.00261799	-1.8069
6.048	0.202089	1.9311	1.64882	1.99989	-2.73192	-0.00263505	-1.8069
6.066	0.202106	1.93106	1.64884	1.9998	-2.73192	-0.0026214	-1.8069
6.084	0.20212	1.93106	1.64885	1.99974	-2.73192	-0.00262311	-1.8069
6.102	0.202185	1.93106	1.64885	1.9997	-2.73192	-0.00261799	-1.8069
6.12	0.202237	1.93106	1.64885	1.99974	-2.73192	-0.00261459	-1.8069
6.138	0.202235	1.93106	1.64885	1.99979	-2.73192	-0.00261628	-1.8069
6.156	0.20223	1.93107	1.64886	1.9998	-2.73192	-0.00261799	-1.8069
6.174	0.202227	1.93106	1.64886	1.99979	-2.73192	-0.0026197	-1.8069
6.192	0.202227	1.93106	1.64886	1.99979	-2.73192	-0.0026197	-1.8069
6.21	0.202227	1.93106	1.64886	1.99979	-2.73192	-0.0026214	-1.8069
6.228	0.202203	1.93106	1.64886	1.99979	-2.73192	-0.0026214	-1.8069
6.246	0.202088	1.93106	1.64886	1.99979	-2.73192	-0.00262651	-1.8069
6.264	0.201987	1.93106	1.64886	1.99976	-2.73192	-0.00263674	-1.8069
6.282	0.201938	1.93106	1.64886	1.99967	-2.73192	-0.00263505	-1.8069
6.3	0.201924	1.93106	1.64886	1.99966	-2.73192	-0.00263334	-1.8069
6.318	0.201932	1.93106	1.64886	1.99967	-2.73192	-0.00263334	-1.8069
6.336	0.201948	1.93106	1.64886	1.99967	-2.73192	-0.00263334	-1.8069
6.354	0.201952	1.93106	1.64886	1.99967	-2.73192	-0.00263505	-1.8069
6.372	0.201954	1.93106	1.64886	1.99965	-2.73192	-0.00263505	-1.8069
6.39	0.201954	1.93107	1.64887	1.99962	-2.73192	-0.00263505	-1.8069
6.408	0.201954	1.93107	1.64887	1.99962	-2.73192	-0.00263505	-1.8069
6.426	0.201954	1.93107	1.64887	1.99962	-2.73192	-0.00263505	-1.8069
6.444	0.201955	1.93107	1.64887	1.99962	-2.73192	-0.00263505	-1.8069
6.462	0.201956	1.93107	1.64887	1.99962	-2.73192	-0.00263334	-1.8069
6.48	0.201956	1.93107	1.64887	1.99962	-2.73192	-0.00263334	-1.8069
6.498	0.201956	1.93106	1.64887	1.99962	-2.73192	-0.00263505	-1.8069
6.516	0.201956	1.93106	1.64887	1.9996	-2.73192	-0.00263505	-1.8069
6.534	0.201957	1.93106	1.64886	1.9996	-2.73192	-0.00263334	-1.8069
6.552	0.201957	1.93106	1.64886	1.99961	-2.73192	-0.00263334	-1.8069
6.57	0.201959	1.93106	1.64887	1.99961	-2.73192	-0.00263505	-1.8069
6.588	0.201957	1.93106	1.64887	1.99961	-2.73192	-0.00263505	-1.8069
6.606	0.201957	1.93106	1.64886	1.99961	-2.73192	-0.00263334	-1.8069
6.624	0.201957	1.93106	1.64886	1.99961	-2.73192	-0.00263334	-1.8069
6.642	0.201959	1.93106	1.64886	1.99961	-2.73192	-0.00262993	-1.8069
6.66	0.201955	1.93106	1.64887	1.99961	-2.73192	-0.00263162	-1.8069
6.678	0.201927	1.93106	1.64887	1.99961	-2.73192	-0.00262993	-1.8069
6.696	0.201876	1.93106	1.64887	1.99962	-2.73192	-0.00263162	-1.8069
6.714	0.201883	1.93106	1.64886	1.99962	-2.7319	-0.00263334	-1.8069
6.732	0.201895	1.93106	1.64884	1.99962	-2.73181	-0.00263505	-1.8069
6.75	0.201896	1.93106	1.64881	1.99962	-2.73155	-0.00263505	-1.8069
6.768	0.201896	1.93106	1.64881	1.99962	-2.73106	-0.00263505	-1.80689
6.786	0.201896	1.93106	1.64882	1.99962	-2.73028	-0.00263334	-1.80681
6.804	0.201895	1.93105	1.64882	1.99962	-2.72946	-0.00263505	-1.80658
6.822	0.201894	1.93105	1.64882	1.99962	-2.72866	-0.00263674	-1.80622
6.84	0.201892	1.93106	1.64882	1.99962	-2.72755	-0.00264016	-1.80566
6.858	0.201892	1.93106	1.64882	1.99962	-2.72755	-0.00264016	-1.80566
6.876	0.201892	1.93106	1.64882	1.99962	-2.72603	-0.00264356	-1.80448
6.894	0.201887	1.93106	1.64883	1.99962	-2.72396	-0.00264697	-1.80258
6.912	0.201877	1.93106	1.64883	1.99962	-2.72145	-0.00265037	-1.80006
6.93	0.201845	1.93106	1.64883	1.99957	-2.71858	-0.00265208	-1.79698
6.948	0.201755	1.93105	1.64883	1.99944	-2.71542	-0.00265037	-1.79332
6.966	0.20164	1.93105	1.64883	1.99931	-2.71216	-0.00265037	-1.78895
6.984	0.20156	1.93105	1.64882	1.9992	-2.70914	-0.00264697	-1.78384
7.002	0.201532	1.93105	1.64883	1.99912	-2.70661	-0.00264697	-1.77799
7.02	0.201514	1.93106	1.64883	1.99905	-2.70459	-0.00264527	-1.77179
7.038	0.201502	1.93106	1.64884	1.999	-2.70338	-0.00264527	-1.76545
7.056	0.201492	1.93106	1.64884	1.99896	-2.70282	-0.00264527	-1.75873
7.074	0.201492	1.93106	1.64884	1.99896	-2.70282	-0.00264527	-1.75873
7.092	0.201483	1.93106	1.64884	1.99895	-2.70278	-0.00264527	-1.7519
7.11	0.201481	1.93106	1.64884	1.99891	-2.70278	-0.00264697	-1.74513
7.128	0.201459	1.93106	1.64885	1.99885	-2.70278	-0.00264527	-1.7381
7.146	0.201412	1.93106	1.64885	1.99881	-2.70278	-0.00264527	-1.73098
7.164	0.20138	1.93106	1.64885	1.99876	-2.70278	-0.00264527	-1.72366
7.182	0.201368	1.93106	1.64885	1.99873	-2.70278	-0.00264527	-1.71597
7.2	0.201363	1.93106	1.64885	1.9987	-2.70278	-0.00264527	-1.70814
7.218	0.201352	1.93106	1.64885	1.99862	-2.70278	-0.00264356	-1.69993
7.236	0.201326	1.93105	1.64885	1.99858	-2.70278	-0.00264185	-1.69136
7.254	0.201318	1.93105	1.64885	1.99854	-2.70278	-0.00264185	-1.68241
7.272	0.201316	1.93105	1.64885	1.9985	-2.70278	-0.00264185	-1.67317
7.29	0.201316	1.93105	1.64885	1.9985	-2.70278	-0.00264185	-1.67317
7.308	0.201298	1.93105	1.64885	1.99844	-2.70278	-0.00264185	-1.66397
7.326	0.201257	1.93105	1.64885	1.99835	-2.70278	-0.00264016	-1.65448
7.344	0.201215	1.93105	1.64884	1.9983	-2.70278	-0.00263845	-1.64487
7.362	0.201204	1.93103	1.64884	1.99826	-2.70278	-0.00263845	-1.635
7.38	0.201189	1.93101	1.64884	1.99819	-2.70278	-0.00263845	-1.62518
7.398	0.20116	1.93098	1.64884	1.99811	-2.70278	-0.00263845	-1.61519
7.416	0.201125	1.93093	1.64882	1.99807	-2.70278	-0.00263845	-1.60525
7.434	0.201092	1.93084	1.64882	1.99803	-2.70278	-0.00263845	-1.59512
7.452	0.201037	1.93073	1.64882	1.99799	-2.70278	-0.00264016	-1.58491
7.47	0.200969	1.9306	1.64883	1.99791	-2.70277	-0.00264016	-1.57421
7.488	0.200902	1.93043	1.64883	1.99785	-2.7027	-0.00264016	-1.56321
7.506	0.200902	1.93043	1.64883	1.99785	-2.7027	-0.00264016	-1.56321
7.524	0.200843	1.9302	1.64883	1.99782	-2.70239	-0.00264185	-1.55197
7.542	0.200794	1.92991	1.64883	1.99777	-2.70183	-0.00264016	-1.54054
7.56	0.200755	1.92956	1.64883	1.99772	-2.70104	-0.00264185	-1.52918
7.578	0.200707	1.92911	1.64884	1.99765	-2.69968	-0.00264016	-1.5177
7.596	0.200646	1.92858	1.64884	1.99759	-2.69763	-0.00263845	-1.50642
7.614	0.200579	1.92797	1.64885	1.99754	-2.69508	-0.00263674	-1.49531
7.632	0.200513	1.92733	1.64889	1.99745	-2.69194	-0.00263334	-1.48451
7.65	0.200409	1.92664	1.64891	1.99735	-2.68837	-0.00262822	-1.47398
7.668	0.200276	1.92589	1.64891	1.99724	-2.68446	-0.00262482	-1.46361
7.686	0.200155	1.92506	1.64896	1.99717	-2.68058	-0.0026214	-1.45353
7.704	0.200036	1.92417	1.64902	1.99709	-2.6769	-0.0026214	-1.44356
7.722	0.200036	1.92417	1.64902	1.99709	-2.6769	-0.0026214	-1.44356
7.74	0.199916	1.92325	1.64908	1.99697	-2.67331	-0.00261799	-1.43387
7.758	0.199828	1.92227	1.64912	1.99686	-2.66977	-0.00260948	-1.42419
7.776	0.199754	1.92127	1.64917	1.9968	-2.66608	-0.00255322	-1.41451
7.794	0.199639	1.92019	1.64924	1.99674	-2.66226	-0.00245948	-1.40444
7.812	0.199534	1.91908	1.6493	1.99665	-2.65813	-0.00235722	-1.39413
7.83	0.199419	1.91791	1.64936	1.99654	-2.65375	-0.00228563	-1.38316
7.848	0.199316	1.91677	1.64943	1.99637	-2.64928	-0.00204361	-1.37158
7.866	0.199175	1.91558	1.64947	1.99612	-2.64471	-0.00167033	-1.35871
7.884	0.19904	1.91444	1.64948	1.99586	-2.64	-0.00125274	-1.34447
7.902	0.198907	1.91328	1.64948	1.99559	-2.6352	-0.000804492	-1.32872
7.92	0.198796	1.9122	1.64948	1.99525	-2.63042	-0.000376677	-1.31155
7.938	0.198796	1.9122	1.64948	1.99525	-2.63042	-0.000376677	-1.31155
7.956	0.198684	1.91116	1.64947	1.99489	-2.6257	0.000255638	-1.29309
7.974	0.198631	1.91023	1.64946	1.99444	-2.62143	0.000935706	-1.27377
7.992	0.198592	1.90935	1.64944	1.99414	-2.61816	0.00132943	-1.25438
8.01	0.198583	1.90863	1.64944	1.99398	-2.61623	0.00148624	-1.23562
8.028	0.198574	1.90803	1.64944	1.99399	-2.61578	0.0015118	-1.21762
8.046	0.198561	1.9076	1.64945	1.994	-2.61579	0.00151009	-1.20037
8.064	0.19853	1.90732	1.64946	1.994	-2.61579	0.00150669	-1.18389
8.082	0.19853	1.90724	1.64946	1.994	-2.61579	0.00149987	-1.16828
8.1	0.19853	1.90725	1.64946	1.99399	-2.61579	0.00149646	-1.15362
8.118	0.198532	1.90725	1.64947	1.99398	-2.61577	0.00149135	-1.13988
8.136	0.19853	1.90724	1.64947	1.99393	-2.61564	0.00148112	-1.12703
8.154	0.19853	1.90724	1.64947	1.99381	-2.61522	0.00148283	-1.1152
8.172	0.19853	1.90724	1.64947	1.99381	-2.61522	0.00148283	-1.1152
8.19	0.198529	1.90724	1.64946	1.99371	-2.61437	0.00148283	-1.1043
8.208	0.198515	1.90724	1.64946	1.9937	-2.61301	0.00148283	-1.09427
8.226	0.198506	1.90724	1.64946	1.99368	-2.61113	0.00148283	-1.08519
8.244	0.1985	1.90724	1.64946	1.99365	-2.60886	0.00148112	-1.07703
8.262	0.198498	1.90724	1.64946	1.99354	-2.60619	0.00148452	-1.06972
8.28	0.198492	1.90724	1.64945	1.99345	-2.60312	0.00148452	-1.06343
8.298	0.19847	1.90724	1.64945	1.99341	-2.59987	0.00148452	-1.05791
8.316	0.198443	1.90724	1.64945	1.99338	-2.59643	0.00148452	-1.05315
8.334	0.198411	1.90724	1.64945	1.99338	-2.59308	0.00148452	-1.04947
8.352	0.198369	1.90724	1.64945	1.99339	-2.58995	0.00148452	-1.04698
8.37	0.198318	1.90725	1.64945	1.99339	-2.58747	0.00148283	-1.04545
8.388	0.198318	1.90725	1.64945	1.99339	-2.58747	0.00148283	-1.04545
8.406	0.198278	1.90725	1.64945	1.99339	-2.58552	0.00148283	-1.04486
8.424	0.198272	1.90725	1.64945	1.99339	-2.58449	0.00148112	-1.04486
8.442	0.198272	1.90725	1.64945	1.99339	-2.58419	0.00148112	-1.04486
8.46	0.198269	1.90725	1.64945	1.99337	-2.5842	0.00147601	-1.04486
8.478	0.198238	1.90725	1.64945	1.99336	-2.5842	0.00147431	-1.04486
8.496	0.198167	1.90725	1.64945	1.99336	-2.5842	0.00146578	-1.04486
8.514	0.198144	1.90725	1.64944	1.99337	-2.5842	0.00146238	-1.04486
8.532	0.198144	1.90725	1.64944	1.99338	-2.5842	0.00146067	-1.04486
8.55	0.198146	1.90725	1.64944	1.99338	-2.5842	0.00144703	-1.04486
8.568	0.198147	1.90725	1.64944	1.99337	-2.58419	0.00144021	-1.04484
8.586	0.198143	1.90725	1.64944	1.99335	-2.58417	0.00144021	-1.04466
8.604	0.198143	1.90725	1.64944	1.99335	-2.58417	0.00144021	-1.04466
8.622	0.19808	1.90725	1.6494	1.99334	-2.58411	0.00143852	-1.04392
8.64	0.197955	1.90725	1.64933	1.99322	-2.58401	0.00143852	-1.0417
8.658	0.197807	1.90724	1.64928	1.99305	-2.58377	0.00144192	-1.03737
8.676	0.197684	1.90724	1.64926	1.99293	-2.58332	0.00144192	-1.03085
8.694	0.19762	1.90724	1.64927	1.99284	-2.58264	0.00144192	-1.02283
8.712	0.197619	1.90724	1.64927	1.99278	-2.58191	0.00144021	-1.01249
8.73	0.197628	1.90724	1.64926	1.99274	-2.58109	0.00144021	-1.00022
8.748	0.197629	1.90724	1.64923	1.9927	-2.58	0.00144021	-0.985886
8.766	0.197629	1.90724	1.6492	1.99258	-2.57885	0.00144363	-0.969924
8.784	0.197619	1.90724	1.64919	1.99241	-2.57807	0.00144532	-0.952615
8.802	0.197573	1.90724	1.64916	1.99224	-2.57762	0.00144703	-0.93402
8.82	0.197573	1.90724	1.64916	1.99224	-2.57762	0.00144703	-0.93402
8.838	0.197515	1.90724	1.6491	1.9921	-2.57753	0.00144875	-0.914588
8.856	0.197427	1.90724	1.64906	1.99198	-2.57754	0.00144875	-0.894529
8.874	0.197263	1.90725	1.64908	1.99165	-2.57755	0.00145215	-0.874076
8.892	0.197106	1.90725	1.64908	1.99142	-2.57755	0.00145215	-0.853469
8.91	0.196999	1.90724	1.64906	1.9913	-2.57755	0.00145215	-0.832829
8.928	0.196839	1.90725	1.64905	1.99119	-2.57756	0.00145215	-0.81227
8.946	0.196742	1.90725	1.64893	1.99118	-2.57756	0.00145386	-0.791967
8.964	0.196677	1.90724	1.64884	1.99119	-2.57756	0.00145215	-0.772011
8.982	0.196673	1.90724	1.64877	1.99115	-2.57756	0.00145044	-0.752547
9	0.196674	1.90724	1.64874	1.99102	-2.57756	0.00145386	-0.733534
9.018	0.196656	1.90724	1.64867	1.991	-2.57756	0.00145215	-0.71497
9.036	0.196656	1.90724	1.64867	1.991	-2.57756	0.00145215	-0.71497
9.054	0.196636	1.90724	1.64861	1.991	-2.57756	0.00145386	-0.696719
9.072	0.196595	1.90724	1.64851	1.991	-2.57756	0.00145044	-0.678744
9.09	0.196531	1.90724	1.64838	1.991	-2.57756	0.00145215	-0.660895
9.108	0.196485	1.90724	1.64832	1.99095	-2.57756	0.00145215	-0.643171
9.126	0.196415	1.90724	1.64832	1.99087	-2.57756	0.00145215	-0.625613
9.144	0.196349	1.90724	1.64827	1.99084	-2.57756	0.00145044	-0.608222
9.162	0.196291	1.90724	1.64821	1.9908	-2.57756	0.00145044	-0.590969
9.18	0.196265	1.90724	1.64815	1.99078	-2.57756	0.00145215	-0.57385
9.198	0.196246	1.90724	1.64813	1.99078	-2.57756	0.00145044	-0.556905
9.216	0.196234	1.90724	1.64809	1.99078	-2.57756	0.00145044	-0.540103
9.234	0.196183	1.90724	1.64805	1.99073	-2.57756	0.00145044	-0.523563
9.252	0.196183	1.90724	1.64805	1.99073	-2.57756	0.00145044	-0.523563
9.27	0.196091	1.90724	1.648	1.99066	-2.57755	0.00145044	-0.507255
9.288	0.196	1.90724	1.64794	1.99064	-2.57755	0.00145215	-0.491198
9.306	0.19594	1.90724	1.64792	1.9906	-2.57754	0.00145044	-0.475374
9.324	0.195884	1.90724	1.64789	1.99058	-2.57747	0.00145044	-0.459521
9.342	0.195855	1.90724	1.64783	1.99056	-2.57718	0.00145044	-0.443533
9.36	0.195846	1.90724	1.6478	1.99056	-2.5765	0.00145044	-0.427367
9.378	0.195827	1.90724	1.64774	1.99056	-2.57531	0.00144875	-0.410972
9.396	0.19579	1.90723	1.6477	1.99056	-2.57355	0.00145044	-0.394221
9.414	0.195721	1.90723	1.64767	1.99053	-2.57118	0.00144875	-0.377064
9.432	0.195678	1.90723	1.64755	1.99049	-2.56839	0.00145215	-0.35972
9.45	0.195599	1.90724	1.64754	1.99045	-2.5654	0.00145386	-0.342594
9.468	0.195544	1.90724	1.64753	1.99036	-2.56277	0.00145386	-0.32601
9.486	0.195544	1.90724	1.64753	1.99036	-2.56277	0.00145386	-0.32601
9.504	0.195506	1.90724	1.64746	1.9903	-2.56082	0.00145386	-0.31028
9.522	0.195453	1.90724	1.64743	1.99027	-2.55995	0.00145555	-0.295663
9.54	0.195373	1.90724	1.64743	1.99023	-2.55996	0.00145555	-0.282344
9.558	0.19532	1.90724	1.64743	1.99021	-2.55997	0.00145726	-0.27034
9.576	0.195226	1.90725	1.64744	1.9902	-2.55998	0.00145555	-0.259827
9.594	0.195156	1.90726	1.64744	1.99018	-2.55998	0.00145555	-0.250733
9.612	0.195116	1.90726	1.64744	1.99017	-2.55998	0.00145555	-0.243078
9.63	0.195118	1.90726	1.64744	1.99018	-2.55998	0.00145386	-0.236744
9.648	0.195118	1.90726	1.64743	1.99018	-2.55998	0.00145386	-0.231914
9.666	0.195118	1.90726	1.64743	1.99018	-2.55998	0.00145386	-0.228623
9.684	0.195117	1.90726	1.64743	1.99018	-2.55998	0.00145386	-0.226908
9.702	0.195117	1.90726	1.64743	1.99018	-2.55998	0.00145386	-0.226908
9.72	0.195117	1.90726	1.64743	1.99017	-2.55998	0.00145386	-0.226499
9.738	0.195117	1.90726	1.64743	1.99012	-2.55998	0.00145386	-0.226508
9.756	0.195108	1.90726	1.64743	1.99011	-2.55998	0.00145386	-0.226508
9.774	0.195104	1.90726	1.64743	1.99011	-2.55998	0.00145386	-0.226506
9.792	0.195104	1.90726	1.64737	1.99012	-2.55998	0.00145555	-0.226506
9.81	0.195104	1.90726	1.6473	1.99012	-2.55998	0.00145726	-0.226506
9.828	0.195078	1.90726	1.6473	1.99012	-2.55998	0.00145726	-0.226506
9.846	0.194988	1.90726	1.6473	1.9901	-2.55998	0.00145555	-0.226504
9.864	0.194863	1.90726	1.6473	1.99	-2.55998	0.00145555	-0.226499
9.882	0.194799	1.90726	1.64729	1.98997	-2.55998	0.00145555	-0.226496
9.9	0.194799	1.90726	1.64729	1.98997	-2.55998	0.00145555	-0.226496
9.918	0.194799	1.90726	1.64729	1.98997	-2.55998	0.00145555	-0.226496
9.936	0.194799	1.90726	1.64729	1.98995	-2.55998	0.00145555	-0.226492
9.954	0.194799	1.90726	1.64729	1.98993	-2.55998	0.00145555	-0.226422
9.972	0.194799	1.90726	1.64729	1.98993	-2.55998	0.00145555	-0.225856
9.99	0.194799	1.90725	1.64726	1.98993	-2.55998	0.00145726	-0.224614
10.008	0.194799	1.90725	1.64722	1.98993	-2.55998	0.00145726	-0.22189
10.026	0.194792	1.90725	1.64723	1.98991	-2.55998	0.00145897	-0.216762
10.044	0.194764	1.90725	1.64722	1.98987	-2.55998	0.00146067	-0.209533
10.062	0.194752	1.90725	1.64718	1.98986	-2.55997	0.00146238	-0.200602
10.08	0.194752	1.90725	1.64716	1.98986	-2.55997	0.00146238	-0.189581
10.098	0.194752	1.90725	1.64714	1.98986	-2.55997	0.00146067	-0.177067
10.116	0.194735	1.90725	1.6471	1.98984	-2.55997	0.00146067	-0.163091
10.134	0.194735	1.90725	1.6471	1.98984	-2.55997	0.00146067	-0.163091
10.152	0.194694	1.90725	1.64704	1.98982	-2.55997	0.00146238	-0.148184
10.17	0.194521	1.90726	1.64691	1.98971	-2.55997	0.00146409	-0.132667
10.188	0.194327	1.90725	1.64683	1.98956	-2.55998	0.00147089	-0.116939
10.206	0.194129	1.90725	1.64675	1.98947	-2.55998	0.00149135	-0.101475
10.224	0.193887	1.90727	1.64675	1.98933	-2.55998	0.00148795	-0.0864313
10.242	0.193726	1.90726	1.64666	1.98922	-2.55998	0.00149135	-0.0716812
10.26	0.193638	1.90726	1.64655	1.98922	-2.55998	0.00148964	-0.0573385
10.278	0.193634	1.90726	1.64651	1.98921	-2.55998	0.00148964	-0.043577
10.296	0.193636	1.90726	1.64649	1.98921	-2.55998	0.00148795	-0.0302637
10.314	0.193636	1.90726	1.64639	1.98921	-2.55998	0.00148964	-0.0171755
10.332	0.193634	1.90726	1.64632	1.98921	-2.55998	0.00149135	-0.00456613
10.35	0.193634	1.90726	1.64632	1.98921	-2.55998	0.00149135	-0.00456613
10.368	0.193614	1.90726	1.6463	1.98922	-2.55998	0.00149135	0.00772615
10.386	0.193582	1.90726	1.6463	1.98922	-2.55998	0.00148964	0.0196196
10.404	0.193541	1.90726	1.64627	1.98922	-2.55998	0.00148964	0.0312148
10.422	0.193466	1.90726	1.64617	1.98922	-2.55998	0.00148964	0.0434798
10.44	0.193445	1.90726	1.64611	1.98922	-2.55998	0.00148795	0.0562494
10.458	0.193425	1.90727	1.64602	1.98921	-2.55997	0.00148795	0.070408
10.476	0.193394	1.90726	1.6459	1.9892	-2.55997	0.00149306	0.0865506
10.494	0.193367	1.90726	1.64588	1.9892	-2.55997	0.00149306	0.103985
10.512	0.193348	1.90727	1.64586	1.9892	-2.55997	0.00148795	0.122105
10.53	0.193322	1.90727	1.64576	1.98918	-2.55997	0.00148964	0.140715
10.548	0.193265	1.90727	1.64571	1.98916	-2.55998	0.00149135	0.158951
10.566	0.193265	1.90727	1.64571	1.98916	-2.55998	0.00149135	0.158951
10.584	0.193224	1.90727	1.64562	1.98916	-2.55998	0.00149135	0.176
10.602	0.193223	1.90727	1.6456	1.98913	-2.56	0.00149135	0.191523
10.62	0.193214	1.90731	1.6456	1.98904	-2.56009	0.00148964	0.205308
10.638	0.193177	1.90739	1.64561	1.98904	-2.56041	0.00148964	0.21714
10.656	0.193175	1.90749	1.6456	1.98905	-2.56083	0.00149135	0.226429
10.674	0.193174	1.9076	1.6456	1.98911	-2.5611	0.00148795	0.233739
10.692	0.193174	1.9077	1.64556	1.98914	-2.56112	0.00148795	0.238554
10.71	0.193177	1.90782	1.64553	1.98913	-2.56112	0.00148452	0.240717
10.728	0.193178	1.90793	1.64551	1.98913	-2.56112	0.00148624	0.240995
10.746	0.193177	1.90805	1.64551	1.98914	-2.56112	0.00148624	0.240997
10.764	0.193175	1.90816	1.64543	1.98914	-2.56112	0.00148795	0.240999
10.782	0.193177	1.90824	1.64541	1.98913	-2.56112	0.00148452	0.241
10.8	0.193177	1.90824	1.64541	1.98913	-2.56112	0.00148452	0.241
10.818	0.193179	1.90831	1.64542	1.98909	-2.56111	0.00148795	0.241004
10.836	0.193169	1.90843	1.64542	1.9891	-2.5611	0.00148795	0.241005
10.854	0.193111	1.90852	1.64541	1.98916	-2.56107	0.00148795	0.241007
10.872	0.193118	1.90856	1.64529	1.98919	-2.561	0.00148452	0.24101
10.89	0.19312	1.90852	1.64516	1.98918	-2.56088	0.00148795	0.241022
10.908	0.193117	1.90852	1.64518	1.98914	-2.56066	0.00148795	0.24113
10.926	0.193044	1.90853	1.64519	1.98911	-2.56022	0.00148795	0.242004
10.944	0.192963	1.90853	1.64518	1.98902	-2.55954	0.00148624	0.244973
10.962	0.192964	1.90852	1.64517	1.98899	-2.55877	0.00148964	0.251167
10.98	0.192964	1.90853	1.64515	1.98899	-2.55784	0.00148795	0.260143
10.998	0.192961	1.90853	1.64505	1.98899	-2.55681	0.00148795	0.272155
11.016	0.192961	1.90853	1.64505	1.98899	-2.55681	0.00148795	0.272155
11.034	0.192943	1.90853	1.64502	1.98899	-2.556	0.00149135	0.287294
11.052	0.192938	1.90853	1.64501	1.98899	-2.55576	0.00148964	0.304754
11.07	0.192931	1.90853	1.64495	1.98898	-2.55577	0.00148795	0.323721
11.088	0.192883	1.90854	1.64484	1.98893	-2.55577	0.00149135	0.343849
11.106	0.192676	1.90853	1.64471	1.9889	-2.55578	0.00149135	0.364687
11.124	0.192422	1.90853	1.64466	1.98885	-2.55578	0.00148795	0.385769
11.142	0.192218	1.90854	1.64458	1.98875	-2.55579	0.00148964	0.406878
11.16	0.192127	1.90854	1.64446	1.98867	-2.55579	0.00149135	0.428148
11.178	0.192071	1.90854	1.64443	1.98865	-2.55579	0.00149306	0.44946
11.196	0.19205	1.90854	1.64439	1.98866	-2.5558	0.00149817	0.470531
11.214	0.191972	1.90854	1.6443	1.98866	-2.5558	0.00153055	0.491458
11.232	0.191972	1.90854	1.6443	1.98866	-2.5558	0.00153055	0.491458
11.25	0.191861	1.90854	1.64417	1.98866	-2.5558	0.00160895	0.512971
11.268	0.191733	1.90854	1.6441	1.98866	-2.5558	0.0016618	0.535945
11.286	0.191636	1.90855	1.64404	1.98866	-2.5558	0.0016618	0.561215
11.304	0.191523	1.90854	1.64392	1.98867	-2.5558	0.00166349	0.589636
11.322	0.191405	1.90854	1.6438	1.9887	-2.5558	0.00171803	0.62162
11.34	0.191299	1.90855	1.64367	1.98871	-2.5558	0.00184417	0.657154
11.358	0.19118	1.90855	1.64353	1.9887	-2.5558	0.00199074	0.695785
11.376	0.191029	1.90855	1.64336	1.98869	-2.5558	0.00204017	0.736297
11.394	0.190854	1.90855	1.64317	1.98864	-2.55582	0.00209131	0.777007
11.412	0.190692	1.90855	1.64304	1.98859	-2.55589	0.00215608	0.816759
11.43	0.190571	1.90855	1.64291	1.98856	-2.55632	0.00223278	0.855191
11.448	0.190571	1.90855	1.64291	1.98856	-2.55632	0.00223278	0.855191
11.466	0.190516	1.90856	1.64284	1.98855	-2.55747	0.00232822	0.892131
11.484	0.190513	1.90856	1.64283	1.98858	-2.55952	0.00245776	0.927494
11.502	0.190513	1.90858	1.64283	1.9886	-2.56194	0.0026282	0.961378
11.52	0.190514	1.90861	1.6428	1.98866	-2.56425	0.00266911	0.993791
11.538	0.190518	1.90863	1.6428	1.98874	-2.56597	0.00266569	1.02469
11.556	0.190519	1.90864	1.64279	1.98876	-2.56665	0.0026674	1.05415
11.574	0.190519	1.90866	1.64279	1.98885	-2.56663	0.002664	1.08206
11.592	0.190518	1.90867	1.64278	1.98895	-2.56662	0.002664	1.1085
11.61	0.190519	1.90868	1.64277	1.98904	-2.56662	0.002664	1.13337
11.628	0.190518	1.90868	1.64274	1.98905	-2.56661	0.002664	1.15665
11.646	0.190518	1.90869	1.64273	1.98905	-2.56661	0.00266569	1.17839
11.664	0.190518	1.90869	1.64273	1.98905	-2.56661	0.00266569	1.17839
11.682	0.190516	1.90869	1.64273	1.98905	-2.56661	0.00266569	1.19853
11.7	0.190501	1.9087	1.64273	1.98909	-2.56661	0.0026674	1.21708
11.718	0.190469	1.9087	1.64271	1.98921	-2.5666	0.002664	1.23405
11.736	0.190439	1.9087	1.64269	1.98923	-2.5666	0.002664	1.24945
11.754	0.190407	1.9087	1.64267	1.98922	-2.5666	0.002664	1.26322
11.772	0.190326	1.9087	1.64267	1.98922	-2.5666	0.00266229	1.27532
11.79	0.190245	1.9087	1.64267	1.98922	-2.5666	0.00266229	1.28581
11.808	0.190185	1.90871	1.64267	1.98922	-2.5666	0.00266229	1.2946
11.826	0.190171	1.90871	1.64265	1.98922	-2.5666	0.002664	1.30174
11.844	0.190173	1.90871	1.64264	1.98922	-2.5666	0.002664	1.30727
11.862	0.190174	1.90871	1.64264	1.98922	-2.5666	0.002664	1.31108
11.88	0.190168	1.90871	1.64264	1.98922	-2.5666	0.00266569	1.31324
11.898	0.190168	1.90871	1.64264	1.98922	-2.5666	0.00266569	1.31324
11.916	0.190124	1.90871	1.64264	1.98922	-2.5666	0.0026674	1.31395
11.934	0.190087	1.90871	1.64258	1.98928	-2.5666	0.0026674	1.31392
11.952	0.190046	1.90871	1.64253	1.98937	-2.5666	0.00266569	1.31392
11.97	0.190026	1.90874	1.64253	1.98936	-2.5666	0.00266058	1.31392
11.988	0.190024	1.90877	1.64252	1.98923	-2.56659	0.00265377	1.31392
12.006	0.190024	1.90879	1.64248	1.9891	-2.56659	0.00265889	1.31392
12.024	0.18999	1.90879	1.64245	1.98912	-2.56658	0.00266058	1.31392
12.042	0.18979	1.90879	1.64236	1.98912	-2.56655	0.00265889	1.31392
12.06	0.189619	1.90878	1.64228	1.98911	-2.56633	0.00265377	1.31392
12.078	0.189604	1.90878	1.64229	1.98906	-2.56582	0.00265377	1.31393
12.096	0.189605	1.90879	1.64229	1.989	-2.56489	0.00265377	1.31393
12.114	0.189605	1.90879	1.64229	1.989	-2.56489	0.00265377	1.31393
12.132	0.189606	1.90879	1.64229	1.989	-2.56339	0.00265377	1.31402
12.15	0.189606	1.90879	1.64229	1.989	-2.56154	0.00265718	1.31468
12.168	0.189606	1.90879	1.64229	1.98901	-2.55934	0.00265889	1.31659
12.186	0.189605	1.90879	1.64228	1.98901	-2.55715	0.00265718	1.32075
12.204	0.189605	1.90879	1.64228	1.989	-2.55513	0.00265889	1.3276
12.222	0.189604	1.90879	1.64227	1.989	-2.55367	0.00265889	1.33676
12.24	0.189573	1.90879	1.64227	1.989	-2.55321	0.00266058	1.3484
12.258	0.189484	1.90879	1.64225	1.989	-2.55322	0.00266229	1.36213
12.276	0.189395	1.90879	1.64225	1.98898	-2.55323	0.00266229	1.37746
12.294	0.189362	1.90879	1.64225	1.98898	-2.55324	0.002664	1.39343
12.312	0.1893	1.9088	1.64225	1.98898	-2.55324	0.00266229	1.40958
12.33	0.1893	1.9088	1.64225	1.98898	-2.55324	0.00266229	1.40958
12.348	0.189228	1.9088	1.64225	1.98898	-2.55324	0.00266229	1.42569
12.366	0.189204	1.9088	1.64224	1.98898	-2.55325	0.002664	1.44142
12.384	0.18915	1.9088	1.64223	1.98898	-2.55325	0.002664	1.45664
12.402	0.189054	1.9088	1.64221	1.98898	-2.55325	0.00266229	1.47123
12.42	0.188986	1.90879	1.64221	1.98893	-2.55325	0.00266229	1.48501
12.438	0.188926	1.9088	1.6422	1.98893	-2.55325	0.00266229	1.49791
12.456	0.188913	1.9088	1.64218	1.98893	-2.55325	0.002664	1.51001
12.474	0.188913	1.9088	1.64217	1.98893	-2.55325	0.002664	1.52132
12.492	0.188911	1.9088	1.64216	1.98893	-2.55325	0.00266569	1.53188
12.51	0.188874	1.90879	1.64213	1.98893	-2.55325	0.00266911	1.54214
12.528	0.188834	1.90879	1.64211	1.98893	-2.55325	0.00268444	1.55241
12.546	0.188834	1.90879	1.64211	1.98893	-2.55325	0.00268444	1.55241
12.564	0.188792	1.90879	1.64209	1.98893	-2.55325	0.0027424	1.56348
12.582	0.188747	1.90879	1.64207	1.98893	-2.55325	0.00284297	1.57552
12.6	0.188714	1.90879	1.64206	1.98893	-2.55325	0.00284466	1.58894
12.618	0.188705	1.90879	1.64206	1.98893	-2.55325	0.00284466	1.60373
12.636	0.188703	1.90879	1.64206	1.98893	-2.55325	0.0028566	1.61969
12.654	0.18868	1.90879	1.64206	1.98893	-2.55325	0.00291114	1.6367
12.672	0.188609	1.90879	1.64206	1.98893	-2.55325	0.00299977	1.65484
12.69	0.188552	1.90879	1.64205	1.98893	-2.55325	0.00300317	1.67409
12.708	0.188489	1.90879	1.64205	1.98893	-2.55325	0.00302534	1.69401
12.726	0.188406	1.90879	1.64205	1.98893	-2.55325	0.00302703	1.71408
12.744	0.18831	1.9088	1.64204	1.98885	-2.55325	0.00303045	1.73416
12.762	0.18831	1.9088	1.64204	1.98885	-2.55325	0.00303045	1.73416
12.78	0.188218	1.90879	1.64204	1.98881	-2.55325	0.00303385	1.75401
12.798	0.188115	1.90879	1.64204	1.9888	-2.55325	0.00302874	1.77332
12.816	0.188012	1.90879	1.64204	1.98873	-2.55325	0.00303045	1.79183
12.834	0.187911	1.90879	1.64204	1.98868	-2.55325	0.00303214	1.80972
12.852	0.187786	1.90879	1.64203	1.98864	-2.55325	0.00303214	1.82694
12.87	0.187661	1.90879	1.64202	1.9886	-2.55325	0.00303045	1.8434
12.888	0.187597	1.90878	1.64195	1.98859	-2.55325	0.00303214	1.85931
12.906	0.187539	1.90878	1.64192	1.98858	-2.55325	0.00303214	1.87484
12.924	0.187529	1.90878	1.64193	1.98858	-2.55322	0.00303385	1.89017
12.942	0.187514	1.90878	1.64193	1.98859	-2.55313	0.00304408	1.90519
12.96	0.187438	1.90877	1.64193	1.98859	-2.5526	0.00306112	1.92008
12.978	0.187351	1.90877	1.64193	1.98859	-2.55146	0.00306112	1.93492
12.996	0.187351	1.90877	1.64193	1.98859	-2.55146	0.00306112	1.93492
13.014	0.187281	1.90876	1.64193	1.98858	-2.54981	0.00306283	1.94947
13.032	0.187201	1.90877	1.64193	1.98858	-2.5477	0.00305602	1.9635
13.05	0.187157	1.90876	1.64193	1.98848	-2.54531	0.00305771	1.97689
13.068	0.187092	1.90876	1.64193	1.98842	-2.54232	0.00310033	1.98958
13.086	0.18699	1.90872	1.6419	1.98837	-2.53843	0.00318385	2.00177
13.104	0.186896	1.90872	1.64188	1.98837	-2.53345	0.00325373	2.01349
13.122	0.186818	1.90872	1.64179	1.98836	-2.52739	0.0032844	2.02441
13.14	0.186733	1.90871	1.64177	1.98824	-2.52025	0.0033969	2.03502
13.158	0.186678	1.90871	1.64167	1.98808	-2.51184	0.00380426	2.04486
13.176	0.186627	1.90871	1.64141	1.98777	-2.50238	0.00471782	2.05386
13.194	0.186627	1.90871	1.64141	1.98777	-2.50238	0.00471782	2.05386
13.212	0.186555	1.90872	1.64098	1.9873	-2.49241	0.0058683	2.06167
13.23	0.186408	1.90872	1.64053	1.98665	-2.48208	0.00738012	2.06848
13.248	0.186243	1.90872	1.63993	1.98584	-2.47123	0.00949361	2.07405
13.266	0.186049	1.90872	1.63907	1.98493	-2.46017	0.0120059	2.07833
13.284	0.18581	1.90873	1.63805	1.9838	-2.44929	0.0148711	2.08146
13.302	0.185503	1.90873	1.63699	1.98259	-2.43829	0.0178606	2.08346
13.32	0.185222	1.90873	1.6358	1.98144	-2.42698	0.0208638	2.0844
13.338	0.184944	1.90873	1.63465	1.98034	-2.4154	0.0239556	2.08448
13.356	0.184723	1.90874	1.63355	1.97931	-2.40371	0.0271566	2.08448
13.374	0.184554	1.90874	1.63239	1.97832	-2.39204	0.0302825	2.08448
13.392	0.184392	1.90874	1.63125	1.97735	-2.37976	0.0334782	2.08448
13.41	0.1842	1.90874	1.62995	1.97648	-2.36654	0.0365837	2.08448
13.428	0.1842	1.90874	1.62995	1.97648	-2.36654	0.0365837	2.08448
13.446	0.184048	1.90874	1.62878	1.97568	-2.35282	0.0394642	2.08448
13.464	0.183883	1.90876	1.62767	1.97498	-2.33885	0.0420157	2.08448
13.482	0.183679	1.90876	1.62677	1.97437	-2.32488	0.0439809	2.08448
13.5	0.183436	1.90876	1.62595	1.97387	-2.31064	0.0456973	2.08448
13.518	0.183189	1.90876	1.62521	1.9736	-2.29663	0.0471205	2.08448
13.536	0.182942	1.90876	1.62455	1.9734	-2.28301	0.0483272	2.08448
13.554	0.182701	1.90876	1.62402	1.9733	-2.2697	0.0489493	2.08448
13.572	0.182578	1.90875	1.62367	1.97329	-2.25639	0.0494163	2.08448
13.59	0.182537	1.90876	1.6234	1.97331	-2.24302	0.0496208	2.08447
13.608	0.182455	1.90876	1.62318	1.97334	-2.2299	0.0497231	2.08448
13.626	0.182237	1.90876	1.62286	1.97343	-2.21683	0.0499072	2.08447
13.644	0.182237	1.90876	1.62286	1.97343	-2.21683	0.0499072	2.08447
13.662	0.182049	1.90875	1.62249	1.97351	-2.2036	0.0501322	2.08447
13.68	0.18186	1.90875	1.62218	1.97355	-2.18991	0.050606	2.08447
13.698	0.181732	1.90875	1.62177	1.97361	-2.17596	0.0509963	2.08447
13.716	0.181639	1.90875	1.62137	1.97365	-2.16182	0.0514735	2.08447
13.734	0.181598	1.90875	1.62091	1.9737	-2.14749	0.0521366	2.08447
13.752	0.18154	1.90876	1.62046	1.97384	-2.13314	0.0526428	2.08447
13.77	0.181474	1.90875	1.62009	1.974	-2.11871	0.0531115	2.08447
13.788	0.181423	1.90875	1.61975	1.97419	-2.10449	0.0533501	2.08447
13.806	0.181342	1.90875	1.61955	1.97439	-2.09053	0.0534745	2.08447
13.824	0.181238	1.90875	1.61942	1.97458	-2.07715	0.0534711	2.08447
13.842	0.181123	1.90876	1.61925	1.97476	-2.06403	0.0534711	2.08447
13.86	0.181123	1.90876	1.61925	1.97476	-2.06403	0.0534711	2.08447
13.878	0.181005	1.90876	1.61905	1.97498	-2.05129	0.0534711	2.08447
13.896	0.18091	1.90876	1.61892	1.9752	-2.03882	0.0534694	2.08447
13.914	0.180881	1.90876	1.61878	1.97547	-2.02635	0.053466	2.08447
13.932	0.180878	1.90876	1.61866	1.97572	-2.01389	0.0534626	2.08447
13.95	0.180878	1.90876	1.61857	1.97597	-2.00084	0.0534592	2.08447
13.968	0.180878	1.90876	1.61846	1.97632	-1.98731	0.0534456	2.08447
13.986	0.18087	1.90876	1.61837	1.97661	-1.97329	0.0534404	2.08447
14.004	0.18084	1.90876	1.61823	1.97694	-1.95869	0.0534302	2.08447
14.022	0.180794	1.90876	1.61809	1.9772	-1.94334	0.0534285	2.08447
14.04	0.180727	1.90876	1.61794	1.97749	-1.92732	0.0534285	2.08447
14.058	0.180639	1.90876	1.61779	1.97776	-1.91115	0.0534302	2.08447
14.076	0.180639	1.90876	1.61779	1.97776	-1.91115	0.0534302	2.08447
14.094	0.180532	1.90876	1.61764	1.97802	-1.89485	0.0534285	2.08447
14.112	0.180447	1.90876	1.61753	1.97833	-1.87829	0.0534285	2.08447
14.13	0.180385	1.90876	1.61742	1.97865	-1.8616	0.0534285	2.08447
14.148	0.180335	1.90876	1.6173	1.97893	-1.84511	0.0534285	2.08447
14.166	0.180267	1.90876	1.6172	1.97921	-1.82879	0.0534302	2.08447
14.184	0.1802	1.90876	1.6171	1.97952	-1.81243	0.0534285	2.08447
14.202	0.180115	1.90876	1.617	1.97983	-1.79644	0.0534302	2.08447
14.22	0.180018	1.90876	1.61693	1.98008	-1.78104	0.0534302	2.08447
14.238	0.179917	1.90876	1.61685	1.98035	-1.7663	0.0534302	2.08447
14.256	0.179841	1.90876	1.61678	1.98064	-1.75181	0.0534302	2.08447
14.274	0.179811	1.90876	1.61671	1.98096	-1.73793	0.0534302	2.08446
14.292	0.179809	1.90876	1.61668	1.98124	-1.72484	0.0534302	2.08447
14.31	0.179809	1.90876	1.61668	1.98124	-1.72484	0.0534302	2.08447
14.328	0.179811	1.90876	1.61664	1.98151	-1.71243	0.0534302	2.08447
14.346	0.179811	1.90876	1.61663	1.98182	-1.70044	0.0534285	2.08447
14.364	0.179811	1.90877	1.61663	1.98208	-1.68839	0.0534268	2.08447
14.382	0.179804	1.90878	1.61663	1.98239	-1.67654	0.05342	2.08447
14.4	0.179802	1.90878	1.61662	1.98266	-1.66482	0.0534183	2.08447
14.418	0.179803	1.90878	1.61662	1.98295	-1.65299	0.0534166	2.08447
14.436	0.179803	1.90878	1.61662	1.98326	-1.64104	0.0534115	2.08447
14.454	0.179798	1.90878	1.61662	1.98349	-1.62857	0.0534081	2.08447
14.472	0.179765	1.90878	1.61662	1.98378	-1.61599	0.0534098	2.08447
14.49	0.179744	1.90878	1.61662	1.98406	-1.60372	0.0534098	2.08447
14.508	0.179744	1.90878	1.61662	1.98435	-1.59186	0.0534132	2.08447
14.526	0.179744	1.90878	1.61662	1.98435	-1.59186	0.0534132	2.08447
14.544	0.179744	1.90878	1.61662	1.98461	-1.58094	0.0534149	2.08447
14.562	0.179744	1.90878	1.61662	1.98478	-1.57097	0.0534166	2.08447
14.58	0.179744	1.90879	1.61663	1.98498	-1.56221	0.05342	2.08447
14.598	0.179744	1.90879	1.61663	1.9852	-1.55538	0.0534217	2.08447
14.616	0.179745	1.90879	1.61663	1.98541	-1.55086	0.0534234	2.08447
14.634	0.179749	1.90879	1.61663	1.98556	-1.54841	0.0534234	2.08447
14.652	0.179777	1.90879	1.61663	1.98563	-1.54802	0.0534234	2.08447
14.67	0.179836	1.90878	1.61663	1.98563	-1.54811	0.0534268	2.08447
14.688	0.179864	1.90878	1.61663	1.98566	-1.54813	0.0534302	2.08447
14.706	0.179935	1.90878	1.61663	1.98581	-1.54813	0.0534302	2.08447
14.724	0.180112	1.90878	1.61664	1.986	-1.54813	0.0534217	2.08447
14.742	0.180112	1.90878	1.61664	1.986	-1.54813	0.0534217	2.08447
14.76	0.180301	1.90878	1.61668	1.98615	-1.54813	0.0534251	2.08447
14.778	0.180409	1.90877	1.61668	1.9862	-1.54813	0.0534268	2.08447
14.796	0.18053	1.90877	1.61668	1.98631	-1.54813	0.0534268	2.08447
14.814	0.180645	1.90878	1.61668	1.98645	-1.54813	0.0534285	2.08447
14.832	0.18074	1.90878	1.61672	1.98656	-1.54814	0.0534268	2.08447
14.85	0.18082	1.90878	1.61672	1.98672	-1.54814	0.0534302	2.08447
14.868	0.181002	1.90878	1.61673	1.98683	-1.54814	0.0534285	2.08447
14.886	0.181158	1.90878	1.61676	1.987	-1.54814	0.0534285	2.08447
14.904	0.181277	1.90878	1.61679	1.98707	-1.54814	0.0534268	2.08447
14.922	0.181392	1.9088	1.61679	1.98722	-1.54814	0.0534285	2.08447
14.94	0.181493	1.90879	1.61682	1.98737	-1.54815	0.0534251	2.08447
14.958	0.181493	1.90879	1.61682	1.98737	-1.54815	0.0534251	2.08447
14.976	0.181577	1.90879	1.61682	1.98741	-1.54815	0.0534268	2.08447
14.994	0.18161	1.9088	1.61683	1.9874	-1.54815	0.0534234	2.08447
15.012	0.181645	1.9088	1.61684	1.9874	-1.54815	0.0534234	2.08447
15.03	0.181674	1.90882	1.61687	1.9874	-1.54815	0.0534234	2.08447
15.048	0.181677	1.90881	1.61686	1.9874	-1.54816	0.0534251	2.08447
15.066	0.181681	1.90881	1.61686	1.98741	-1.54816	0.0534251	2.08447
15.084	0.181737	1.90881	1.61686	1.98741	-1.54816	0.0534251	2.08447
15.102	0.181766	1.90881	1.61687	1.98743	-1.54816	0.0534268	2.08447
15.12	0.181764	1.90881	1.61687	1.98747	-1.54816	0.0534251	2.08447
15.138	0.181761	1.90881	1.61687	1.98748	-1.54817	0.0534268	2.08447
15.156	0.18178	1.90881	1.61687	1.98748	-1.54817	0.0534268	2.08447
15.174	0.18178	1.90881	1.61687	1.98748	-1.54817	0.0534268	2.08447
15.192	0.181814	1.90881	1.61687	1.98748	-1.54817	0.0534268	2.08447
15.21	0.181816	1.90881	1.61687	1.98748	-1.54817	0.0534251	2.08447
15.228	0.181806	1.90881	1.61687	1.98748	-1.54817	0.0534251	2.08447
15.246	0.181805	1.90881	1.61687	1.98748	-1.54817	0.0534251	2.08447
15.264	0.181803	1.90881	1.61687	1.98748	-1.54817	0.0534251	2.08447
15.282	0.181805	1.90881	1.61687	1.98748	-1.54817	0.0534251	2.08447
15.3	0.181805	1.90881	1.61687	1.98748	-1.54817	0.0534234	2.08447
15.318	0.181807	1.90884	1.61687	1.98748	-1.54817	0.0534217	2.08447
15.336	0.181807	1.90889	1.61687	1.98748	-1.54817	0.0534234	2.08447
15.354	0.181805	1.9089	1.61687	1.98748	-1.54817	0.0534251	2.08447
15.372	0.181807	1.90892	1.61687	1.98756	-1.54817	0.05342	2.08447
15.39	0.181807	1.90892	1.61687	1.98756	-1.54817	0.05342	2.08447
15.408	0.181939	1.90922	1.61692	1.98763	-1.54817	0.0534012	2.08447
15.426	0.182094	1.90984	1.61692	1.98763	-1.54817	0.0533825	2.08447
15.444	0.18214	1.91065	1.61691	1.98762	-1.54817	0.0533348	2.08447
15.462	0.182137	1.9116	1.6169	1.98762	-1.54817	0.053178	2.08447
15.48	0.182137	1.91237	1.61683	1.98762	-1.54817	0.0530399	2.08447
15.498	0.182136	1.91291	1.61675	1.98761	-1.54817	0.0530126	2.08447
15.516	0.182135	1.91317	1.61672	1.9875	-1.54817	0.0529973	2.08447
15.534	0.182133	1.91325	1.61671	1.98737	-1.54817	0.0529598	2.08447
15.552	0.182133	1.91325	1.61671	1.98737	-1.54817	0.0529393	2.08447
15.57	0.182133	1.91325	1.61671	1.98738	-1.54817	0.0529342	2.08447
15.588	0.182137	1.91327	1.61671	1.9874	-1.54817	0.0528746	2.08447
15.606	0.182213	1.91345	1.61672	1.98741	-1.54817	0.0526666	2.08447
15.624	0.182213	1.91345	1.61672	1.98741	-1.54817	0.0526666	2.08447
15.642	0.182276	1.91386	1.61672	1.98741	-1.54817	0.0526138	2.08447
15.66	0.182276	1.91428	1.61671	1.98741	-1.54817	0.0526121	2.08447
15.678	0.182276	1.91451	1.61666	1.98741	-1.54817	0.0526036	2.08447
15.696	0.182276	1.9146	1.61663	1.98741	-1.54817	0.0526019	2.08447
15.714	0.182275	1.91462	1.61663	1.98737	-1.54817	0.0525985	2.08447
15.732	0.182262	1.91465	1.61663	1.98727	-1.54817	0.0525814	2.08447
15.75	0.182201	1.91466	1.61662	1.98726	-1.54817	0.052549	2.08447
15.768	0.182091	1.91466	1.61659	1.98726	-1.54817	0.0525507	2.08447
15.786	0.181888	1.91466	1.61655	1.98724	-1.54816	0.0525507	2.08447
15.804	0.181659	1.91465	1.61651	1.98705	-1.54813	0.0525507	2.08447
15.822	0.181499	1.91465	1.61646	1.98691	-1.54794	0.0525524	2.08447
15.84	0.181499	1.91465	1.61646	1.98691	-1.54794	0.0525524	2.08447
15.858	0.181451	1.91465	1.61645	1.98682	-1.54731	0.0525524	2.08447
15.876	0.181423	1.91465	1.61645	1.9868	-1.54602	0.0525524	2.08447
15.894	0.181388	1.91465	1.61645	1.98683	-1.54401	0.0525524	2.08447
15.912	0.18138	1.91463	1.61644	1.98687	-1.54076	0.0525541	2.08447
15.93	0.181375	1.9146	1.61644	1.98695	-1.53613	0.0525576	2.08447
15.948	0.181337	1.91456	1.61644	1.98705	-1.53031	0.0525593	2.08447
15.966	0.181245	1.91451	1.61644	1.98715	-1.52345	0.052561	2.08447
15.984	0.181155	1.91448	1.61645	1.98729	-1.51568	0.0525644	2.08447
16.002	0.181083	1.91447	1.61645	1.98741	-1.507	0.0525695	2.08447
16.02	0.180983	1.91447	1.61645	1.98758	-1.49764	0.0525695	2.08447
16.038	0.1809	1.91447	1.61645	1.98774	-1.48765	0.0525712	2.08447
16.056	0.1809	1.91447	1.61645	1.98774	-1.48765	0.0525712	2.08447
16.074	0.180859	1.91447	1.61646	1.98795	-1.4766	0.052578	2.08447
16.092	0.180859	1.91447	1.61646	1.98829	-1.4646	0.0525899	2.08447
16.11	0.180863	1.91448	1.61647	1.98862	-1.45216	0.0526189	2.08447
16.128	0.180863	1.91447	1.61651	1.9889	-1.43914	0.0526513	2.08447
16.146	0.180847	1.91448	1.61656	1.98923	-1.42577	0.0526564	2.08447
16.164	0.180786	1.91447	1.61662	1.98943	-1.41227	0.0526769	2.08447
16.182	0.18065	1.91447	1.61669	1.98969	-1.39869	0.0526803	2.08447
16.2	0.180471	1.91447	1.61675	1.98997	-1.38492	0.0526837	2.08447
16.218	0.180301	1.91448	1.61682	1.99018	-1.37099	0.0526854	2.08447
16.236	0.180239	1.91448	1.61689	1.99045	-1.35725	0.0526854	2.08447
16.254	0.180225	1.91448	1.61703	1.99067	-1.34342	0.0526854	2.08447
16.272	0.180225	1.91448	1.61703	1.99067	-1.34342	0.0526854	2.08447
16.29	0.180211	1.91448	1.61712	1.99095	-1.32953	0.0526854	2.08447
16.308	0.180149	1.91448	1.61719	1.99126	-1.31513	0.0526888	2.08447
16.326	0.180027	1.91447	1.61729	1.99158	-1.30014	0.0526922	2.08447
16.344	0.179935	1.91447	1.61746	1.99184	-1.28479	0.0526922	2.08447
16.362	0.179868	1.91448	1.61765	1.99209	-1.2692	0.0526871	2.08447
16.38	0.179768	1.91448	1.61781	1.99234	-1.25315	0.0526871	2.08447
16.398	0.179666	1.91448	1.61793	1.99265	-1.23667	0.0526871	2.08447
16.416	0.179604	1.91448	1.61803	1.99299	-1.21966	0.0526905	2.08446
16.434	0.179545	1.91448	1.61817	1.99332	-1.20214	0.0526939	2.08447
16.452	0.179454	1.91448	1.61837	1.99362	-1.18408	0.0526939	2.08447
16.47	0.179364	1.91448	1.61859	1.9939	-1.16593	0.0526922	2.08447
16.488	0.179301	1.91448	1.61881	1.99418	-1.14797	0.0526888	2.08447
16.506	0.179301	1.91448	1.61881	1.99418	-1.14797	0.0526888	2.08447
16.524	0.179246	1.91448	1.61906	1.99448	-1.13032	0.0526905	2.08447
16.542	0.179208	1.91448	1.61927	1.99483	-1.11298	0.0526888	2.08447
16.56	0.179203	1.91448	1.61952	1.99519	-1.09608	0.0526888	2.08447
16.578	0.1792	1.91448	1.61975	1.99551	-1.07951	0.0526888	2.08447
16.596	0.179192	1.91448	1.61999	1.9958	-1.06305	0.0526871	2.08447
16.614	0.179189	1.91449	1.62025	1.99609	-1.04673	0.0526837	2.08447
16.632	0.179188	1.91449	1.62049	1.99639	-1.03061	0.0526837	2.08447
16.65	0.179187	1.91449	1.62073	1.9967	-1.01466	0.0526854	2.08447
16.668	0.179185	1.9145	1.621	1.997	-0.998844	0.052682	2.08447
16.686	0.179185	1.9145	1.62124	1.99727	-0.983394	0.052682	2.08447
16.704	0.179178	1.9145	1.62151	1.99749	-0.968361	0.0526803	2.08447
16.722	0.179178	1.9145	1.62151	1.99749	-0.968361	0.0526803	2.08447
16.74	0.179141	1.9145	1.62176	1.99772	-0.953753	0.0526786	2.08447
16.758	0.179111	1.91451	1.62201	1.99794	-0.939491	0.0526769	2.08447
16.776	0.179095	1.91451	1.6222	1.99817	-0.925659	0.0526769	2.08447
16.794	0.179073	1.91451	1.62244	1.99839	-0.912189	0.0526786	2.08447
16.812	0.179026	1.91452	1.62263	1.9985	-0.898878	0.0526632	2.08447
16.83	0.178998	1.91457	1.62287	1.99872	-0.885673	0.0526666	2.08447
16.848	0.178985	1.91459	1.62314	1.99889	-0.872512	0.0526632	2.08447
16.866	0.178926	1.91462	1.62333	1.99908	-0.859469	0.0526649	2.08447
16.884	0.178863	1.91464	1.62358	1.99923	-0.84644	0.0526649	2.08447
16.902	0.17882	1.91465	1.62384	1.9994	-0.833403	0.0526615	2.08447
16.92	0.178757	1.91466	1.6241	1.99958	-0.82017	0.0526615	2.08447
16.938	0.178757	1.91466	1.6241	1.99958	-0.82017	0.0526615	2.08447
16.956	0.17864	1.91467	1.62432	1.99968	-0.806867	0.052653	2.08447
16.974	0.178495	1.91471	1.62451	1.99977	-0.793702	0.0526479	2.08447
16.992	0.178399	1.91473	1.62477	1.99983	-0.780567	0.0526428	2.08447
17.01	0.178247	1.91476	1.625	1.9999	-0.76736	0.0526274	2.08447
17.028	0.178104	1.91479	1.62527	2.00002	-0.754019	0.0526274	2.08447
17.046	0.177984	1.91481	1.62547	2.00011	-0.740489	0.0526206	2.08447
17.064	0.177857	1.91486	1.62568	2.0002	-0.726816	0.0526223	2.08447
17.082	0.177792	1.91487	1.62597	2.00035	-0.713066	0.0526206	2.08447
17.1	0.177777	1.91488	1.6263	2.0005	-0.699145	0.0526206	2.08447
17.118	0.17773	1.9149	1.6266	2.00067	-0.685	0.0526189	2.08447
17.136	0.177681	1.9149	1.62684	2.00081	-0.670775	0.0526189	2.08447
17.154	0.177681	1.9149	1.62684	2.00081	-0.670775	0.0526189	2.08447
17.172	0.177663	1.91491	1.62719	2.00094	-0.656499	0.0526172	2.08447
17.19	0.177634	1.91491	1.62749	2.00107	-0.642188	0.0526087	2.08447
17.208	0.177534	1.91493	1.62776	2.00114	-0.627725	0.0525865	2.08447
17.226	0.177354	1.91496	1.62803	2.00117	-0.613306	0.0525013	2.08447
17.244	0.177208	1.91497	1.62836	2.00118	-0.59906	0.0524246	2.08447
17.262	0.17708	1.91497	1.62867	2.00119	-0.585193	0.0522661	2.08447
17.28	0.176993	1.91498	1.62903	2.00119	-0.571682	0.0521349	2.08447
17.298	0.176937	1.91499	1.62934	2.00118	-0.558651	0.0518758	2.08447
17.316	0.176886	1.91499	1.62963	2.00118	-0.546109	0.051569	2.08447
17.334	0.176849	1.91499	1.62994	2.00118	-0.533893	0.0513696	2.08447
17.352	0.176791	1.91499	1.63025	2.00118	-0.522075	0.0511207	2.08447
17.37	0.176791	1.91499	1.63025	2.00118	-0.522075	0.0511207	2.08447
17.388	0.176755	1.91499	1.63057	2.00118	-0.510394	0.0510014	2.08447
17.406	0.176709	1.91499	1.63089	2.00118	-0.498818	0.050848	2.08447
17.424	0.17668	1.91499	1.63118	2.00117	-0.487296	0.0504543	2.08447
17.442	0.176676	1.915	1.63146	2.00117	-0.475542	0.050168	2.08447
17.46	0.176666	1.915	1.63176	2.00116	-0.463597	0.0500947	2.08447
17.478	0.176637	1.915	1.632	2.00116	-0.451326	0.050064	2.08447
17.496	0.176576	1.91501	1.63224	2.00116	-0.43881	0.0500452	2.08447
17.514	0.176477	1.91501	1.63251	2.00115	-0.426195	0.0499941	2.08447
17.532	0.176355	1.91501	1.63275	2.00115	-0.413391	0.0498936	2.08447
17.55	0.176268	1.91501	1.63307	2.00115	-0.400516	0.0498526	2.08447
17.568	0.176233	1.91501	1.63339	2.00114	-0.387514	0.0497862	2.08447
17.586	0.176213	1.91501	1.6337	2.0011	-0.374526	0.0495765	2.08447
17.604	0.176213	1.91501	1.6337	2.0011	-0.374526	0.0495765	2.08447
17.622	0.176199	1.91501	1.63397	2.00105	-0.361663	0.0493379	2.08447
17.64	0.176158	1.91501	1.63425	2.00104	-0.348758	0.0491197	2.08447
17.658	0.176143	1.91501	1.63459	2.00103	-0.335917	0.0489527	2.08447
17.676	0.176132	1.91501	1.63492	2.001	-0.322938	0.0488146	2.08447
17.694	0.176103	1.91501	1.63525	2.00094	-0.310017	0.048634	2.08447
17.712	0.176072	1.91501	1.63553	2.00089	-0.297273	0.048409	2.08447
17.73	0.176022	1.91501	1.63578	2.00083	-0.284711	0.0481772	2.08447
17.748	0.175956	1.91501	1.6361	2.00077	-0.272384	0.0479948	2.08447
17.766	0.175903	1.91501	1.63642	2.0007	-0.259903	0.0478107	2.08447
17.784	0.175844	1.91501	1.63673	2.00059	-0.247415	0.0475875	2.08447
17.802	0.175792	1.91501	1.63699	2.00045	-0.234854	0.0472244	2.08447
17.82	0.175792	1.91501	1.63699	2.00045	-0.234854	0.0472244	2.08447
17.838	0.175781	1.91501	1.63735	2.00028	-0.222178	0.0466364	2.08447
17.856	0.175778	1.91501	1.63768	1.99996	-0.209603	0.0458183	2.08447
17.874	0.175766	1.91501	1.63798	1.9996	-0.197008	0.0449371	2.08447
17.892	0.175734	1.91501	1.63833	1.99916	-0.184703	0.0440184	2.08447
17.91	0.175717	1.91501	1.63867	1.99869	-0.172732	0.0429071	2.08447
17.928	0.175707	1.91501	1.63901	1.99808	-0.161031	0.0413578	2.08447
17.946	0.175671	1.91501	1.63935	1.99738	-0.149653	0.0396176	2.08447
17.964	0.175662	1.91501	1.63966	1.99657	-0.13816	0.0376609	2.08447
17.982	0.175652	1.91501	1.64	1.99565	-0.126586	0.0357349	2.08447
18	0.175639	1.91501	1.64035	1.99475	-0.114922	0.0335089	2.08447
18.018	0.175641	1.91501	1.64071	1.99379	-0.103045	0.0314261	2.08447
18.036	0.175641	1.91501	1.64071	1.99379	-0.103045	0.0314261	2.08447
18.054	0.175642	1.91502	1.64095	1.99282	-0.0911614	0.0290075	2.08447
18.072	0.175642	1.91502	1.64117	1.99172	-0.0791513	0.0266657	2.08447
18.09	0.175642	1.91501	1.64145	1.99059	-0.0669736	0.0239676	2.08447
18.108	0.175642	1.91502	1.64172	1.98926	-0.0549267	0.0210309	2.08447
18.126	0.175643	1.91502	1.64192	1.98773	-0.0429044	0.0176766	2.08447
18.144	0.175643	1.91502	1.64205	1.98599	-0.0311255	0.014087	2.08447
18.162	0.175643	1.91502	1.64217	1.98417	-0.0194918	0.0101021	2.08447
18.18	0.175643	1.91502	1.64225	1.98227	-0.00761468	0.00570299	2.08447
18.198	0.175639	1.91502	1.64228	1.98016	0.00417854	0.000881164	2.08447
18.216	0.175614	1.91502	1.64227	1.97792	0.0158879	-0.00432924	2.08447
18.234	0.175602	1.91502	1.64226	1.97549	0.0275707	-0.00973737	2.08447
18.252	0.175602	1.91502	1.64226	1.97549	0.0275707	-0.00973737	2.08447
18.27	0.175592	1.91502	1.6422	1.97301	0.0391758	-0.015437	2.08447
18.288	0.175583	1.91502	1.64211	1.97031	0.0511286	-0.021411	2.08447
18.306	0.175536	1.91502	1.64193	1.96749	0.063155	-0.0276355	2.08447
18.324	0.175496	1.91502	1.6415	1.96472	0.0750443	-0.033826	2.08447
18.342	0.175469	1.91502	1.64092	1.96186	0.0867149	-0.0399585	2.08447
18.36	0.175365	1.91502	1.64037	1.95906	0.0981011	-0.0463041	2.08447
18.378	0.175211	1.91502	1.63981	1.95639	0.109471	-0.0525525	2.08447
18.396	0.175058	1.91502	1.63916	1.95379	0.120499	-0.0585435	2.08447
18.414	0.174899	1.91502	1.6385	1.9512	0.130556	-0.0640403	2.08447
18.432	0.174731	1.91503	1.63781	1.94885	0.139682	-0.0689405	2.08447
18.45	0.174604	1.91503	1.63717	1.94682	0.147945	-0.0733993	2.08447
18.468	0.174604	1.91503	1.63717	1.94682	0.147945	-0.0733993	2.08447
18.486	0.174557	1.91506	1.63662	1.94509	0.15494	-0.0773723	2.08447
18.504	0.174476	1.91507	1.63614	1.94366	0.160542	-0.0807811	2.08447
18.522	0.174385	1.91508	1.63576	1.9425	0.164895	-0.0830531	2.08447
18.54	0.174291	1.91508	1.63542	1.94178	0.168269	-0.0844575	2.08447
18.558	0.174222	1.91509	1.63528	1.94154	0.170773	-0.0848768	2.08447
18.576	0.174122	1.91511	1.63527	1.94158	0.172501	-0.0848683	2.08447
18.594	0.174001	1.91513	1.63523	1.94163	0.173225	-0.0848632	2.08447
18.612	0.17398	1.91514	1.63515	1.94165	0.173229	-0.0848581	2.08447
18.63	0.173984	1.91514	1.63514	1.94165	0.173227	-0.0848564	2.08447
18.648	0.173985	1.91514	1.63514	1.94165	0.173227	-0.0848547	2.08447
18.666	0.173984	1.91515	1.63514	1.94165	0.173227	-0.0848564	2.08447
18.684	0.173984	1.91515	1.63514	1.94165	0.173227	-0.0848564	2.08447
18.702	0.173984	1.91515	1.63514	1.94168	0.173227	-0.0848547	2.08447
18.72	0.173985	1.91516	1.63514	1.94169	0.173227	-0.084853	2.08447
18.738	0.173988	1.91517	1.63514	1.94169	0.173225	-0.084853	2.08447
18.756	0.173989	1.91517	1.63514	1.94169	0.173215	-0.0848496	2.08447
18.774	0.173993	1.91518	1.63514	1.94169	0.173205	-0.0848462	2.08447
18.792	0.174082	1.91525	1.63515	1.94169	0.173197	-0.0848479	2.08447
18.81	0.174279	1.91548	1.63515	1.94173	0.173164	-0.0848513	2.08447
18.828	0.174559	1.91586	1.63515	1.94186	0.172918	-0.0848479	2.08447
18.846	0.174881	1.91643	1.63515	1.94198	0.172295	-0.0848496	2.08447
18.864	0.175302	1.91714	1.63516	1.94208	0.172098	-0.0848632	2.08447
18.882	0.175714	1.91824	1.63516	1.9423	0.172123	-0.0848496	2.08447
18.9	0.175714	1.91824	1.63516	1.9423	0.172123	-0.0848496	2.08447
18.918	0.175945	1.91961	1.63512	1.94244	0.172125	-0.0848393	2.08447
18.936	0.176137	1.92115	1.63484	1.94263	0.172125	-0.0848359	2.08447
18.954	0.176343	1.92275	1.63447	1.94268	0.172125	-0.0848342	2.08447
18.972	0.176556	1.92431	1.63421	1.94268	0.172125	-0.0848359	2.08447
18.99	0.176784	1.92569	1.63403	1.94268	0.172123	-0.0848411	2.08447
19.008	0.176936	1.92678	1.6339	1.9427	0.172123	-0.0848428	2.08447
19.026	0.177053	1.92751	1.63378	1.94283	0.172123	-0.0848376	2.08447
19.044	0.177173	1.92791	1.63374	1.94296	0.172121	-0.0848359	2.08447
19.062	0.177272	1.928	1.63374	1.94315	0.172121	-0.0848325	2.08447
19.08	0.177384	1.92798	1.63374	1.94327	0.172121	-0.0848138	2.08447
19.098	0.177521	1.9279	1.63367	1.94328	0.172121	-0.0848189	2.08447
19.116	0.177521	1.9279	1.63367	1.94328	0.172121	-0.0848189	2.08447
19.134	0.177677	1.92782	1.63368	1.94328	0.172119	-0.0848223	2.08447
19.152	0.177721	1.92776	1.63368	1.94327	0.172115	-0.0848223	2.08447
19.17	0.177636	1.92776	1.63369	1.94327	0.172115	-0.0848206	2.08447
19.188	0.177557	1.92778	1.63369	1.94327	0.172115	-0.0848189	2.08447
19.206	0.177548	1.92778	1.63369	1.94328	0.172115	-0.0848189	2.08447
19.224	0.177553	1.92778	1.63369	1.94328	0.172115	-0.0848189	2.08447
19.242	0.177602	1.92779	1.63369	1.94328	0.172115	-0.0848189	2.08447
19.26	0.177652	1.92779	1.63369	1.94329	0.172115	-0.084824	2.08447
19.278	0.177652	1.92779	1.63369	1.94334	0.172115	-0.0848172	2.08447
19.296	0.177611	1.92779	1.63369	1.94334	0.172117	-0.0848155	2.08447
19.314	0.177604	1.92779	1.63369	1.94334	0.172117	-0.0848155	2.08447
19.332	0.177595	1.92778	1.63369	1.94334	0.172117	-0.0848172	2.08447
19.35	0.177595	1.92778	1.63369	1.94334	0.172117	-0.0848172	2.08447
19.368	0.177591	1.92778	1.63369	1.94334	0.172119	-0.0848172	2.08447
19.386	0.177579	1.9278	1.63369	1.94334	0.172119	-0.0848155	2.08447
19.404	0.177534	1.92786	1.63369	1.94334	0.172119	-0.0848018	2.08447
19.422	0.177464	1.92798	1.63369	1.94334	0.172119	-0.0847661	2.08447
19.44	0.177416	1.92809	1.63369	1.94334	0.172121	-0.0847115	2.08447
19.458	0.17737	1.9281	1.63369	1.94334	0.172123	-0.0846757	2.08447
19.476	0.177329	1.9281	1.63369	1.94334	0.172125	-0.0845973	2.08447
19.494	0.177276	1.9281	1.63369	1.94334	0.172127	-0.0845445	2.08447
19.512	0.177186	1.92809	1.63369	1.94333	0.172131	-0.0844167	2.08447
19.53	0.177047	1.92808	1.63369	1.94334	0.172139	-0.0841865	2.08447
19.548	0.176937	1.92807	1.63367	1.94334	0.172162	-0.0841388	2.08447
19.566	0.176937	1.92807	1.63367	1.94334	0.172162	-0.0841388	2.08447
19.584	0.176914	1.92808	1.63367	1.94334	0.172405	-0.0841303	2.08447
19.602	0.176896	1.92808	1.63367	1.94334	0.172904	-0.0840332	2.08447
19.62	0.176883	1.92808	1.63366	1.94334	0.173528	-0.0839258	2.08447
19.638	0.176881	1.92808	1.6336	1.94334	0.174393	-0.0839224	2.08447
19.656	0.176864	1.92807	1.63353	1.94338	0.176035	-0.083919	2.08447
19.674	0.176826	1.92807	1.63343	1.94341	0.178377	-0.0839053	2.08447
19.692	0.176801	1.92807	1.63333	1.94341	0.181212	-0.0838695	2.08447
19.71	0.176771	1.92807	1.6332	1.94341	0.184595	-0.0838252	2.08447
19.728	0.176713	1.92807	1.63302	1.94341	0.188909	-0.0837792	2.08447
19.746	0.176668	1.92806	1.63276	1.94342	0.194519	-0.0837775	2.08447
19.764	0.176651	1.92806	1.63247	1.94344	0.2017	-0.0837775	2.08447
19.782	0.176651	1.92806	1.63247	1.94344	0.2017	-0.0837775	2.08447
19.8	0.176648	1.92806	1.63221	1.94344	0.210411	-0.0837775	2.08447
19.818	0.176621	1.92806	1.63185	1.94344	0.220457	-0.0837758	2.08447
19.836	0.176562	1.92806	1.63136	1.94347	0.231831	-0.0837792	2.08447
19.854	0.176524	1.92806	1.63082	1.94356	0.244447	-0.0837758	2.08447
19.872	0.176509	1.92807	1.63035	1.94363	0.257819	-0.0837724	2.08447
19.89	0.176507	1.92807	1.62987	1.94368	0.271795	-0.0837519	2.08447
19.908	0.176475	1.92807	1.62931	1.94374	0.285877	-0.0837383	2.08447
19.926	0.176422	1.92807	1.62869	1.94379	0.299799	-0.0837434	2.08447
19.944	0.176364	1.92807	1.62818	1.94387	0.313016	-0.0837451	2.08447
19.962	0.176296	1.92807	1.62773	1.94398	0.325384	-0.08374	2.08447
19.98	0.176253	1.92807	1.62729	1.94403	0.336932	-0.0837366	2.08447
19.998	0.176253	1.92807	1.62729	1.94403	0.336932	-0.0837366	2.08447
20.016	0.176206	1.92807	1.62688	1.94411	0.347588	-0.0837281	2.08447
20.034	0.176189	1.92807	1.62649	1.94421	0.357712	-0.0836871	2.08447
20.052	0.176188	1.92807	1.62612	1.94436	0.367339	-0.0836633	2.08447
20.07	0.176175	1.92808	1.62583	1.94457	0.376124	-0.0835014	2.08447
20.088	0.176178	1.92808	1.62555	1.94478	0.384282	-0.083198	2.08447
20.106	0.176176	1.92808	1.62528	1.945	0.392032	-0.0827719	2.08447
20.124	0.176176	1.92808	1.62512	1.94527	0.39933	-0.0823543	2.08447
20.142	0.176178	1.92808	1.625	1.94563	0.406167	-0.0818515	2.08447
20.16	0.176192	1.92808	1.62483	1.94602	0.412954	-0.0812498	2.08447
20.178	0.176208	1.92808	1.6247	1.94641	0.420223	-0.0805851	2.08447
20.196	0.17622	1.92808	1.62463	1.94683	0.427944	-0.0798658	2.08447
20.214	0.17622	1.92808	1.62463	1.94683	0.427944	-0.0798658	2.08447
20.232	0.176253	1.92808	1.62451	1.94728	0.435724	-0.0791398	2.08447
20.25	0.176284	1.92808	1.62441	1.94775	0.443474	-0.078262	2.08447
20.268	0.176317	1.92808	1.62433	1.94825	0.450974	-0.077374	2.08447
20.286	0.176413	1.92808	1.62426	1.94862	0.457748	-0.076745	2.08447
20.304	0.176544	1.92808	1.62416	1.94893	0.463258	-0.076411	2.08447
20.322	0.176706	1.92808	1.62406	1.94913	0.467146	-0.0763138	2.08447
20.34	0.1769	1.92808	1.62397	1.94923	0.469255	-0.0763138	2.08447
20.358	0.177106	1.92808	1.62395	1.94934	0.469635	-0.0763155	2.08447
20.376	0.177299	1.92807	1.62396	1.94945	0.469619	-0.0763155	2.08447
20.394	0.177441	1.92807	1.62396	1.94957	0.469615	-0.0763172	2.08447
20.412	0.177551	1.92807	1.62396	1.9497	0.469615	-0.0763172	2.08447
20.43	0.177551	1.92807	1.62396	1.9497	0.469615	-0.0763172	2.08447
20.448	0.177695	1.92807	1.62397	1.94983	0.469613	-0.0763172	2.08447
20.466	0.17791	1.92807	1.62399	1.94996	0.469613	-0.0763172	2.08447
20.484	0.178144	1.92807	1.624	1.95007	0.469613	-0.0763172	2.08447
20.502	0.178371	1.92807	1.62402	1.95019	0.469613	-0.0763292	2.08447
20.52	0.178687	1.92807	1.62408	1.95038	0.469611	-0.0763292	2.08447
20.538	0.178939	1.92807	1.62411	1.95053	0.469609	-0.0763309	2.08447
20.556	0.179174	1.92807	1.62414	1.95074	0.469607	-0.0763326	2.08447
20.574	0.179436	1.92806	1.62416	1.95095	0.469607	-0.0763326	2.08447
20.592	0.179657	1.92807	1.62426	1.95115	0.469604	-0.0763343	2.08447
20.61	0.180111	1.92806	1.62438	1.95141	0.469604	-0.076336	2.08447
20.628	0.18079	1.92807	1.62458	1.95186	0.469602	-0.0763462	2.08447
20.646	0.181656	1.92807	1.62491	1.95243	0.469602	-0.0763462	2.08447
20.664	0.181656	1.92807	1.62491	1.95243	0.469602	-0.0763462	2.08447
20.682	0.182739	1.92807	1.62516	1.95322	0.469602	-0.0763496	2.08447
20.7	0.183938	1.92807	1.62548	1.95415	0.469602	-0.0763513	2.08447
20.718	0.185314	1.92806	1.62575	1.95522	0.4696	-0.0763513	2.08447
20.736	0.186804	1.92806	1.62605	1.95623	0.4696	-0.0763513	2.08447
20.754	0.188397	1.92806	1.6264	1.95731	0.4696	-0.0763547	2.08447
20.772	0.190059	1.92806	1.62687	1.95838	0.469598	-0.0763547	2.08447
20.79	0.191676	1.92806	1.62735	1.95942	0.4696	-0.0763564	2.08447
20.808	0.193048	1.92806	1.62771	1.96045	0.469598	-0.076353	2.08447
20.826	0.19413	1.92806	1.62794	1.96118	0.469598	-0.076353	2.08447
20.844	0.194725	1.92806	1.62802	1.96163	0.469598	-0.0763513	2.08447
20.862	0.194925	1.92806	1.62804	1.96166	0.469598	-0.076353	2.08447
20.88	0.194925	1.92806	1.62804	1.96166	0.469598	-0.076353	2.08447
20.898	0.194867	1.92806	1.62804	1.96166	0.469598	-0.076353	2.08447
20.916	0.194697	1.92806	1.62804	1.96164	0.469598	-0.0763479	2.08447
20.934	0.194412	1.92807	1.62804	1.96155	0.469598	-0.0763428	2.08447
20.952	0.194224	1.92806	1.62804	1.96144	0.469598	-0.0763428	2.08447
20.97	0.19425	1.92806	1.62804	1.96142	0.469598	-0.0763445	2.08447
20.988	0.194326	1.92806	1.62804	1.96143	0.469596	-0.0763462	2.08447
21.006	0.194408	1.92806	1.62804	1.96144	0.469596	-0.0763496	2.08447
21.024	0.194445	1.92806	1.62808	1.96146	0.469596	-0.0763513	2.08447
21.042	0.194446	1.92807	1.6281	1.96148	0.469596	-0.0763496	2.08447
21.06	0.194438	1.92807	1.6281	1.96148	0.469594	-0.0763496	2.08447
21.078	0.194435	1.92807	1.6281	1.96148	0.469594	-0.0763479	2.08447
21.096	0.194435	1.92807	1.6281	1.96148	0.469594	-0.0763479	2.08447
21.114	0.194433	1.92806	1.62809	1.96147	0.469592	-0.0763462	2.08447
21.132	0.194431	1.92806	1.62809	1.96147	0.469592	-0.0763462	2.08447
21.15	0.194427	1.92806	1.62809	1.96147	0.469592	-0.0763462	2.08447
21.168	0.194426	1.92806	1.62809	1.96147	0.469592	-0.0763462	2.08447
21.186	0.194426	1.92806	1.62809	1.96147	0.46959	-0.0763462	2.08447
21.204	0.194426	1.92807	1.62809	1.96147	0.46959	-0.0763462	2.08447
21.222	0.194424	1.92807	1.62809	1.96147	0.46959	-0.0763462	2.08447
21.24	0.194422	1.92807	1.62809	1.96147	0.469588	-0.0763445	2.08447
21.258	0.194419	1.92807	1.62809	1.96147	0.469588	-0.0763445	2.08447
21.276	0.194417	1.92806	1.62809	1.96147	0.469586	-0.0763445	2.08447
21.294	0.194413	1.92807	1.62809	1.96147	0.469586	-0.0763445	2.08447
21.312	0.194413	1.92807	1.62809	1.96147	0.469586	-0.0763445	2.08447
21.33	0.194413	1.92807	1.62809	1.96147	0.469584	-0.0763445	2.08447
21.348	0.194413	1.92807	1.62809	1.96147	0.469584	-0.0763445	2.08447
21.366	0.194413	1.92807	1.62809	1.96147	0.469582	-0.0763462	2.08447
21.384	0.194412	1.92807	1.62809	1.96147	0.469582	-0.0763462	2.08447
21.402	0.194408	1.92807	1.62809	1.96147	0.46958	-0.0763462	2.08447
21.42	0.194401	1.92807	1.62809	1.96147	0.46958	-0.0763462	2.08447
21.438	0.194374	1.92807	1.62809	1.96147	0.469578	-0.0763462	2.08447
21.456	0.194354	1.92807	1.62809	1.96147	0.469578	-0.0763462	2.08447
21.474	0.194351	1.92807	1.62809	1.96147	0.469578	-0.0763462	2.08447
21.492	0.194354	1.92807	1.62809	1.96147	0.469576	-0.0763462	2.08447
21.51	0.194354	1.92807	1.62809	1.96147	0.469576	-0.0763462	2.08447
21.528	0.194354	1.92807	1.62809	1.96147	0.469576	-0.0763462	2.08447
21.546	0.194354	1.92807	1.62809	1.96147	0.469576	-0.0763462	2.08447
21.564	0.194354	1.92807	1.62809	1.96146	0.469574	-0.0763462	2.08447
21.582	0.194354	1.92807	1.62809	1.96144	0.469572	-0.0763462	2.08447
21.6	0.194354	1.92807	1.62809	1.96141	0.469572	-0.0763479	2.08447
21.618	0.194354	1.92807	1.62809	1.9614	0.46957	-0.0763479	2.08447
21.636	0.194354	1.92807	1.62809	1.96141	0.469568	-0.0763479	2.08447
21.654	0.194355	1.92807	1.62809	1.96141	0.469568	-0.0763479	2.08447
21.672	0.194355	1.92807	1.62809	1.96141	0.469568	-0.0763479	2.08447
21.69	0.194355	1.92807	1.62809	1.96141	0.469566	-0.0763479	2.08447
21.708	0.194355	1.92807	1.62809	1.96141	0.469564	-0.0763479	2.08447
21.726	0.194355	1.92807	1.62809	1.96141	0.469564	-0.0763479	2.08447
21.744	0.194355	1.92807	1.62809	1.96141	0.469564	-0.0763479	2.08447
21.762	0.194355	1.92807	1.62809	1.96141	0.469564	-0.0763479	2.08447
21.78	0.194355	1.92807	1.62809	1.96141	0.469564	-0.0763479	2.08447
21.798	0.194355	1.92807	1.62809	1.96141	0.469562	-0.0763479	2.08447
21.816	0.194355	1.92807	1.62809	1.96141	0.469562	-0.0763479	2.08447
21.834	0.194355	1.92807	1.62809	1.96141	0.469562	-0.0763479	2.08447
21.852	0.194355	1.92807	1.62809	1.96141	0.469562	-0.0763479	2.08447
21.87	0.194355	1.92807	1.62809	1.96141	0.469562	-0.0763479	2.08447
21.888	0.194355	1.92807	1.62809	1.96141	0.46956	-0.0763479	2.08447
21.906	0.194355	1.92807	1.62809	1.96141	0.46956	-0.0763479	2.08447
21.924	0.194355	1.92807	1.62809	1.96141	0.46956	-0.0763479	2.08447
21.942	0.194355	1.92807	1.62809	1.96141	0.46956	-0.0763479	2.08447
21.96	0.194355	1.92807	1.62809	1.96141	0.46956	-0.0763479	2.08447
21.978	0.194355	1.92807	1.62809	1.96141	0.46956	-0.0763479	2.08447
21.996	0.194355	1.92807	1.62809	1.96141	0.46956	-0.0763479	2.08447
22.014	0.194355	1.92807	1.62809	1.96141	0.469557	-0.0763479	2.08447
22.032	0.194355	1.92807	1.62809	1.96141	0.469557	-0.0763479	2.08447
22.05	0.194355	1.92807	1.62809	1.96141	0.469557	-0.0763479	2.08447
22.068	0.194355	1.92807	1.62809	1.96141	0.469557	-0.0763479	2.08447
22.086	0.194355	1.92807	1.62809	1.96141	0.469557	-0.0763479	2.08447
22.104	0.194355	1.92807	1.62809	1.96141	0.469557	-0.0763479	2.08447
22.122	0.194355	1.92807	1.62809	1.96141	0.469555	-0.0763479	2.08447
22.14	0.194355	1.92807	1.62809	1.96141	0.469555	-0.0763479	2.08447
22.158	0.194355	1.92807	1.62809	1.96141	0.469555	-0.0763479	2.08447
22.176	0.194355	1.92807	1.62809	1.96141	0.469555	-0.0763479	2.08447
22.194	0.194355	1.92807	1.62809	1.96141	0.469555	-0.0763479	2.08447
22.212	0.194355	1.92807	1.62809	1.96141	0.469555	-0.0763479	2.08447
22.23	0.194355	1.92807	1.62809	1.96141	0.469555	-0.0763479	2.08447
22.248	0.194355	1.92807	1.62809	1.96141	0.469553	-0.0763479	2.08447
22.266	0.194355	1.92807	1.62809	1.96141	0.469553	-0.0763479	2.08447
22.284	0.194355	1.92807	1.62809	1.96141	0.469553	-0.0763479	2.08447
22.302	0.194355	1.92807	1.62809	1.96141	0.469553	-0.0763479	2.08447
22.32	0.194355	1.92807	1.62809	1.96141	0.469553	-0.0763479	2.08447
22.338	0.194355	1.92807	1.62809	1.96141	0.469553	-0.0763479	2.08447
22.356	0.194355	1.92807	1.62809	1.96141	0.469553	-0.0763479	2.08447
22.374	0.194357	1.92807	1.62809	1.96141	0.469553	-0.0763479	2.08447
22.392	0.194355	1.92807	1.62809	1.96141	0.469553	-0.0763479	2.08447
22.41	0.194355	1.92807	1.62809	1.96141	0.469553	-0.0763479	2.08447
22.428	0.194355	1.92807	1.62809	1.96141	0.469551	-0.0763479	2.08447
22.446	0.194355	1.92807	1.62809	1.96141	0.469551	-0.0763479	2.08447
22.464	0.194355	1.92807	1.62809	1.96141	0.469551	-0.0763479	2.08447
22.482	0.194357	1.92807	1.62809	1.96141	0.469551	-0.0763479	2.08447
22.5	0.194357	1.92807	1.62809	1.96141	0.469551	-0.0763479	2.08447
22.518	0.194357	1.92807	1.62809	1.96141	0.469551	-0.0763479	2.08447
22.536	0.194357	1.92807	1.62809	1.96141	0.469551	-0.0763479	2.08447
22.554	0.194357	1.92807	1.62809	1.96141	0.469551	-0.0763479	2.08447
22.572	0.194357	1.92807	1.62809	1.96141	0.469551	-0.0763479	2.08447
22.59	0.194357	1.92807	1.62809	1.96141	0.469551	-0.0763479	2.08447
22.608	0.194355	1.92807	1.62809	1.96141	0.469549	-0.0763479	2.08447
