   0.0000000e+00   8.2237228e-01
   2.0000000e-02   8.5405295e-01
   4.0000000e-02   8.8659935e-01
   6.0000000e-02   9.2001796e-01
   8.0000000e-02   9.5431441e-01
   1.0000000e-01   9.8949350e-01
   1.2000000e-01   1.0255591e+00
   1.4000000e-01   1.0625141e+00
   1.6000000e-01   1.1003606e+00
   1.8000000e-01   1.1390994e+00
   2.0000000e-01   1.1787304e+00
   2.2000000e-01   1.2192524e+00
   2.4000000e-01   1.2606632e+00
   2.6000000e-01   1.3029591e+00
   2.8000000e-01   1.3461355e+00
   3.0000000e-01   1.3901865e+00
   3.2000000e-01   1.4351048e+00
   3.4000000e-01   1.4808821e+00
   3.6000000e-01   1.5275084e+00
   3.8000000e-01   1.5749727e+00
   4.0000000e-01   1.6232623e+00
   4.2000000e-01   1.6723635e+00
   4.4000000e-01   1.7222609e+00
   4.6000000e-01   1.7729377e+00
   4.8000000e-01   1.8243758e+00
   5.0000000e-01   1.8765555e+00
   5.2000000e-01   1.9294556e+00
   5.4000000e-01   1.9830537e+00
   5.6000000e-01   2.0373255e+00
   5.8000000e-01   2.0922455e+00
   6.0000000e-01   2.1477868e+00
   6.2000000e-01   2.2039207e+00
   6.4000000e-01   2.2606173e+00
   6.6000000e-01   2.3178451e+00
   6.8000000e-01   2.3755712e+00
   7.0000000e-01   2.4337613e+00
   7.2000000e-01   2.4923796e+00
   7.4000000e-01   2.5513890e+00
   7.6000000e-01   2.6107510e+00
   7.8000000e-01   2.6704257e+00
   8.0000000e-01   2.7303721e+00
   8.2000000e-01   2.7905478e+00
   8.4000000e-01   2.8509091e+00
   8.6000000e-01   2.9114112e+00
   8.8000000e-01   2.9720083e+00
   9.0000000e-01   3.0326533e+00
   9.2000000e-01   3.0932982e+00
   9.4000000e-01   3.1538941e+00
   9.6000000e-01   3.2143910e+00
   9.8000000e-01   3.2747382e+00
   1.0000000e+00   3.3348841e+00
   1.0200000e+00   3.3947765e+00
   1.0400000e+00   3.4543625e+00
   1.0600000e+00   3.5135886e+00
   1.0800000e+00   3.5724010e+00
   1.1000000e+00   3.6307452e+00
   1.1200000e+00   3.6885665e+00
   1.1400000e+00   3.7458101e+00
   1.1600000e+00   3.8024208e+00
   1.1800000e+00   3.8583434e+00
   1.2000000e+00   3.9135227e+00
   1.2200000e+00   3.9679037e+00
   1.2400000e+00   4.0214314e+00
   1.2600000e+00   4.0740513e+00
   1.2800000e+00   4.1257091e+00
   1.3000000e+00   4.1763511e+00
   1.3200000e+00   4.2259239e+00
   1.3400000e+00   4.2743751e+00
   1.3600000e+00   4.3216528e+00
   1.3800000e+00   4.3677059e+00
   1.4000000e+00   4.4124845e+00
   1.4200000e+00   4.4559394e+00
   1.4400000e+00   4.4980228e+00
   1.4600000e+00   4.5386877e+00
   1.4800000e+00   4.5778887e+00
   1.5000000e+00   4.6155817e+00
   1.5200000e+00   4.6517240e+00
   1.5400000e+00   4.6862745e+00
   1.5600000e+00   4.7191935e+00
   1.5800000e+00   4.7504432e+00
   1.6000000e+00   4.7799874e+00
   1.6200000e+00   4.8077919e+00
   1.6400000e+00   4.8338242e+00
   1.6600000e+00   4.8580538e+00
   1.6800000e+00   4.8804524e+00
   1.7000000e+00   4.9009934e+00
   1.7200000e+00   4.9196526e+00
   1.7400000e+00   4.9364079e+00
   1.7600000e+00   4.9512393e+00
   1.7800000e+00   4.9641293e+00
   1.8000000e+00   4.9750624e+00
   1.8200000e+00   4.9840256e+00
   1.8400000e+00   4.9910081e+00
   1.8600000e+00   4.9960016e+00
   1.8800000e+00   4.9990001e+00
   1.9000000e+00   5.0000000e+00
   1.9200000e+00   4.9990001e+00
   1.9400000e+00   4.9960016e+00
   1.9600000e+00   4.9910081e+00
   1.9800000e+00   4.9840256e+00
   2.0000000e+00   4.9750624e+00
   2.0200000e+00   4.9641293e+00
   2.0400000e+00   4.9512393e+00
   2.0600000e+00   4.9364079e+00
   2.0800000e+00   4.9196526e+00
   2.1000000e+00   4.9009934e+00
   2.1200000e+00   4.8804524e+00
   2.1400000e+00   4.8580538e+00
   2.1600000e+00   4.8338242e+00
   2.1800000e+00   4.8077919e+00
   2.2000000e+00   4.7799874e+00
   2.2200000e+00   4.7504432e+00
   2.2400000e+00   4.7191935e+00
   2.2600000e+00   4.6862745e+00
   2.2800000e+00   4.6517240e+00
   2.3000000e+00   4.6155817e+00
   2.3200000e+00   4.5778887e+00
   2.3400000e+00   4.5386877e+00
   2.3600000e+00   4.4980228e+00
   2.3800000e+00   4.4559394e+00
   2.4000000e+00   4.4124845e+00
   2.4200000e+00   4.3677059e+00
   2.4400000e+00   4.3216528e+00
   2.4600000e+00   4.2743751e+00
   2.4800000e+00   4.2259239e+00
   2.5000000e+00   4.1763511e+00
   2.5200000e+00   4.1257091e+00
   2.5400000e+00   4.0740513e+00
   2.5600000e+00   4.0214314e+00
   2.5800000e+00   3.9679037e+00
   2.6000000e+00   3.9135227e+00
   2.6200000e+00   3.8583434e+00
   2.6400000e+00   3.8024208e+00
   2.6600000e+00   3.7458101e+00
   2.6800000e+00   3.6885665e+00
   2.7000000e+00   3.6307452e+00
   2.7200000e+00   3.5724010e+00
   2.7400000e+00   3.5135886e+00
   2.7600000e+00   3.4543625e+00
   2.7800000e+00   3.3947765e+00
   2.8000000e+00   3.3348841e+00
   2.8200000e+00   3.2747382e+00
   2.8400000e+00   3.2143910e+00
   2.8600000e+00   3.1538941e+00
   2.8800000e+00   3.0932982e+00
   2.9000000e+00   3.0326533e+00
   2.9200000e+00   2.9720083e+00
   2.9400000e+00   2.9114112e+00
   2.9600000e+00   2.8509091e+00
   2.9800000e+00   2.7905478e+00
   3.0000000e+00   2.7303721e+00
   3.0200000e+00   2.6704257e+00
   3.0400000e+00   2.6107510e+00
   3.0600000e+00   2.5513890e+00
   3.0800000e+00   2.4923796e+00
   3.1000000e+00   2.4337613e+00
   3.1200000e+00   2.3755712e+00
   3.1400000e+00   2.3178451e+00
   3.1600000e+00   2.2606173e+00
   3.1800000e+00   2.2039207e+00
   3.2000000e+00   2.1477868e+00
   3.2200000e+00   2.0922455e+00
   3.2400000e+00   2.0373255e+00
   3.2600000e+00   1.9830537e+00
   3.2800000e+00   1.9294556e+00
   3.3000000e+00   1.8765555e+00
   3.3200000e+00   1.8243758e+00
   3.3400000e+00   1.7729377e+00
   3.3600000e+00   1.7222609e+00
   3.3800000e+00   1.6723635e+00
   3.4000000e+00   1.6232623e+00
   3.4200000e+00   1.5749727e+00
   3.4400000e+00   1.5275084e+00
   3.4600000e+00   1.4808821e+00
   3.4800000e+00   1.4351048e+00
   3.5000000e+00   1.3901865e+00
   3.5200000e+00   1.3461355e+00
   3.5400000e+00   1.3029591e+00
   3.5600000e+00   1.2606632e+00
   3.5800000e+00   1.2192524e+00
   3.6000000e+00   1.1787304e+00
   3.6200000e+00   1.1390994e+00
   3.6400000e+00   1.1003606e+00
   3.6600000e+00   1.0625141e+00
   3.6800000e+00   1.0255591e+00
   3.7000000e+00   9.8949350e-01
   3.7200000e+00   9.5431441e-01
   3.7400000e+00   9.2001796e-01
   3.7600000e+00   8.8659935e-01
   3.7800000e+00   8.5405295e-01
   3.8000000e+00   8.2237228e-01
   3.8200000e+00   7.9155011e-01
   3.8400000e+00   7.6157845e-01
   3.8600000e+00   7.3244862e-01
   3.8800000e+00   7.0415126e-01
   3.9000000e+00   6.7667642e-01
   3.9200000e+00   6.5001354e-01
   3.9400000e+00   6.2415154e-01
   3.9600000e+00   5.9907883e-01
   3.9800000e+00   5.7478335e-01
   4.0000000e+00   5.5125263e-01
   4.0200000e+00   5.2847378e-01
   4.0400000e+00   5.0643359e-01
   4.0600000e+00   4.8511850e-01
   4.0800000e+00   4.6451469e-01
   4.1000000e+00   4.4460809e-01
   4.1200000e+00   4.2538438e-01
   4.1400000e+00   4.0682910e-01
   4.1600000e+00   3.8892759e-01
   4.1800000e+00   3.7166510e-01
   4.2000000e+00   3.5502677e-01
   4.2200000e+00   3.3899766e-01
   4.2400000e+00   3.2356279e-01
   4.2600000e+00   3.0870718e-01
   4.2800000e+00   2.9441584e-01
   4.3000000e+00   2.8067381e-01
   4.3200000e+00   2.6746620e-01
   4.3400000e+00   2.5477816e-01
   4.3600000e+00   2.4259495e-01
   4.3800000e+00   2.3090196e-01
   4.4000000e+00   2.1968467e-01
   4.4200000e+00   2.0892873e-01
   4.4400000e+00   1.9861995e-01
   4.4600000e+00   1.8874430e-01
   4.4800000e+00   1.7928795e-01
   4.5000000e+00   1.7023727e-01
   4.5200000e+00   1.6157884e-01
   4.5400000e+00   1.5329945e-01
   4.5600000e+00   1.4538613e-01
   4.5800000e+00   1.3782616e-01
   4.6000000e+00   1.3060705e-01
   4.6200000e+00   1.2371657e-01
   4.6400000e+00   1.1714274e-01
   4.6600000e+00   1.1087386e-01
   4.6800000e+00   1.0489850e-01
   4.7000000e+00   9.9205474e-02
   4.7200000e+00   9.3783899e-02
   4.7400000e+00   8.8623157e-02
   4.7600000e+00   8.3712909e-02
   4.7800000e+00   7.9043094e-02
   4.8000000e+00   7.4603930e-02
   4.8200000e+00   7.0385916e-02
   4.8400000e+00   6.6379826e-02
   4.8600000e+00   6.2576712e-02
   4.8800000e+00   5.8967898e-02
   4.9000000e+00   5.5544983e-02
   4.9200000e+00   5.2299834e-02
   4.9400000e+00   4.9224585e-02
   4.9600000e+00   4.6311633e-02
   4.9800000e+00   4.3553636e-02
   5.0000000e+00   4.0943505e-02
