   0.0000000e+00   2.5773441e+00
   2.0000000e-02   2.6447048e+00
   4.0000000e-02   2.7127407e+00
   6.0000000e-02   2.7814141e+00
   8.0000000e-02   2.8506854e+00
   1.0000000e-01   2.9205135e+00
   1.2000000e-01   2.9908555e+00
   1.4000000e-01   3.0616668e+00
   1.6000000e-01   3.1329012e+00
   1.8000000e-01   3.2045109e+00
   2.0000000e-01   3.2764466e+00
   2.2000000e-01   3.3486573e+00
   2.4000000e-01   3.4210909e+00
   2.6000000e-01   3.4936934e+00
   2.8000000e-01   3.5664099e+00
   3.0000000e-01   3.6391840e+00
   3.2000000e-01   3.7119579e+00
   3.4000000e-01   3.7846729e+00
   3.6000000e-01   3.8572692e+00
   3.8000000e-01   3.9296858e+00
   4.0000000e-01   4.0018609e+00
   4.2000000e-01   4.0737317e+00
   4.4000000e-01   4.1452349e+00
   4.6000000e-01   4.2163063e+00
   4.8000000e-01   4.2868812e+00
   5.0000000e-01   4.3568942e+00
   5.2000000e-01   4.4262799e+00
   5.4000000e-01   4.4949721e+00
   5.6000000e-01   4.5629049e+00
   5.8000000e-01   4.6300120e+00
   6.0000000e-01   4.6962272e+00
   6.2000000e-01   4.7614844e+00
   6.4000000e-01   4.8257177e+00
   6.6000000e-01   4.8888616e+00
   6.8000000e-01   4.9508509e+00
   7.0000000e-01   5.0116213e+00
   7.2000000e-01   5.0711087e+00
   7.4000000e-01   5.1292501e+00
   7.6000000e-01   5.1859833e+00
   7.8000000e-01   5.2412471e+00
   8.0000000e-01   5.2949814e+00
   8.2000000e-01   5.3471273e+00
   8.4000000e-01   5.3976273e+00
   8.6000000e-01   5.4464252e+00
   8.8000000e-01   5.4934665e+00
   9.0000000e-01   5.5386981e+00
   9.2000000e-01   5.5820688e+00
   9.4000000e-01   5.6235294e+00
   9.6000000e-01   5.6630322e+00
   9.8000000e-01   5.7005318e+00
   1.0000000e+00   5.7359849e+00
   1.0200000e+00   5.7693503e+00
   1.0400000e+00   5.8005890e+00
   1.0600000e+00   5.8296646e+00
   1.0800000e+00   5.8565428e+00
   1.1000000e+00   5.8811920e+00
   1.1200000e+00   5.9035831e+00
   1.1400000e+00   5.9236894e+00
   1.1600000e+00   5.9414872e+00
   1.1800000e+00   5.9569551e+00
   1.2000000e+00   5.9700749e+00
   1.2200000e+00   5.9808307e+00
   1.2400000e+00   5.9892097e+00
   1.2600000e+00   5.9952019e+00
   1.2800000e+00   5.9988001e+00
   1.3000000e+00   6.0000000e+00
   1.3200000e+00   5.9988001e+00
   1.3400000e+00   5.9952019e+00
   1.3600000e+00   5.9892097e+00
   1.3800000e+00   5.9808307e+00
   1.4000000e+00   5.9700749e+00
   1.4200000e+00   5.9569551e+00
   1.4400000e+00   5.9414872e+00
   1.4600000e+00   5.9236894e+00
   1.4800000e+00   5.9035831e+00
   1.5000000e+00   5.8811920e+00
   1.5200000e+00   5.8565428e+00
   1.5400000e+00   5.8296646e+00
   1.5600000e+00   5.8005890e+00
   1.5800000e+00   5.7693503e+00
   1.6000000e+00   5.7359849e+00
   1.6200000e+00   5.7005318e+00
   1.6400000e+00   5.6630322e+00
   1.6600000e+00   5.6235294e+00
   1.6800000e+00   5.5820688e+00
   1.7000000e+00   5.5386981e+00
   1.7200000e+00   5.4934665e+00
   1.7400000e+00   5.4464252e+00
   1.7600000e+00   5.3976273e+00
   1.7800000e+00   5.3471273e+00
   1.8000000e+00   5.2949814e+00
   1.8200000e+00   5.2412471e+00
   1.8400000e+00   5.1859833e+00
   1.8600000e+00   5.1292501e+00
   1.8800000e+00   5.0711087e+00
   1.9000000e+00   5.0116213e+00
   1.9200000e+00   4.9508509e+00
   1.9400000e+00   4.8888616e+00
   1.9600000e+00   4.8257177e+00
   1.9800000e+00   4.7614844e+00
   2.0000000e+00   4.6962272e+00
   2.0200000e+00   4.6300120e+00
   2.0400000e+00   4.5629049e+00
   2.0600000e+00   4.4949721e+00
   2.0800000e+00   4.4262799e+00
   2.1000000e+00   4.3568942e+00
   2.1200000e+00   4.2868812e+00
   2.1400000e+00   4.2163063e+00
   2.1600000e+00   4.1452349e+00
   2.1800000e+00   4.0737317e+00
   2.2000000e+00   4.0018609e+00
   2.2200000e+00   3.9296858e+00
   2.2400000e+00   3.8572692e+00
   2.2600000e+00   3.7846729e+00
   2.2800000e+00   3.7119579e+00
   2.3000000e+00   3.6391840e+00
   2.3200000e+00   3.5664099e+00
   2.3400000e+00   3.4936934e+00
   2.3600000e+00   3.4210909e+00
   2.3800000e+00   3.3486573e+00
   2.4000000e+00   3.2764466e+00
   2.4200000e+00   3.2045109e+00
   2.4400000e+00   3.1329012e+00
   2.4600000e+00   3.0616668e+00
   2.4800000e+00   2.9908555e+00
   2.5000000e+00   2.9205135e+00
   2.5200000e+00   2.8506854e+00
   2.5400000e+00   2.7814141e+00
   2.5600000e+00   2.7127407e+00
   2.5800000e+00   2.6447048e+00
   2.6000000e+00   2.5773441e+00
   2.6200000e+00   2.5106947e+00
   2.6400000e+00   2.4447906e+00
   2.6600000e+00   2.3796644e+00
   2.6800000e+00   2.3153468e+00
   2.7000000e+00   2.2518666e+00
   2.7200000e+00   2.1892510e+00
   2.7400000e+00   2.1275253e+00
   2.7600000e+00   2.0667131e+00
   2.7800000e+00   2.0068362e+00
   2.8000000e+00   1.9479148e+00
   2.8200000e+00   1.8899672e+00
   2.8400000e+00   1.8330101e+00
   2.8600000e+00   1.7770585e+00
   2.8800000e+00   1.7221258e+00
   2.9000000e+00   1.6682238e+00
   2.9200000e+00   1.6153626e+00
   2.9400000e+00   1.5635509e+00
   2.9600000e+00   1.5127958e+00
   2.9800000e+00   1.4631029e+00
   3.0000000e+00   1.4144765e+00
   3.0200000e+00   1.3669192e+00
   3.0400000e+00   1.3204327e+00
   3.0600000e+00   1.2750169e+00
   3.0800000e+00   1.2306709e+00
   3.1000000e+00   1.1873922e+00
   3.1200000e+00   1.1451773e+00
   3.1400000e+00   1.1040216e+00
   3.1600000e+00   1.0639192e+00
   3.1800000e+00   1.0248635e+00
   3.2000000e+00   9.8684674e-01
   3.2200000e+00   9.4986014e-01
   3.2400000e+00   9.1389414e-01
   3.2600000e+00   8.7893834e-01
   3.2800000e+00   8.4498151e-01
   3.3000000e+00   8.1201170e-01
   3.3200000e+00   7.8001625e-01
   3.3400000e+00   7.4898185e-01
   3.3600000e+00   7.1889460e-01
   3.3800000e+00   6.8974002e-01
   3.4000000e+00   6.6150315e-01
   3.4200000e+00   6.3416854e-01
   3.4400000e+00   6.0772030e-01
   3.4600000e+00   5.8214220e-01
   3.4800000e+00   5.5741763e-01
   3.5000000e+00   5.3352970e-01
   3.5200000e+00   5.1046126e-01
   3.5400000e+00   4.8819492e-01
   3.5600000e+00   4.6671311e-01
   3.5800000e+00   4.4599813e-01
   3.6000000e+00   4.2603212e-01
   3.6200000e+00   4.0679719e-01
   3.6400000e+00   3.8827535e-01
   3.6600000e+00   3.7044862e-01
   3.6800000e+00   3.5329901e-01
   3.7000000e+00   3.3680858e-01
   3.7200000e+00   3.2095944e-01
   3.7400000e+00   3.0573379e-01
   3.7600000e+00   2.9111394e-01
   3.7800000e+00   2.7708235e-01
   3.8000000e+00   2.6362160e-01
   3.8200000e+00   2.5071448e-01
   3.8400000e+00   2.3834394e-01
   3.8600000e+00   2.2649316e-01
   3.8800000e+00   2.1514554e-01
   3.9000000e+00   2.0428473e-01
   3.9200000e+00   1.9389461e-01
   3.9400000e+00   1.8395934e-01
   3.9600000e+00   1.7446336e-01
   3.9800000e+00   1.6539139e-01
   4.0000000e+00   1.5672846e-01
   4.0200000e+00   1.4845988e-01
   4.0400000e+00   1.4057129e-01
   4.0600000e+00   1.3304864e-01
   4.0800000e+00   1.2587820e-01
   4.1000000e+00   1.1904657e-01
   4.1200000e+00   1.1254068e-01
   4.1400000e+00   1.0634779e-01
   4.1600000e+00   1.0045549e-01
   4.1800000e+00   9.4851712e-02
   4.2000000e+00   8.9524716e-02
   4.2200000e+00   8.4463100e-02
   4.2400000e+00   7.9655792e-02
   4.2600000e+00   7.5092054e-02
   4.2800000e+00   7.0761477e-02
   4.3000000e+00   6.6653979e-02
   4.3200000e+00   6.2759800e-02
   4.3400000e+00   5.9069502e-02
   4.3600000e+00   5.5573960e-02
   4.3800000e+00   5.2264363e-02
   4.4000000e+00   4.9132206e-02
   4.4200000e+00   4.6169285e-02
   4.4400000e+00   4.3367692e-02
   4.4600000e+00   4.0719812e-02
   4.4800000e+00   3.8218311e-02
   4.5000000e+00   3.5856137e-02
   4.5200000e+00   3.3626510e-02
   4.5400000e+00   3.1522915e-02
   4.5600000e+00   2.9539098e-02
   4.5800000e+00   2.7669058e-02
   4.6000000e+00   2.5907040e-02
   4.6200000e+00   2.4247530e-02
   4.6400000e+00   2.2685246e-02
   4.6600000e+00   2.1215133e-02
   4.6800000e+00   1.9832356e-02
   4.7000000e+00   1.8532292e-02
   4.7200000e+00   1.7310526e-02
   4.7400000e+00   1.6162839e-02
   4.7600000e+00   1.5085209e-02
   4.7800000e+00   1.4073798e-02
   4.8000000e+00   1.3124947e-02
   4.8200000e+00   1.2235172e-02
   4.8400000e+00   1.1401156e-02
   4.8600000e+00   1.0619742e-02
   4.8800000e+00   9.8879293e-03
   4.9000000e+00   9.2028641e-03
   4.9200000e+00   8.5618368e-03
   4.9400000e+00   7.9622749e-03
   4.9600000e+00   7.4017373e-03
   4.9800000e+00   6.8779095e-03
   5.0000000e+00   6.3885974e-03
