   0.0000000e+00   4.2457146e+00
   2.0000000e-02   4.3306175e+00
   4.0000000e-02   4.4154517e+00
   6.0000000e-02   4.5001474e+00
   8.0000000e-02   4.5846334e+00
   1.0000000e-01   4.6688377e+00
   1.2000000e-01   4.7526870e+00
   1.4000000e-01   4.8361074e+00
   1.6000000e-01   4.9190241e+00
   1.8000000e-01   5.0013614e+00
   2.0000000e-01   5.0830433e+00
   2.2000000e-01   5.1639932e+00
   2.4000000e-01   5.2441342e+00
   2.6000000e-01   5.3233891e+00
   2.8000000e-01   5.4016807e+00
   3.0000000e-01   5.4789318e+00
   3.2000000e-01   5.5550651e+00
   3.4000000e-01   5.6300040e+00
   3.6000000e-01   5.7036718e+00
   3.8000000e-01   5.7759928e+00
   4.0000000e-01   5.8468915e+00
   4.2000000e-01   5.9162935e+00
   4.4000000e-01   5.9841251e+00
   4.6000000e-01   6.0503139e+00
   4.8000000e-01   6.1147883e+00
   5.0000000e-01   6.1774783e+00
   5.2000000e-01   6.2383152e+00
   5.4000000e-01   6.2972319e+00
   5.6000000e-01   6.3541627e+00
   5.8000000e-01   6.4090442e+00
   6.0000000e-01   6.4618144e+00
   6.2000000e-01   6.5124137e+00
   6.4000000e-01   6.5607843e+00
   6.6000000e-01   6.6068709e+00
   6.8000000e-01   6.6506204e+00
   7.0000000e-01   6.6919824e+00
   7.2000000e-01   6.7309086e+00
   7.4000000e-01   6.7673539e+00
   7.6000000e-01   6.8012754e+00
   7.8000000e-01   6.8326333e+00
   8.0000000e-01   6.8613907e+00
   8.2000000e-01   6.8875136e+00
   8.4000000e-01   6.9109710e+00
   8.6000000e-01   6.9317350e+00
   8.8000000e-01   6.9497810e+00
   9.0000000e-01   6.9650874e+00
   9.2000000e-01   6.9776358e+00
   9.4000000e-01   6.9874113e+00
   9.6000000e-01   6.9944022e+00
   9.8000000e-01   6.9986001e+00
   1.0000000e+00   7.0000000e+00
   1.0200000e+00   6.9986001e+00
   1.0400000e+00   6.9944022e+00
   1.0600000e+00   6.9874113e+00
   1.0800000e+00   6.9776358e+00
   1.1000000e+00   6.9650874e+00
   1.1200000e+00   6.9497810e+00
   1.1400000e+00   6.9317350e+00
   1.1600000e+00   6.9109710e+00
   1.1800000e+00   6.8875136e+00
   1.2000000e+00   6.8613907e+00
   1.2200000e+00   6.8326333e+00
   1.2400000e+00   6.8012754e+00
   1.2600000e+00   6.7673539e+00
   1.2800000e+00   6.7309086e+00
   1.3000000e+00   6.6919824e+00
   1.3200000e+00   6.6506204e+00
   1.3400000e+00   6.6068709e+00
   1.3600000e+00   6.5607843e+00
   1.3800000e+00   6.5124137e+00
   1.4000000e+00   6.4618144e+00
   1.4200000e+00   6.4090442e+00
   1.4400000e+00   6.3541627e+00
   1.4600000e+00   6.2972319e+00
   1.4800000e+00   6.2383152e+00
   1.5000000e+00   6.1774783e+00
   1.5200000e+00   6.1147883e+00
   1.5400000e+00   6.0503139e+00
   1.5600000e+00   5.9841251e+00
   1.5800000e+00   5.9162935e+00
   1.6000000e+00   5.8468915e+00
   1.6200000e+00   5.7759928e+00
   1.6400000e+00   5.7036718e+00
   1.6600000e+00   5.6300040e+00
   1.6800000e+00   5.5550651e+00
   1.7000000e+00   5.4789318e+00
   1.7200000e+00   5.4016807e+00
   1.7400000e+00   5.3233891e+00
   1.7600000e+00   5.2441342e+00
   1.7800000e+00   5.1639932e+00
   1.8000000e+00   5.0830433e+00
   1.8200000e+00   5.0013614e+00
   1.8400000e+00   4.9190241e+00
   1.8600000e+00   4.8361074e+00
   1.8800000e+00   4.7526870e+00
   1.9000000e+00   4.6688377e+00
   1.9200000e+00   4.5846334e+00
   1.9400000e+00   4.5001474e+00
   1.9600000e+00   4.4154517e+00
   1.9800000e+00   4.3306175e+00
   2.0000000e+00   4.2457146e+00
   2.0200000e+00   4.1608116e+00
   2.0400000e+00   4.0759757e+00
   2.0600000e+00   3.9912727e+00
   2.0800000e+00   3.9067669e+00
   2.1000000e+00   3.8225210e+00
   2.1200000e+00   3.7385960e+00
   2.1400000e+00   3.6550514e+00
   2.1600000e+00   3.5719446e+00
   2.1800000e+00   3.4893314e+00
   2.2000000e+00   3.4072658e+00
   2.2200000e+00   3.3257997e+00
   2.2400000e+00   3.2449831e+00
   2.2600000e+00   3.1648642e+00
   2.2800000e+00   3.0854890e+00
   2.3000000e+00   3.0069015e+00
   2.3200000e+00   2.9291438e+00
   2.3400000e+00   2.8522557e+00
   2.3600000e+00   2.7762751e+00
   2.3800000e+00   2.7012379e+00
   2.4000000e+00   2.6271777e+00
   2.4200000e+00   2.5541261e+00
   2.4400000e+00   2.4821128e+00
   2.4600000e+00   2.4111653e+00
   2.4800000e+00   2.3413089e+00
   2.5000000e+00   2.2725673e+00
   2.5200000e+00   2.2049617e+00
   2.5400000e+00   2.1385118e+00
   2.5600000e+00   2.0732349e+00
   2.5800000e+00   2.0091468e+00
   2.6000000e+00   1.9462611e+00
   2.6200000e+00   1.8845897e+00
   2.6400000e+00   1.8241427e+00
   2.6600000e+00   1.7649284e+00
   2.6800000e+00   1.7069534e+00
   2.7000000e+00   1.6502225e+00
   2.7200000e+00   1.5947391e+00
   2.7400000e+00   1.5405048e+00
   2.7600000e+00   1.4875198e+00
   2.7800000e+00   1.4357827e+00
   2.8000000e+00   1.3852909e+00
   2.8200000e+00   1.3360402e+00
   2.8400000e+00   1.2880251e+00
   2.8600000e+00   1.2412391e+00
   2.8800000e+00   1.1956741e+00
   2.9000000e+00   1.1513212e+00
   2.9200000e+00   1.1081702e+00
   2.9400000e+00   1.0662098e+00
   2.9600000e+00   1.0254281e+00
   2.9800000e+00   9.8581176e-01
   3.0000000e+00   9.4734698e-01
   3.0200000e+00   9.1001895e-01
   3.0400000e+00   8.7381216e-01
   3.0600000e+00   8.3871036e-01
   3.0800000e+00   8.0469669e-01
   3.1000000e+00   7.7175368e-01
   3.1200000e+00   7.3986329e-01
   3.1400000e+00   7.0900702e-01
   3.1600000e+00   6.7916590e-01
   3.1800000e+00   6.5032057e-01
   3.2000000e+00   6.2245132e-01
   3.2200000e+00   5.9553814e-01
   3.2400000e+00   5.6956074e-01
   3.2600000e+00   5.4449863e-01
   3.2800000e+00   5.2033115e-01
   3.3000000e+00   4.9703748e-01
   3.3200000e+00   4.7459672e-01
   3.3400000e+00   4.5298791e-01
   3.3600000e+00   4.3219005e-01
   3.3800000e+00   4.1218218e-01
   3.4000000e+00   3.9294334e-01
   3.4200000e+00   3.7445268e-01
   3.4400000e+00   3.5668942e-01
   3.4600000e+00   3.3963293e-01
   3.4800000e+00   3.2326274e-01
   3.5000000e+00   3.0755854e-01
   3.5200000e+00   2.9250022e-01
   3.5400000e+00   2.7806793e-01
   3.5600000e+00   2.6424202e-01
   3.5800000e+00   2.5100313e-01
   3.6000000e+00   2.3833218e-01
   3.6200000e+00   2.2621037e-01
   3.6400000e+00   2.1461923e-01
   3.6600000e+00   2.0354059e-01
   3.6800000e+00   1.9295663e-01
   3.7000000e+00   1.8284987e-01
   3.7200000e+00   1.7320319e-01
   3.7400000e+00   1.6399984e-01
   3.7600000e+00   1.5522341e-01
   3.7800000e+00   1.4685790e-01
   3.8000000e+00   1.3888766e-01
   3.8200000e+00   1.3129746e-01
   3.8400000e+00   1.2407242e-01
   3.8600000e+00   1.1719807e-01
   3.8800000e+00   1.1066033e-01
   3.9000000e+00   1.0444550e-01
   3.9200000e+00   9.8540283e-02
   3.9400000e+00   9.2931757e-02
   3.9600000e+00   8.7607396e-02
   3.9800000e+00   8.2555057e-02
   4.0000000e+00   7.7762976e-02
   4.0200000e+00   7.3219767e-02
   4.0400000e+00   6.8914419e-02
   4.0600000e+00   6.4836287e-02
   4.0800000e+00   6.0975090e-02
   4.1000000e+00   5.7320907e-02
   4.1200000e+00   5.3864166e-02
   4.1400000e+00   5.0595641e-02
   4.1600000e+00   4.7506447e-02
   4.1800000e+00   4.4588030e-02
   4.2000000e+00   4.1832160e-02
   4.2200000e+00   3.9230928e-02
   4.2400000e+00   3.6776734e-02
   4.2600000e+00   3.4462281e-02
   4.2800000e+00   3.2280568e-02
   4.3000000e+00   3.0224880e-02
   4.3200000e+00   2.8288785e-02
   4.3400000e+00   2.6466120e-02
   4.3600000e+00   2.4750989e-02
   4.3800000e+00   2.3137749e-02
   4.4000000e+00   2.1621008e-02
   4.4200000e+00   2.0195614e-02
   4.4400000e+00   1.8856646e-02
   4.4600000e+00   1.7599411e-02
   4.4800000e+00   1.6419431e-02
   4.5000000e+00   1.5312438e-02
   4.5200000e+00   1.4274367e-02
   4.5400000e+00   1.3301349e-02
   4.5600000e+00   1.2389699e-02
   4.5800000e+00   1.1535917e-02
   4.6000000e+00   1.0736675e-02
   4.6200000e+00   9.9888096e-03
   4.6400000e+00   9.2893207e-03
   4.6600000e+00   8.6353602e-03
   4.6800000e+00   8.0242277e-03
   4.7000000e+00   7.4533637e-03
   4.7200000e+00   6.9203436e-03
   4.7400000e+00   6.4228724e-03
   4.7600000e+00   5.9587780e-03
   4.7800000e+00   5.5260066e-03
   4.8000000e+00   5.1226169e-03
   4.8200000e+00   4.7467749e-03
   4.8400000e+00   4.3967491e-03
   4.8600000e+00   4.0709054e-03
   4.8800000e+00   3.7677026e-03
   4.9000000e+00   3.4856880e-03
   4.9200000e+00   3.2234926e-03
   4.9400000e+00   2.9798275e-03
   4.9600000e+00   2.7534796e-03
   4.9800000e+00   2.5433076e-03
   5.0000000e+00   2.3482384e-03
