   0.0000000e+00   2.2242984e+00
   2.0000000e-02   2.2961678e+00
   4.0000000e-02   2.3694113e+00
   6.0000000e-02   2.4440134e+00
   8.0000000e-02   2.5199563e+00
   1.0000000e-01   2.5972197e+00
   1.2000000e-01   2.6757816e+00
   1.4000000e-01   2.7556175e+00
   1.6000000e-01   2.8367004e+00
   1.8000000e-01   2.9190013e+00
   2.0000000e-01   3.0024888e+00
   2.2000000e-01   3.0871290e+00
   2.4000000e-01   3.1728859e+00
   2.6000000e-01   3.2597208e+00
   2.8000000e-01   3.3475929e+00
   3.0000000e-01   3.4364589e+00
   3.2000000e-01   3.5262731e+00
   3.4000000e-01   3.6169877e+00
   3.6000000e-01   3.7085521e+00
   3.8000000e-01   3.8009139e+00
   4.0000000e-01   3.8940180e+00
   4.2000000e-01   3.9878073e+00
   4.4000000e-01   4.0822224e+00
   4.6000000e-01   4.1772016e+00
   4.8000000e-01   4.2726812e+00
   5.0000000e-01   4.3685954e+00
   5.2000000e-01   4.4648764e+00
   5.4000000e-01   4.5614545e+00
   5.6000000e-01   4.6582579e+00
   5.8000000e-01   4.7552132e+00
   6.0000000e-01   4.8522453e+00
   6.2000000e-01   4.9492772e+00
   6.4000000e-01   5.0462306e+00
   6.6000000e-01   5.1430256e+00
   6.8000000e-01   5.2395810e+00
   7.0000000e-01   5.3358145e+00
   7.2000000e-01   5.4316423e+00
   7.4000000e-01   5.5269799e+00
   7.6000000e-01   5.6217418e+00
   7.8000000e-01   5.7158416e+00
   8.0000000e-01   5.8091923e+00
   8.2000000e-01   5.9017065e+00
   8.4000000e-01   5.9932962e+00
   8.6000000e-01   6.0838733e+00
   8.8000000e-01   6.1733494e+00
   9.0000000e-01   6.2616363e+00
   9.2000000e-01   6.3486459e+00
   9.4000000e-01   6.4342903e+00
   9.6000000e-01   6.5184821e+00
   9.8000000e-01   6.6011346e+00
   1.0000000e+00   6.6821617e+00
   1.0200000e+00   6.7614782e+00
   1.0400000e+00   6.8390001e+00
   1.0600000e+00   6.9146444e+00
   1.0800000e+00   6.9883295e+00
   1.1000000e+00   7.0599752e+00
   1.1200000e+00   7.1295031e+00
   1.1400000e+00   7.1968364e+00
   1.1600000e+00   7.2619003e+00
   1.1800000e+00   7.3246219e+00
   1.2000000e+00   7.3849308e+00
   1.2200000e+00   7.4427585e+00
   1.2400000e+00   7.4980392e+00
   1.2600000e+00   7.5507096e+00
   1.2800000e+00   7.6007091e+00
   1.3000000e+00   7.6479799e+00
   1.3200000e+00   7.6924670e+00
   1.3400000e+00   7.7341187e+00
   1.3600000e+00   7.7728861e+00
   1.3800000e+00   7.8087238e+00
   1.4000000e+00   7.8415894e+00
   1.4200000e+00   7.8714441e+00
   1.4400000e+00   7.8982526e+00
   1.4600000e+00   7.9219829e+00
   1.4800000e+00   7.9426069e+00
   1.5000000e+00   7.9600998e+00
   1.5200000e+00   7.9744409e+00
   1.5400000e+00   7.9856130e+00
   1.5600000e+00   7.9936026e+00
   1.5800000e+00   7.9984002e+00
   1.6000000e+00   8.0000000e+00
   1.6200000e+00   7.9984002e+00
   1.6400000e+00   7.9936026e+00
   1.6600000e+00   7.9856130e+00
   1.6800000e+00   7.9744409e+00
   1.7000000e+00   7.9600998e+00
   1.7200000e+00   7.9426069e+00
   1.7400000e+00   7.9219829e+00
   1.7600000e+00   7.8982526e+00
   1.7800000e+00   7.8714441e+00
   1.8000000e+00   7.8415894e+00
   1.8200000e+00   7.8087238e+00
   1.8400000e+00   7.7728861e+00
   1.8600000e+00   7.7341187e+00
   1.8800000e+00   7.6924670e+00
   1.9000000e+00   7.6479799e+00
   1.9200000e+00   7.6007091e+00
   1.9400000e+00   7.5507096e+00
   1.9600000e+00   7.4980392e+00
   1.9800000e+00   7.4427585e+00
   2.0000000e+00   7.3849308e+00
   2.0200000e+00   7.3246219e+00
   2.0400000e+00   7.2619003e+00
   2.0600000e+00   7.1968364e+00
   2.0800000e+00   7.1295031e+00
   2.1000000e+00   7.0599752e+00
   2.1200000e+00   6.9883295e+00
   2.1400000e+00   6.9146444e+00
   2.1600000e+00   6.8390001e+00
   2.1800000e+00   6.7614782e+00
   2.2000000e+00   6.6821617e+00
   2.2200000e+00   6.6011346e+00
   2.2400000e+00   6.5184821e+00
   2.2600000e+00   6.4342903e+00
   2.2800000e+00   6.3486459e+00
   2.3000000e+00   6.2616363e+00
   2.3200000e+00   6.1733494e+00
   2.3400000e+00   6.0838733e+00
   2.3600000e+00   5.9932962e+00
   2.3800000e+00   5.9017065e+00
   2.4000000e+00   5.8091923e+00
   2.4200000e+00   5.7158416e+00
   2.4400000e+00   5.6217418e+00
   2.4600000e+00   5.5269799e+00
   2.4800000e+00   5.4316423e+00
   2.5000000e+00   5.3358145e+00
   2.5200000e+00   5.2395810e+00
   2.5400000e+00   5.1430256e+00
   2.5600000e+00   5.0462306e+00
   2.5800000e+00   4.9492772e+00
   2.6000000e+00   4.8522453e+00
   2.6200000e+00   4.7552132e+00
   2.6400000e+00   4.6582579e+00
   2.6600000e+00   4.5614545e+00
   2.6800000e+00   4.4648764e+00
   2.7000000e+00   4.3685954e+00
   2.7200000e+00   4.2726812e+00
   2.7400000e+00   4.1772016e+00
   2.7600000e+00   4.0822224e+00
   2.7800000e+00   3.9878073e+00
   2.8000000e+00   3.8940180e+00
   2.8200000e+00   3.8009139e+00
   2.8400000e+00   3.7085521e+00
   2.8600000e+00   3.6169877e+00
   2.8800000e+00   3.5262731e+00
   2.9000000e+00   3.4364589e+00
   2.9200000e+00   3.3475929e+00
   2.9400000e+00   3.2597208e+00
   2.9600000e+00   3.1728859e+00
   2.9800000e+00   3.0871290e+00
   3.0000000e+00   3.0024888e+00
   3.0200000e+00   2.9190013e+00
   3.0400000e+00   2.8367004e+00
   3.0600000e+00   2.7556175e+00
   3.0800000e+00   2.6757816e+00
   3.1000000e+00   2.5972197e+00
   3.1200000e+00   2.5199563e+00
   3.1400000e+00   2.4440134e+00
   3.1600000e+00   2.3694113e+00
   3.1800000e+00   2.2961678e+00
   3.2000000e+00   2.2242984e+00
   3.2200000e+00   2.1538168e+00
   3.2400000e+00   2.0847346e+00
   3.2600000e+00   2.0170611e+00
   3.2800000e+00   1.9508039e+00
   3.3000000e+00   1.8859686e+00
   3.3200000e+00   1.8225590e+00
   3.3400000e+00   1.7605769e+00
   3.3600000e+00   1.7000226e+00
   3.3800000e+00   1.6408945e+00
   3.4000000e+00   1.5831896e+00
   3.4200000e+00   1.5269031e+00
   3.4400000e+00   1.4720287e+00
   3.4600000e+00   1.4185590e+00
   3.4800000e+00   1.3664847e+00
   3.5000000e+00   1.3157957e+00
   3.5200000e+00   1.2664802e+00
   3.5400000e+00   1.2185255e+00
   3.5600000e+00   1.1719178e+00
   3.5800000e+00   1.1266420e+00
   3.6000000e+00   1.0826823e+00
   3.6200000e+00   1.0400217e+00
   3.6400000e+00   9.9864246e-01
   3.6600000e+00   9.5852613e-01
   3.6800000e+00   9.1965336e-01
   3.7000000e+00   8.8200420e-01
   3.7200000e+00   8.4555805e-01
   3.7400000e+00   8.1029374e-01
   3.7600000e+00   7.7618960e-01
   3.7800000e+00   7.4322351e-01
   3.8000000e+00   7.1137294e-01
   3.8200000e+00   6.8061501e-01
   3.8400000e+00   6.5092656e-01
   3.8600000e+00   6.2228415e-01
   3.8800000e+00   5.9466417e-01
   3.9000000e+00   5.6804283e-01
   3.9200000e+00   5.4239625e-01
   3.9400000e+00   5.1770046e-01
   3.9600000e+00   4.9393149e-01
   3.9800000e+00   4.7106534e-01
   4.0000000e+00   4.4907810e-01
   4.0200000e+00   4.2794591e-01
   4.0400000e+00   4.0764505e-01
   4.0600000e+00   3.8815192e-01
   4.0800000e+00   3.6944313e-01
   4.1000000e+00   3.5149547e-01
   4.1200000e+00   3.3428597e-01
   4.1400000e+00   3.1779192e-01
   4.1600000e+00   3.0199088e-01
   4.1800000e+00   2.8686073e-01
   4.2000000e+00   2.7237964e-01
   4.2200000e+00   2.5852614e-01
   4.2400000e+00   2.4527912e-01
   4.2600000e+00   2.3261781e-01
   4.2800000e+00   2.2052186e-01
   4.3000000e+00   2.0897128e-01
   4.3200000e+00   1.9794651e-01
   4.3400000e+00   1.8742838e-01
   4.3600000e+00   1.7739818e-01
   4.3800000e+00   1.6783760e-01
   4.4000000e+00   1.5872876e-01
   4.4200000e+00   1.5005424e-01
   4.4400000e+00   1.4179705e-01
   4.4600000e+00   1.3394065e-01
   4.4800000e+00   1.2646895e-01
   4.5000000e+00   1.1936629e-01
   4.5200000e+00   1.1261747e-01
   4.5400000e+00   1.0620772e-01
   4.5600000e+00   1.0012274e-01
   4.5800000e+00   9.4348637e-02
   4.6000000e+00   8.8871972e-02
   4.6200000e+00   8.3679734e-02
   4.6400000e+00   7.8759336e-02
   4.6600000e+00   7.4098613e-02
   4.6800000e+00   6.9685818e-02
   4.7000000e+00   6.5509608e-02
   4.7200000e+00   6.1559047e-02
   4.7400000e+00   5.7823590e-02
   4.7600000e+00   5.4293082e-02
   4.7800000e+00   5.0957748e-02
   4.8000000e+00   4.7808183e-02
   4.8200000e+00   4.4835347e-02
   4.8400000e+00   4.2030554e-02
   4.8600000e+00   3.9385464e-02
   4.8800000e+00   3.6892077e-02
   4.9000000e+00   3.4542720e-02
   4.9200000e+00   3.2330040e-02
   4.9400000e+00   3.0246994e-02
   4.9600000e+00   2.8286844e-02
   4.9800000e+00   2.6443141e-02
   5.0000000e+00   2.4709723e-02
