0.013	0.246797	1.36077	-2.09666	-1.73082	-0.414244	0.352936	1.23313
0.026	0.247072	1.36107	-2.09666	-1.7306	-0.414242	0.352936	1.23313
0.039	0.247072	1.36107	-2.09666	-1.7306	-0.414242	0.352936	1.23313
0.052	0.247072	1.36107	-2.09666	-1.7306	-0.414242	0.352936	1.23313
0.065	0.247278	1.36136	-2.09666	-1.73044	-0.41424	0.352936	1.23313
0.078	0.247446	1.3616	-2.09666	-1.73033	-0.414236	0.352936	1.23313
0.091	0.247693	1.36178	-2.09666	-1.73033	-0.414234	0.352938	1.23313
0.104	0.247928	1.36193	-2.09666	-1.73033	-0.414232	0.352936	1.23313
0.117	0.248165	1.36202	-2.09666	-1.73033	-0.41423	0.352936	1.23313
0.13	0.248318	1.36208	-2.09666	-1.73032	-0.41423	0.352936	1.23313
0.143	0.248381	1.36212	-2.09666	-1.73031	-0.414228	0.352936	1.23313
0.156	0.248385	1.36211	-2.09666	-1.73027	-0.414228	0.352936	1.23313
0.169	0.248369	1.36211	-2.09666	-1.73025	-0.414226	0.352936	1.23313
0.182	0.248365	1.36211	-2.09666	-1.73024	-0.414224	0.352936	1.23313
0.195	0.248365	1.36211	-2.09666	-1.73024	-0.414224	0.352936	1.23313
0.208	0.248363	1.36211	-2.09666	-1.7302	-0.414222	0.352936	1.23313
0.221	0.248336	1.36211	-2.09666	-1.73014	-0.41422	0.352936	1.23313
0.234	0.248295	1.36211	-2.09666	-1.73004	-0.414218	0.352936	1.23313
0.247	0.248294	1.3621	-2.09666	-1.72996	-0.414216	0.352936	1.23313
0.26	0.248293	1.3621	-2.09666	-1.7299	-0.414211	0.352936	1.23313
0.273	0.248293	1.3621	-2.09666	-1.72983	-0.414209	0.352935	1.23313
0.286	0.248291	1.3621	-2.09666	-1.72976	-0.414209	0.352935	1.23313
0.299	0.248291	1.3621	-2.09666	-1.7297	-0.414205	0.352935	1.23313
0.312	0.248291	1.3621	-2.09666	-1.72962	-0.414201	0.352935	1.23313
0.325	0.248291	1.3621	-2.09666	-1.72962	-0.414201	0.352935	1.23313
0.338	0.248291	1.3621	-2.09666	-1.72957	-0.414201	0.352935	1.23313
0.351	0.248287	1.3621	-2.09666	-1.7295	-0.414199	0.352935	1.23313
0.364	0.248284	1.3621	-2.09666	-1.72941	-0.414197	0.352936	1.23313
0.377	0.248284	1.3621	-2.09666	-1.72941	-0.414197	0.352936	1.23313
0.39	0.248284	1.3621	-2.09666	-1.72941	-0.414197	0.352936	1.23313
0.403	0.248284	1.3621	-2.09666	-1.72941	-0.414197	0.352936	1.23313
0.416	0.248284	1.3621	-2.09666	-1.72941	-0.414197	0.352936	1.23313
0.429	0.248284	1.3621	-2.09666	-1.72941	-0.414197	0.352936	1.23313
0.442	0.248284	1.3621	-2.09666	-1.72941	-0.414197	0.352936	1.23313
0.455	0.248284	1.3621	-2.09666	-1.72941	-0.414197	0.352936	1.23313
0.468	0.248284	1.3621	-2.09666	-1.72941	-0.414197	0.352936	1.23313
0.481	0.248284	1.3621	-2.09666	-1.72941	-0.414197	0.352936	1.23313
0.494	0.248284	1.3621	-2.09666	-1.72941	-0.414197	0.352936	1.23313
0.507	0.248284	1.3621	-2.09666	-1.72941	-0.414197	0.352936	1.23313
0.52	0.248284	1.36211	-2.09666	-1.72883	-0.414185	0.352936	1.23313
0.533	0.248284	1.36211	-2.09666	-1.72881	-0.414183	0.352936	1.23313
0.546	0.248285	1.36211	-2.09666	-1.7288	-0.414183	0.352936	1.23313
0.559	0.248285	1.36211	-2.09666	-1.72879	-0.414183	0.352936	1.23313
0.572	0.248286	1.36211	-2.09666	-1.72877	-0.414181	0.352936	1.23313
0.585	0.248286	1.36211	-2.09666	-1.72876	-0.414181	0.352936	1.23313
0.598	0.248286	1.36211	-2.09666	-1.72876	-0.414181	0.352936	1.23313
0.611	0.248287	1.36211	-2.09666	-1.72875	-0.414181	0.352936	1.23313
0.624	0.248286	1.36211	-2.09666	-1.72874	-0.414181	0.352936	1.23313
0.637	0.248286	1.36211	-2.09666	-1.72874	-0.414181	0.352936	1.23313
0.65	0.248287	1.36211	-2.09666	-1.72874	-0.414181	0.352936	1.23313
0.663	0.24829	1.36211	-2.09666	-1.72873	-0.414181	0.352936	1.23313
0.676	0.248291	1.36211	-2.09666	-1.72873	-0.414181	0.352936	1.23313
0.689	0.248291	1.36211	-2.09666	-1.72872	-0.414179	0.352936	1.23313
0.702	0.248291	1.36211	-2.09666	-1.72872	-0.414179	0.352936	1.23313
0.715	0.248291	1.36211	-2.09666	-1.72872	-0.414179	0.352936	1.23313
0.728	0.248291	1.36211	-2.09666	-1.72872	-0.414177	0.352935	1.23313
0.741	0.248291	1.36211	-2.09666	-1.72872	-0.414177	0.352935	1.23313
0.754	0.248291	1.36211	-2.09666	-1.72871	-0.414177	0.352935	1.23313
0.767	0.24829	1.36211	-2.09666	-1.72871	-0.414177	0.352935	1.23313
0.78	0.24829	1.36211	-2.09666	-1.72871	-0.414175	0.352935	1.23313
0.793	0.24829	1.36211	-2.09666	-1.72871	-0.414175	0.352935	1.23313
0.806	0.24829	1.36211	-2.09666	-1.72871	-0.414173	0.352936	1.23313
0.819	0.24829	1.36211	-2.09666	-1.7287	-0.414173	0.352936	1.23313
0.832	0.24829	1.36211	-2.09666	-1.7287	-0.414173	0.352936	1.23313
0.845	0.24829	1.36211	-2.09666	-1.7287	-0.414173	0.352936	1.23313
0.858	0.24829	1.36211	-2.09666	-1.7287	-0.414173	0.352936	1.23313
0.871	0.24829	1.36211	-2.09666	-1.7287	-0.414173	0.352936	1.23313
0.884	0.24829	1.36211	-2.09666	-1.7287	-0.414173	0.352936	1.23313
0.897	0.248287	1.36211	-2.09666	-1.7287	-0.414173	0.352936	1.23313
0.91	0.248287	1.36211	-2.09666	-1.7287	-0.414173	0.352936	1.23313
0.923	0.248287	1.36211	-2.09666	-1.7287	-0.414173	0.352936	1.23313
0.936	0.248287	1.36211	-2.09666	-1.72869	-0.414173	0.352936	1.23313
0.949	0.248287	1.36211	-2.09666	-1.72869	-0.414173	0.352936	1.23313
0.962	0.248287	1.36211	-2.09666	-1.72869	-0.414173	0.352936	1.23313
0.975	0.248287	1.36211	-2.09666	-1.72869	-0.414173	0.352936	1.23313
0.988	0.248287	1.36211	-2.09666	-1.72869	-0.414173	0.352936	1.23313
1.001	0.248287	1.36211	-2.09666	-1.72869	-0.414173	0.352936	1.23313
1.014	0.248287	1.36211	-2.09666	-1.72869	-0.414173	0.352936	1.23313
1.027	0.248287	1.36211	-2.09666	-1.72869	-0.414173	0.352936	1.23313
1.04	0.248285	1.36211	-2.09666	-1.72868	-0.414173	0.352936	1.23313
1.053	0.248285	1.36211	-2.09666	-1.72868	-0.414173	0.352936	1.23313
1.066	0.248285	1.36211	-2.09666	-1.72868	-0.414173	0.352936	1.23313
1.079	0.248285	1.36211	-2.09666	-1.72868	-0.414173	0.352935	1.23313
1.092	0.248285	1.36211	-2.09666	-1.72868	-0.414171	0.352936	1.23313
1.105	0.248285	1.36211	-2.09666	-1.72868	-0.414169	0.352936	1.23313
1.118	0.248285	1.36211	-2.09667	-1.72868	-0.414162	0.352936	1.23313
1.131	0.248285	1.36211	-2.09667	-1.72868	-0.414158	0.352936	1.23313
1.144	0.248285	1.36211	-2.09667	-1.72868	-0.414158	0.352936	1.23313
1.157	0.248285	1.36211	-2.09667	-1.72868	-0.414156	0.352936	1.23313
1.17	0.248284	1.36211	-2.09667	-1.72867	-0.414156	0.352936	1.23313
1.183	0.248282	1.36211	-2.09667	-1.72866	-0.414158	0.352936	1.23313
1.196	0.248282	1.36211	-2.09667	-1.72866	-0.414158	0.352936	1.23313
1.209	0.248282	1.36211	-2.09667	-1.72863	-0.414158	0.352935	1.23313
1.222	0.248282	1.36211	-2.09667	-1.7286	-0.414158	0.352936	1.23313
1.235	0.248282	1.36211	-2.09667	-1.72857	-0.414158	0.352936	1.23313
1.248	0.248282	1.36211	-2.09667	-1.72854	-0.414156	0.352936	1.23313
1.261	0.248282	1.36211	-2.09667	-1.72852	-0.414158	0.352936	1.23313
1.274	0.248282	1.36211	-2.09667	-1.7285	-0.414158	0.352936	1.23313
1.287	0.248282	1.36211	-2.09667	-1.7285	-0.414158	0.352936	1.23313
1.3	0.248282	1.36211	-2.09667	-1.72846	-0.414158	0.352936	1.23313
1.313	0.248281	1.36211	-2.09667	-1.72843	-0.414158	0.352936	1.23313
1.326	0.24828	1.36211	-2.09667	-1.72838	-0.414158	0.352936	1.23313
1.339	0.24828	1.36211	-2.09667	-1.72833	-0.414158	0.352936	1.23313
1.352	0.24828	1.36211	-2.09667	-1.72827	-0.414158	0.352936	1.23313
1.365	0.24828	1.36211	-2.09667	-1.72822	-0.414158	0.352936	1.23313
1.378	0.24828	1.36211	-2.09667	-1.72818	-0.414158	0.352936	1.23313
1.391	0.24828	1.36211	-2.09667	-1.72814	-0.414158	0.352936	1.23313
1.404	0.24828	1.36211	-2.09667	-1.7281	-0.414156	0.352936	1.23313
1.417	0.24828	1.36211	-2.09667	-1.7281	-0.414156	0.352936	1.23313
1.43	0.24828	1.36211	-2.09667	-1.72807	-0.414158	0.352936	1.23313
1.443	0.24828	1.36211	-2.09667	-1.72803	-0.414158	0.352936	1.23313
1.456	0.248279	1.36211	-2.09667	-1.72797	-0.414158	0.352936	1.23313
1.469	0.248279	1.36211	-2.09667	-1.72789	-0.414158	0.352936	1.23313
1.482	0.248279	1.36211	-2.09667	-1.72781	-0.414158	0.352935	1.23313
1.495	0.248279	1.36211	-2.09667	-1.72775	-0.414158	0.352935	1.23313
1.508	0.248279	1.36211	-2.09667	-1.72771	-0.414158	0.352935	1.23313
1.521	0.248279	1.36211	-2.09667	-1.72769	-0.414156	0.352935	1.23313
1.534	0.248279	1.36211	-2.09667	-1.72767	-0.414156	0.352935	1.23313
1.547	0.248279	1.36211	-2.09667	-1.72762	-0.414156	0.352936	1.23313
1.56	0.248279	1.36211	-2.09667	-1.72762	-0.414156	0.352936	1.23313
1.573	0.248279	1.36211	-2.09667	-1.72757	-0.414156	0.352936	1.23313
1.586	0.248279	1.36211	-2.09667	-1.72749	-0.414156	0.352936	1.23313
1.599	0.248279	1.36211	-2.09667	-1.72739	-0.414156	0.352936	1.23313
1.612	0.24828	1.36211	-2.09667	-1.72729	-0.414156	0.352936	1.23313
1.625	0.24828	1.36211	-2.09667	-1.72719	-0.414156	0.352936	1.23313
1.638	0.24828	1.36211	-2.09667	-1.72709	-0.414156	0.352936	1.23313
1.651	0.24828	1.36211	-2.09667	-1.72698	-0.414154	0.352936	1.23313
1.664	0.24828	1.36211	-2.09667	-1.72687	-0.414154	0.352936	1.23313
1.677	0.24828	1.36211	-2.09667	-1.72675	-0.414156	0.352936	1.23313
1.69	0.24828	1.36211	-2.09667	-1.72675	-0.414156	0.352936	1.23313
1.703	0.24828	1.36211	-2.09667	-1.72664	-0.414154	0.352936	1.23313
1.716	0.24828	1.36211	-2.09667	-1.72654	-0.414154	0.352936	1.23313
1.729	0.248279	1.36211	-2.09667	-1.72645	-0.414154	0.352938	1.23313
1.742	0.24828	1.36211	-2.09667	-1.72635	-0.414154	0.352936	1.23313
1.755	0.24828	1.36211	-2.09667	-1.72629	-0.41415	0.352936	1.23313
1.768	0.24828	1.36211	-2.09667	-1.72625	-0.414148	0.352936	1.23313
1.781	0.24828	1.36211	-2.09667	-1.72623	-0.414146	0.352936	1.23313
1.794	0.24828	1.36211	-2.09667	-1.72622	-0.414146	0.352936	1.23313
1.807	0.248279	1.36211	-2.09667	-1.72619	-0.414146	0.352936	1.23313
1.82	0.24828	1.36211	-2.09667	-1.72615	-0.414146	0.352936	1.23313
1.833	0.24828	1.36211	-2.09667	-1.72615	-0.414146	0.352936	1.23313
1.846	0.248279	1.36211	-2.09667	-1.72612	-0.414146	0.352936	1.23313
1.859	0.248279	1.36211	-2.09667	-1.72609	-0.414146	0.352936	1.23313
1.872	0.248279	1.36211	-2.09667	-1.72603	-0.414146	0.352936	1.23313
1.885	0.248279	1.36211	-2.09667	-1.72599	-0.414146	0.352936	1.23313
1.898	0.248279	1.36211	-2.09667	-1.72598	-0.414146	0.352936	1.23313
1.911	0.248279	1.36211	-2.09667	-1.72598	-0.414146	0.352936	1.23313
1.924	0.248279	1.36211	-2.09667	-1.72598	-0.414146	0.352936	1.23313
1.937	0.248279	1.3621	-2.09667	-1.72599	-0.414148	0.352936	1.23313
1.95	0.248277	1.3621	-2.09667	-1.726	-0.414146	0.352936	1.23313
1.963	0.248277	1.3621	-2.09667	-1.726	-0.414146	0.352936	1.23313
1.976	0.248277	1.3621	-2.09667	-1.726	-0.414146	0.352936	1.23313
1.989	0.248277	1.3621	-2.09667	-1.726	-0.414144	0.352936	1.23313
2.002	0.24827	1.3621	-2.09667	-1.726	-0.414142	0.352936	1.23313
2.015	0.248252	1.3621	-2.09667	-1.72598	-0.414142	0.352938	1.23313
2.028	0.24825	1.36209	-2.09667	-1.72597	-0.41414	0.352938	1.23313
2.041	0.248243	1.36209	-2.09667	-1.72597	-0.414136	0.352938	1.23313
2.054	0.248241	1.36209	-2.09667	-1.72595	-0.414132	0.352938	1.23313
2.067	0.24824	1.36209	-2.09667	-1.72591	-0.414128	0.352938	1.23313
2.08	0.248239	1.36209	-2.09667	-1.72589	-0.414124	0.352938	1.23313
2.093	0.248238	1.36209	-2.09667	-1.72587	-0.414117	0.352938	1.23313
2.106	0.248238	1.36209	-2.09667	-1.72587	-0.414117	0.352938	1.23313
2.119	0.248236	1.36209	-2.09667	-1.72586	-0.414115	0.352938	1.23313
2.132	0.248209	1.36209	-2.09667	-1.72583	-0.414111	0.352938	1.23313
2.145	0.24814	1.36209	-2.09667	-1.72574	-0.414107	0.352938	1.23313
2.158	0.248093	1.36209	-2.09667	-1.72569	-0.414103	0.352938	1.23313
2.171	0.248047	1.36209	-2.09667	-1.72567	-0.414099	0.352938	1.23313
2.184	0.24802	1.36208	-2.09667	-1.72566	-0.414097	0.352938	1.23313
2.197	0.247963	1.36208	-2.09667	-1.72565	-0.414093	0.352938	1.23313
2.21	0.247891	1.36208	-2.09667	-1.72563	-0.414091	0.352938	1.23313
2.223	0.247812	1.36208	-2.09667	-1.7256	-0.414089	0.35294	1.23313
2.236	0.247711	1.36207	-2.09667	-1.72559	-0.414089	0.352945	1.23313
2.249	0.247711	1.36207	-2.09667	-1.72559	-0.414089	0.352945	1.23313
2.262	0.247583	1.36207	-2.09667	-1.72558	-0.414089	0.352965	1.23313
2.275	0.247366	1.36207	-2.09667	-1.72557	-0.414089	0.353085	1.23313
2.288	0.247072	1.36207	-2.09667	-1.72549	-0.414087	0.353467	1.23313
2.301	0.24676	1.36206	-2.09667	-1.72545	-0.414083	0.354762	1.23313
2.314	0.246422	1.36206	-2.09667	-1.72545	-0.414079	0.355964	1.23313
2.327	0.246095	1.36204	-2.09668	-1.72546	-0.41407	0.356649	1.23313
2.34	0.245744	1.36201	-2.09668	-1.72546	-0.414056	0.357433	1.23313
2.353	0.245381	1.362	-2.09668	-1.72546	-0.414044	0.359146	1.23313
2.366	0.245049	1.36198	-2.09668	-1.72546	-0.414023	0.360608	1.23313
2.379	0.245049	1.36198	-2.09668	-1.72546	-0.414023	0.360608	1.23313
2.392	0.244695	1.36196	-2.09668	-1.72547	-0.413997	0.362284	1.23313
2.405	0.244274	1.36194	-2.09668	-1.72547	-0.413968	0.364041	1.23313
2.418	0.243816	1.36193	-2.09669	-1.72547	-0.413946	0.365333	1.23313
2.431	0.243417	1.36189	-2.0967	-1.72548	-0.413907	0.366986	1.23313
2.444	0.242975	1.36188	-2.0967	-1.72549	-0.413858	0.367908	1.23313
2.457	0.242577	1.36185	-2.09674	-1.72549	-0.413802	0.368246	1.23313
2.47	0.242137	1.36184	-2.09674	-1.72549	-0.413727	0.368331	1.23313
2.483	0.241713	1.36183	-2.09674	-1.72549	-0.413643	0.368343	1.23313
2.496	0.241342	1.36183	-2.09674	-1.72549	-0.413551	0.368344	1.23313
2.509	0.240969	1.36182	-2.09675	-1.72549	-0.413444	0.368344	1.23313
2.522	0.240969	1.36182	-2.09675	-1.72549	-0.413444	0.368344	1.23313
2.535	0.240598	1.36182	-2.09675	-1.72549	-0.41333	0.368344	1.23313
2.548	0.240164	1.3618	-2.09675	-1.72549	-0.413181	0.368344	1.23313
2.561	0.239691	1.3618	-2.09676	-1.72549	-0.413027	0.368343	1.23313
2.574	0.239271	1.36176	-2.09676	-1.72556	-0.412876	0.368343	1.23313
2.587	0.238859	1.36172	-2.09676	-1.72568	-0.412741	0.368343	1.23313
2.6	0.238428	1.36167	-2.09677	-1.7258	-0.412579	0.368344	1.23313
2.613	0.237996	1.36157	-2.09678	-1.72593	-0.412424	0.36835	1.23313
2.626	0.23756	1.36147	-2.09679	-1.72611	-0.412287	0.36836	1.23313
2.639	0.237143	1.36132	-2.0968	-1.72633	-0.412154	0.368377	1.23313
2.652	0.237143	1.36132	-2.0968	-1.72633	-0.412154	0.368377	1.23313
2.665	0.236711	1.36111	-2.09683	-1.72662	-0.412023	0.368399	1.23313
2.678	0.236214	1.36083	-2.09689	-1.72692	-0.411902	0.368443	1.23313
2.691	0.235673	1.3605	-2.097	-1.72724	-0.411792	0.368527	1.23313
2.704	0.235169	1.36011	-2.09708	-1.72762	-0.411681	0.368639	1.23313
2.717	0.234671	1.3597	-2.09713	-1.72802	-0.411565	0.368755	1.23313
2.73	0.234158	1.35925	-2.09722	-1.72845	-0.41144	0.36883	1.23313
2.743	0.233616	1.35879	-2.09733	-1.72897	-0.411319	0.368851	1.23313
2.756	0.233109	1.35832	-2.09743	-1.72957	-0.411205	0.368851	1.23313
2.769	0.232601	1.3578	-2.09757	-1.7302	-0.411058	0.368851	1.23313
2.782	0.232098	1.35725	-2.09775	-1.7308	-0.410874	0.368851	1.23313
2.795	0.232098	1.35725	-2.09775	-1.7308	-0.410874	0.368851	1.23313
2.808	0.231596	1.35666	-2.09795	-1.73139	-0.410636	0.368851	1.23313
2.821	0.231072	1.35604	-2.09817	-1.73195	-0.410332	0.368851	1.23313
2.834	0.23046	1.35539	-2.09839	-1.73247	-0.409982	0.368851	1.23313
2.847	0.229884	1.35472	-2.09861	-1.73308	-0.409528	0.368851	1.23313
2.86	0.22934	1.35406	-2.09886	-1.73385	-0.40901	0.368851	1.23313
2.873	0.228835	1.35338	-2.09917	-1.73469	-0.408372	0.368851	1.23313
2.886	0.228333	1.35269	-2.09947	-1.73549	-0.407742	0.368849	1.23313
2.899	0.22786	1.35197	-2.09986	-1.73636	-0.407045	0.368851	1.23313
2.912	0.227436	1.35126	-2.10031	-1.73726	-0.406202	0.368849	1.23313
2.925	0.227436	1.35126	-2.10031	-1.73726	-0.406202	0.368849	1.23313
2.938	0.227003	1.35053	-2.10077	-1.73822	-0.405298	0.368849	1.23313
2.951	0.226546	1.34979	-2.10119	-1.73917	-0.404623	0.368849	1.23313
2.964	0.226082	1.34904	-2.10163	-1.74005	-0.404018	0.368849	1.23313
2.977	0.225637	1.3483	-2.10205	-1.74104	-0.403253	0.368851	1.23313
2.99	0.225274	1.34757	-2.10254	-1.74218	-0.402275	0.368851	1.23313
3.003	0.224921	1.3468	-2.10302	-1.74331	-0.401275	0.368851	1.23313
3.016	0.224567	1.34601	-2.10348	-1.74436	-0.400156	0.368851	1.23313
3.029	0.22424	1.34525	-2.10397	-1.7455	-0.398904	0.368851	1.23313
3.042	0.223976	1.34446	-2.10449	-1.74671	-0.397998	0.368851	1.23313
3.055	0.223741	1.34366	-2.10495	-1.74788	-0.397168	0.368851	1.23313
3.068	0.223741	1.34366	-2.10495	-1.74788	-0.397168	0.368851	1.23313
3.081	0.223532	1.3428	-2.10542	-1.74908	-0.396188	0.368851	1.23313
3.094	0.223332	1.34203	-2.10587	-1.75033	-0.39518	0.368851	1.23313
3.107	0.223083	1.34128	-2.10639	-1.75156	-0.394243	0.368851	1.23313
3.12	0.222848	1.3405	-2.10694	-1.75278	-0.393227	0.368851	1.23313
3.133	0.222643	1.33973	-2.10745	-1.75408	-0.392447	0.368852	1.23313
3.146	0.22245	1.33894	-2.10798	-1.75539	-0.391928	0.368852	1.23313
3.159	0.222243	1.33813	-2.10848	-1.75664	-0.391584	0.368852	1.23313
3.172	0.222069	1.33733	-2.10895	-1.75799	-0.391294	0.368852	1.23313
3.185	0.221898	1.33653	-2.10944	-1.75935	-0.391012	0.368852	1.23313
3.198	0.221898	1.33653	-2.10944	-1.75935	-0.391012	0.368852	1.23313
3.211	0.221743	1.3357	-2.10994	-1.76071	-0.390778	0.368852	1.23313
3.224	0.22161	1.33489	-2.1104	-1.76215	-0.390674	0.368852	1.23313
3.237	0.221449	1.33407	-2.11092	-1.76354	-0.390631	0.368852	1.23313
3.25	0.22125	1.3333	-2.11148	-1.76494	-0.390607	0.368852	1.23313
3.263	0.221058	1.33257	-2.1121	-1.76646	-0.390596	0.368851	1.23313
3.276	0.220878	1.33183	-2.11266	-1.76789	-0.390586	0.368851	1.23313
3.289	0.22073	1.331	-2.11315	-1.7694	-0.390582	0.368852	1.23313
3.302	0.220575	1.33021	-2.11363	-1.77089	-0.39058	0.368851	1.23313
3.315	0.220416	1.32942	-2.11414	-1.77229	-0.390576	0.368852	1.23313
3.328	0.220296	1.32867	-2.11461	-1.77372	-0.390578	0.368852	1.23313
3.341	0.220296	1.32867	-2.11461	-1.77372	-0.390578	0.368852	1.23313
3.354	0.220181	1.32789	-2.11507	-1.77517	-0.390578	0.368852	1.23313
3.367	0.220053	1.32711	-2.11556	-1.77652	-0.390578	0.368852	1.23313
3.38	0.219922	1.32637	-2.11612	-1.77791	-0.390578	0.368852	1.23313
3.393	0.219784	1.32564	-2.11668	-1.77927	-0.390578	0.368851	1.23313
3.406	0.219676	1.32486	-2.11712	-1.78061	-0.390578	0.368851	1.23313
3.419	0.219623	1.3241	-2.11753	-1.782	-0.390578	0.368851	1.23313
3.432	0.219538	1.32334	-2.11793	-1.78336	-0.390578	0.368851	1.23313
3.445	0.219461	1.32257	-2.11836	-1.78477	-0.390578	0.368851	1.23313
3.458	0.219385	1.32184	-2.11874	-1.78624	-0.390578	0.368851	1.23313
3.471	0.219385	1.32184	-2.11874	-1.78624	-0.390578	0.368851	1.23313
3.484	0.219303	1.32108	-2.11914	-1.78765	-0.39058	0.368851	1.23313
3.497	0.21922	1.32031	-2.11951	-1.78911	-0.39058	0.368851	1.23313
3.51	0.219107	1.31959	-2.11995	-1.79057	-0.39058	0.368851	1.23313
3.523	0.218914	1.31887	-2.12045	-1.79194	-0.39058	0.368851	1.23313
3.536	0.218738	1.3181	-2.12089	-1.79341	-0.390584	0.368851	1.23313
3.549	0.218561	1.31733	-2.12128	-1.79488	-0.390586	0.368849	1.23313
3.562	0.218368	1.31653	-2.12168	-1.79632	-0.390586	0.368849	1.23313
3.575	0.218182	1.31571	-2.12204	-1.79784	-0.390586	0.368849	1.23313
3.588	0.217975	1.31488	-2.1224	-1.79936	-0.390588	0.368847	1.23313
3.601	0.217768	1.31406	-2.12282	-1.8009	-0.390588	0.368847	1.23313
3.614	0.217768	1.31406	-2.12282	-1.8009	-0.390588	0.368847	1.23313
3.627	0.217545	1.31328	-2.12322	-1.80247	-0.390588	0.368847	1.23313
3.64	0.217255	1.31242	-2.12369	-1.80396	-0.39059	0.368847	1.23313
3.653	0.216877	1.31161	-2.12419	-1.80538	-0.39059	0.368849	1.23313
3.666	0.216507	1.31078	-2.12464	-1.80673	-0.39059	0.368849	1.23313
3.679	0.216106	1.3099	-2.12506	-1.80806	-0.39059	0.368849	1.23313
3.692	0.21575	1.30909	-2.12545	-1.8094	-0.390592	0.368849	1.23313
3.705	0.215343	1.30827	-2.12583	-1.81064	-0.390592	0.368849	1.23313
3.718	0.214889	1.30741	-2.12619	-1.81181	-0.390592	0.368847	1.23313
3.731	0.214435	1.30661	-2.12655	-1.81292	-0.390594	0.368847	1.23313
3.744	0.213957	1.30578	-2.12697	-1.81402	-0.390594	0.368847	1.23313
3.757	0.213957	1.30578	-2.12697	-1.81402	-0.390594	0.368847	1.23313
3.77	0.213489	1.30498	-2.12738	-1.81506	-0.390594	0.368846	1.23313
3.783	0.212985	1.3042	-2.12781	-1.8161	-0.390596	0.368846	1.23313
3.796	0.212432	1.30343	-2.12821	-1.81712	-0.390596	0.368846	1.23313
3.809	0.211931	1.30265	-2.12857	-1.81808	-0.390596	0.368846	1.23313
3.822	0.211417	1.30187	-2.1289	-1.81903	-0.390596	0.368846	1.23313
3.835	0.210906	1.3011	-2.12927	-1.81999	-0.390596	0.368846	1.23313
3.848	0.210378	1.30031	-2.12961	-1.82095	-0.390596	0.368846	1.23313
3.861	0.209846	1.29954	-2.12994	-1.82185	-0.390598	0.368846	1.23313
3.874	0.209305	1.29877	-2.13029	-1.82271	-0.390598	0.368844	1.23313
3.887	0.209305	1.29877	-2.13029	-1.82271	-0.390598	0.368844	1.23313
3.9	0.208785	1.29807	-2.13061	-1.82359	-0.390598	0.368844	1.23313
3.913	0.208279	1.29734	-2.13099	-1.82456	-0.3906	0.368842	1.23313
3.926	0.207737	1.29666	-2.13135	-1.82547	-0.3906	0.368842	1.23313
3.939	0.207184	1.29593	-2.13183	-1.82638	-0.390603	0.368842	1.23313
3.952	0.20658	1.29525	-2.13228	-1.8273	-0.390603	0.36884	1.23313
3.965	0.206069	1.2945	-2.13276	-1.82834	-0.390605	0.368839	1.23313
3.978	0.205519	1.29381	-2.13317	-1.82932	-0.390607	0.368837	1.23313
3.991	0.204959	1.29309	-2.13367	-1.83025	-0.390609	0.368837	1.23313
4.004	0.204413	1.29235	-2.13415	-1.83117	-0.390609	0.368835	1.23313
4.017	0.203931	1.29157	-2.13462	-1.8322	-0.390611	0.368835	1.23313
4.03	0.203931	1.29157	-2.13462	-1.8322	-0.390611	0.368835	1.23313
4.043	0.203374	1.2908	-2.13518	-1.83324	-0.390613	0.368834	1.23313
4.056	0.202719	1.29005	-2.13583	-1.83422	-0.390617	0.368832	1.23313
4.069	0.202001	1.28936	-2.13642	-1.83525	-0.390619	0.36883	1.23313
4.082	0.20134	1.28858	-2.13703	-1.83645	-0.390621	0.368825	1.23313
4.095	0.200714	1.28781	-2.13766	-1.83763	-0.390623	0.368823	1.23313
4.108	0.2001	1.28699	-2.13831	-1.8388	-0.390625	0.36882	1.23313
4.121	0.199463	1.28615	-2.13899	-1.84005	-0.390627	0.368817	1.23313
4.134	0.198797	1.28534	-2.13967	-1.84122	-0.390629	0.368811	1.23313
4.147	0.198101	1.2845	-2.1403	-1.84232	-0.390633	0.368805	1.23313
4.16	0.198101	1.2845	-2.1403	-1.84232	-0.390633	0.368805	1.23313
4.173	0.197441	1.28361	-2.14085	-1.84347	-0.390635	0.368798	1.23313
4.186	0.196769	1.28277	-2.14142	-1.8446	-0.390637	0.368794	1.23313
4.199	0.19602	1.28191	-2.14198	-1.8456	-0.390639	0.368791	1.23313
4.212	0.195265	1.28106	-2.1425	-1.84656	-0.390643	0.368784	1.23313
4.225	0.194538	1.28026	-2.143	-1.8476	-0.390646	0.368738	1.23313
4.238	0.193885	1.27947	-2.14354	-1.84871	-0.39065	0.368704	1.23313
4.251	0.193225	1.2787	-2.14402	-1.84974	-0.390652	0.368685	1.23313
4.264	0.192576	1.27789	-2.1445	-1.85073	-0.390654	0.368648	1.23313
4.277	0.191988	1.27709	-2.14495	-1.85176	-0.390656	0.368505	1.23313
4.29	0.191405	1.2763	-2.14535	-1.85278	-0.390658	0.368116	1.23313
4.303	0.191405	1.2763	-2.14535	-1.85278	-0.390658	0.368116	1.23313
4.316	0.190777	1.2755	-2.14578	-1.85373	-0.39066	0.367683	1.23313
4.329	0.190091	1.27472	-2.14621	-1.85472	-0.390664	0.36747	1.23313
4.342	0.189356	1.274	-2.14665	-1.85574	-0.390666	0.367412	1.23313
4.355	0.188704	1.27325	-2.14717	-1.85681	-0.39067	0.3674	1.23313
4.368	0.188047	1.27247	-2.14758	-1.85784	-0.390674	0.36739	1.23313
4.381	0.18741	1.27166	-2.14799	-1.85883	-0.390678	0.367368	1.23313
4.394	0.186729	1.27087	-2.14841	-1.85984	-0.390686	0.367351	1.23313
4.407	0.185998	1.2701	-2.14879	-1.86081	-0.39069	0.367329	1.23313
4.42	0.185259	1.26931	-2.14924	-1.86171	-0.390697	0.367288	1.23313
4.433	0.185259	1.26931	-2.14924	-1.86171	-0.390697	0.367288	1.23313
4.446	0.184566	1.2685	-2.14971	-1.86265	-0.390709	0.367204	1.23313
4.459	0.183864	1.26767	-2.15015	-1.86363	-0.39075	0.367087	1.23313
4.472	0.183068	1.26686	-2.1507	-1.86448	-0.390881	0.366768	1.23313
4.485	0.182255	1.26599	-2.15136	-1.86528	-0.391161	0.36633	1.23313
4.498	0.181384	1.26515	-2.15189	-1.86606	-0.391633	0.365873	1.23313
4.511	0.180621	1.26425	-2.1525	-1.86691	-0.392147	0.365358	1.23313
4.524	0.179828	1.26337	-2.15305	-1.86777	-0.392642	0.364487	1.23313
4.537	0.178995	1.26254	-2.15367	-1.86856	-0.393225	0.363322	1.23313
4.55	0.178179	1.26165	-2.15431	-1.86927	-0.394	0.362391	1.23313
4.563	0.177322	1.26079	-2.15489	-1.86993	-0.395182	0.361711	1.23313
4.576	0.177322	1.26079	-2.15489	-1.86993	-0.395182	0.361711	1.23313
4.589	0.176556	1.25994	-2.15567	-1.87063	-0.396577	0.360705	1.23313
4.602	0.175705	1.25908	-2.15632	-1.8714	-0.398252	0.359066	1.23313
4.615	0.174816	1.25826	-2.15703	-1.87208	-0.399778	0.357675	1.23313
4.628	0.173926	1.25744	-2.15776	-1.87281	-0.401414	0.355762	1.23313
4.641	0.173057	1.25658	-2.15843	-1.87356	-0.403388	0.353637	1.23313
4.654	0.172257	1.2557	-2.15928	-1.87437	-0.405619	0.351111	1.23313
4.667	0.171343	1.25483	-2.16	-1.8752	-0.407687	0.348713	1.23313
4.68	0.170466	1.25398	-2.16071	-1.87609	-0.410055	0.346206	1.23313
4.693	0.169592	1.2531	-2.16146	-1.87705	-0.412512	0.344143	1.23313
4.706	0.169592	1.2531	-2.16146	-1.87705	-0.412512	0.344143	1.23313
4.719	0.168772	1.25221	-2.16221	-1.87799	-0.414745	0.342473	1.23313
4.732	0.167976	1.25129	-2.16303	-1.87897	-0.416926	0.341389	1.23313
4.745	0.167149	1.25039	-2.16385	-1.87995	-0.418826	0.339848	1.23313
4.758	0.166237	1.24947	-2.16456	-1.88082	-0.420411	0.338645	1.23313
4.771	0.165341	1.24851	-2.16528	-1.88164	-0.421843	0.337888	1.23313
4.784	0.164498	1.24756	-2.166	-1.88253	-0.423131	0.336773	1.23313
4.797	0.163623	1.24656	-2.16677	-1.88341	-0.424064	0.335424	1.23313
4.81	0.162776	1.24557	-2.16755	-1.88424	-0.424589	0.334362	1.23313
4.823	0.161891	1.24447	-2.16828	-1.8851	-0.425021	0.333268	1.23313
4.836	0.16107	1.24343	-2.16907	-1.88598	-0.425512	0.331508	1.23313
4.849	0.16107	1.24343	-2.16907	-1.88598	-0.425512	0.331508	1.23313
4.862	0.160233	1.24239	-2.16976	-1.88695	-0.426132	0.330152	1.23313
4.875	0.159405	1.24136	-2.17046	-1.88789	-0.426884	0.328688	1.23313
4.888	0.158523	1.24035	-2.17122	-1.88868	-0.427596	0.327094	1.23313
4.901	0.157595	1.23932	-2.17186	-1.8894	-0.428553	0.326065	1.23313
4.914	0.156826	1.23832	-2.17254	-1.89018	-0.429817	0.324791	1.23313
4.927	0.156051	1.23732	-2.17308	-1.89096	-0.430963	0.323472	1.23313
4.94	0.15528	1.2364	-2.17358	-1.89166	-0.432249	0.322692	1.23313
4.953	0.154519	1.23541	-2.17414	-1.89234	-0.433828	0.322003	1.23313
4.966	0.153756	1.23451	-2.17468	-1.89302	-0.43556	0.320851	1.23313
4.979	0.153756	1.23451	-2.17468	-1.89302	-0.43556	0.320851	1.23313
4.992	0.153071	1.23358	-2.17533	-1.89373	-0.43725	0.319477	1.23313
5.005	0.152403	1.23265	-2.17582	-1.8945	-0.438767	0.318374	1.23313
5.018	0.151741	1.23168	-2.17636	-1.89532	-0.440418	0.31675	1.23313
5.031	0.150995	1.23076	-2.17689	-1.89605	-0.442099	0.314776	1.23313
5.044	0.150253	1.22985	-2.17745	-1.89677	-0.443641	0.312671	1.23313
5.057	0.149576	1.22887	-2.17804	-1.89751	-0.445034	0.310367	1.23313
5.07	0.148941	1.22793	-2.17865	-1.89832	-0.446454	0.307955	1.23313
5.083	0.148287	1.22693	-2.17932	-1.89912	-0.447773	0.30614	1.23313
5.096	0.147655	1.22596	-2.17993	-1.89986	-0.449037	0.30427	1.23313
5.109	0.147037	1.22493	-2.1805	-1.90055	-0.449886	0.302954	1.23313
5.122	0.147037	1.22493	-2.1805	-1.90055	-0.449886	0.302954	1.23313
5.135	0.146443	1.22397	-2.18107	-1.90122	-0.450581	0.301983	1.23313
5.148	0.145864	1.22301	-2.18172	-1.90191	-0.451272	0.300527	1.23313
5.161	0.145292	1.22202	-2.18234	-1.90258	-0.452086	0.299259	1.23313
5.174	0.144731	1.22107	-2.18294	-1.90326	-0.452999	0.298124	1.23313
5.187	0.144129	1.22009	-2.18353	-1.90389	-0.454017	0.296242	1.23313
5.2	0.143558	1.21918	-2.1841	-1.90451	-0.455058	0.294533	1.23313
5.213	0.143007	1.2182	-2.18472	-1.90513	-0.455964	0.292211	1.23313
5.226	0.142468	1.21727	-2.18531	-1.90575	-0.456997	0.289999	1.23313
5.239	0.141938	1.21631	-2.18595	-1.90642	-0.458439	0.287534	1.23313
5.252	0.141448	1.2154	-2.18657	-1.90711	-0.460118	0.285588	1.23313
5.265	0.141448	1.2154	-2.18657	-1.90711	-0.460118	0.285588	1.23313
5.278	0.140982	1.21448	-2.18717	-1.9078	-0.462	0.283606	1.23313
5.291	0.140481	1.21348	-2.18775	-1.90846	-0.463724	0.282043	1.23313
5.304	0.139923	1.21255	-2.18835	-1.90905	-0.46577	0.280095	1.23313
5.317	0.139367	1.21154	-2.18901	-1.9097	-0.46805	0.278523	1.23313
5.33	0.138852	1.21057	-2.18969	-1.91041	-0.469936	0.276335	1.23313
5.343	0.138323	1.2095	-2.19048	-1.91111	-0.471889	0.274301	1.23313
5.356	0.137788	1.20845	-2.19124	-1.91175	-0.473965	0.27169	1.23313
5.369	0.137268	1.20728	-2.19202	-1.91238	-0.475681	0.26927	1.23313
5.382	0.136765	1.20611	-2.19281	-1.91295	-0.477309	0.26734	1.23313
5.395	0.136765	1.20611	-2.19281	-1.91295	-0.477309	0.26734	1.23313
5.408	0.136226	1.2049	-2.19362	-1.91353	-0.478831	0.265938	1.23313
5.421	0.135661	1.2037	-2.19458	-1.91413	-0.480234	0.264717	1.23313
5.434	0.13504	1.20247	-2.19549	-1.91473	-0.481206	0.26416	1.23313
5.447	0.134453	1.20121	-2.19636	-1.91529	-0.481835	0.264034	1.23313
5.46	0.133842	1.19993	-2.19729	-1.91581	-0.482345	0.263993	1.23313
5.473	0.133252	1.19867	-2.19822	-1.91628	-0.482787	0.263978	1.23313
5.486	0.132687	1.19739	-2.19918	-1.9167	-0.483173	0.263961	1.23313
5.499	0.132053	1.19608	-2.20014	-1.91712	-0.483603	0.263906	1.23313
5.512	0.131454	1.19478	-2.20115	-1.91757	-0.484024	0.263558	1.23313
5.525	0.130822	1.19349	-2.20204	-1.91804	-0.484466	0.262692	1.23313
5.538	0.130822	1.19349	-2.20204	-1.91804	-0.484466	0.262692	1.23313
5.551	0.130212	1.19224	-2.20292	-1.91848	-0.485026	0.26102	1.23313
5.564	0.129592	1.19097	-2.20374	-1.91893	-0.485738	0.259427	1.23313
5.577	0.12895	1.1897	-2.20453	-1.91933	-0.486542	0.257318	1.23313
5.59	0.12827	1.18845	-2.20527	-1.91967	-0.487204	0.255171	1.23313
5.603	0.127595	1.18719	-2.20604	-1.92002	-0.4878	0.252607	1.23313
5.616	0.126897	1.18595	-2.20669	-1.92031	-0.488501	0.250369	1.23313
5.629	0.126162	1.18467	-2.20727	-1.92061	-0.489301	0.248143	1.23313
5.642	0.125444	1.18342	-2.20783	-1.92094	-0.490051	0.2464	1.23313
5.655	0.124672	1.18215	-2.20834	-1.92127	-0.490735	0.24466	1.23313
5.668	0.124672	1.18215	-2.20834	-1.92127	-0.490735	0.24466	1.23313
5.681	0.123882	1.18088	-2.20887	-1.92161	-0.491459	0.243744	1.23313
5.694	0.123066	1.17964	-2.20942	-1.92197	-0.492195	0.242771	1.23313
5.707	0.12218	1.17838	-2.21003	-1.92231	-0.492843	0.241547	1.23313
5.72	0.121335	1.17719	-2.21061	-1.92262	-0.49331	0.240791	1.23313
5.733	0.120368	1.17595	-2.21114	-1.92292	-0.493621	0.240441	1.23313
5.746	0.119471	1.17472	-2.21179	-1.92323	-0.493958	0.240078	1.23313
5.759	0.118499	1.17348	-2.21232	-1.92346	-0.494308	0.239569	1.23313
5.772	0.117586	1.17224	-2.21292	-1.9237	-0.494682	0.238616	1.23313
5.785	0.116622	1.17098	-2.21354	-1.92392	-0.495001	0.237343	1.23313
5.798	0.115559	1.16966	-2.21421	-1.92416	-0.495281	0.236383	1.23313
5.811	0.115559	1.16966	-2.21421	-1.92416	-0.495281	0.236383	1.23313
5.824	0.114514	1.16835	-2.2149	-1.92436	-0.49558	0.235442	1.23313
5.837	0.113488	1.16696	-2.21553	-1.92455	-0.49585	0.233671	1.23313
5.85	0.112407	1.16559	-2.21615	-1.92469	-0.496089	0.232178	1.23313
5.863	0.111331	1.16425	-2.21684	-1.92476	-0.496314	0.230736	1.23313
5.876	0.110291	1.16286	-2.21754	-1.92484	-0.496547	0.229097	1.23313
5.889	0.109262	1.1615	-2.2182	-1.9249	-0.49676	0.228132	1.23313
5.902	0.108221	1.16016	-2.21883	-1.92495	-0.496952	0.227228	1.23313
5.915	0.107205	1.1588	-2.2194	-1.92498	-0.497181	0.225972	1.23313
5.928	0.106211	1.15752	-2.21994	-1.92498	-0.497488	0.224968	1.23313
5.941	0.106211	1.15752	-2.21994	-1.92498	-0.497488	0.224968	1.23313
5.954	0.105272	1.15618	-2.22059	-1.92504	-0.497793	0.224324	1.23313
5.967	0.104303	1.15486	-2.22127	-1.92505	-0.498083	0.223603	1.23313
5.98	0.103344	1.15357	-2.22194	-1.92508	-0.498329	0.222337	1.23313
5.993	0.102348	1.15228	-2.22256	-1.92514	-0.498484	0.22097	1.23313
6.006	0.101437	1.15096	-2.22322	-1.92524	-0.498578	0.219768	1.23313
6.019	0.100455	1.14962	-2.22386	-1.92533	-0.498636	0.217781	1.23313
6.032	0.0995042	1.14822	-2.2246	-1.92547	-0.498675	0.216029	1.23313
6.045	0.098516	1.14686	-2.22532	-1.9256	-0.498724	0.214012	1.23313
6.058	0.0975483	1.14544	-2.2261	-1.92575	-0.498799	0.21232	1.23313
6.071	0.0964848	1.14406	-2.22676	-1.92583	-0.498826	0.210735	1.23313
6.084	0.0964848	1.14406	-2.22676	-1.92583	-0.498826	0.210735	1.23313
6.097	0.0954736	1.14264	-2.22745	-1.92585	-0.498828	0.209363	1.23313
6.11	0.0943986	1.14121	-2.22812	-1.92585	-0.49883	0.208597	1.23313
6.123	0.0933606	1.13978	-2.22894	-1.92586	-0.498834	0.208146	1.23313
6.136	0.0923136	1.13836	-2.22977	-1.92586	-0.498836	0.207679	1.23313
6.149	0.0912578	1.13697	-2.23051	-1.92586	-0.498838	0.207186	1.23313
6.162	0.0902735	1.13553	-2.23131	-1.92586	-0.498838	0.206539	1.23313
6.175	0.0892738	1.13409	-2.23209	-1.92586	-0.49884	0.205916	1.23313
6.188	0.0882984	1.13268	-2.23287	-1.92586	-0.49884	0.205461	1.23313
6.201	0.0873895	1.1313	-2.23368	-1.92586	-0.49884	0.205129	1.23313
6.214	0.0873895	1.1313	-2.23368	-1.92586	-0.49884	0.205129	1.23313
6.227	0.0865178	1.12988	-2.23447	-1.92586	-0.49884	0.204713	1.23313
6.24	0.0856996	1.1284	-2.23528	-1.92586	-0.498842	0.20398	1.23314
6.253	0.0848866	1.12695	-2.23611	-1.92586	-0.49884	0.202497	1.23314
6.266	0.0840915	1.12554	-2.23686	-1.92585	-0.498842	0.201004	1.23313
6.279	0.0833015	1.12412	-2.23769	-1.92585	-0.498842	0.19959	1.23313
6.292	0.0825895	1.12276	-2.23849	-1.92585	-0.498844	0.197621	1.23313
6.305	0.0819043	1.12137	-2.23909	-1.92585	-0.498846	0.196147	1.23313
6.318	0.0811718	1.12001	-2.23972	-1.92585	-0.498846	0.194192	1.23313
6.331	0.0804624	1.11873	-2.2403	-1.92584	-0.498848	0.192671	1.23313
6.344	0.0797043	1.11742	-2.2408	-1.92584	-0.49885	0.191165	1.23313
6.357	0.0797043	1.11742	-2.2408	-1.92584	-0.49885	0.191165	1.23313
6.37	0.0789514	1.11618	-2.2413	-1.92584	-0.498859	0.189714	1.23313
6.383	0.0782266	1.11492	-2.24176	-1.92584	-0.498885	0.188954	1.23313
6.396	0.0774264	1.11374	-2.24213	-1.92583	-0.49894	0.188451	1.23313
6.409	0.0766376	1.11257	-2.24252	-1.92583	-0.499032	0.187587	1.23313
6.422	0.0758169	1.11132	-2.24282	-1.92583	-0.499127	0.186397	1.23313
6.435	0.0749899	1.1101	-2.24308	-1.92583	-0.499233	0.18545	1.23313
6.448	0.0741654	1.10881	-2.24339	-1.92583	-0.499401	0.184662	1.23313
6.461	0.0732693	1.10753	-2.24368	-1.92583	-0.499636	0.18329	1.23314
6.474	0.0723872	1.10626	-2.24403	-1.92583	-0.499982	0.181507	1.23314
6.487	0.0723872	1.10626	-2.24403	-1.92583	-0.499982	0.181507	1.23314
6.5	0.0714834	1.10502	-2.24436	-1.92583	-0.500497	0.179665	1.23314
6.513	0.0706449	1.10376	-2.24474	-1.92583	-0.501313	0.177231	1.23313
6.526	0.0697411	1.1025	-2.24513	-1.92583	-0.502464	0.174753	1.23314
6.539	0.0687926	1.10127	-2.2456	-1.92581	-0.503751	0.172406	1.23314
6.552	0.067807	1.09998	-2.24608	-1.92579	-0.505312	0.169847	1.23314
6.565	0.0669033	1.09873	-2.24648	-1.92573	-0.506719	0.167676	1.23314
6.578	0.0659982	1.0974	-2.24687	-1.9257	-0.508152	0.165436	1.23314
6.591	0.0650522	1.09612	-2.24728	-1.92562	-0.509691	0.163461	1.23314
6.604	0.0641408	1.09482	-2.2477	-1.92552	-0.511198	0.161595	1.23314
6.617	0.0631386	1.0935	-2.24812	-1.92543	-0.512464	0.159892	1.23314
6.63	0.0631386	1.0935	-2.24812	-1.92543	-0.512464	0.159892	1.23314
6.643	0.0622272	1.09218	-2.24865	-1.92538	-0.513329	0.157876	1.23313
6.656	0.0611726	1.0908	-2.24914	-1.92531	-0.514119	0.156151	1.23314
6.669	0.0601691	1.08942	-2.2498	-1.92518	-0.514777	0.15415	1.23314
6.682	0.0590569	1.088	-2.25032	-1.92499	-0.515403	0.152643	1.23314
6.695	0.0580266	1.0865	-2.2509	-1.92482	-0.515908	0.150693	1.23314
6.708	0.0569145	1.08507	-2.25141	-1.92458	-0.516499	0.149406	1.23314
6.721	0.0558484	1.0836	-2.25188	-1.92438	-0.517168	0.148169	1.23314
6.734	0.054772	1.08213	-2.25228	-1.92417	-0.517802	0.146846	1.23314
6.747	0.053656	1.08064	-2.25266	-1.92399	-0.518264	0.145938	1.23314
6.76	0.053656	1.08064	-2.25266	-1.92399	-0.518264	0.145938	1.23314
6.773	0.0525912	1.07921	-2.25305	-1.92377	-0.518674	0.14474	1.23314
6.786	0.0515034	1.07777	-2.25348	-1.92358	-0.519121	0.142658	1.23314
6.799	0.0504219	1.07638	-2.25385	-1.92337	-0.519719	0.140567	1.23314
6.812	0.0493277	1.07501	-2.25416	-1.92312	-0.520471	0.137733	1.23314
6.825	0.0481912	1.07354	-2.25447	-1.92294	-0.521508	0.134629	1.23314
6.838	0.047074	1.07217	-2.25457	-1.92273	-0.522801	0.131583	1.23314
6.851	0.0459772	1.0707	-2.25464	-1.92255	-0.524339	0.128761	1.23314
6.864	0.0448638	1.06925	-2.25474	-1.92234	-0.525564	0.125967	1.23314
6.877	0.0436852	1.06775	-2.25479	-1.9221	-0.526965	0.12333	1.23314
6.89	0.0425488	1.0663	-2.25483	-1.9218	-0.528599	0.120908	1.23314
6.903	0.0425488	1.0663	-2.25483	-1.9218	-0.528599	0.120908	1.23314
6.916	0.0412781	1.06479	-2.25485	-1.92147	-0.530416	0.118181	1.23314
6.929	0.0400548	1.06331	-2.25492	-1.9211	-0.531872	0.115425	1.23314
6.942	0.038788	1.06179	-2.25497	-1.92076	-0.53315	0.113054	1.23314
6.955	0.0374125	1.06018	-2.25504	-1.92048	-0.534289	0.11092	1.23314
6.968	0.0360881	1.05861	-2.25518	-1.92008	-0.535177	0.109622	1.23314
6.981	0.0347561	1.05703	-2.25532	-1.9197	-0.536034	0.108197	1.23314
6.994	0.033396	1.05547	-2.25542	-1.91927	-0.536738	0.107372	1.23314
7.007	0.0320461	1.05393	-2.25557	-1.91882	-0.537042	0.107239	1.23314
7.02	0.0307461	1.05237	-2.25574	-1.9183	-0.537126	0.107232	1.23314
7.033	0.0294396	1.05079	-2.25588	-1.91775	-0.537169	0.107218	1.23314
7.046	0.0294396	1.05079	-2.25588	-1.91775	-0.537169	0.107218	1.23314
7.059	0.0281409	1.04918	-2.256	-1.91713	-0.537206	0.1072	1.23314
7.072	0.0269252	1.04758	-2.25606	-1.91653	-0.537269	0.107181	1.23314
7.085	0.0256341	1.04597	-2.25613	-1.916	-0.537419	0.107055	1.23314
7.098	0.0244094	1.04435	-2.25618	-1.91554	-0.537679	0.106514	1.23314
7.111	0.0232142	1.04277	-2.25618	-1.9151	-0.538086	0.105393	1.23314
7.124	0.0219653	1.04119	-2.25618	-1.91467	-0.538668	0.10351	1.23314
7.137	0.0207803	1.03968	-2.25619	-1.9142	-0.539382	0.101699	1.23314
7.15	0.0195339	1.03813	-2.25618	-1.91373	-0.540276	0.0990048	1.23314
7.163	0.0182684	1.03658	-2.25617	-1.91327	-0.541135	0.0963612	1.23314
7.176	0.0182684	1.03658	-2.25617	-1.91327	-0.541135	0.0963612	1.23314
7.189	0.0170016	1.03516	-2.25619	-1.91278	-0.54207	0.0938949	1.23314
7.202	0.0157207	1.03366	-2.25618	-1.91234	-0.54298	0.0914866	1.23314
7.215	0.0144283	1.03217	-2.25618	-1.9119	-0.543769	0.0900156	1.23314
7.228	0.0130759	1.03073	-2.25618	-1.91141	-0.544469	0.0886981	1.23314
7.241	0.0117375	1.02927	-2.25618	-1.91089	-0.545209	0.0878527	1.23314
7.254	0.010348	1.02775	-2.25618	-1.91033	-0.54603	0.0875766	1.23314
7.267	0.00898015	1.02632	-2.25618	-1.90968	-0.546917	0.087505	1.23314
7.28	0.00765454	1.02482	-2.25618	-1.90899	-0.547844	0.0874675	1.23314
7.293	0.00629825	1.02333	-2.25618	-1.90828	-0.548856	0.0874573	1.23314
7.306	0.00497391	1.02187	-2.25619	-1.9076	-0.549691	0.0874301	1.23314
7.319	0.00497391	1.02187	-2.25619	-1.9076	-0.549691	0.0874301	1.23314
7.332	0.00372244	1.02039	-2.25618	-1.90691	-0.550349	0.0871318	1.23314
7.345	0.00241217	1.01891	-2.25617	-1.90621	-0.551139	0.086346	1.23314
7.358	0.00112363	1.01751	-2.25618	-1.90544	-0.552231	0.0848206	1.23314
7.371	-0.00018408	1.01605	-2.25618	-1.9047	-0.553483	0.0829713	1.23314
7.384	-0.00156849	1.01454	-2.25618	-1.90405	-0.555033	0.0806703	1.23314
7.397	-0.00287749	1.01305	-2.25618	-1.90338	-0.556544	0.0779466	1.23314
7.41	-0.00419671	1.01155	-2.25618	-1.90269	-0.558003	0.074923	1.23314
7.423	-0.00560542	1.01001	-2.25618	-1.90201	-0.559856	0.0722914	1.23314
7.436	-0.0069694	1.00851	-2.25618	-1.90124	-0.561789	0.0704489	1.23314
7.449	-0.0069694	1.00851	-2.25618	-1.90124	-0.561789	0.0704489	1.23314
7.462	-0.00829883	1.00703	-2.25617	-1.90039	-0.563314	0.0686814	1.23314
7.475	-0.00966792	1.00553	-2.25617	-1.89957	-0.564687	0.0676741	1.23314
7.488	-0.0110242	1.00406	-2.25617	-1.89871	-0.566008	0.0674133	1.23314
7.501	-0.0123588	1.00255	-2.25617	-1.8978	-0.567203	0.0673281	1.23314
7.514	-0.0137342	1.00106	-2.25616	-1.89685	-0.568307	0.0672326	1.23314
7.527	-0.0150739	0.999577	-2.25616	-1.8959	-0.568878	0.0672003	1.23314
7.54	-0.0163075	0.998211	-2.25615	-1.89497	-0.569156	0.067202	1.23314
7.553	-0.0176075	0.996806	-2.25615	-1.89406	-0.569459	0.067202	1.23314
7.566	-0.0188526	0.995443	-2.25615	-1.89309	-0.569819	0.067202	1.23314
7.579	-0.0200491	0.994086	-2.25614	-1.89215	-0.570142	0.0672003	1.23314
7.592	-0.0200491	0.994086	-2.25614	-1.89215	-0.570142	0.0672003	1.23314
7.605	-0.0212878	0.992706	-2.25612	-1.89127	-0.570373	0.0671951	1.23314
7.618	-0.0224626	0.991382	-2.25613	-1.89035	-0.570573	0.0671287	1.23314
7.631	-0.0236272	0.990017	-2.25611	-1.8894	-0.570843	0.0666071	1.23314
7.644	-0.0247725	0.988709	-2.2561	-1.88843	-0.571228	0.065051	1.23314
7.657	-0.0258744	0.987517	-2.25609	-1.8875	-0.571678	0.0633977	1.23314
7.67	-0.0269674	0.986293	-2.25609	-1.88664	-0.57215	0.0618586	1.23314
7.683	-0.0280731	0.985089	-2.25608	-1.88569	-0.572639	0.0598695	1.23314
7.696	-0.0292658	0.983866	-2.25608	-1.8848	-0.57332	0.058252	1.23314
7.709	-0.0304482	0.982647	-2.25606	-1.88399	-0.574099	0.0561863	1.23314
7.722	-0.0304482	0.982647	-2.25606	-1.88399	-0.574099	0.0561863	1.23314
7.735	-0.0315668	0.981484	-2.25599	-1.88316	-0.574893	0.0549114	1.23314
7.748	-0.0327773	0.980345	-2.25587	-1.88228	-0.575472	0.0536671	1.23313
7.761	-0.0339547	0.979317	-2.25586	-1.88123	-0.576067	0.0526717	1.23314
7.774	-0.035201	0.978236	-2.25584	-1.88021	-0.57677	0.0523258	1.23314
7.787	-0.0363694	0.977179	-2.25581	-1.8792	-0.577613	0.0522678	1.23314
7.8	-0.0375582	0.976164	-2.25577	-1.87821	-0.578556	0.0522661	1.23314
7.813	-0.0387701	0.975145	-2.25569	-1.8772	-0.579528	0.0522627	1.23314
7.826	-0.0399474	0.974078	-2.25562	-1.87623	-0.580411	0.0522422	1.23314
7.839	-0.0411388	0.972996	-2.25552	-1.87528	-0.580943	0.0522218	1.23314
7.852	-0.0423136	0.971931	-2.25547	-1.87427	-0.581242	0.0522184	1.23314
7.865	-0.0423136	0.971931	-2.25547	-1.87427	-0.581242	0.0522184	1.23314
7.878	-0.043505	0.97081	-2.25538	-1.87325	-0.581424	0.0521945	1.23314
7.891	-0.0447232	0.969647	-2.25528	-1.87229	-0.581612	0.0519695	1.23314
7.904	-0.0459619	0.968522	-2.25514	-1.87138	-0.581861	0.0513525	1.23314
7.917	-0.0472172	0.967366	-2.25484	-1.8705	-0.582197	0.0503793	1.23314
7.93	-0.0485249	0.966143	-2.25432	-1.86959	-0.582716	0.0488658	1.23314
7.943	-0.0498147	0.964907	-2.25381	-1.86873	-0.583381	0.0477119	1.23314
7.956	-0.0511199	0.963778	-2.25324	-1.86793	-0.584119	0.0467847	1.23314
7.969	-0.0525158	0.962626	-2.2525	-1.86712	-0.584806	0.0453427	1.23314
7.982	-0.0538504	0.961554	-2.25179	-1.8662	-0.58559	0.0439945	1.23314
7.995	-0.0538504	0.961554	-2.25179	-1.8662	-0.58559	0.0439945	1.23314
8.008	-0.0552489	0.960426	-2.25101	-1.86528	-0.586473	0.0428969	1.23314
8.021	-0.0566627	0.95939	-2.25006	-1.86443	-0.587187	0.0411857	1.23314
8.034	-0.0580049	0.958331	-2.24924	-1.86359	-0.587564	0.0398869	1.23314
8.047	-0.0594469	0.957333	-2.24836	-1.86272	-0.587715	0.0391846	1.23314
8.06	-0.0609898	0.956262	-2.24751	-1.86183	-0.58778	0.0383069	1.23313
8.073	-0.0624867	0.955285	-2.24679	-1.86095	-0.587829	0.0372791	1.23313
8.086	-0.064036	0.954205	-2.24593	-1.86015	-0.587954	0.0368019	1.23313
8.099	-0.0655265	0.953245	-2.24516	-1.85933	-0.588161	0.0367047	1.23313
8.112	-0.0670554	0.952266	-2.2444	-1.85851	-0.588439	0.0367047	1.23313
8.125	-0.0686124	0.951263	-2.24354	-1.85768	-0.588729	0.0367047	1.23313
8.138	-0.0686124	0.951263	-2.24354	-1.85768	-0.588729	0.0367047	1.23313
8.151	-0.0701272	0.950285	-2.2427	-1.85688	-0.588883	0.0367047	1.23313
8.164	-0.071596	0.949313	-2.24186	-1.85613	-0.588922	0.036703	1.23313
8.177	-0.0731082	0.948434	-2.24107	-1.85538	-0.58894	0.036703	1.23313
8.19	-0.0745745	0.94754	-2.24031	-1.85448	-0.588948	0.0366996	1.23313
8.203	-0.0760113	0.946655	-2.23946	-1.85355	-0.588954	0.0366979	1.23313
8.216	-0.0773919	0.945802	-2.23854	-1.85262	-0.588956	0.0366962	1.23313
8.229	-0.0787277	0.944949	-2.23777	-1.85172	-0.588956	0.0366792	1.23313
8.242	-0.0801006	0.944153	-2.23699	-1.85076	-0.588959	0.036657	1.23313
8.255	-0.0814084	0.943366	-2.23621	-1.84974	-0.588959	0.0366502	1.23313
8.268	-0.0814084	0.943366	-2.23621	-1.84974	-0.588959	0.0366502	1.23313
8.281	-0.0826841	0.942552	-2.23539	-1.84872	-0.588956	0.0366451	1.23313
8.294	-0.0839637	0.941778	-2.23442	-1.84772	-0.588956	0.03664	1.23313
8.307	-0.0852062	0.940991	-2.23367	-1.84676	-0.588956	0.0366144	1.23313
8.32	-0.0865139	0.940289	-2.23281	-1.84569	-0.588956	0.0365496	1.23313
8.333	-0.0877782	0.939572	-2.23203	-1.8446	-0.588954	0.0364099	1.23313
8.346	-0.088976	0.938891	-2.2314	-1.84347	-0.588954	0.0361815	1.23313
8.359	-0.0901955	0.93817	-2.23062	-1.84232	-0.588954	0.0359514	1.23313
8.372	-0.09136	0.937436	-2.22998	-1.84124	-0.588954	0.0357997	1.23313
8.385	-0.0925412	0.936776	-2.22949	-1.84021	-0.588952	0.0357878	1.23313
8.398	-0.093716	0.936131	-2.22895	-1.83917	-0.58895	0.0357878	1.23313
8.411	-0.093716	0.936131	-2.22895	-1.83917	-0.58895	0.0357878	1.23313
8.424	-0.0947898	0.935454	-2.2285	-1.83807	-0.588948	0.0357894	1.23313
8.437	-0.0959364	0.934802	-2.22798	-1.83697	-0.588946	0.0357894	1.23313
8.45	-0.0969361	0.934121	-2.22758	-1.83586	-0.588946	0.0357912	1.23313
8.463	-0.0979715	0.933497	-2.22712	-1.83476	-0.588946	0.0357912	1.23313
8.476	-0.0989533	0.932799	-2.22665	-1.83371	-0.588946	0.0357912	1.23313
8.489	-0.0999427	0.932145	-2.22619	-1.83272	-0.588948	0.0357894	1.23313
8.502	-0.1009	0.931526	-2.22576	-1.83177	-0.58895	0.0357912	1.23313
8.515	-0.101867	0.930891	-2.22531	-1.83087	-0.58895	0.0357946	1.23313
8.528	-0.102807	0.93023	-2.22489	-1.82997	-0.588948	0.0357963	1.23313
8.541	-0.102807	0.93023	-2.22489	-1.82997	-0.588948	0.0357963	1.23313
8.554	-0.103801	0.929598	-2.22444	-1.82906	-0.588948	0.0357946	1.23313
8.567	-0.104752	0.929001	-2.22398	-1.82814	-0.588948	0.0357946	1.23313
8.58	-0.105673	0.92843	-2.22343	-1.82722	-0.58895	0.0357963	1.23313
8.593	-0.106595	0.927806	-2.22286	-1.82629	-0.58895	0.0357963	1.23313
8.606	-0.107545	0.927175	-2.22238	-1.8254	-0.58895	0.0357963	1.23313
8.619	-0.108509	0.926547	-2.22192	-1.82459	-0.588954	0.0357946	1.23313
8.632	-0.10946	0.925982	-2.22134	-1.82378	-0.588959	0.0357929	1.23313
8.645	-0.110312	0.925397	-2.22075	-1.82293	-0.588959	0.0357946	1.23313
8.658	-0.111238	0.924832	-2.22015	-1.82205	-0.588959	0.0357946	1.23313
8.671	-0.112108	0.924237	-2.21964	-1.8212	-0.588956	0.0357912	1.23313
8.684	-0.112108	0.924237	-2.21964	-1.8212	-0.588956	0.0357912	1.23313
8.697	-0.112971	0.923611	-2.219	-1.82037	-0.588956	0.0357894	1.23313
8.71	-0.113769	0.922998	-2.21835	-1.8195	-0.588959	0.0357878	1.23313
8.723	-0.114595	0.922421	-2.21772	-1.81863	-0.588959	0.0357878	1.23313
8.736	-0.1155	0.921875	-2.21709	-1.81774	-0.588959	0.0357792	1.23313
8.749	-0.116271	0.921329	-2.21659	-1.81691	-0.588959	0.0357724	1.23313
8.762	-0.1171	0.920832	-2.21596	-1.81609	-0.588959	0.0357741	1.23313
8.775	-0.117889	0.920332	-2.21539	-1.81527	-0.588959	0.0357775	1.23313
8.788	-0.118713	0.919785	-2.21478	-1.81446	-0.588961	0.0357826	1.23313
8.801	-0.119613	0.919236	-2.21423	-1.81371	-0.588961	0.0357826	1.23313
8.814	-0.119613	0.919236	-2.21423	-1.81371	-0.588961	0.0357826	1.23313
8.827	-0.120474	0.918712	-2.21372	-1.81299	-0.588963	0.0357826	1.23313
8.84	-0.121361	0.918237	-2.21312	-1.81226	-0.588965	0.0357826	1.23313
8.853	-0.122173	0.917784	-2.21264	-1.81154	-0.588965	0.0357826	1.23313
8.866	-0.123046	0.917361	-2.21216	-1.8108	-0.588965	0.0357843	1.23313
8.879	-0.123901	0.916951	-2.21173	-1.8101	-0.588965	0.0357843	1.23313
8.892	-0.124742	0.916551	-2.21122	-1.80944	-0.588963	0.0357843	1.23313
8.905	-0.125528	0.916148	-2.2107	-1.80879	-0.588961	0.0357843	1.23313
8.918	-0.126277	0.915745	-2.21026	-1.80818	-0.588959	0.035786	1.23313
8.931	-0.12708	0.9154	-2.20979	-1.80752	-0.588956	0.035786	1.23313
8.944	-0.127764	0.915022	-2.20942	-1.80682	-0.588954	0.035786	1.23313
8.957	-0.127764	0.915022	-2.20942	-1.80682	-0.588954	0.035786	1.23313
8.97	-0.128416	0.914601	-2.20904	-1.80609	-0.588952	0.035786	1.23313
8.983	-0.129023	0.91421	-2.20868	-1.80537	-0.588952	0.035786	1.23313
8.996	-0.129578	0.913816	-2.20839	-1.80468	-0.588952	0.035786	1.23313
9.009	-0.130133	0.913458	-2.20805	-1.804	-0.58895	0.035786	1.23313
9.022	-0.130758	0.91308	-2.20776	-1.80331	-0.58895	0.035786	1.23313
9.035	-0.13138	0.912643	-2.20748	-1.80262	-0.58895	0.0357843	1.23313
9.048	-0.131939	0.912175	-2.20713	-1.80194	-0.588948	0.035786	1.23313
9.061	-0.132512	0.911699	-2.20682	-1.80129	-0.588946	0.035786	1.23313
9.074	-0.13308	0.91125	-2.20667	-1.80066	-0.588946	0.035786	1.23313
9.087	-0.133652	0.910823	-2.20655	-1.80003	-0.588946	0.035786	1.23313
9.1	-0.133652	0.910823	-2.20655	-1.80003	-0.588946	0.035786	1.23313
9.113	-0.134161	0.910426	-2.20645	-1.79936	-0.588946	0.035786	1.23313
9.126	-0.134717	0.910084	-2.20634	-1.7987	-0.588946	0.035786	1.23313
9.139	-0.135279	0.909763	-2.2063	-1.7981	-0.588944	0.0357878	1.23313
9.152	-0.135789	0.909451	-2.20627	-1.79758	-0.588946	0.0357878	1.23313
9.165	-0.136279	0.909127	-2.20621	-1.79715	-0.588944	0.0357878	1.23313
9.178	-0.136789	0.908793	-2.20612	-1.79678	-0.588944	0.0357878	1.23313
9.191	-0.137261	0.908432	-2.20604	-1.79641	-0.588944	0.0357878	1.23313
9.204	-0.137695	0.90805	-2.20591	-1.796	-0.588944	0.0357878	1.23313
9.217	-0.138098	0.907663	-2.20577	-1.79555	-0.588944	0.0357878	1.23313
9.23	-0.138098	0.907663	-2.20577	-1.79555	-0.588944	0.0357878	1.23313
9.243	-0.138495	0.907308	-2.20563	-1.79508	-0.588944	0.0357878	1.23313
9.256	-0.138887	0.907009	-2.20541	-1.79461	-0.588944	0.0357878	1.23313
9.269	-0.13922	0.906745	-2.20515	-1.79418	-0.588944	0.0357878	1.23313
9.282	-0.139558	0.90648	-2.20489	-1.79382	-0.588944	0.0357878	1.23313
9.295	-0.139881	0.906207	-2.20462	-1.79351	-0.588944	0.0357894	1.23313
9.308	-0.140215	0.905937	-2.20434	-1.79319	-0.588942	0.0357894	1.23313
9.321	-0.140529	0.905684	-2.20405	-1.79287	-0.588942	0.0357894	1.23313
9.334	-0.140863	0.905425	-2.20368	-1.79259	-0.588942	0.0357894	1.23313
9.347	-0.141174	0.905114	-2.2033	-1.79234	-0.588942	0.0357894	1.23313
9.36	-0.141457	0.904777	-2.20294	-1.79211	-0.588942	0.0357894	1.23313
9.373	-0.141457	0.904777	-2.20294	-1.79211	-0.588942	0.0357894	1.23313
9.386	-0.141758	0.904465	-2.20263	-1.7919	-0.588942	0.0357912	1.23313
9.399	-0.142081	0.904137	-2.20243	-1.79174	-0.58894	0.0357912	1.23313
9.412	-0.142453	0.90377	-2.20229	-1.7916	-0.58894	0.0357912	1.23313
9.425	-0.14277	0.903378	-2.20217	-1.79142	-0.588938	0.0357912	1.23313
9.438	-0.143088	0.903031	-2.20203	-1.79119	-0.588938	0.0357912	1.23313
9.451	-0.143361	0.902718	-2.20192	-1.79091	-0.588938	0.0357929	1.23313
9.464	-0.143627	0.902448	-2.20179	-1.79061	-0.588936	0.0357946	1.23313
9.477	-0.143876	0.902198	-2.20168	-1.79031	-0.588936	0.0357946	1.23313
9.49	-0.144111	0.901977	-2.20158	-1.79005	-0.588936	0.0357946	1.23313
9.503	-0.144111	0.901977	-2.20158	-1.79005	-0.588936	0.0357946	1.23313
9.516	-0.144388	0.901761	-2.20147	-1.7898	-0.588936	0.0357946	1.23313
9.529	-0.144645	0.901562	-2.20138	-1.78954	-0.588936	0.0357946	1.23313
9.542	-0.144845	0.901372	-2.20127	-1.78928	-0.588934	0.0357946	1.23313
9.555	-0.145062	0.90121	-2.2011	-1.78904	-0.588934	0.0357946	1.23313
9.568	-0.145268	0.901055	-2.20093	-1.78885	-0.588934	0.0357963	1.23313
9.581	-0.145481	0.900903	-2.20074	-1.78869	-0.588934	0.0357963	1.23313
9.594	-0.145685	0.900751	-2.20054	-1.78854	-0.588932	0.0357963	1.23313
9.607	-0.145864	0.900596	-2.20036	-1.78838	-0.588932	0.0357963	1.23313
9.62	-0.146053	0.900429	-2.20021	-1.78823	-0.588932	0.0357963	1.23313
9.633	-0.146259	0.900242	-2.20003	-1.78811	-0.588932	0.0357963	1.23313
9.646	-0.146259	0.900242	-2.20003	-1.78811	-0.588932	0.0357963	1.23313
9.659	-0.146484	0.90004	-2.19974	-1.788	-0.58893	0.035798	1.23313
9.672	-0.146711	0.899797	-2.19939	-1.7879	-0.58893	0.035798	1.23313
9.685	-0.146945	0.899467	-2.19909	-1.78784	-0.58893	0.035798	1.23313
9.698	-0.147192	0.899122	-2.19885	-1.78777	-0.58893	0.035798	1.23313
9.711	-0.147436	0.898857	-2.19868	-1.78767	-0.58893	0.035798	1.23313
9.724	-0.147664	0.898632	-2.19859	-1.78756	-0.58893	0.035798	1.23313
9.737	-0.147901	0.898448	-2.19851	-1.78743	-0.58893	0.035798	1.23313
9.75	-0.148124	0.898244	-2.19848	-1.78731	-0.58893	0.035798	1.23313
9.763	-0.148344	0.898039	-2.19845	-1.78717	-0.58893	0.035798	1.23313
9.776	-0.148344	0.898039	-2.19845	-1.78717	-0.58893	0.035798	1.23313
9.789	-0.148575	0.897816	-2.19842	-1.78706	-0.58893	0.035798	1.23313
9.802	-0.148797	0.89757	-2.19841	-1.78693	-0.58893	0.035798	1.23313
9.815	-0.149011	0.897338	-2.19839	-1.78679	-0.58893	0.035798	1.23313
9.828	-0.149208	0.897114	-2.19833	-1.78667	-0.58893	0.035798	1.23313
9.841	-0.149387	0.89692	-2.19827	-1.78653	-0.58893	0.035798	1.23313
9.854	-0.149575	0.896739	-2.19822	-1.78642	-0.588928	0.035798	1.23313
9.867	-0.149787	0.896585	-2.19814	-1.78631	-0.588928	0.035798	1.23313
9.88	-0.149998	0.896448	-2.19802	-1.78618	-0.58893	0.035798	1.23313
9.893	-0.150202	0.896333	-2.19788	-1.78602	-0.588928	0.035798	1.23313
9.906	-0.150411	0.896228	-2.19775	-1.78588	-0.588928	0.0357997	1.23313
9.919	-0.150411	0.896228	-2.19775	-1.78588	-0.588928	0.0357997	1.23313
9.932	-0.150613	0.896128	-2.19763	-1.78572	-0.588928	0.0357997	1.23313
9.945	-0.150792	0.896043	-2.19752	-1.78555	-0.588928	0.0357997	1.23313
9.958	-0.150958	0.895962	-2.1974	-1.78539	-0.588926	0.0357997	1.23313
9.971	-0.15113	0.895867	-2.19727	-1.7853	-0.588926	0.0357997	1.23313
9.984	-0.151294	0.895761	-2.19715	-1.78525	-0.588926	0.0357997	1.23313
9.997	-0.151435	0.895645	-2.19703	-1.78518	-0.588926	0.0357997	1.23313
10.01	-0.15155	0.895529	-2.19689	-1.78508	-0.588926	0.0357997	1.23313
10.023	-0.151645	0.895387	-2.19673	-1.78493	-0.588926	0.0357997	1.23313
10.036	-0.151738	0.895213	-2.19658	-1.78475	-0.588926	0.0358014	1.23313
10.049	-0.151738	0.895213	-2.19658	-1.78475	-0.588926	0.0358014	1.23313
10.062	-0.15184	0.894998	-2.19646	-1.78456	-0.588926	0.0357997	1.23313
10.075	-0.151948	0.894796	-2.19633	-1.78439	-0.588926	0.0358014	1.23313
10.088	-0.152089	0.894633	-2.19623	-1.78423	-0.588926	0.0358014	1.23313
10.101	-0.15223	0.894502	-2.19616	-1.78406	-0.588926	0.0358014	1.23313
10.114	-0.152354	0.894371	-2.19608	-1.78388	-0.588926	0.0358014	1.23313
10.127	-0.152467	0.894228	-2.19592	-1.7837	-0.588924	0.0358014	1.23313
10.14	-0.152565	0.894084	-2.19569	-1.78354	-0.588924	0.0358014	1.23313
10.153	-0.152673	0.893955	-2.19538	-1.78338	-0.588924	0.0358031	1.23313
10.166	-0.152786	0.89384	-2.1951	-1.78324	-0.588924	0.0358031	1.23313
10.179	-0.152903	0.893776	-2.19494	-1.78311	-0.588924	0.0358048	1.23313
10.192	-0.152903	0.893776	-2.19494	-1.78311	-0.588924	0.0358048	1.23313
10.205	-0.153034	0.893742	-2.19485	-1.783	-0.588924	0.0358048	1.23313
10.218	-0.153148	0.893726	-2.19481	-1.78289	-0.588924	0.0358065	1.23313
10.231	-0.153231	0.893726	-2.19478	-1.78276	-0.588924	0.0358082	1.23313
10.244	-0.153292	0.893726	-2.19477	-1.78263	-0.588924	0.0358099	1.23313
10.257	-0.153349	0.893717	-2.19478	-1.78255	-0.588924	0.0358116	1.23313
10.27	-0.153401	0.893707	-2.19478	-1.78251	-0.588922	0.0358133	1.23313
10.283	-0.153433	0.893706	-2.19478	-1.78248	-0.588922	0.0358133	1.23313
10.296	-0.153458	0.893706	-2.19478	-1.78245	-0.588922	0.035815	1.23313
10.309	-0.153473	0.893702	-2.19478	-1.78244	-0.588922	0.0358167	1.23313
10.322	-0.153488	0.893693	-2.19478	-1.78243	-0.58892	0.0358184	1.23313
10.335	-0.153488	0.893693	-2.19478	-1.78243	-0.58892	0.0358184	1.23313
10.348	-0.153495	0.893692	-2.19478	-1.78243	-0.58892	0.0358201	1.23313
10.361	-0.153498	0.893693	-2.19478	-1.78242	-0.588918	0.0358218	1.23313
10.374	-0.153502	0.893692	-2.19478	-1.78242	-0.588918	0.0358235	1.23313
10.387	-0.153505	0.893691	-2.19478	-1.78242	-0.588918	0.0358252	1.23313
10.4	-0.153517	0.893691	-2.19478	-1.78242	-0.588916	0.0358252	1.23313
10.413	-0.153526	0.893691	-2.19478	-1.78242	-0.588916	0.035827	1.23313
10.426	-0.153537	0.893687	-2.19478	-1.78242	-0.588913	0.0358286	1.23313
10.439	-0.153558	0.89368	-2.19478	-1.78242	-0.588913	0.0358286	1.23313
10.452	-0.153567	0.893684	-2.19478	-1.78242	-0.588913	0.0358286	1.23313
10.465	-0.153567	0.893684	-2.19478	-1.78242	-0.588913	0.0358286	1.23313
10.478	-0.153567	0.893685	-2.19477	-1.78242	-0.588913	0.0358304	1.23313
10.491	-0.153567	0.893684	-2.19476	-1.78241	-0.588913	0.0358304	1.23313
10.504	-0.153574	0.893683	-2.19476	-1.78241	-0.588913	0.0358321	1.23313
10.517	-0.153578	0.893684	-2.19476	-1.7824	-0.588913	0.0358338	1.23313
10.53	-0.15358	0.893683	-2.19477	-1.7824	-0.588913	0.0358338	1.23313
10.543	-0.153589	0.89368	-2.19477	-1.7824	-0.588913	0.0358338	1.23313
10.556	-0.153608	0.893674	-2.19477	-1.7824	-0.588911	0.0358355	1.23313
10.569	-0.153624	0.893671	-2.19477	-1.7824	-0.588911	0.0358355	1.23313
10.582	-0.153649	0.893674	-2.19477	-1.7824	-0.588911	0.0358372	1.23313
10.595	-0.153665	0.893673	-2.19477	-1.7824	-0.588911	0.0358372	1.23313
10.608	-0.153665	0.893673	-2.19477	-1.7824	-0.588911	0.0358372	1.23313
10.621	-0.153673	0.893673	-2.19477	-1.7824	-0.588911	0.0358372	1.23313
10.634	-0.153679	0.893674	-2.19477	-1.7824	-0.588911	0.0358389	1.23313
10.647	-0.153698	0.893674	-2.19477	-1.7824	-0.588909	0.0358389	1.23313
10.66	-0.153728	0.893674	-2.19477	-1.7824	-0.588909	0.0358406	1.23313
10.673	-0.153738	0.893674	-2.19477	-1.7824	-0.588909	0.0358406	1.23313
10.686	-0.153738	0.893678	-2.19476	-1.7824	-0.588909	0.0358423	1.23313
10.699	-0.153739	0.893679	-2.19474	-1.7824	-0.588909	0.0358457	1.23313
10.712	-0.153755	0.893675	-2.19473	-1.7824	-0.588907	0.0358474	1.23313
10.725	-0.153796	0.89367	-2.19475	-1.7824	-0.588907	0.0358491	1.23313
10.738	-0.153796	0.89367	-2.19475	-1.7824	-0.588907	0.0358491	1.23313
10.751	-0.153808	0.893673	-2.19474	-1.7824	-0.588905	0.0358508	1.23313
10.764	-0.153828	0.893673	-2.19474	-1.7824	-0.588903	0.0358508	1.23313
10.777	-0.153858	0.89367	-2.19475	-1.7824	-0.588901	0.0358525	1.23313
10.79	-0.153886	0.893664	-2.19475	-1.7824	-0.588899	0.0358525	1.23313
10.803	-0.153953	0.893652	-2.19475	-1.7824	-0.588897	0.0358542	1.23313
10.816	-0.153995	0.893653	-2.19475	-1.7824	-0.588895	0.0358542	1.23313
10.829	-0.154012	0.893653	-2.19475	-1.7824	-0.588893	0.0358542	1.23313
10.842	-0.154054	0.893641	-2.19475	-1.7824	-0.588891	0.0358559	1.23313
10.855	-0.15411	0.893627	-2.19475	-1.7824	-0.588889	0.0358576	1.23313
10.868	-0.154157	0.893625	-2.19475	-1.7824	-0.588887	0.0358593	1.23313
10.881	-0.154157	0.893625	-2.19475	-1.7824	-0.588887	0.0358593	1.23313
10.894	-0.154209	0.893624	-2.19475	-1.7824	-0.588885	0.0358593	1.23313
10.907	-0.154266	0.893616	-2.19475	-1.7824	-0.588883	0.035861	1.23313
10.92	-0.154311	0.893614	-2.19475	-1.7824	-0.588881	0.035861	1.23313
10.933	-0.154324	0.893616	-2.19475	-1.7824	-0.588879	0.0358627	1.23313
10.946	-0.154325	0.893616	-2.19474	-1.7824	-0.588879	0.0358627	1.23313
10.959	-0.154326	0.893618	-2.19473	-1.78236	-0.588877	0.0358644	1.23313
10.972	-0.154327	0.893618	-2.19472	-1.78229	-0.588877	0.0358661	1.23313
10.985	-0.154329	0.893618	-2.19469	-1.78222	-0.588875	0.0358679	1.23313
10.998	-0.154329	0.893618	-2.19467	-1.78215	-0.588875	0.0358696	1.23313
11.011	-0.154329	0.893618	-2.19467	-1.78215	-0.588875	0.0358696	1.23313
11.024	-0.15433	0.893618	-2.19465	-1.78206	-0.588875	0.0358713	1.23313
11.037	-0.154333	0.893618	-2.19463	-1.78201	-0.588875	0.0358747	1.23313
11.05	-0.154335	0.893618	-2.19462	-1.78196	-0.588875	0.0358781	1.23313
11.063	-0.154336	0.893618	-2.19461	-1.78192	-0.588875	0.0358815	1.23313
11.076	-0.154336	0.893619	-2.1946	-1.78186	-0.588875	0.0358866	1.23313
11.089	-0.154336	0.893618	-2.1946	-1.78181	-0.588873	0.03589	1.23313
11.102	-0.154339	0.893616	-2.19462	-1.78179	-0.588873	0.0358951	1.23313
11.115	-0.154343	0.893616	-2.19462	-1.78179	-0.588873	0.0359002	1.23313
11.128	-0.154347	0.893618	-2.19462	-1.78179	-0.588873	0.0359053	1.23313
11.141	-0.154349	0.893618	-2.19462	-1.78179	-0.588873	0.0359122	1.23313
11.154	-0.154349	0.893618	-2.19462	-1.78179	-0.588873	0.0359122	1.23313
11.167	-0.154356	0.893616	-2.19462	-1.7818	-0.588871	0.035919	1.23313
11.18	-0.154367	0.893618	-2.19462	-1.7818	-0.588871	0.0359275	1.23313
11.193	-0.154398	0.89362	-2.1946	-1.78181	-0.588871	0.0359343	1.23313
11.206	-0.154428	0.893616	-2.1946	-1.78181	-0.588871	0.0359411	1.23313
11.219	-0.154482	0.893613	-2.19461	-1.78182	-0.588868	0.0359463	1.23313
11.232	-0.154541	0.893614	-2.19461	-1.78182	-0.588868	0.0359514	1.23313
11.245	-0.1546	0.893614	-2.19461	-1.78182	-0.588867	0.0359565	1.23313
11.258	-0.154652	0.893613	-2.19462	-1.78182	-0.588864	0.0359616	1.23313
11.271	-0.154689	0.893614	-2.19462	-1.78182	-0.588862	0.0359667	1.23313
11.284	-0.154689	0.893614	-2.19462	-1.78182	-0.588862	0.0359667	1.23313
11.297	-0.154708	0.893615	-2.19462	-1.78182	-0.588862	0.0359718	1.23313
11.31	-0.154716	0.893616	-2.19461	-1.78182	-0.58886	0.0359752	1.23313
11.323	-0.154729	0.893615	-2.1946	-1.78182	-0.58886	0.0359803	1.23313
11.336	-0.154745	0.893615	-2.19459	-1.78182	-0.588858	0.035982	1.23313
11.349	-0.154756	0.893615	-2.19456	-1.78182	-0.588858	0.0359855	1.23313
11.362	-0.154767	0.893614	-2.19455	-1.78182	-0.588856	0.0359889	1.23313
11.375	-0.154777	0.893615	-2.19454	-1.78182	-0.588854	0.035994	1.23313
11.388	-0.154804	0.893615	-2.19454	-1.78182	-0.588854	0.0360008	1.23313
11.401	-0.154855	0.893615	-2.19453	-1.78182	-0.588852	0.0360042	1.23313
11.414	-0.154882	0.893615	-2.19453	-1.78182	-0.588852	0.0360076	1.23313
11.427	-0.154882	0.893615	-2.19453	-1.78182	-0.588852	0.0360076	1.23313
11.44	-0.154899	0.893614	-2.19454	-1.78182	-0.58885	0.036011	1.23313
11.453	-0.154937	0.893614	-2.19454	-1.78182	-0.58885	0.0360144	1.23313
11.466	-0.154977	0.893615	-2.19454	-1.78182	-0.58885	0.0360161	1.23313
11.479	-0.15499	0.893616	-2.19453	-1.78182	-0.58885	0.0360161	1.23313
11.492	-0.154996	0.893616	-2.19452	-1.78182	-0.58885	0.0360178	1.23313
11.505	-0.155006	0.893615	-2.19449	-1.78182	-0.58885	0.0360195	1.23313
11.518	-0.155023	0.893615	-2.19446	-1.78182	-0.588848	0.0360213	1.23313
11.531	-0.155041	0.893615	-2.19446	-1.78182	-0.588848	0.0360213	1.23313
11.544	-0.15508	0.893614	-2.19446	-1.78182	-0.588848	0.0360229	1.23313
11.557	-0.15508	0.893614	-2.19446	-1.78182	-0.588848	0.0360229	1.23313
11.57	-0.155125	0.893615	-2.19447	-1.78182	-0.588848	0.0360247	1.23313
11.583	-0.155176	0.893615	-2.19447	-1.78182	-0.588848	0.0360247	1.23313
11.596	-0.155245	0.893613	-2.19447	-1.78182	-0.588848	0.0360247	1.23313
11.609	-0.155324	0.893615	-2.19447	-1.78182	-0.588848	0.0360264	1.23313
11.622	-0.155385	0.893615	-2.19447	-1.78182	-0.588848	0.0360264	1.23313
11.635	-0.155451	0.893615	-2.19445	-1.78182	-0.588848	0.0360281	1.23313
11.648	-0.15552	0.893614	-2.19445	-1.78182	-0.588848	0.0360298	1.23313
11.661	-0.155604	0.893614	-2.19445	-1.78182	-0.588846	0.0360298	1.23313
11.674	-0.155722	0.893615	-2.19443	-1.78182	-0.588846	0.0360315	1.23313
11.687	-0.155852	0.893614	-2.19442	-1.78182	-0.588844	0.0360315	1.23313
11.7	-0.155852	0.893614	-2.19442	-1.78182	-0.588844	0.0360315	1.23313
11.713	-0.155985	0.893614	-2.19441	-1.78182	-0.588844	0.0360332	1.23313
11.726	-0.156125	0.893615	-2.19436	-1.78182	-0.588842	0.0360332	1.23313
11.739	-0.156253	0.893615	-2.19429	-1.78179	-0.58884	0.0360349	1.23313
11.752	-0.156334	0.893615	-2.19425	-1.78176	-0.588838	0.0360366	1.23313
11.765	-0.15641	0.893615	-2.19417	-1.78175	-0.588836	0.0360383	1.23313
11.778	-0.156456	0.893615	-2.19406	-1.78174	-0.588832	0.03604	1.23313
11.791	-0.15649	0.893615	-2.19394	-1.78173	-0.58883	0.0360417	1.23313
11.804	-0.156525	0.893615	-2.19386	-1.78172	-0.588828	0.0360451	1.23313
11.817	-0.156552	0.893615	-2.19383	-1.78172	-0.588826	0.0360485	1.23313
11.83	-0.156552	0.893615	-2.19383	-1.78172	-0.588826	0.0360485	1.23313
11.843	-0.156585	0.893615	-2.19382	-1.78172	-0.588821	0.0360519	1.23313
11.856	-0.156617	0.893615	-2.19383	-1.78172	-0.588817	0.0360536	1.23313
11.869	-0.156631	0.893614	-2.19383	-1.7817	-0.588815	0.036057	1.23313
11.882	-0.156662	0.893614	-2.19383	-1.7817	-0.588811	0.0360605	1.23313
11.895	-0.156696	0.893614	-2.19383	-1.78169	-0.588807	0.0360622	1.23313
11.908	-0.156711	0.893614	-2.19383	-1.78169	-0.588803	0.0360656	1.23313
11.921	-0.156713	0.893615	-2.19383	-1.78167	-0.588799	0.036069	1.23313
11.934	-0.156713	0.893616	-2.19383	-1.78166	-0.588797	0.0360724	1.23313
11.947	-0.156713	0.893618	-2.19382	-1.78164	-0.588795	0.0360758	1.23313
11.96	-0.156713	0.893618	-2.19382	-1.78163	-0.588791	0.0360792	1.23313
11.973	-0.156713	0.893618	-2.19382	-1.78163	-0.588791	0.0360792	1.23313
11.986	-0.156713	0.893616	-2.19382	-1.78163	-0.588789	0.0360877	1.23313
11.999	-0.156732	0.893615	-2.19382	-1.78164	-0.588789	0.0360963	1.23313
12.012	-0.156772	0.893615	-2.19382	-1.78165	-0.588787	0.0361048	1.23313
12.025	-0.156786	0.893616	-2.19382	-1.78165	-0.588785	0.0361201	1.23313
12.038	-0.156806	0.893616	-2.19382	-1.78165	-0.588783	0.036144	1.23313
12.051	-0.156837	0.893616	-2.19382	-1.78165	-0.588783	0.0361917	1.23313
12.064	-0.156873	0.893616	-2.19382	-1.78165	-0.588778	0.0362394	1.23313
12.077	-0.156901	0.893615	-2.19382	-1.78165	-0.588778	0.0362616	1.23313
12.09	-0.15691	0.893616	-2.19382	-1.78165	-0.588776	0.0362752	1.23313
12.103	-0.156915	0.893616	-2.19382	-1.78165	-0.588774	0.0362889	1.23313
12.116	-0.156915	0.893616	-2.19382	-1.78165	-0.588774	0.0362889	1.23313
12.129	-0.156924	0.893616	-2.19382	-1.78165	-0.588772	0.0362957	1.23313
12.142	-0.156948	0.893616	-2.19382	-1.78165	-0.58877	0.0363008	1.23313
12.155	-0.156988	0.893616	-2.1938	-1.78165	-0.58877	0.0363059	1.23313
12.168	-0.157002	0.893618	-2.19374	-1.78165	-0.588768	0.0363127	1.23313
12.181	-0.157007	0.893618	-2.19369	-1.78165	-0.588768	0.0363246	1.23313
12.194	-0.157018	0.893618	-2.19362	-1.78165	-0.588766	0.0363297	1.23313
12.207	-0.157045	0.893618	-2.19352	-1.78165	-0.588762	0.0363366	1.23313
12.22	-0.15706	0.893618	-2.19342	-1.78165	-0.588758	0.0363434	1.23313
12.233	-0.157063	0.893618	-2.19331	-1.78165	-0.588752	0.0363485	1.23313
12.246	-0.157063	0.893618	-2.19331	-1.78165	-0.588752	0.0363485	1.23313
12.259	-0.157063	0.893618	-2.19324	-1.78162	-0.588746	0.036357	1.23313
12.272	-0.157063	0.893618	-2.19318	-1.78157	-0.58874	0.0363638	1.23313
12.285	-0.157067	0.893616	-2.19313	-1.78149	-0.588733	0.0363707	1.23313
12.298	-0.157074	0.893616	-2.19312	-1.78143	-0.588725	0.0363792	1.23313
12.311	-0.157092	0.893615	-2.19312	-1.78139	-0.588715	0.0363843	1.23313
12.324	-0.157101	0.893616	-2.19312	-1.78136	-0.588697	0.0363894	1.23313
12.337	-0.157105	0.893616	-2.19311	-1.78133	-0.588674	0.0363928	1.23313
12.35	-0.157119	0.893615	-2.19311	-1.78132	-0.588648	0.0363979	1.23313
12.363	-0.157154	0.893613	-2.19311	-1.78132	-0.588621	0.0364013	1.23313
12.376	-0.157191	0.893613	-2.19311	-1.78133	-0.588598	0.036403	1.23313
12.389	-0.157191	0.893613	-2.19311	-1.78133	-0.588598	0.036403	1.23313
12.402	-0.157216	0.893614	-2.1931	-1.78133	-0.588576	0.0364064	1.23313
12.415	-0.157239	0.893613	-2.1931	-1.78133	-0.588551	0.0364082	1.23313
12.428	-0.157287	0.893609	-2.1931	-1.78133	-0.588523	0.0364099	1.23313
12.441	-0.157342	0.893606	-2.1931	-1.78133	-0.58849	0.0364116	1.23313
12.454	-0.157397	0.893607	-2.1931	-1.78133	-0.58847	0.036415	1.23313
12.467	-0.157431	0.893609	-2.19309	-1.78133	-0.588453	0.0364167	1.23313
12.48	-0.157468	0.893609	-2.19309	-1.78133	-0.588433	0.0364167	1.23313
12.493	-0.157509	0.893609	-2.19309	-1.78133	-0.588414	0.0364184	1.23313
12.506	-0.157527	0.893609	-2.19309	-1.78132	-0.588398	0.0364184	1.23313
12.519	-0.157527	0.893609	-2.19309	-1.78132	-0.588398	0.0364184	1.23313
12.532	-0.157537	0.893609	-2.19309	-1.78131	-0.588382	0.0364201	1.23313
12.545	-0.157547	0.893609	-2.19309	-1.78129	-0.588365	0.0364201	1.23313
12.558	-0.15757	0.893609	-2.19308	-1.78127	-0.588351	0.0364201	1.23313
12.571	-0.157597	0.893609	-2.19306	-1.78126	-0.588331	0.0364201	1.23313
12.584	-0.157613	0.893609	-2.19305	-1.78123	-0.588306	0.0364218	1.23313
12.597	-0.157617	0.893609	-2.19305	-1.78118	-0.588283	0.0364218	1.23313
12.61	-0.157619	0.893609	-2.19305	-1.78111	-0.588269	0.0364218	1.23313
12.623	-0.157634	0.893609	-2.19305	-1.78109	-0.588253	0.0364235	1.23313
12.636	-0.157655	0.893607	-2.19305	-1.78107	-0.588234	0.0364235	1.23313
12.649	-0.157666	0.893609	-2.19304	-1.78104	-0.588216	0.0364235	1.23313
12.662	-0.157666	0.893609	-2.19304	-1.78104	-0.588216	0.0364235	1.23313
12.675	-0.157671	0.893609	-2.19302	-1.78097	-0.588202	0.0364235	1.23313
12.688	-0.157679	0.893609	-2.193	-1.7809	-0.588183	0.0364252	1.23313
12.701	-0.157693	0.893609	-2.19296	-1.78079	-0.588161	0.0364269	1.23313
12.714	-0.157698	0.893609	-2.19292	-1.78068	-0.588144	0.0364286	1.23313
12.727	-0.157705	0.893609	-2.19289	-1.78059	-0.588126	0.0364303	1.23313
12.74	-0.157717	0.893609	-2.19288	-1.78054	-0.588112	0.036432	1.23313
12.753	-0.157739	0.893609	-2.19288	-1.78049	-0.588097	0.0364337	1.23313
12.766	-0.157755	0.89361	-2.19286	-1.78043	-0.588081	0.0364354	1.23313
12.779	-0.15776	0.89361	-2.19282	-1.78037	-0.588063	0.0364388	1.23313
12.792	-0.15776	0.89361	-2.19282	-1.78037	-0.588063	0.0364388	1.23313
12.805	-0.157771	0.89361	-2.1928	-1.78034	-0.588038	0.0364422	1.23313
12.818	-0.157785	0.89361	-2.1928	-1.78032	-0.588003	0.0364439	1.23313
12.831	-0.157806	0.893609	-2.1928	-1.78031	-0.587967	0.0364474	1.23313
12.844	-0.157843	0.893609	-2.1928	-1.78031	-0.587932	0.0364491	1.23313
12.857	-0.157857	0.89361	-2.19278	-1.78031	-0.587891	0.0364508	1.23313
12.87	-0.157871	0.893609	-2.19278	-1.78031	-0.58785	0.0364525	1.23313
12.883	-0.157907	0.893609	-2.19278	-1.78031	-0.587815	0.0364559	1.23313
12.896	-0.157948	0.893609	-2.19277	-1.78031	-0.58778	0.0364576	1.23313
12.909	-0.157976	0.89361	-2.19276	-1.78031	-0.587756	0.0364593	1.23313
12.922	-0.157997	0.89361	-2.19275	-1.78031	-0.587735	0.0364627	1.23313
12.935	-0.157997	0.89361	-2.19275	-1.78031	-0.587735	0.0364627	1.23313
12.948	-0.158032	0.893609	-2.19275	-1.78031	-0.587723	0.0364644	1.23313
12.961	-0.158092	0.893609	-2.19275	-1.78031	-0.587715	0.0364661	1.23313
12.974	-0.158182	0.893609	-2.19274	-1.78031	-0.587707	0.0364678	1.23313
12.987	-0.158245	0.89361	-2.19274	-1.78031	-0.587701	0.0364695	1.23313
13	-0.158298	0.89361	-2.19273	-1.78031	-0.587695	0.0364712	1.23313
13.013	-0.158329	0.89361	-2.19272	-1.78031	-0.587684	0.0364729	1.23313
13.026	-0.158355	0.89361	-2.1927	-1.78031	-0.587678	0.0364746	1.23313
13.039	-0.1584	0.89361	-2.19268	-1.78031	-0.587672	0.0364763	1.23313
13.052	-0.158418	0.893613	-2.19266	-1.78031	-0.587666	0.0364763	1.23313
13.065	-0.158418	0.893613	-2.19266	-1.78031	-0.587666	0.0364763	1.23313
13.078	-0.158419	0.893613	-2.19265	-1.7803	-0.58766	0.0364763	1.23313
13.091	-0.158427	0.893611	-2.19265	-1.7803	-0.587654	0.036478	1.23313
13.104	-0.15844	0.893611	-2.19264	-1.7803	-0.587652	0.036478	1.23313
13.117	-0.158444	0.893619	-2.19259	-1.7803	-0.587647	0.036478	1.23313
13.13	-0.158444	0.893623	-2.19252	-1.78029	-0.587643	0.0364797	1.23313
13.143	-0.158445	0.893623	-2.19249	-1.78029	-0.587639	0.0364797	1.23313
13.156	-0.158445	0.893623	-2.19247	-1.78028	-0.587635	0.0364831	1.23313
13.169	-0.158445	0.893624	-2.19243	-1.78027	-0.587633	0.0364831	1.23313
13.182	-0.158445	0.893624	-2.19242	-1.78027	-0.587629	0.0364849	1.23313
13.195	-0.158446	0.893623	-2.19242	-1.78027	-0.587623	0.0364866	1.23313
13.208	-0.158446	0.893623	-2.19242	-1.78027	-0.587623	0.0364866	1.23313
13.221	-0.158446	0.893624	-2.19242	-1.78027	-0.587615	0.03649	1.23313
13.234	-0.158446	0.893624	-2.19242	-1.78026	-0.587604	0.0364917	1.23313
13.247	-0.158453	0.893622	-2.19242	-1.78027	-0.587594	0.0364934	1.23313
13.26	-0.158464	0.893619	-2.19242	-1.78027	-0.587584	0.0364968	1.23313
13.273	-0.158477	0.89362	-2.19241	-1.78027	-0.587574	0.0365002	1.23313
13.286	-0.158481	0.89362	-2.19241	-1.78027	-0.587564	0.0365019	1.23313
13.299	-0.158481	0.89362	-2.19241	-1.78027	-0.587553	0.0365053	1.23313
13.312	-0.158486	0.893622	-2.19241	-1.78027	-0.587543	0.0365104	1.23313
13.325	-0.158491	0.893623	-2.1924	-1.78027	-0.587537	0.0365155	1.23313
13.338	-0.158491	0.893623	-2.1924	-1.78027	-0.587537	0.0365155	1.23313
13.351	-0.158491	0.893625	-2.19239	-1.78026	-0.587531	0.0365189	1.23313
13.364	-0.158491	0.893628	-2.19239	-1.78025	-0.587525	0.0365224	1.23313
13.377	-0.158493	0.893628	-2.19239	-1.78021	-0.587519	0.0365275	1.23313
13.39	-0.158501	0.893627	-2.19238	-1.78018	-0.587517	0.0365326	1.23313
13.403	-0.158501	0.893628	-2.19238	-1.78014	-0.58751	0.0365377	1.23313
13.416	-0.158501	0.893634	-2.19237	-1.78005	-0.587508	0.0365428	1.23313
13.429	-0.158502	0.893643	-2.19231	-1.77993	-0.587506	0.0365496	1.23313
13.442	-0.158502	0.893646	-2.19223	-1.7798	-0.587504	0.0365564	1.23313
13.455	-0.158502	0.893646	-2.19216	-1.77968	-0.5875	0.036565	1.23313
13.468	-0.158502	0.893645	-2.19207	-1.77962	-0.5875	0.0365752	1.23313
13.481	-0.158502	0.893645	-2.19207	-1.77962	-0.5875	0.0365752	1.23313
13.494	-0.158504	0.893645	-2.19192	-1.7796	-0.587496	0.0365837	1.23313
13.507	-0.158507	0.893643	-2.19172	-1.7796	-0.587492	0.0365905	1.23313
13.52	-0.158525	0.893642	-2.1915	-1.77959	-0.587492	0.0366025	1.23313
13.533	-0.158579	0.893641	-2.19131	-1.77959	-0.58749	0.0366144	1.23313
13.546	-0.158631	0.893642	-2.19117	-1.77959	-0.587488	0.0366246	1.23313
13.559	-0.158663	0.893643	-2.19112	-1.77959	-0.587488	0.0366297	1.23313
13.572	-0.158688	0.893643	-2.1911	-1.77958	-0.587486	0.0366348	1.23313
13.585	-0.158698	0.893643	-2.19109	-1.77958	-0.587486	0.0366416	1.23313
13.598	-0.158699	0.893645	-2.19109	-1.77956	-0.587484	0.0366468	1.23313
13.611	-0.158699	0.893645	-2.19109	-1.77956	-0.587484	0.0366468	1.23313
13.624	-0.158699	0.893645	-2.19109	-1.77955	-0.587484	0.0366502	1.23313
13.637	-0.158699	0.893645	-2.19109	-1.77955	-0.587484	0.0366553	1.23313
13.65	-0.158702	0.893645	-2.19108	-1.77953	-0.587484	0.0366587	1.23313
13.663	-0.158704	0.893648	-2.19108	-1.77947	-0.587482	0.0366621	1.23313
13.676	-0.158706	0.893648	-2.19108	-1.77941	-0.587482	0.0366672	1.23313
13.689	-0.158706	0.893647	-2.19108	-1.77935	-0.58748	0.0366706	1.23313
13.702	-0.158706	0.893651	-2.19108	-1.77927	-0.58748	0.036674	1.23313
13.715	-0.158706	0.893652	-2.19108	-1.7792	-0.58748	0.0366774	1.23313
13.728	-0.158706	0.893651	-2.19108	-1.77917	-0.587478	0.0366826	1.23313
13.741	-0.158706	0.893651	-2.19108	-1.77916	-0.587478	0.036686	1.23313
13.754	-0.158706	0.893651	-2.19108	-1.77916	-0.587478	0.036686	1.23313
13.767	-0.158707	0.893651	-2.19108	-1.77915	-0.587478	0.0366877	1.23313
13.78	-0.158708	0.893651	-2.19108	-1.77914	-0.587478	0.0366911	1.23313
13.793	-0.158713	0.893651	-2.19108	-1.77913	-0.587476	0.0366945	1.23313
13.806	-0.158715	0.89365	-2.19108	-1.77913	-0.587474	0.0366979	1.23313
13.819	-0.158715	0.89365	-2.19108	-1.77913	-0.587471	0.0367013	1.23313
13.832	-0.158715	0.89365	-2.19108	-1.77913	-0.587471	0.0367047	1.23313
13.845	-0.158716	0.89366	-2.19107	-1.77912	-0.587471	0.0367081	1.23313
13.858	-0.158716	0.893671	-2.19107	-1.7791	-0.587471	0.0367132	1.23313
13.871	-0.158716	0.893671	-2.19107	-1.77908	-0.587471	0.0367166	1.23313
13.884	-0.158717	0.89367	-2.19107	-1.77906	-0.587471	0.0367184	1.23313
13.897	-0.158717	0.89367	-2.19107	-1.77906	-0.587471	0.0367184	1.23313
13.91	-0.158718	0.89367	-2.19107	-1.77905	-0.58747	0.0367201	1.23313
13.923	-0.15872	0.893668	-2.19107	-1.77905	-0.58747	0.0367201	1.23313
13.936	-0.158745	0.893666	-2.19107	-1.77905	-0.58747	0.0367218	1.23313
13.949	-0.158771	0.893668	-2.19107	-1.77905	-0.58747	0.0367252	1.23313
13.962	-0.158784	0.893668	-2.19107	-1.77904	-0.58747	0.0367269	1.23313
13.975	-0.15879	0.893668	-2.19107	-1.77904	-0.58747	0.0367286	1.23313
13.988	-0.158796	0.893669	-2.19107	-1.77904	-0.587467	0.0367303	1.23313
14.001	-0.158803	0.893668	-2.19107	-1.77903	-0.587467	0.0367303	1.23313
14.014	-0.158804	0.893668	-2.19107	-1.77903	-0.587467	0.036732	1.23313
14.027	-0.158804	0.893668	-2.19107	-1.77903	-0.587467	0.036732	1.23313
14.04	-0.158804	0.893669	-2.19107	-1.77903	-0.587465	0.0367337	1.23313
14.053	-0.158804	0.893669	-2.19107	-1.77903	-0.587465	0.0367337	1.23313
14.066	-0.158807	0.893669	-2.19107	-1.77902	-0.587465	0.0367354	1.23313
14.079	-0.158807	0.893669	-2.19107	-1.77902	-0.587465	0.0367371	1.23313
14.092	-0.158807	0.893669	-2.19107	-1.77902	-0.587465	0.0367371	1.23313
14.105	-0.158807	0.893669	-2.19107	-1.77902	-0.587465	0.0367388	1.23313
14.118	-0.158807	0.893669	-2.19107	-1.77902	-0.587465	0.0367388	1.23313
14.131	-0.158807	0.893669	-2.19107	-1.77902	-0.587465	0.0367405	1.23313
14.144	-0.158809	0.893669	-2.19107	-1.77902	-0.587465	0.0367405	1.23313
14.157	-0.158812	0.893669	-2.19107	-1.77901	-0.587465	0.0367422	1.23313
14.17	-0.158812	0.893669	-2.19107	-1.77901	-0.587465	0.0367422	1.23313
14.183	-0.158812	0.893676	-2.19107	-1.77901	-0.587463	0.0367422	1.23313
14.196	-0.158813	0.89368	-2.19107	-1.77901	-0.587465	0.0367439	1.23313
14.209	-0.158833	0.893676	-2.19107	-1.77901	-0.587465	0.0367456	1.23313
14.222	-0.158855	0.893676	-2.19107	-1.77901	-0.587463	0.0367473	1.23313
14.235	-0.158856	0.893678	-2.19107	-1.779	-0.587463	0.0367473	1.23313
14.248	-0.158856	0.893678	-2.19107	-1.779	-0.587465	0.036749	1.23313
14.261	-0.158856	0.893678	-2.19107	-1.779	-0.587463	0.0367507	1.23313
14.274	-0.158859	0.893678	-2.19107	-1.779	-0.587463	0.0367524	1.23313
14.287	-0.158864	0.893676	-2.19107	-1.779	-0.587465	0.0367542	1.23313
14.3	-0.158864	0.893676	-2.19107	-1.779	-0.587465	0.0367542	1.23313
14.313	-0.158865	0.893676	-2.19107	-1.779	-0.587463	0.0367559	1.23313
14.326	-0.158867	0.893682	-2.19107	-1.77898	-0.587463	0.0367576	1.23313
14.339	-0.158868	0.893687	-2.19106	-1.77893	-0.587463	0.0367593	1.23313
14.352	-0.158868	0.893693	-2.19106	-1.77889	-0.587463	0.0367627	1.23313
14.365	-0.158868	0.893698	-2.19106	-1.77885	-0.587461	0.0367644	1.23313
14.378	-0.158868	0.893698	-2.19106	-1.77881	-0.587461	0.0367695	1.23313
14.391	-0.158868	0.893698	-2.19106	-1.77879	-0.587461	0.0367746	1.23313
14.404	-0.158868	0.893702	-2.19106	-1.77878	-0.587459	0.036778	1.23313
14.417	-0.158868	0.893711	-2.19106	-1.77876	-0.587459	0.0367831	1.23313
14.43	-0.158868	0.893712	-2.19106	-1.77875	-0.587459	0.0367899	1.23313
14.443	-0.158868	0.893712	-2.19106	-1.77875	-0.587459	0.0367899	1.23313
14.456	-0.158868	0.893712	-2.19106	-1.77874	-0.587459	0.0367968	1.23313
14.469	-0.158868	0.893714	-2.19106	-1.77874	-0.587459	0.0368019	1.23313
14.482	-0.158869	0.893714	-2.19106	-1.77871	-0.587459	0.036807	1.23313
14.495	-0.158869	0.893712	-2.19106	-1.7787	-0.587459	0.0368138	1.23313
14.508	-0.158869	0.893712	-2.19106	-1.7787	-0.587459	0.0368206	1.23313
14.521	-0.158869	0.893712	-2.19106	-1.77869	-0.587459	0.0368257	1.23313
14.534	-0.158869	0.893714	-2.19106	-1.77868	-0.587457	0.0368308	1.23313
14.547	-0.158869	0.893714	-2.19106	-1.77867	-0.587457	0.036836	1.23313
14.56	-0.158869	0.893717	-2.19106	-1.77865	-0.587457	0.0368411	1.23313
14.573	-0.158869	0.893717	-2.19106	-1.77865	-0.587457	0.0368411	1.23313
14.586	-0.158869	0.893719	-2.19106	-1.77861	-0.587457	0.0368462	1.23313
14.599	-0.158869	0.893719	-2.19106	-1.77859	-0.587457	0.0368513	1.23313
14.612	-0.158871	0.89372	-2.19106	-1.77859	-0.587457	0.0368547	1.23313
14.625	-0.158871	0.893724	-2.19106	-1.77858	-0.587457	0.0368598	1.23313
14.638	-0.158869	0.893725	-2.19106	-1.77856	-0.587457	0.0368666	1.23313
14.651	-0.158871	0.893725	-2.19106	-1.77855	-0.587457	0.0368769	1.23313
14.664	-0.158869	0.893726	-2.19106	-1.77855	-0.587457	0.0368854	1.23313
14.677	-0.158871	0.893725	-2.19106	-1.77855	-0.587457	0.0368905	1.23313
14.69	-0.158869	0.893728	-2.19106	-1.77855	-0.587457	0.0368939	1.23313
14.703	-0.158871	0.893728	-2.19106	-1.77855	-0.587457	0.036899	1.23313
14.716	-0.158871	0.893728	-2.19106	-1.77855	-0.587457	0.036899	1.23313
14.729	-0.158871	0.893728	-2.19105	-1.77855	-0.587457	0.0369041	1.23313
14.742	-0.158871	0.89373	-2.19105	-1.77855	-0.587455	0.0369092	1.23313
14.755	-0.158872	0.893734	-2.19104	-1.77855	-0.587457	0.0369127	1.23313
