0.013	0.24591	1.3513	-1.92025	-1.48584	-0.263949	0.441774	1.23319
0.026	0.24591	1.3513	-1.92025	-1.48584	-0.263949	0.441774	1.23319
0.039	0.24603	1.35141	-1.92025	-1.48584	-0.263949	0.441774	1.23319
0.052	0.246076	1.35146	-1.92025	-1.48584	-0.263949	0.441774	1.23319
0.065	0.246087	1.35147	-1.92025	-1.48584	-0.263949	0.441774	1.23319
0.078	0.246128	1.35147	-1.92025	-1.48587	-0.263949	0.441774	1.23319
0.091	0.246219	1.35148	-1.92025	-1.48597	-0.263947	0.441774	1.2332
0.104	0.246219	1.35148	-1.92025	-1.48597	-0.263947	0.441774	1.2332
0.117	0.246341	1.3515	-1.92025	-1.48609	-0.263947	0.441776	1.2332
0.13	0.24641	1.35151	-1.92025	-1.48618	-0.263947	0.441776	1.2332
0.143	0.246407	1.35151	-1.92026	-1.48619	-0.263949	0.441776	1.2332
0.156	0.246401	1.3515	-1.92025	-1.4862	-0.263949	0.441776	1.2332
0.169	0.246397	1.3515	-1.92025	-1.48622	-0.263949	0.441776	1.2332
0.182	0.246394	1.3515	-1.92025	-1.48622	-0.263949	0.441776	1.2332
0.195	0.246389	1.3515	-1.92025	-1.48622	-0.263949	0.441776	1.2332
0.208	0.24638	1.35149	-1.92025	-1.48622	-0.263949	0.441776	1.2332
0.221	0.246379	1.35149	-1.92025	-1.48622	-0.263949	0.441774	1.2332
0.234	0.246379	1.35149	-1.92025	-1.48622	-0.263949	0.441774	1.2332
0.247	0.246378	1.35148	-1.92025	-1.48622	-0.263949	0.441774	1.2332
0.26	0.246376	1.35148	-1.92025	-1.48622	-0.263949	0.441774	1.2332
0.273	0.246338	1.35147	-1.92025	-1.48622	-0.263949	0.441774	1.2332
0.286	0.246289	1.35148	-1.92026	-1.48622	-0.263949	0.441776	1.2332
0.299	0.246288	1.35147	-1.92025	-1.48624	-0.263949	0.441776	1.2332
0.312	0.246287	1.35148	-1.92025	-1.48628	-0.263949	0.441774	1.2332
0.325	0.246287	1.35148	-1.92025	-1.48628	-0.263951	0.441774	1.2332
0.338	0.246287	1.35147	-1.92025	-1.48628	-0.263949	0.441774	1.2332
0.351	0.246287	1.35147	-1.92025	-1.48629	-0.263951	0.441774	1.2332
0.364	0.246287	1.35147	-1.92026	-1.48629	-0.263951	0.441774	1.2332
0.377	0.246287	1.35147	-1.92026	-1.48629	-0.263951	0.441774	1.2332
0.39	0.246287	1.35147	-1.92025	-1.4863	-0.263951	0.441774	1.2332
0.403	0.246287	1.35147	-1.92025	-1.48631	-0.263949	0.441774	1.2332
0.416	0.246286	1.35147	-1.92025	-1.48631	-0.263949	0.441774	1.2332
0.429	0.246286	1.35147	-1.92025	-1.48631	-0.263949	0.441774	1.2332
0.442	0.246287	1.35147	-1.92025	-1.48632	-0.263949	0.441776	1.2332
0.455	0.246287	1.35147	-1.92025	-1.48632	-0.263949	0.441774	1.2332
0.468	0.246287	1.35147	-1.92025	-1.48633	-0.263951	0.441776	1.2332
0.481	0.246287	1.35147	-1.92025	-1.48634	-0.263949	0.441774	1.2332
0.494	0.246287	1.35147	-1.92025	-1.48635	-0.263951	0.441774	1.2332
0.507	0.246288	1.35147	-1.92025	-1.48637	-0.263949	0.441774	1.2332
0.52	0.246288	1.35147	-1.92025	-1.48637	-0.263949	0.441774	1.2332
0.533	0.246288	1.35147	-1.92025	-1.4864	-0.263949	0.441776	1.2332
0.546	0.246287	1.35147	-1.92025	-1.48642	-0.263949	0.441776	1.2332
0.559	0.246288	1.35147	-1.92025	-1.48647	-0.263949	0.441776	1.2332
0.572	0.246288	1.35147	-1.92025	-1.48651	-0.263949	0.441776	1.2332
0.585	0.246288	1.35147	-1.92025	-1.48655	-0.263951	0.441776	1.2332
0.598	0.246288	1.35147	-1.92025	-1.48659	-0.263951	0.441776	1.2332
0.611	0.246288	1.35147	-1.92025	-1.48664	-0.263951	0.441776	1.2332
0.624	0.246288	1.35147	-1.92025	-1.48669	-0.263951	0.441776	1.2332
0.637	0.246288	1.35147	-1.92025	-1.48674	-0.263951	0.441776	1.2332
0.65	0.246288	1.35147	-1.92025	-1.48674	-0.263951	0.441776	1.2332
0.663	0.246288	1.35148	-1.92025	-1.48679	-0.263951	0.441774	1.2332
0.676	0.246288	1.35147	-1.92025	-1.48684	-0.263951	0.441776	1.2332
0.689	0.246288	1.35148	-1.92025	-1.48691	-0.263951	0.441776	1.2332
0.702	0.246288	1.35147	-1.92025	-1.48698	-0.263951	0.441776	1.2332
0.715	0.246288	1.35147	-1.92025	-1.48705	-0.263951	0.441776	1.2332
0.728	0.246288	1.35147	-1.92025	-1.4871	-0.263951	0.441776	1.2332
0.741	0.246288	1.35147	-1.92025	-1.48715	-0.263951	0.441774	1.2332
0.754	0.246288	1.35147	-1.92025	-1.4872	-0.263951	0.441774	1.2332
0.767	0.246288	1.35147	-1.92025	-1.48725	-0.263951	0.441774	1.2332
0.78	0.246288	1.35147	-1.92025	-1.4873	-0.263951	0.441774	1.2332
0.793	0.246288	1.35147	-1.92025	-1.4873	-0.263951	0.441774	1.2332
0.806	0.246288	1.35147	-1.92025	-1.48734	-0.263951	0.441774	1.2332
0.819	0.246283	1.35147	-1.92025	-1.48738	-0.263951	0.441774	1.2332
0.832	0.246273	1.35147	-1.92025	-1.48742	-0.263949	0.441776	1.2332
0.845	0.246273	1.35147	-1.92025	-1.48746	-0.263951	0.441776	1.2332
0.858	0.246273	1.35147	-1.92025	-1.48749	-0.263951	0.441776	1.2332
0.871	0.246273	1.35147	-1.92025	-1.48751	-0.263951	0.441776	1.2332
0.884	0.246273	1.35147	-1.92025	-1.48753	-0.263951	0.441776	1.2332
0.897	0.246273	1.35147	-1.92025	-1.48756	-0.263951	0.441776	1.2332
0.91	0.246273	1.35147	-1.92025	-1.48757	-0.263951	0.441776	1.2332
0.923	0.246273	1.35147	-1.92025	-1.48757	-0.263951	0.441776	1.2332
0.936	0.246273	1.35147	-1.92025	-1.48759	-0.263951	0.441776	1.2332
0.949	0.246265	1.35147	-1.92026	-1.4876	-0.263951	0.441776	1.2332
0.962	0.246234	1.35148	-1.92026	-1.4876	-0.263951	0.441776	1.2332
0.975	0.246233	1.35147	-1.92026	-1.4876	-0.263951	0.441776	1.2332
0.988	0.246233	1.35147	-1.92025	-1.48762	-0.263951	0.441776	1.2332
1.001	0.246233	1.35148	-1.92026	-1.48762	-0.263951	0.441776	1.2332
1.014	0.246233	1.35148	-1.92026	-1.48762	-0.263951	0.441776	1.2332
1.027	0.246233	1.35148	-1.92026	-1.48763	-0.263951	0.441776	1.2332
1.04	0.246233	1.35148	-1.92026	-1.48763	-0.263951	0.441774	1.2332
1.053	0.246233	1.35147	-1.92026	-1.48763	-0.263951	0.441776	1.2332
1.066	0.246233	1.35147	-1.92026	-1.48763	-0.263951	0.441776	1.2332
1.079	0.246233	1.35148	-1.92026	-1.48764	-0.263953	0.441776	1.2332
1.092	0.246227	1.35148	-1.92026	-1.48763	-0.263951	0.441776	1.2332
1.105	0.246217	1.35148	-1.92026	-1.48763	-0.263951	0.441776	1.2332
1.118	0.246217	1.35148	-1.92026	-1.48763	-0.263951	0.441776	1.2332
1.131	0.246217	1.35148	-1.92026	-1.48763	-0.263951	0.441776	1.2332
1.144	0.246217	1.35148	-1.92026	-1.48763	-0.263951	0.441776	1.2332
1.157	0.246217	1.35148	-1.92026	-1.48763	-0.263951	0.441776	1.2332
1.17	0.246217	1.35148	-1.92026	-1.48763	-0.263953	0.441774	1.2332
1.183	0.246217	1.35148	-1.92026	-1.48763	-0.263951	0.441774	1.2332
1.196	0.246217	1.35148	-1.92026	-1.48763	-0.263951	0.441774	1.2332
1.209	0.246217	1.35148	-1.92026	-1.48763	-0.263951	0.441774	1.2332
1.222	0.246217	1.35148	-1.92026	-1.48763	-0.263951	0.441774	1.2332
1.235	0.246217	1.35149	-1.92026	-1.48763	-0.263951	0.441776	1.2332
1.248	0.246217	1.35148	-1.92026	-1.48763	-0.263951	0.441776	1.2332
1.261	0.246217	1.35148	-1.92026	-1.48763	-0.263951	0.441776	1.2332
1.274	0.246217	1.35148	-1.92026	-1.48763	-0.263951	0.441776	1.2332
1.287	0.246218	1.35148	-1.92026	-1.48763	-0.263951	0.441776	1.2332
1.3	0.246218	1.35148	-1.92026	-1.48763	-0.263951	0.441776	1.2332
1.313	0.246218	1.35148	-1.92026	-1.48763	-0.263951	0.441776	1.2332
1.326	0.246218	1.35148	-1.92026	-1.48763	-0.263951	0.441776	1.2332
1.339	0.246218	1.35148	-1.92026	-1.48763	-0.263951	0.441776	1.2332
1.352	0.246218	1.35148	-1.92026	-1.48763	-0.263951	0.441776	1.2332
1.365	0.246217	1.35148	-1.92026	-1.48763	-0.263951	0.441776	1.2332
1.378	0.246218	1.35148	-1.92026	-1.48763	-0.263951	0.441776	1.2332
1.391	0.246218	1.35148	-1.92026	-1.48763	-0.263951	0.441776	1.2332
1.404	0.246218	1.35148	-1.92026	-1.48763	-0.263951	0.441778	1.2332
1.417	0.246218	1.35148	-1.92026	-1.48763	-0.263951	0.441776	1.2332
1.43	0.246218	1.35148	-1.92026	-1.48763	-0.263951	0.441776	1.2332
1.443	0.246218	1.35148	-1.92026	-1.48763	-0.263953	0.441776	1.2332
1.456	0.246218	1.35148	-1.92026	-1.48763	-0.263953	0.441776	1.2332
1.469	0.246218	1.35148	-1.92026	-1.48763	-0.263953	0.441776	1.2332
1.482	0.246217	1.35148	-1.92026	-1.48763	-0.263953	0.441776	1.2332
1.495	0.246217	1.35148	-1.92026	-1.48763	-0.263953	0.441776	1.2332
1.508	0.246214	1.35148	-1.92026	-1.48763	-0.263953	0.441776	1.2332
1.521	0.246203	1.35148	-1.92026	-1.48763	-0.263953	0.441776	1.2332
1.534	0.246203	1.35148	-1.92026	-1.48763	-0.263953	0.441776	1.2332
1.547	0.246203	1.35148	-1.92026	-1.48763	-0.263953	0.441776	1.2332
1.56	0.246203	1.35148	-1.92026	-1.48763	-0.263953	0.441776	1.2332
1.573	0.246203	1.35148	-1.92025	-1.48763	-0.263953	0.441776	1.2332
1.586	0.246203	1.35148	-1.92025	-1.48763	-0.263953	0.441776	1.2332
1.599	0.246203	1.35148	-1.92025	-1.48763	-0.263953	0.441776	1.2332
1.612	0.246203	1.35148	-1.92025	-1.48763	-0.263953	0.441776	1.2332
1.625	0.246203	1.35148	-1.92025	-1.48763	-0.263953	0.441776	1.2332
1.638	0.246169	1.35147	-1.92025	-1.48763	-0.263953	0.441776	1.2332
1.651	0.246104	1.35148	-1.92026	-1.48762	-0.263951	0.441776	1.2332
1.664	0.246082	1.35147	-1.92026	-1.48763	-0.263951	0.441776	1.2332
1.677	0.246041	1.35147	-1.92026	-1.48762	-0.263951	0.441776	1.2332
1.69	0.246041	1.35147	-1.92026	-1.48762	-0.263951	0.441778	1.2332
1.703	0.246034	1.35146	-1.92026	-1.48762	-0.263951	0.441776	1.2332
1.716	0.246012	1.35146	-1.92026	-1.48762	-0.263953	0.441776	1.2332
1.729	0.246012	1.35146	-1.92026	-1.48762	-0.263953	0.441776	1.2332
1.742	0.246012	1.35146	-1.92026	-1.48762	-0.263953	0.441776	1.2332
1.755	0.246012	1.35146	-1.92026	-1.48762	-0.263953	0.441776	1.2332
1.768	0.24601	1.35146	-1.92025	-1.48762	-0.263953	0.441776	1.2332
1.781	0.245925	1.35146	-1.92025	-1.48762	-0.263953	0.441776	1.2332
1.794	0.245776	1.35146	-1.92026	-1.48762	-0.263953	0.441776	1.2332
1.807	0.24563	1.35145	-1.92026	-1.48763	-0.263953	0.441776	1.2332
1.82	0.245447	1.35145	-1.92025	-1.48764	-0.263953	0.441776	1.2332
1.833	0.245321	1.35145	-1.92026	-1.48764	-0.263953	0.441776	1.2332
1.846	0.245158	1.35144	-1.92025	-1.48764	-0.263953	0.441776	1.2332
1.859	0.244992	1.35144	-1.92025	-1.48764	-0.263953	0.441776	1.2332
1.872	0.244831	1.35144	-1.92025	-1.48763	-0.263953	0.441776	1.2332
1.885	0.244831	1.35144	-1.92025	-1.48763	-0.263953	0.441776	1.2332
1.898	0.244652	1.35144	-1.92025	-1.48763	-0.263953	0.441776	1.2332
1.911	0.244407	1.35144	-1.92025	-1.48763	-0.263953	0.441774	1.2332
1.924	0.244079	1.35144	-1.92025	-1.48763	-0.263953	0.441774	1.2332
1.937	0.243771	1.35143	-1.92025	-1.48764	-0.263953	0.441774	1.2332
1.95	0.243444	1.35143	-1.92025	-1.48765	-0.263953	0.441776	1.2332
1.963	0.24314	1.35143	-1.92025	-1.48765	-0.263953	0.441776	1.2332
1.976	0.242777	1.35143	-1.92025	-1.48765	-0.263953	0.441776	1.2332
1.989	0.242356	1.35143	-1.92025	-1.48765	-0.263953	0.441776	1.2332
2.002	0.241929	1.35143	-1.92025	-1.48765	-0.263953	0.441776	1.2332
2.015	0.241929	1.35143	-1.92025	-1.48765	-0.263953	0.441776	1.2332
2.028	0.241475	1.35143	-1.92025	-1.48765	-0.263953	0.441776	1.2332
2.041	0.24103	1.35142	-1.92025	-1.48768	-0.263953	0.441776	1.2332
2.054	0.240473	1.35142	-1.92025	-1.48771	-0.263953	0.441776	1.2332
2.067	0.239857	1.35142	-1.92025	-1.48771	-0.263953	0.441776	1.2332
2.08	0.239263	1.35139	-1.92025	-1.48774	-0.263953	0.441776	1.2332
2.093	0.238658	1.35139	-1.92025	-1.4878	-0.263953	0.441776	1.2332
2.106	0.238104	1.35137	-1.92025	-1.48782	-0.263951	0.441776	1.2332
2.119	0.237519	1.35132	-1.92025	-1.48787	-0.263951	0.441778	1.2332
2.132	0.236963	1.3513	-1.92025	-1.48795	-0.263951	0.441778	1.2332
2.145	0.236425	1.35127	-1.92025	-1.48805	-0.263951	0.441778	1.2332
2.158	0.236425	1.35127	-1.92025	-1.48805	-0.263951	0.441778	1.2332
2.171	0.235925	1.35126	-1.92025	-1.48816	-0.263953	0.441778	1.2332
2.184	0.235396	1.35124	-1.92025	-1.48828	-0.263953	0.441778	1.2332
2.197	0.234832	1.35124	-1.92026	-1.48836	-0.263953	0.441776	1.2332
2.21	0.234289	1.3512	-1.92026	-1.48847	-0.263953	0.441776	1.2332
2.223	0.233766	1.35118	-1.92026	-1.48864	-0.263953	0.441776	1.2332
2.236	0.233297	1.35114	-1.92025	-1.48894	-0.263951	0.441776	1.2332
2.249	0.232824	1.3511	-1.92026	-1.48929	-0.263953	0.441776	1.2332
2.262	0.232393	1.35107	-1.92026	-1.48969	-0.263953	0.441776	1.2332
2.275	0.231985	1.35104	-1.92026	-1.49018	-0.263953	0.441776	1.2332
2.288	0.231619	1.351	-1.92026	-1.49074	-0.263953	0.441778	1.2332
2.301	0.231619	1.351	-1.92026	-1.49074	-0.263953	0.441778	1.2332
2.314	0.231242	1.35095	-1.92026	-1.49131	-0.263953	0.441778	1.2332
2.327	0.230782	1.35091	-1.92026	-1.49184	-0.263953	0.441776	1.2332
2.34	0.230234	1.35088	-1.92026	-1.49227	-0.263953	0.441776	1.2332
2.353	0.229664	1.35084	-1.92026	-1.49275	-0.263951	0.441776	1.2332
2.366	0.229102	1.35082	-1.92026	-1.4933	-0.263951	0.441776	1.2332
2.379	0.22856	1.35079	-1.92026	-1.49388	-0.263951	0.441776	1.2332
2.392	0.228001	1.35077	-1.92026	-1.49443	-0.263951	0.441776	1.2332
2.405	0.227381	1.35076	-1.92026	-1.49494	-0.263951	0.441778	1.2332
2.418	0.226697	1.35076	-1.92026	-1.49535	-0.263951	0.44178	1.2332
2.431	0.226697	1.35076	-1.92026	-1.49535	-0.263951	0.44178	1.2332
2.444	0.226001	1.35076	-1.92026	-1.4957	-0.263951	0.44178	1.2332
2.457	0.225227	1.35075	-1.92026	-1.49604	-0.263951	0.44178	1.2332
2.47	0.224403	1.35075	-1.92026	-1.49631	-0.263951	0.44178	1.2332
2.483	0.223571	1.35074	-1.92026	-1.49664	-0.263951	0.44178	1.2332
2.496	0.222674	1.35074	-1.92026	-1.49704	-0.263951	0.44178	1.2332
2.509	0.221824	1.35072	-1.92028	-1.49748	-0.263951	0.44178	1.2332
2.522	0.220889	1.35071	-1.92028	-1.49803	-0.263951	0.44178	1.2332
2.535	0.219975	1.3507	-1.92028	-1.49858	-0.263951	0.441781	1.2332
2.548	0.218988	1.35067	-1.92028	-1.49915	-0.263951	0.441781	1.2332
2.561	0.21795	1.35066	-1.92031	-1.49969	-0.263951	0.441783	1.2332
2.574	0.21795	1.35066	-1.92031	-1.49969	-0.263951	0.441783	1.2332
2.587	0.216877	1.35064	-1.92033	-1.50029	-0.263951	0.441783	1.2332
2.6	0.215733	1.35064	-1.92033	-1.5009	-0.263951	0.441785	1.2332
2.613	0.214508	1.35064	-1.92035	-1.50155	-0.263951	0.441785	1.2332
2.626	0.213292	1.35062	-1.9204	-1.50228	-0.263953	0.441785	1.2332
2.639	0.212042	1.35061	-1.92046	-1.5031	-0.263953	0.441785	1.2332
2.652	0.210769	1.35055	-1.92056	-1.50394	-0.263953	0.441785	1.2332
2.665	0.209468	1.3505	-1.92069	-1.50474	-0.263951	0.441785	1.2332
2.678	0.208166	1.35043	-1.92085	-1.50566	-0.263951	0.441785	1.2332
2.691	0.206876	1.35036	-1.92102	-1.50667	-0.263951	0.441785	1.2332
2.704	0.206876	1.35036	-1.92102	-1.50667	-0.263951	0.441785	1.2332
2.717	0.20561	1.35028	-1.92126	-1.50765	-0.263951	0.441785	1.2332
2.73	0.204249	1.35017	-1.92152	-1.5086	-0.263951	0.441785	1.2332
2.743	0.202842	1.35006	-1.92184	-1.50956	-0.263951	0.441785	1.2332
2.756	0.201472	1.34994	-1.9222	-1.51055	-0.263951	0.441785	1.2332
2.769	0.200085	1.34981	-1.92255	-1.51158	-0.263951	0.441785	1.2332
2.782	0.198685	1.34962	-1.92295	-1.51263	-0.263953	0.441785	1.2332
2.795	0.197313	1.34946	-1.92343	-1.51368	-0.263951	0.441783	1.2332
2.808	0.195925	1.34929	-1.92399	-1.51477	-0.263951	0.441785	1.2332
2.821	0.194458	1.34904	-1.9245	-1.51585	-0.263951	0.441785	1.2332
2.834	0.193044	1.34875	-1.9251	-1.51682	-0.263951	0.441785	1.2332
2.847	0.193044	1.34875	-1.9251	-1.51682	-0.263951	0.441785	1.2332
2.86	0.191604	1.34847	-1.92577	-1.51787	-0.263951	0.441785	1.2332
2.873	0.190075	1.34821	-1.92651	-1.51893	-0.263951	0.441785	1.2332
2.886	0.188476	1.3479	-1.92734	-1.5198	-0.263951	0.441785	1.2332
2.899	0.186875	1.34755	-1.92816	-1.5207	-0.263951	0.441785	1.2332
2.912	0.185334	1.34715	-1.92898	-1.52165	-0.263951	0.441785	1.2332
2.925	0.183883	1.34667	-1.92986	-1.52261	-0.263951	0.441785	1.2332
2.938	0.182314	1.34621	-1.9307	-1.52347	-0.263951	0.441785	1.2332
2.951	0.180785	1.34572	-1.93169	-1.52431	-0.263951	0.441785	1.2332
2.964	0.179242	1.34523	-1.93261	-1.52516	-0.263951	0.441785	1.2332
2.977	0.179242	1.34523	-1.93261	-1.52516	-0.263951	0.441785	1.2332
2.99	0.177792	1.34472	-1.93359	-1.52601	-0.263951	0.441785	1.2332
3.003	0.176311	1.3442	-1.93458	-1.52684	-0.263951	0.441785	1.2332
3.016	0.174687	1.34365	-1.93559	-1.5276	-0.263951	0.441785	1.2332
3.029	0.173005	1.34312	-1.93657	-1.52808	-0.263951	0.441785	1.2332
3.042	0.171376	1.34254	-1.93762	-1.5287	-0.263951	0.441785	1.2332
3.055	0.169753	1.34204	-1.93858	-1.52934	-0.263951	0.441783	1.2332
3.068	0.168274	1.34152	-1.93967	-1.53002	-0.263951	0.441783	1.2332
3.081	0.166703	1.34101	-1.94056	-1.53058	-0.263951	0.441783	1.2332
3.094	0.165252	1.34045	-1.94153	-1.53111	-0.263951	0.441783	1.2332
3.107	0.163781	1.33989	-1.94237	-1.53155	-0.263951	0.441783	1.2332
3.12	0.163781	1.33989	-1.94237	-1.53155	-0.263951	0.441783	1.2332
3.133	0.162394	1.33938	-1.94326	-1.53199	-0.263951	0.441783	1.2332
3.146	0.160906	1.33888	-1.94404	-1.53237	-0.263951	0.441783	1.2332
3.159	0.159341	1.33842	-1.94474	-1.53262	-0.263951	0.441783	1.2332
3.172	0.157896	1.33795	-1.9455	-1.53292	-0.263951	0.441783	1.2332
3.185	0.156462	1.33757	-1.94616	-1.53336	-0.263951	0.441783	1.2332
3.198	0.155065	1.33718	-1.94683	-1.53378	-0.263951	0.441783	1.2332
3.211	0.153686	1.33683	-1.94744	-1.53408	-0.263951	0.441783	1.2332
3.224	0.152327	1.33647	-1.94798	-1.53439	-0.263951	0.441783	1.2332
3.237	0.150974	1.33608	-1.9485	-1.53468	-0.263951	0.441783	1.2332
3.25	0.150974	1.33608	-1.9485	-1.53468	-0.263951	0.441783	1.2332
3.263	0.149692	1.33568	-1.94903	-1.53499	-0.263951	0.441783	1.2332
3.276	0.148487	1.33527	-1.94956	-1.53529	-0.263951	0.441783	1.2332
3.289	0.147221	1.3349	-1.95019	-1.53559	-0.263951	0.441785	1.2332
3.302	0.145887	1.33458	-1.95089	-1.53578	-0.263951	0.441785	1.2332
3.315	0.144621	1.33426	-1.95157	-1.53614	-0.263951	0.441785	1.2332
3.328	0.143386	1.33395	-1.95216	-1.53652	-0.263951	0.441785	1.2332
3.341	0.142237	1.33362	-1.95283	-1.53696	-0.263951	0.441783	1.2332
3.354	0.141101	1.33333	-1.95347	-1.53736	-0.263951	0.441785	1.2332
3.367	0.139944	1.33304	-1.95418	-1.53782	-0.263951	0.441785	1.2332
3.38	0.138851	1.33277	-1.95496	-1.5382	-0.263951	0.441785	1.2332
3.393	0.138851	1.33277	-1.95496	-1.5382	-0.263951	0.441785	1.2332
3.406	0.137753	1.33253	-1.95565	-1.53861	-0.263951	0.441785	1.2332
3.419	0.136724	1.33222	-1.95635	-1.53903	-0.263951	0.441785	1.2332
3.432	0.135609	1.33199	-1.95707	-1.53931	-0.263951	0.441785	1.2332
3.445	0.134579	1.33169	-1.95783	-1.53969	-0.263951	0.441785	1.2332
3.458	0.133611	1.33139	-1.95852	-1.54006	-0.263951	0.441785	1.2332
3.471	0.132758	1.33106	-1.95927	-1.54046	-0.263951	0.441785	1.2332
3.484	0.131867	1.33081	-1.95995	-1.54082	-0.263951	0.441785	1.2332
3.497	0.131061	1.33055	-1.96075	-1.54122	-0.263951	0.441785	1.2332
3.51	0.130252	1.33037	-1.96147	-1.54163	-0.263951	0.441783	1.2332
3.523	0.130252	1.33037	-1.96147	-1.54163	-0.263951	0.441783	1.2332
3.536	0.129584	1.33017	-1.96225	-1.54213	-0.263951	0.441783	1.2332
3.549	0.128999	1.33002	-1.96307	-1.5426	-0.263951	0.441783	1.2332
3.562	0.128324	1.32988	-1.96386	-1.5431	-0.263951	0.441783	1.2332
3.575	0.127648	1.32973	-1.96468	-1.54355	-0.263951	0.441783	1.2332
3.588	0.126978	1.32961	-1.96551	-1.54409	-0.263951	0.441783	1.2332
3.601	0.126349	1.32948	-1.96638	-1.54471	-0.263951	0.441783	1.2332
3.614	0.125799	1.32931	-1.96733	-1.54542	-0.263951	0.441783	1.2332
3.627	0.125215	1.32913	-1.96818	-1.54613	-0.263951	0.441783	1.2332
3.64	0.124594	1.32891	-1.96913	-1.54678	-0.263951	0.441783	1.2332
3.653	0.123934	1.32869	-1.97016	-1.54739	-0.263951	0.441783	1.2332
3.666	0.123934	1.32869	-1.97016	-1.54739	-0.263951	0.441783	1.2332
3.679	0.12334	1.32846	-1.9712	-1.54806	-0.263951	0.441785	1.2332
3.692	0.122745	1.32819	-1.97214	-1.54877	-0.263951	0.441785	1.2332
3.705	0.122129	1.32795	-1.97309	-1.54947	-0.263951	0.441785	1.2332
3.718	0.121533	1.32771	-1.97403	-1.55024	-0.263951	0.441786	1.2332
3.731	0.120942	1.32744	-1.975	-1.55101	-0.263951	0.441786	1.2332
3.744	0.120332	1.32707	-1.97588	-1.55167	-0.263951	0.441786	1.2332
3.757	0.119723	1.32668	-1.97675	-1.5524	-0.263951	0.441786	1.2332
3.77	0.119114	1.32631	-1.97767	-1.55323	-0.263951	0.441786	1.2332
3.783	0.118511	1.32594	-1.97866	-1.55406	-0.263951	0.441786	1.2332
3.796	0.117893	1.32557	-1.97959	-1.55486	-0.263951	0.441786	1.23319
3.809	0.117893	1.32557	-1.97959	-1.55486	-0.263951	0.441786	1.23319
3.822	0.117303	1.32511	-1.98051	-1.55569	-0.263951	0.441786	1.23319
3.835	0.116655	1.3247	-1.98141	-1.55656	-0.263951	0.441786	1.23319
3.848	0.11595	1.32431	-1.98237	-1.55745	-0.263951	0.441786	1.23319
3.861	0.115252	1.32388	-1.98331	-1.5584	-0.263951	0.441786	1.23319
3.874	0.114554	1.32341	-1.9841	-1.5593	-0.263951	0.441786	1.23319
3.887	0.113943	1.32288	-1.98497	-1.56022	-0.263951	0.441786	1.23319
3.9	0.113322	1.32241	-1.98579	-1.56119	-0.263951	0.441786	1.23319
3.913	0.112703	1.32194	-1.98666	-1.56221	-0.263951	0.441786	1.23319
3.926	0.112041	1.32143	-1.98743	-1.56322	-0.263951	0.441786	1.23319
3.939	0.112041	1.32143	-1.98743	-1.56322	-0.263951	0.441786	1.23319
3.952	0.11141	1.32089	-1.98815	-1.56427	-0.263951	0.441786	1.23319
3.965	0.110778	1.32033	-1.9889	-1.56536	-0.263951	0.441786	1.23319
3.978	0.110128	1.3198	-1.98968	-1.5664	-0.263949	0.441786	1.23319
3.991	0.109466	1.31923	-1.99049	-1.56737	-0.263949	0.441786	1.23319
4.004	0.108791	1.31865	-1.99121	-1.56838	-0.263949	0.441788	1.23319
4.017	0.108239	1.31803	-1.99193	-1.5694	-0.263947	0.441788	1.23319
4.03	0.107653	1.31744	-1.99262	-1.57042	-0.263949	0.441788	1.23319
4.043	0.107124	1.31678	-1.99338	-1.57135	-0.263947	0.441788	1.23319
4.056	0.106627	1.31609	-1.99411	-1.57228	-0.263947	0.441788	1.23319
4.069	0.106187	1.31541	-1.99475	-1.57325	-0.263947	0.441786	1.23319
4.082	0.106187	1.31541	-1.99475	-1.57325	-0.263947	0.441786	1.23319
4.095	0.105804	1.3147	-1.99537	-1.57423	-0.263947	0.441786	1.23319
4.108	0.10535	1.31402	-1.996	-1.57509	-0.263947	0.441786	1.23319
4.121	0.104854	1.31343	-1.99669	-1.57592	-0.263947	0.441786	1.23319
4.134	0.104447	1.31279	-1.99743	-1.5769	-0.263947	0.441785	1.23319
4.147	0.104107	1.31217	-1.99814	-1.57791	-0.263947	0.441785	1.23319
4.16	0.103842	1.31145	-1.99883	-1.5789	-0.263947	0.441785	1.23319
4.173	0.103567	1.31075	-1.99942	-1.57986	-0.263947	0.441785	1.23319
4.186	0.103348	1.31002	-2.0001	-1.58089	-0.263947	0.441785	1.23319
4.199	0.103108	1.30932	-2.00074	-1.58195	-0.263947	0.441785	1.23319
4.212	0.103108	1.30932	-2.00074	-1.58195	-0.263947	0.441785	1.23319
4.225	0.102908	1.30858	-2.00138	-1.58301	-0.263947	0.441785	1.23319
4.238	0.102734	1.30781	-2.00208	-1.58414	-0.263947	0.441783	1.23319
4.251	0.102539	1.30704	-2.00274	-1.58535	-0.263947	0.441781	1.23319
4.264	0.102371	1.30622	-2.00337	-1.58649	-0.263947	0.441781	1.23319
4.277	0.102205	1.30535	-2.00397	-1.58761	-0.263945	0.441781	1.23319
4.29	0.102089	1.30453	-2.00454	-1.58876	-0.263945	0.441781	1.23319
4.303	0.102001	1.30364	-2.00511	-1.58991	-0.263945	0.441781	1.23319
4.316	0.101919	1.30274	-2.00566	-1.59099	-0.263945	0.441781	1.23319
4.329	0.101846	1.30188	-2.00623	-1.59209	-0.263945	0.441783	1.23319
4.342	0.101792	1.30101	-2.00673	-1.59319	-0.263943	0.441783	1.23319
4.355	0.101792	1.30101	-2.00673	-1.59319	-0.263943	0.441783	1.23319
4.368	0.101718	1.3001	-2.00714	-1.59421	-0.263943	0.441783	1.23319
4.381	0.101579	1.29915	-2.00757	-1.59519	-0.263943	0.441783	1.23319
4.394	0.101388	1.29824	-2.00805	-1.59614	-0.263945	0.441781	1.23319
4.407	0.101215	1.29733	-2.00857	-1.59717	-0.263943	0.441781	1.23319
4.42	0.101041	1.29636	-2.00905	-1.59818	-0.263943	0.441781	1.23319
4.433	0.100875	1.29539	-2.00954	-1.59911	-0.263943	0.441781	1.23319
4.446	0.100676	1.29435	-2.01009	-1.60006	-0.263945	0.441781	1.23319
4.459	0.100473	1.29338	-2.01057	-1.60098	-0.263945	0.441781	1.23319
4.472	0.100285	1.29232	-2.01102	-1.60186	-0.263945	0.441781	1.23319
4.485	0.100285	1.29232	-2.01102	-1.60186	-0.263945	0.441781	1.23319
4.498	0.100102	1.29128	-2.01144	-1.60263	-0.263945	0.441781	1.23319
4.511	0.0998659	1.29022	-2.01194	-1.60338	-0.263945	0.44178	1.23319
4.524	0.0995885	1.28922	-2.01248	-1.60404	-0.263945	0.441778	1.2332
4.537	0.0992881	1.28815	-2.01307	-1.60472	-0.263945	0.441778	1.23319
4.55	0.0989545	1.28711	-2.01368	-1.60535	-0.263945	0.441778	1.23319
4.563	0.0986375	1.28604	-2.01435	-1.60595	-0.263945	0.441776	1.23319
4.576	0.098323	1.28492	-2.01494	-1.60651	-0.263945	0.441774	1.23319
4.589	0.0980469	1.28377	-2.01553	-1.60709	-0.263947	0.441774	1.23319
4.602	0.0977708	1.28265	-2.01616	-1.60765	-0.263947	0.441774	1.23319
4.615	0.0974755	1.28149	-2.01684	-1.60819	-0.263947	0.441773	1.2332
4.628	0.0974755	1.28149	-2.01684	-1.60819	-0.263947	0.441773	1.2332
4.641	0.0971393	1.28034	-2.01748	-1.60865	-0.263947	0.441774	1.23319
4.654	0.0966727	1.27918	-2.01815	-1.60909	-0.263947	0.441774	1.2332
4.667	0.0961422	1.27806	-2.01878	-1.6094	-0.263947	0.441773	1.2332
4.68	0.0956667	1.27687	-2.01943	-1.60979	-0.263947	0.441774	1.2332
4.693	0.0951822	1.27574	-2.02	-1.61011	-0.263947	0.441774	1.2332
4.706	0.0946951	1.27456	-2.02064	-1.61048	-0.263947	0.441774	1.2332
4.719	0.0941825	1.27345	-2.02123	-1.61085	-0.263947	0.441774	1.2332
4.732	0.0936559	1.27229	-2.02183	-1.6113	-0.263949	0.441774	1.2332
4.745	0.0930781	1.27121	-2.02237	-1.61178	-0.263949	0.441774	1.2332
4.758	0.0930781	1.27121	-2.02237	-1.61178	-0.263949	0.441774	1.2332
4.771	0.0925131	1.27007	-2.02293	-1.6123	-0.263949	0.441773	1.2332
4.784	0.0919263	1.26894	-2.02345	-1.61284	-0.263949	0.441773	1.2332
4.797	0.0912578	1.26779	-2.02394	-1.61336	-0.263949	0.441773	1.2332
4.81	0.090501	1.26672	-2.02451	-1.6138	-0.263949	0.441773	1.2332
4.823	0.0897608	1.26557	-2.0251	-1.61432	-0.263949	0.441773	1.2332
4.836	0.0889529	1.2645	-2.02559	-1.61488	-0.263949	0.441773	1.2332
4.849	0.0882345	1.26336	-2.02617	-1.61549	-0.263949	0.441773	1.2332
4.862	0.0874432	1.26226	-2.02665	-1.61617	-0.263949	0.441773	1.2332
4.875	0.0866993	1.26111	-2.02715	-1.61679	-0.263949	0.441773	1.2332
4.888	0.0859438	1.26	-2.02763	-1.61737	-0.263949	0.441773	1.2332
4.901	0.0859438	1.26	-2.02763	-1.61737	-0.263949	0.441773	1.2332
4.914	0.0851512	1.2589	-2.02815	-1.61788	-0.263949	0.441773	1.2332
4.927	0.0843075	1.25785	-2.02876	-1.61836	-0.263949	0.441773	1.2332
4.94	0.0833756	1.2568	-2.02937	-1.61871	-0.263951	0.441773	1.2332
4.953	0.0825447	1.2558	-2.03005	-1.61917	-0.263951	0.441773	1.2332
4.966	0.0817432	1.25473	-2.03068	-1.61974	-0.263951	0.441773	1.2332
4.979	0.080943	1.25374	-2.03137	-1.62028	-0.263951	0.441773	1.2332
4.992	0.0801517	1.25268	-2.03209	-1.62077	-0.263951	0.441774	1.2332
5.005	0.0793144	1.25167	-2.03275	-1.62124	-0.263953	0.441774	1.2332
5.018	0.0785487	1.25061	-2.03355	-1.62167	-0.263953	0.441774	1.2332
5.031	0.0785487	1.25061	-2.03355	-1.62167	-0.263953	0.441774	1.2332
5.044	0.0777843	1.24961	-2.03422	-1.62213	-0.263955	0.441774	1.2332
5.057	0.0770441	1.2485	-2.0349	-1.6226	-0.263955	0.441773	1.2332
5.07	0.0762733	1.24747	-2.03564	-1.62305	-0.263955	0.441773	1.2332
5.083	0.0753823	1.2464	-2.03638	-1.62348	-0.263957	0.441771	1.2332
5.096	0.0746038	1.24537	-2.03715	-1.6239	-0.263957	0.441771	1.2332
5.109	0.0738189	1.24429	-2.03787	-1.62433	-0.263957	0.441769	1.2332
5.122	0.0730852	1.24325	-2.03853	-1.62468	-0.263957	0.441769	1.2332
5.135	0.0723527	1.24211	-2.03918	-1.62498	-0.263957	0.441769	1.2332
5.148	0.071633	1.24102	-2.03976	-1.62525	-0.263957	0.441768	1.2332
5.161	0.0710271	1.2399	-2.04036	-1.62552	-0.263957	0.441768	1.2332
5.174	0.0710271	1.2399	-2.04036	-1.62552	-0.263957	0.441768	1.2332
5.187	0.0704455	1.23882	-2.04095	-1.62581	-0.263957	0.441766	1.2332
5.2	0.0698357	1.23772	-2.04159	-1.62612	-0.263957	0.441766	1.2332
5.213	0.0691671	1.23672	-2.04219	-1.62635	-0.263955	0.441764	1.2332
5.226	0.0685727	1.23558	-2.04283	-1.62674	-0.263955	0.441764	1.2332
5.239	0.0680333	1.23454	-2.04342	-1.62713	-0.263957	0.441764	1.2332
5.252	0.0675399	1.23341	-2.04405	-1.62756	-0.263957	0.441764	1.2332
5.265	0.0670656	1.2323	-2.0446	-1.62795	-0.263957	0.441764	1.2332
5.278	0.0666195	1.23116	-2.04517	-1.62836	-0.263957	0.441762	1.2332
5.291	0.0661874	1.23008	-2.04574	-1.62875	-0.263957	0.441762	1.2332
5.304	0.0657553	1.22891	-2.04627	-1.62915	-0.263957	0.441761	1.2332
5.317	0.0657553	1.22891	-2.04627	-1.62915	-0.263957	0.441761	1.2332
5.33	0.0653693	1.22779	-2.04678	-1.62951	-0.263957	0.441761	1.2332
5.343	0.0649116	1.22659	-2.04733	-1.62992	-0.263957	0.441761	1.2332
5.356	0.064454	1.22547	-2.04791	-1.63027	-0.263957	0.441761	1.2332
5.369	0.0639912	1.22431	-2.04848	-1.6307	-0.263957	0.441761	1.2332
5.382	0.0635247	1.22319	-2.04902	-1.63115	-0.263959	0.441761	1.2332
5.395	0.0631169	1.222	-2.04954	-1.63162	-0.263959	0.441759	1.2332
5.408	0.0626925	1.22083	-2.04993	-1.63209	-0.263961	0.441759	1.2332
5.421	0.062332	1.21959	-2.05035	-1.63257	-0.263963	0.441757	1.2332
5.434	0.0618743	1.21843	-2.05074	-1.63307	-0.263965	0.441757	1.2332
5.447	0.0618743	1.21843	-2.05074	-1.63307	-0.263965	0.441757	1.2332
5.46	0.0614819	1.21726	-2.05116	-1.63352	-0.263967	0.441757	1.2332
5.473	0.060991	1.21609	-2.05155	-1.63398	-0.263969	0.441756	1.2332
5.486	0.0604835	1.21496	-2.05197	-1.63438	-0.263971	0.441754	1.2332
5.499	0.0599582	1.21379	-2.05239	-1.6348	-0.263974	0.441754	1.2332
5.512	0.0594392	1.21266	-2.05273	-1.63519	-0.263976	0.441752	1.2332
5.525	0.0589751	1.21149	-2.05319	-1.63565	-0.263978	0.441751	1.2332
5.538	0.0585188	1.21038	-2.05358	-1.63606	-0.263982	0.441749	1.2332
5.551	0.0580726	1.20918	-2.05394	-1.63645	-0.263984	0.441739	1.2332
5.564	0.057592	1.20798	-2.0543	-1.63678	-0.263988	0.441677	1.2332
5.577	0.0571305	1.20675	-2.05474	-1.63713	-0.263998	0.441509	1.2332
5.59	0.0571305	1.20675	-2.05474	-1.63713	-0.263998	0.441509	1.2332
5.603	0.0566985	1.20556	-2.05519	-1.63748	-0.264037	0.441321	1.2332
5.616	0.0562395	1.20435	-2.05564	-1.63783	-0.264147	0.441176	1.2332
5.629	0.0557167	1.2032	-2.05618	-1.63813	-0.264295	0.44103	1.2332
5.642	0.0552079	1.20202	-2.05675	-1.63838	-0.264565	0.440803	1.2332
5.655	0.0547043	1.20086	-2.05739	-1.6386	-0.265055	0.440414	1.2332
5.668	0.0542479	1.19973	-2.05802	-1.63879	-0.265663	0.439767	1.2332
5.681	0.053766	1.19857	-2.05865	-1.63894	-0.266291	0.438478	1.2332
5.694	0.0532789	1.19749	-2.05924	-1.63899	-0.266845	0.437091	1.2332
5.707	0.0527842	1.19642	-2.05982	-1.63904	-0.26735	0.436032	1.2332
5.72	0.0527842	1.19642	-2.05982	-1.63904	-0.26735	0.436032	1.2332
5.733	0.0523189	1.19538	-2.06043	-1.63916	-0.267829	0.434343	1.2332
5.746	0.0517654	1.19436	-2.06104	-1.6393	-0.2686	0.432504	1.2332
5.759	0.0511864	1.1934	-2.06163	-1.63938	-0.269774	0.430508	1.2332
5.772	0.0505817	1.19241	-2.06217	-1.63948	-0.271063	0.42834	1.2332
5.785	0.0499451	1.19141	-2.06269	-1.63957	-0.272488	0.426124	1.2332
5.798	0.0493149	1.19048	-2.06326	-1.63963	-0.273754	0.424418	1.2332
5.811	0.048654	1.1895	-2.06378	-1.63968	-0.274918	0.423186	1.2332
5.824	0.0480097	1.18858	-2.06429	-1.63971	-0.276225	0.422211	1.2332
5.837	0.0474013	1.18763	-2.06483	-1.63976	-0.277477	0.421957	1.2332
5.85	0.0468286	1.18671	-2.06535	-1.63988	-0.278796	0.421959	1.2332
5.863	0.0468286	1.18671	-2.06535	-1.63988	-0.278796	0.421959	1.2332
5.876	0.0462303	1.18571	-2.06585	-1.64003	-0.279806	0.421959	1.2332
5.889	0.0456116	1.18475	-2.06636	-1.64016	-0.280452	0.421961	1.2332
5.902	0.0449213	1.18383	-2.06692	-1.64035	-0.281001	0.421961	1.2332
5.915	0.0442195	1.18284	-2.06748	-1.64061	-0.281584	0.421961	1.2332
5.928	0.0435446	1.18188	-2.06803	-1.64086	-0.282122	0.421961	1.2332
5.941	0.042885	1.18083	-2.06861	-1.64116	-0.28249	0.421961	1.2332
5.954	0.0421691	1.17984	-2.06912	-1.64143	-0.28268	0.421961	1.2332
5.967	0.0414737	1.17878	-2.06965	-1.64164	-0.282745	0.421959	1.2332
5.98	0.0407834	1.17772	-2.07011	-1.64188	-0.282776	0.421959	1.2332
5.993	0.0407834	1.17772	-2.07011	-1.64188	-0.282776	0.421959	1.2332
6.006	0.0400509	1.17659	-2.07064	-1.64217	-0.282829	0.421957	1.2332
6.019	0.0393657	1.17551	-2.0712	-1.64244	-0.282954	0.421955	1.2332
6.032	0.038586	1.17435	-2.07169	-1.64276	-0.28321	0.421955	1.2332
6.045	0.0377372	1.17328	-2.07218	-1.643	-0.283586	0.421952	1.2332
6.058	0.0369318	1.17216	-2.07279	-1.64329	-0.28396	0.421932	1.2332
6.071	0.0360958	1.17105	-2.07325	-1.64361	-0.284406	0.421862	1.2332
6.084	0.0353582	1.16985	-2.07373	-1.64397	-0.285022	0.421732	1.2332
6.097	0.0346181	1.16868	-2.07422	-1.64429	-0.285615	0.421488	1.2332
6.11	0.0338575	1.16744	-2.07483	-1.64455	-0.286122	0.421158	1.2332
6.123	0.0331212	1.16623	-2.07546	-1.64479	-0.28665	0.420607	1.2332
6.136	0.0331212	1.16623	-2.07546	-1.64479	-0.28665	0.420607	1.2332
6.149	0.0323925	1.16495	-2.07613	-1.64515	-0.287343	0.419656	1.2332
6.162	0.0316677	1.16371	-2.07695	-1.64552	-0.288292	0.418117	1.2332
6.175	0.0308854	1.16243	-2.07769	-1.64582	-0.289407	0.416764	1.2332
6.188	0.0301516	1.16108	-2.07851	-1.64616	-0.290534	0.415068	1.2332
6.201	0.0294422	1.1598	-2.07938	-1.64642	-0.291773	0.412881	1.2332
6.214	0.0287404	1.15848	-2.08019	-1.64671	-0.292802	0.410485	1.23319
6.227	0.0280718	1.15719	-2.08107	-1.64697	-0.29378	0.407986	1.23319
6.24	0.0274263	1.1559	-2.08186	-1.64724	-0.295046	0.405351	1.2332
6.253	0.0267807	1.15453	-2.08262	-1.64752	-0.296561	0.403411	1.23319
6.266	0.0267807	1.15453	-2.08262	-1.64752	-0.296561	0.403411	1.23319
6.279	0.0261364	1.1533	-2.08339	-1.64773	-0.298269	0.401652	1.2332
6.292	0.0254998	1.152	-2.08417	-1.64799	-0.299748	0.400764	1.2332
6.305	0.024853	1.15076	-2.08491	-1.64824	-0.301329	0.400038	1.2332
6.318	0.0241423	1.14954	-2.0856	-1.64839	-0.302847	0.399254	1.2332
6.331	0.0234891	1.14825	-2.08632	-1.64857	-0.304362	0.398717	1.2332
6.344	0.0228563	1.14704	-2.08699	-1.64876	-0.305581	0.398646	1.2332
6.357	0.0222005	1.14577	-2.08772	-1.64899	-0.306872	0.398639	1.2332
6.37	0.021555	1.14457	-2.08846	-1.64919	-0.308248	0.398632	1.2332
6.383	0.0209056	1.14331	-2.08908	-1.64941	-0.30959	0.398629	1.2332
6.396	0.0202907	1.14205	-2.08964	-1.64958	-0.31085	0.398622	1.2332
6.409	0.0202907	1.14205	-2.08964	-1.64958	-0.31085	0.398622	1.2332
6.422	0.0197359	1.14081	-2.09025	-1.64971	-0.311641	0.398618	1.2332
6.435	0.0191415	1.13957	-2.09079	-1.64983	-0.312341	0.398613	1.2332
6.448	0.0185714	1.13843	-2.09126	-1.64985	-0.313143	0.398605	1.2332
6.461	0.0179769	1.13725	-2.09174	-1.64987	-0.313834	0.398589	1.2332
6.474	0.0174234	1.13614	-2.09216	-1.64987	-0.314288	0.398559	1.2332
6.487	0.0169083	1.13503	-2.09259	-1.64988	-0.314595	0.398487	1.2332
6.5	0.0164174	1.13399	-2.09293	-1.64987	-0.314832	0.398307	1.2332
6.513	0.0159368	1.13289	-2.09321	-1.64986	-0.314961	0.397891	1.2332
6.526	0.0155162	1.13184	-2.09346	-1.64985	-0.315071	0.397401	1.2332
6.539	0.0155162	1.13184	-2.09346	-1.64985	-0.315071	0.397401	1.2332
6.552	0.0151071	1.13072	-2.09369	-1.64985	-0.315258	0.396762	1.23319
6.565	0.0146763	1.12966	-2.0939	-1.64985	-0.315493	0.395416	1.23319
6.578	0.0141778	1.12852	-2.09415	-1.64986	-0.315904	0.393653	1.23319
6.591	0.0136051	1.12747	-2.09431	-1.64985	-0.316493	0.391872	1.23319
6.604	0.0130465	1.12636	-2.0945	-1.64987	-0.317109	0.389501	1.23319
6.617	0.0124508	1.12532	-2.09466	-1.64991	-0.317661	0.387296	1.23319
6.63	0.011896	1.12421	-2.09487	-1.65005	-0.318393	0.385331	1.23319
6.643	0.0113067	1.12316	-2.09503	-1.65019	-0.319526	0.383902	1.23319
6.656	0.0106714	1.12204	-2.09528	-1.65037	-0.32087	0.382535	1.23319
6.669	0.0100539	1.121	-2.0956	-1.65052	-0.322199	0.381791	1.2332
6.682	0.0100539	1.121	-2.0956	-1.65052	-0.322199	0.381791	1.2332
6.695	0.00944035	1.11988	-2.09596	-1.65071	-0.323574	0.381368	1.2332
6.708	0.0088306	1.11885	-2.09635	-1.65083	-0.324633	0.380884	1.2332
6.721	0.00816842	1.11778	-2.09681	-1.65093	-0.325613	0.379902	1.2332
6.734	0.00758295	1.11673	-2.09721	-1.65104	-0.326589	0.378765	1.2332
6.747	0.00698725	1.11557	-2.09766	-1.6512	-0.327419	0.377908	1.2332
6.76	0.00642735	1.11445	-2.09821	-1.65133	-0.328239	0.377201	1.2332
6.773	0.00584572	1.11328	-2.09879	-1.65155	-0.32899	0.375977	1.2332
6.786	0.00525002	1.1121	-2.0993	-1.65176	-0.329695	0.374463	1.23319
6.799	0.00462877	1.11086	-2.0999	-1.65188	-0.330276	0.373216	1.23319
6.812	0.00401773	1.10963	-2.10059	-1.65206	-0.330741	0.371343	1.23319
6.825	0.00401773	1.10963	-2.10059	-1.65206	-0.330741	0.371343	1.23319
6.838	0.00341564	1.10832	-2.10119	-1.65224	-0.331462	0.369522	1.23319
6.851	0.00272662	1.10702	-2.10173	-1.65234	-0.332606	0.367855	1.23319
6.864	0.00200437	1.10574	-2.10236	-1.65234	-0.333929	0.366233	1.23319
6.877	0.00127702	1.10447	-2.10296	-1.65241	-0.335488	0.365198	1.23319
6.89	0.000590567	1.10319	-2.10351	-1.65243	-0.33696	0.363942	1.23319
6.903	-4.60243e-05	1.1019	-2.10407	-1.65245	-0.338676	0.362872	1.2332
6.916	-0.000683907	1.10066	-2.10459	-1.65247	-0.340689	0.362391	1.23319
6.929	-0.00128088	1.09939	-2.1051	-1.65248	-0.342851	0.362164	1.2332
6.942	-0.00184717	1.09812	-2.10561	-1.65249	-0.344763	0.361948	1.23319
6.955	-0.00184717	1.09812	-2.10561	-1.65249	-0.344763	0.361948	1.23319
6.968	-0.00239302	1.09686	-2.10613	-1.65254	-0.346735	0.361678	1.23319
6.981	-0.00292479	1.09557	-2.10668	-1.6526	-0.348649	0.36131	1.23319
6.994	-0.00345785	1.09433	-2.10728	-1.6526	-0.350091	0.360514	1.23319
7.007	-0.00397429	1.09306	-2.10789	-1.65264	-0.351464	0.359343	1.23319
7.02	-0.00449073	1.0918	-2.10843	-1.65268	-0.352658	0.358365	1.23319
7.033	-0.00497522	1.09048	-2.10897	-1.65271	-0.353795	0.357586	1.23319
7.046	-0.00546993	1.08915	-2.10954	-1.65274	-0.354761	0.356194	1.23319
7.059	-0.00596463	1.08785	-2.11004	-1.65275	-0.355382	0.354443	1.23319
7.072	-0.00643634	1.08655	-2.11055	-1.65275	-0.355928	0.352998	1.23319
7.085	-0.0069221	1.08529	-2.11108	-1.65277	-0.356499	0.350915	1.23319
7.098	-0.0069221	1.08529	-2.11108	-1.65277	-0.356499	0.350915	1.23319
7.111	-0.00741809	1.08399	-2.11157	-1.65282	-0.357188	0.349252	1.23319
7.124	-0.00800483	1.0827	-2.112	-1.65284	-0.35816	0.34737	1.23319
7.137	-0.0086376	1.08148	-2.11243	-1.65284	-0.359289	0.346175	1.23319
7.15	-0.00925119	1.08021	-2.11281	-1.65284	-0.360502	0.34544	1.23319
7.163	-0.00984177	1.07901	-2.11309	-1.65284	-0.361539	0.344616	1.23319
7.176	-0.0104605	1.07779	-2.11335	-1.65284	-0.362408	0.3439	1.23319
7.189	-0.0110907	1.07663	-2.11363	-1.65285	-0.36341	0.343574	1.23319
7.202	-0.0116774	1.07546	-2.11389	-1.65285	-0.364414	0.343439	1.23319
7.215	-0.012277	1.07429	-2.11415	-1.65289	-0.365365	0.343393	1.23319
7.228	-0.012277	1.07429	-2.11415	-1.65289	-0.365365	0.343393	1.23319
7.241	-0.0128739	1.07319	-2.11442	-1.6529	-0.366505	0.343381	1.23319
7.254	-0.0134977	1.07203	-2.11469	-1.65292	-0.367572	0.343376	1.23319
7.267	-0.0141229	1.07088	-2.11496	-1.65292	-0.368315	0.343368	1.23319
7.28	-0.0147697	1.06971	-2.11529	-1.65296	-0.369135	0.343356	1.23319
7.293	-0.0153692	1.06852	-2.11562	-1.65299	-0.370152	0.343322	1.23319
7.306	-0.0159266	1.06734	-2.11599	-1.65304	-0.371184	0.343211	1.23319
7.319	-0.0164839	1.06622	-2.11643	-1.65307	-0.37224	0.34293	1.23319
7.332	-0.01704	1.065	-2.11685	-1.65307	-0.373408	0.342528	1.23319
7.345	-0.0175436	1.06379	-2.11725	-1.65308	-0.374436	0.341849	1.23319
7.358	-0.0180626	1.06253	-2.11764	-1.65309	-0.375502	0.340682	1.23319
7.371	-0.0180626	1.06253	-2.11764	-1.65309	-0.375502	0.340682	1.23319
7.384	-0.0185663	1.0613	-2.11812	-1.65309	-0.376895	0.339034	1.23319
7.397	-0.0190802	1.06003	-2.1186	-1.65307	-0.378406	0.337518	1.23319
7.41	-0.0196529	1.05875	-2.11904	-1.65308	-0.380108	0.33518	1.23319
7.423	-0.0202473	1.05746	-2.11951	-1.65316	-0.381397	0.332887	1.23319
7.436	-0.0209312	1.05611	-2.12001	-1.65321	-0.382865	0.33023	1.23319
7.449	-0.0216649	1.05485	-2.1205	-1.65321	-0.384411	0.32774	1.23319
7.462	-0.0223705	1.0535	-2.12091	-1.65321	-0.386039	0.325915	1.23319
7.475	-0.0230647	1.05216	-2.12127	-1.6532	-0.387353	0.324273	1.23319
7.488	-0.0237332	1.05088	-2.12158	-1.65319	-0.388617	0.323177	1.23319
7.501	-0.0237332	1.05088	-2.12158	-1.65319	-0.388617	0.323177	1.23319
7.514	-0.0244069	1.04956	-2.12189	-1.65319	-0.389815	0.322901	1.23319
7.527	-0.0250972	1.04828	-2.12223	-1.65319	-0.390864	0.322882	1.23319
7.54	-0.0258386	1.04696	-2.12258	-1.65319	-0.391961	0.322876	1.23319
7.553	-0.0266018	1.04567	-2.12288	-1.65318	-0.392918	0.322853	1.23319
7.566	-0.0272639	1.04441	-2.12317	-1.65318	-0.393711	0.322833	1.23319
7.579	-0.027953	1.04313	-2.12344	-1.65318	-0.394632	0.322831	1.23319
7.592	-0.028642	1.04193	-2.12385	-1.65318	-0.395656	0.322809	1.23319
7.605	-0.0292888	1.04072	-2.12428	-1.65317	-0.39671	0.322692	1.23319
7.618	-0.0299292	1.03953	-2.12458	-1.65317	-0.398033	0.322277	1.23319
7.631	-0.0305658	1.03828	-2.12495	-1.65317	-0.399277	0.321515	1.23319
7.644	-0.0305658	1.03828	-2.12495	-1.65317	-0.399277	0.321515	1.23319
7.657	-0.0312446	1.03699	-2.12532	-1.65317	-0.40025	0.320215	1.23319
7.67	-0.0319298	1.03568	-2.1257	-1.65316	-0.401526	0.318903	1.23319
7.683	-0.0327006	1.03438	-2.12607	-1.65316	-0.403103	0.317599	1.23319
7.696	-0.0334421	1.03313	-2.12644	-1.65318	-0.404869	0.315453	1.23319
7.709	-0.0342985	1.03172	-2.12667	-1.65317	-0.406429	0.313575	1.23319
7.722	-0.0350924	1.03039	-2.12694	-1.65316	-0.40817	0.311205	1.23319
7.735	-0.0358478	1.029	-2.12718	-1.65316	-0.409972	0.309247	1.23319
7.748	-0.0366711	1.02764	-2.1274	-1.65313	-0.411806	0.307394	1.23319
7.761	-0.0374432	1.02637	-2.12775	-1.65311	-0.413164	0.306438	1.23319
7.774	-0.0374432	1.02637	-2.12775	-1.65311	-0.413164	0.306438	1.23319
7.787	-0.03826	1.02505	-2.12799	-1.65311	-0.414424	0.305661	1.23319
7.8	-0.0390603	1.02371	-2.12818	-1.6531	-0.41541	0.30495	1.23319
7.813	-0.0398349	1.02237	-2.12841	-1.6531	-0.416292	0.304497	1.23319
7.826	-0.0406812	1.02104	-2.12855	-1.65306	-0.417087	0.304406	1.23319
7.839	-0.0414315	1.01976	-2.12873	-1.65305	-0.417668	0.304376	1.23319
7.852	-0.0422407	1.01848	-2.12882	-1.65304	-0.417963	0.304359	1.23319
7.865	-0.0430307	1.01719	-2.12892	-1.65304	-0.418214	0.304342	1.23319
7.878	-0.0437824	1.01595	-2.12901	-1.65304	-0.418505	0.30432	1.23319
7.891	-0.0445903	1.01473	-2.12904	-1.65303	-0.418877	0.304248	1.23319
7.904	-0.0453611	1.01355	-2.12912	-1.65302	-0.41937	0.303914	1.23319
7.917	-0.0453611	1.01355	-2.12912	-1.65302	-0.41937	0.303914	1.23319
7.93	-0.0461383	1.01229	-2.12919	-1.653	-0.419975	0.303426	1.23319
7.943	-0.0468989	1.01106	-2.12926	-1.65299	-0.42056	0.302774	1.23319
7.956	-0.0476582	1.00978	-2.12931	-1.65293	-0.421264	0.301536	1.23319
7.969	-0.0484674	1.00853	-2.1293	-1.65283	-0.42229	0.299636	1.23319
7.982	-0.0492599	1.00735	-2.12931	-1.65273	-0.423827	0.297913	1.23319
7.995	-0.0500666	1.00613	-2.1293	-1.65265	-0.425383	0.295497	1.23319
8.008	-0.050854	1.00497	-2.1293	-1.65255	-0.427252	0.293169	1.23319
8.021	-0.0516645	1.00373	-2.1293	-1.65251	-0.42939	0.290701	1.23319
8.034	-0.0525452	1.00252	-2.12931	-1.65248	-0.431382	0.288243	1.23319
8.047	-0.0525452	1.00252	-2.12931	-1.65248	-0.431382	0.288243	1.23319
8.06	-0.0533659	1.00126	-2.12931	-1.65233	-0.433501	0.286367	1.23319
8.073	-0.0542479	1.00005	-2.12929	-1.65218	-0.435759	0.28441	1.23319
8.086	-0.0550354	0.998846	-2.12931	-1.65195	-0.437659	0.283118	1.23319
8.099	-0.0558446	0.997568	-2.12931	-1.65177	-0.43916	0.282065	1.23319
8.112	-0.0566537	0.996403	-2.12931	-1.65145	-0.440518	0.280751	1.23319
8.125	-0.0574412	0.995142	-2.12935	-1.65115	-0.44185	0.279805	1.23319
8.138	-0.0582363	0.993945	-2.12936	-1.65079	-0.443048	0.279212	1.23319
8.151	-0.0589611	0.992687	-2.12942	-1.65038	-0.443793	0.278394	1.23319
8.164	-0.0597421	0.9914	-2.12947	-1.64996	-0.444519	0.276933	1.23319
8.177	-0.0605539	0.990129	-2.12953	-1.64951	-0.445333	0.275672	1.23319
8.19	-0.0605539	0.990129	-2.12953	-1.64951	-0.445333	0.275672	1.23319
8.203	-0.061326	0.988804	-2.12963	-1.64908	-0.446108	0.274571	1.23319
8.216	-0.0621364	0.987552	-2.12965	-1.6487	-0.446875	0.272839	1.23319
8.229	-0.0629635	0.986255	-2.12965	-1.64829	-0.447873	0.271526	1.23319
8.242	-0.0638034	0.984997	-2.12964	-1.64781	-0.448898	0.270374	1.23319
8.255	-0.0646956	0.983799	-2.12964	-1.64727	-0.449708	0.268808	1.23319
8.268	-0.0655828	0.982596	-2.12964	-1.64669	-0.45052	0.267886	1.23319
8.281	-0.0664303	0.981427	-2.12964	-1.64604	-0.451452	0.267388	1.23319
8.294	-0.0672957	0.980239	-2.12964	-1.64541	-0.452479	0.266955	1.23319
8.307	-0.068165	0.979133	-2.12964	-1.64473	-0.453514	0.266362	1.23319
8.32	-0.0690176	0.977957	-2.12964	-1.64407	-0.454655	0.265668	1.23319
8.333	-0.0690176	0.977957	-2.12964	-1.64407	-0.454655	0.265668	1.23319
8.346	-0.0698716	0.976845	-2.12964	-1.64338	-0.455586	0.264867	1.23319
8.359	-0.0707063	0.975714	-2.12964	-1.64269	-0.456328	0.264226	1.23319
8.372	-0.0715564	0.974634	-2.12963	-1.64194	-0.457188	0.2638	1.23319
8.385	-0.0724422	0.97355	-2.12963	-1.64113	-0.458233	0.263282	1.23319
8.398	-0.0732361	0.972499	-2.12963	-1.64033	-0.459304	0.262324	1.23319
8.411	-0.0740337	0.971435	-2.12963	-1.63951	-0.460474	0.260811	1.23319
8.424	-0.0747547	0.970387	-2.12963	-1.63864	-0.461636	0.259543	1.23319
8.437	-0.0755089	0.969298	-2.12963	-1.63777	-0.462565	0.258027	1.23319
8.45	-0.0763053	0.968338	-2.12963	-1.6369	-0.463743	0.256275	1.23319
8.463	-0.0763053	0.968338	-2.12963	-1.6369	-0.463743	0.256275	1.23319
8.476	-0.0770787	0.967277	-2.12963	-1.63613	-0.465223	0.254968	1.23319
8.489	-0.0779109	0.966253	-2.12962	-1.63543	-0.466966	0.253136	1.23319
8.502	-0.0787571	0.96523	-2.12962	-1.63473	-0.468838	0.251874	1.23319
8.515	-0.0796315	0.964201	-2.12961	-1.63403	-0.470635	0.251109	1.23319
8.528	-0.0805672	0.963219	-2.1296	-1.63336	-0.472505	0.250073	1.23319
8.541	-0.0814352	0.962224	-2.12959	-1.63274	-0.474299	0.24921	1.23319
8.554	-0.0822955	0.961289	-2.12957	-1.63214	-0.475434	0.248945	1.23319
8.567	-0.0831047	0.960345	-2.12957	-1.63159	-0.476334	0.248938	1.23319
8.58	-0.0839484	0.959495	-2.12955	-1.63106	-0.477086	0.248938	1.23319
8.593	-0.0848164	0.958583	-2.12955	-1.63052	-0.477389	0.248938	1.23319
8.606	-0.0848164	0.958583	-2.12955	-1.63052	-0.477389	0.248938	1.23319
8.619	-0.0856613	0.957689	-2.12953	-1.62996	-0.477442	0.248938	1.23319
8.632	-0.0864782	0.956816	-2.12952	-1.62943	-0.477463	0.248938	1.23319
8.645	-0.0873218	0.955997	-2.12949	-1.62894	-0.477481	0.248938	1.23319
8.658	-0.0881834	0.95522	-2.12947	-1.62838	-0.477499	0.248933	1.23319
8.671	-0.0890399	0.954371	-2.12943	-1.62789	-0.477524	0.248914	1.23319
8.684	-0.0898606	0.953586	-2.12932	-1.62741	-0.477624	0.248907	1.23319
8.697	-0.0906698	0.952813	-2.12915	-1.62689	-0.477747	0.248905	1.23319
8.71	-0.0915595	0.952028	-2.12894	-1.62637	-0.477866	0.2489	1.23319
8.723	-0.0924083	0.951267	-2.12872	-1.62581	-0.478082	0.248892	1.23319
8.736	-0.0924083	0.951267	-2.12872	-1.62581	-0.478082	0.248892	1.23319
8.749	-0.0933287	0.950493	-2.12842	-1.62531	-0.478399	0.248876	1.23319
8.762	-0.0942273	0.94977	-2.12823	-1.62486	-0.478696	0.248839	1.23319
8.775	-0.0951694	0.949093	-2.12813	-1.62445	-0.479019	0.24868	1.23319
8.788	-0.0962087	0.948484	-2.12808	-1.62398	-0.479434	0.248396	1.23319
8.801	-0.0972173	0.947863	-2.12808	-1.62349	-0.479831	0.247971	1.23319
8.814	-0.0982489	0.947234	-2.12804	-1.62294	-0.480246	0.247475	1.23319
8.827	-0.0992767	0.946594	-2.12804	-1.62238	-0.48058	0.246572	1.23319
8.84	-0.100344	0.945981	-2.12804	-1.62173	-0.480823	0.245323	1.23319
8.853	-0.101397	0.945328	-2.12804	-1.62112	-0.481109	0.244404	1.23319
8.866	-0.102463	0.944718	-2.12804	-1.62053	-0.481518	0.24383	1.23319
8.879	-0.102463	0.944718	-2.12804	-1.62053	-0.481518	0.24383	1.23319
8.892	-0.103602	0.944097	-2.12803	-1.62013	-0.48195	0.243187	1.23319
8.905	-0.104768	0.943477	-2.12803	-1.61966	-0.482427	0.241999	1.23319
8.918	-0.105978	0.942798	-2.12793	-1.61914	-0.482987	0.240792	1.23319
8.931	-0.107211	0.942166	-2.12773	-1.61861	-0.483531	0.239996	1.23319
8.944	-0.108432	0.941567	-2.12757	-1.61808	-0.483981	0.239098	1.23319
8.957	-0.109674	0.940997	-2.12738	-1.61763	-0.484388	0.237694	1.23319
8.97	-0.110902	0.940471	-2.12713	-1.61722	-0.484838	0.236651	1.23319
8.983	-0.112148	0.939958	-2.12691	-1.61684	-0.485188	0.23595	1.23319
8.996	-0.11338	0.939457	-2.12666	-1.61646	-0.485445	0.235115	1.23319
9.009	-0.11338	0.939457	-2.12666	-1.61646	-0.485445	0.235115	1.23319
9.022	-0.114587	0.938934	-2.12632	-1.61613	-0.485711	0.233922	1.23319
9.035	-0.115849	0.938392	-2.12592	-1.61578	-0.485957	0.233189	1.23319
9.048	-0.117096	0.937832	-2.12555	-1.61548	-0.486094	0.232729	1.23319
9.061	-0.118341	0.937317	-2.12501	-1.61521	-0.486155	0.232538	1.23319
9.074	-0.119627	0.936784	-2.12437	-1.61494	-0.486167	0.232468	1.23319
9.087	-0.120827	0.936336	-2.12385	-1.61461	-0.486176	0.232434	1.23319
9.1	-0.122065	0.93592	-2.12328	-1.61424	-0.486178	0.232408	1.23319
9.113	-0.123273	0.935469	-2.12267	-1.61384	-0.486182	0.232372	1.23319
9.126	-0.124449	0.93505	-2.12203	-1.61344	-0.486184	0.23228	1.23319
9.139	-0.125643	0.934574	-2.1213	-1.61308	-0.486186	0.232037	1.23319
9.152	-0.125643	0.934574	-2.1213	-1.61308	-0.486186	0.232037	1.23319
9.165	-0.126772	0.934074	-2.12047	-1.61265	-0.486188	0.231529	1.23319
9.178	-0.127864	0.933584	-2.11981	-1.61215	-0.48619	0.230276	1.23319
9.191	-0.129038	0.933137	-2.11903	-1.61168	-0.486194	0.229088	1.23319
9.204	-0.130135	0.932677	-2.11825	-1.61116	-0.4862	0.228556	1.23319
9.217	-0.1313	0.932209	-2.11748	-1.61056	-0.486204	0.228343	1.23319
9.23	-0.132443	0.931741	-2.11666	-1.60994	-0.486208	0.22828	1.23319
9.243	-0.133557	0.93127	-2.11595	-1.6093	-0.486214	0.228234	1.23319
9.256	-0.134714	0.930864	-2.11519	-1.60878	-0.486221	0.228157	1.23319
9.269	-0.135824	0.930469	-2.11448	-1.60816	-0.486223	0.228086	1.23319
9.282	-0.135824	0.930469	-2.11448	-1.60816	-0.486223	0.228086	1.23319
9.295	-0.136969	0.930039	-2.11384	-1.60753	-0.486229	0.22803	1.23319
9.308	-0.138111	0.929644	-2.11318	-1.60683	-0.486249	0.227931	1.23319
9.321	-0.13928	0.929233	-2.11256	-1.60614	-0.486266	0.227813	1.23319
9.334	-0.140438	0.928835	-2.11208	-1.60547	-0.486274	0.227612	1.23319
9.347	-0.141653	0.928449	-2.11159	-1.6048	-0.486284	0.227278	1.23319
9.36	-0.142821	0.928016	-2.11114	-1.60408	-0.486288	0.226748	1.23319
9.373	-0.143968	0.927604	-2.1107	-1.60327	-0.486294	0.226088	1.23319
9.386	-0.14512	0.927197	-2.1102	-1.60238	-0.486304	0.225679	1.23319
9.399	-0.146227	0.926817	-2.10974	-1.60155	-0.486315	0.225471	1.23319
9.412	-0.147295	0.926499	-2.10927	-1.60067	-0.486329	0.225405	1.23319
9.425	-0.147295	0.926499	-2.10927	-1.60067	-0.486329	0.225405	1.23319
9.438	-0.148365	0.92617	-2.10879	-1.59979	-0.486333	0.225398	1.23319
9.451	-0.149401	0.925845	-2.10839	-1.59889	-0.486343	0.225396	1.23319
9.464	-0.150531	0.92551	-2.10799	-1.59804	-0.48636	0.225393	1.23319
9.477	-0.151574	0.925215	-2.10765	-1.59719	-0.486366	0.225377	1.23319
9.49	-0.152659	0.924926	-2.10724	-1.59638	-0.486376	0.225352	1.23319
9.503	-0.153663	0.924644	-2.10677	-1.59555	-0.48639	0.225333	1.23319
9.516	-0.154753	0.924348	-2.1063	-1.59471	-0.486401	0.225308	1.23319
9.529	-0.155764	0.924033	-2.10592	-1.59391	-0.486421	0.225262	1.23319
9.542	-0.15682	0.923711	-2.10542	-1.59323	-0.486456	0.225159	1.23319
9.555	-0.15682	0.923711	-2.10542	-1.59323	-0.486456	0.225159	1.23319
9.568	-0.15783	0.923332	-2.10489	-1.59262	-0.486505	0.225037	1.23319
9.581	-0.158919	0.922976	-2.10438	-1.59202	-0.486564	0.224844	1.23319
9.594	-0.160059	0.922618	-2.10391	-1.59143	-0.486664	0.224464	1.23319
9.607	-0.161186	0.922293	-2.10345	-1.5908	-0.486822	0.223804	1.23319
9.62	-0.162342	0.921945	-2.10302	-1.59022	-0.486961	0.222686	1.23319
9.633	-0.163527	0.921632	-2.10262	-1.58963	-0.487069	0.221471	1.23319
9.646	-0.164696	0.921319	-2.10225	-1.58904	-0.48717	0.220527	1.23319
9.659	-0.165867	0.921012	-2.10187	-1.58845	-0.487204	0.219506	1.23319
9.672	-0.167045	0.920762	-2.10144	-1.58786	-0.487217	0.217859	1.23319
9.685	-0.168209	0.920452	-2.10105	-1.58726	-0.487223	0.216574	1.23319
9.698	-0.168209	0.920452	-2.10105	-1.58726	-0.487223	0.216574	1.23319
9.711	-0.169313	0.920147	-2.10075	-1.58668	-0.487225	0.215531	1.23319
9.724	-0.170466	0.919881	-2.10047	-1.58613	-0.487233	0.214089	1.23319
9.737	-0.171574	0.919631	-2.1003	-1.58559	-0.487239	0.21331	1.23319
9.75	-0.172715	0.919385	-2.10015	-1.58513	-0.487241	0.213189	1.23319
9.763	-0.1738	0.919064	-2.10002	-1.58476	-0.487241	0.213191	1.23319
9.776	-0.174852	0.918776	-2.09991	-1.58434	-0.487241	0.213193	1.23319
9.789	-0.17588	0.918487	-2.0999	-1.584	-0.487243	0.213193	1.23319
9.802	-0.176874	0.91825	-2.09991	-1.58367	-0.487243	0.213193	1.23319
9.815	-0.177829	0.917977	-2.09991	-1.5834	-0.487241	0.213193	1.23319
9.828	-0.178798	0.917777	-2.09991	-1.58317	-0.487241	0.213193	1.23319
9.841	-0.178798	0.917777	-2.09991	-1.58317	-0.487241	0.213193	1.23319
9.854	-0.179768	0.917548	-2.09991	-1.58304	-0.487241	0.213193	1.23319
9.867	-0.18074	0.917352	-2.09991	-1.58281	-0.487239	0.213193	1.23319
9.88	-0.181697	0.917154	-2.09991	-1.5825	-0.487239	0.213191	1.23319
9.893	-0.182618	0.916969	-2.09991	-1.58218	-0.487239	0.213191	1.23319
9.906	-0.183483	0.916757	-2.09991	-1.58191	-0.487237	0.213189	1.23319
9.919	-0.184285	0.916556	-2.09989	-1.58161	-0.487235	0.213181	1.23319
9.932	-0.185019	0.916328	-2.09989	-1.58133	-0.487235	0.213153	1.23319
9.945	-0.185709	0.916089	-2.09985	-1.581	-0.487235	0.213095	1.23319
9.958	-0.186347	0.91586	-2.09972	-1.58062	-0.487235	0.212756	1.23319
9.971	-0.186347	0.91586	-2.09972	-1.58062	-0.487235	0.212756	1.23319
9.984	-0.186927	0.915587	-2.09956	-1.58019	-0.487233	0.211948	1.23319
9.997	-0.187464	0.915299	-2.09945	-1.57977	-0.487233	0.210242	1.23319
10.01	-0.187954	0.914958	-2.09932	-1.57928	-0.487233	0.208684	1.23319
10.023	-0.188387	0.914595	-2.09913	-1.57873	-0.487235	0.207411	1.23319
10.036	-0.188777	0.914263	-2.09895	-1.57828	-0.487233	0.205862	1.23319
10.049	-0.189176	0.913953	-2.0988	-1.57787	-0.487235	0.204834	1.23319
10.062	-0.189597	0.913705	-2.09865	-1.57745	-0.487237	0.204123	1.23319
10.075	-0.190032	0.913493	-2.09847	-1.57706	-0.487245	0.20329	1.23319
10.088	-0.190487	0.91332	-2.09828	-1.57672	-0.487247	0.202548	1.23319
10.101	-0.190931	0.91317	-2.09807	-1.57642	-0.487247	0.202213	1.23319
10.114	-0.190931	0.91317	-2.09807	-1.57642	-0.487247	0.202213	1.23319
10.127	-0.191436	0.913019	-2.09782	-1.57612	-0.487247	0.202206	1.23319
10.14	-0.191976	0.912844	-2.09746	-1.57585	-0.487247	0.202204	1.23319
10.153	-0.192495	0.912616	-2.09697	-1.57558	-0.487247	0.202201	1.23319
10.166	-0.19294	0.912437	-2.09659	-1.57531	-0.487247	0.202197	1.23319
10.179	-0.193448	0.912341	-2.09625	-1.57499	-0.487247	0.202194	1.23319
10.192	-0.19393	0.912281	-2.09598	-1.57469	-0.487247	0.202191	1.23319
10.205	-0.19441	0.912235	-2.09563	-1.5745	-0.487247	0.202191	1.23319
10.218	-0.194891	0.912204	-2.09519	-1.57438	-0.487247	0.202189	1.23319
10.231	-0.195356	0.912174	-2.09485	-1.57428	-0.487247	0.202187	1.23319
10.244	-0.195356	0.912174	-2.09485	-1.57428	-0.487247	0.202187	1.23319
10.257	-0.195871	0.912135	-2.09453	-1.57423	-0.487247	0.202187	1.23319
10.27	-0.196405	0.912055	-2.0942	-1.57423	-0.487245	0.202187	1.23319
10.283	-0.196935	0.911936	-2.09384	-1.57422	-0.487243	0.202184	1.23319
10.296	-0.197462	0.91182	-2.0934	-1.5742	-0.487243	0.202184	1.23319
10.309	-0.198038	0.911662	-2.09291	-1.5742	-0.487243	0.202182	1.23319
10.322	-0.198606	0.911541	-2.09248	-1.5742	-0.487243	0.202182	1.23319
10.335	-0.199153	0.911491	-2.09208	-1.57415	-0.487243	0.202182	1.23319
10.348	-0.199614	0.911457	-2.09177	-1.57401	-0.487241	0.20218	1.23319
10.361	-0.200057	0.911422	-2.09149	-1.57382	-0.487241	0.20218	1.23319
10.374	-0.200453	0.911388	-2.09124	-1.5736	-0.487241	0.20218	1.23319
10.387	-0.200453	0.911388	-2.09124	-1.5736	-0.487241	0.20218	1.23319
10.4	-0.200807	0.911352	-2.09107	-1.57341	-0.487241	0.20218	1.23319
10.413	-0.201201	0.911293	-2.09095	-1.57325	-0.487241	0.20218	1.23319
10.426	-0.2016	0.911226	-2.09087	-1.5731	-0.487241	0.20218	1.23319
10.439	-0.202018	0.911128	-2.09078	-1.57298	-0.487239	0.20218	1.23319
10.452	-0.202358	0.91105	-2.09072	-1.57281	-0.487239	0.202179	1.23319
10.465	-0.202648	0.910972	-2.09068	-1.57263	-0.487239	0.202179	1.23319
10.478	-0.202928	0.910895	-2.09067	-1.57245	-0.487239	0.202179	1.23319
10.491	-0.203218	0.910779	-2.09067	-1.57235	-0.487237	0.202179	1.23319
10.504	-0.203494	0.910632	-2.09066	-1.57228	-0.487237	0.202179	1.23319
10.517	-0.203494	0.910632	-2.09066	-1.57228	-0.487237	0.202179	1.23319
10.53	-0.203719	0.910491	-2.09065	-1.57225	-0.487237	0.202177	1.23319
10.543	-0.203938	0.910342	-2.09063	-1.57219	-0.487235	0.202177	1.23319
10.556	-0.204151	0.910219	-2.0906	-1.57208	-0.487235	0.202177	1.23319
10.569	-0.204345	0.910125	-2.09057	-1.57193	-0.487235	0.202177	1.23319
10.582	-0.204512	0.910052	-2.09054	-1.57178	-0.487233	0.202175	1.23319
10.595	-0.204651	0.910011	-2.09049	-1.57161	-0.487233	0.202175	1.23319
10.608	-0.204798	0.909981	-2.09046	-1.57146	-0.487233	0.202175	1.23319
10.621	-0.204962	0.909953	-2.09042	-1.57133	-0.487233	0.202175	1.23319
10.634	-0.205129	0.909929	-2.09037	-1.57119	-0.487233	0.202175	1.23319
10.647	-0.205293	0.909909	-2.09031	-1.57107	-0.487233	0.202175	1.23319
10.66	-0.205293	0.909909	-2.09031	-1.57107	-0.487233	0.202175	1.23319
10.673	-0.205451	0.909892	-2.09023	-1.57095	-0.487233	0.202175	1.23319
10.686	-0.205608	0.909869	-2.09012	-1.57084	-0.487233	0.202175	1.23319
10.699	-0.205762	0.909827	-2.09	-1.57073	-0.487233	0.202175	1.23319
10.712	-0.20591	0.909769	-2.08984	-1.57065	-0.487233	0.202175	1.23319
10.725	-0.206063	0.90973	-2.08965	-1.57058	-0.487233	0.202175	1.23319
10.738	-0.206235	0.909699	-2.08941	-1.57051	-0.487233	0.202175	1.23319
10.751	-0.206421	0.909663	-2.0892	-1.57044	-0.487233	0.202175	1.23319
10.764	-0.206612	0.909631	-2.08907	-1.57035	-0.487233	0.202175	1.23319
10.777	-0.206807	0.909616	-2.08903	-1.57027	-0.487233	0.202175	1.23319
10.79	-0.206807	0.909616	-2.08903	-1.57027	-0.487233	0.202175	1.23319
10.803	-0.206997	0.909613	-2.08902	-1.5702	-0.487233	0.202175	1.23319
10.816	-0.207176	0.909599	-2.08902	-1.57013	-0.487231	0.202175	1.23319
10.829	-0.207352	0.909568	-2.08901	-1.57006	-0.487231	0.202175	1.23319
10.842	-0.207525	0.909534	-2.08901	-1.56997	-0.487231	0.202175	1.23319
10.855	-0.207681	0.909496	-2.08901	-1.56988	-0.487229	0.202175	1.23319
10.868	-0.207851	0.909423	-2.08901	-1.56982	-0.487227	0.202175	1.23319
10.881	-0.207998	0.909344	-2.08901	-1.5698	-0.487225	0.202175	1.23319
10.894	-0.208157	0.909241	-2.08901	-1.56978	-0.487223	0.202175	1.23319
10.907	-0.208318	0.90913	-2.08901	-1.56977	-0.487219	0.202175	1.23319
10.92	-0.20847	0.90902	-2.08901	-1.56974	-0.487217	0.202175	1.23319
10.933	-0.20847	0.90902	-2.08901	-1.56974	-0.487217	0.202175	1.23319
10.946	-0.20861	0.908929	-2.089	-1.56967	-0.487213	0.202175	1.23319
10.959	-0.208729	0.908837	-2.089	-1.56954	-0.487211	0.202175	1.23319
10.972	-0.208845	0.908713	-2.08901	-1.56935	-0.487209	0.202175	1.23319
10.985	-0.208968	0.908574	-2.089	-1.56917	-0.487206	0.202175	1.23319
10.998	-0.209102	0.908459	-2.089	-1.56903	-0.487206	0.202175	1.23319
11.011	-0.209221	0.908389	-2.089	-1.56888	-0.487202	0.202173	1.23319
11.024	-0.209312	0.908316	-2.089	-1.56875	-0.4872	0.202175	1.23319
11.037	-0.209385	0.908254	-2.089	-1.56862	-0.487198	0.202175	1.23319
11.05	-0.209455	0.908196	-2.08899	-1.56847	-0.487196	0.202175	1.23319
11.063	-0.209455	0.908196	-2.08899	-1.56847	-0.487196	0.202175	1.23319
11.076	-0.209492	0.908134	-2.08899	-1.56833	-0.487194	0.202175	1.23319
11.089	-0.209523	0.908058	-2.08899	-1.56824	-0.487194	0.202175	1.23319
11.102	-0.209567	0.907976	-2.08899	-1.56817	-0.487194	0.202175	1.23319
11.115	-0.209622	0.9079	-2.08899	-1.5681	-0.487192	0.202175	1.23319
11.128	-0.209667	0.907863	-2.08898	-1.56804	-0.487192	0.202175	1.23319
11.141	-0.209716	0.907849	-2.08898	-1.56803	-0.487192	0.202175	1.23319
11.154	-0.209759	0.907843	-2.08898	-1.56803	-0.487192	0.202175	1.23319
11.167	-0.20981	0.90784	-2.08898	-1.56803	-0.487192	0.202175	1.23319
11.18	-0.209875	0.907839	-2.08898	-1.56803	-0.487192	0.202175	1.23319
11.193	-0.209958	0.907838	-2.08898	-1.56803	-0.487192	0.202175	1.23319
11.206	-0.209958	0.907838	-2.08898	-1.56803	-0.487192	0.202175	1.23319
11.219	-0.210034	0.907836	-2.08898	-1.56803	-0.487192	0.202175	1.23319
11.232	-0.210109	0.907831	-2.08898	-1.56803	-0.48719	0.202175	1.23319
11.245	-0.210201	0.907827	-2.08898	-1.56803	-0.48719	0.202175	1.23319
11.258	-0.210274	0.907827	-2.08898	-1.56803	-0.48719	0.202175	1.23319
11.271	-0.210346	0.907827	-2.08898	-1.56803	-0.48719	0.202175	1.23319
11.284	-0.210415	0.907826	-2.08898	-1.56803	-0.487188	0.202175	1.23319
11.297	-0.2105	0.907825	-2.08898	-1.56803	-0.487188	0.202175	1.23319
11.31	-0.210605	0.907825	-2.08896	-1.56803	-0.487186	0.202175	1.23319
11.323	-0.2107	0.907825	-2.08893	-1.56802	-0.487184	0.202175	1.23319
11.336	-0.210788	0.907824	-2.08892	-1.56802	-0.487184	0.202175	1.23319
11.349	-0.210788	0.907824	-2.08892	-1.56802	-0.487184	0.202175	1.23319
11.362	-0.210881	0.907822	-2.08892	-1.56802	-0.487184	0.202175	1.23319
11.375	-0.210981	0.907822	-2.08889	-1.56802	-0.487182	0.202175	1.23319
11.388	-0.211095	0.907822	-2.08884	-1.56802	-0.487178	0.202175	1.23319
11.401	-0.211191	0.907821	-2.08883	-1.56801	-0.487178	0.202175	1.23319
11.414	-0.211298	0.907822	-2.08881	-1.56801	-0.487176	0.202175	1.23319
11.427	-0.211376	0.907822	-2.08877	-1.56797	-0.487176	0.202175	1.23319
11.44	-0.211458	0.907821	-2.08873	-1.5679	-0.487174	0.202175	1.23319
11.453	-0.211546	0.907821	-2.08873	-1.56785	-0.487174	0.202175	1.23319
11.466	-0.211627	0.907821	-2.08873	-1.56781	-0.487174	0.202177	1.23319
11.479	-0.211627	0.907821	-2.08873	-1.56781	-0.487174	0.202177	1.23319
11.492	-0.211694	0.907821	-2.08873	-1.56778	-0.487172	0.202177	1.23319
11.505	-0.211744	0.907821	-2.0887	-1.56769	-0.487172	0.202175	1.23319
11.518	-0.211816	0.907821	-2.08869	-1.56758	-0.487172	0.202177	1.23319
11.531	-0.211909	0.907821	-2.08869	-1.56751	-0.487172	0.202177	1.23319
11.544	-0.212013	0.907821	-2.08869	-1.56745	-0.487172	0.202177	1.23319
11.557	-0.212101	0.907821	-2.08869	-1.56739	-0.487172	0.202175	1.23319
11.57	-0.212201	0.90782	-2.08869	-1.56735	-0.487172	0.202177	1.23319
11.583	-0.212314	0.907817	-2.08869	-1.56734	-0.48717	0.202177	1.23319
11.596	-0.212445	0.907817	-2.08869	-1.56732	-0.48717	0.202175	1.23319
11.609	-0.21258	0.907817	-2.08869	-1.56728	-0.48717	0.202175	1.23319
11.622	-0.21258	0.907817	-2.08869	-1.56728	-0.48717	0.202175	1.23319
11.635	-0.212739	0.907817	-2.08869	-1.56722	-0.48717	0.202175	1.23319
11.648	-0.21294	0.907816	-2.08869	-1.56714	-0.48717	0.202175	1.23319
11.661	-0.213145	0.907816	-2.08869	-1.56703	-0.487168	0.202175	1.23319
11.674	-0.213313	0.907816	-2.08866	-1.56691	-0.487168	0.202175	1.23319
11.687	-0.213452	0.907816	-2.08864	-1.56679	-0.487166	0.202175	1.23319
11.7	-0.213561	0.907816	-2.08864	-1.56667	-0.487166	0.202175	1.23319
11.713	-0.213658	0.907816	-2.08864	-1.56655	-0.487164	0.202175	1.23319
11.726	-0.213758	0.907816	-2.0886	-1.56647	-0.487161	0.202175	1.23319
11.739	-0.213846	0.907816	-2.08858	-1.56641	-0.487159	0.202177	1.23319
11.752	-0.213846	0.907816	-2.08858	-1.56641	-0.487159	0.202177	1.23319
11.765	-0.213946	0.907816	-2.08858	-1.56638	-0.487159	0.202177	1.23319
11.778	-0.214035	0.907816	-2.08858	-1.56633	-0.487157	0.202177	1.23319
11.791	-0.21413	0.907816	-2.08857	-1.56628	-0.487157	0.202177	1.23319
11.804	-0.214214	0.907816	-2.08856	-1.56624	-0.487155	0.202177	1.23319
11.817	-0.214297	0.907815	-2.08853	-1.56619	-0.487153	0.202177	1.23319
11.83	-0.21437	0.907815	-2.08853	-1.56613	-0.487153	0.202177	1.23319
11.843	-0.214438	0.907815	-2.08853	-1.56607	-0.487153	0.202177	1.23319
11.856	-0.21449	0.907816	-2.08851	-1.56603	-0.487151	0.202177	1.23319
11.869	-0.214534	0.907816	-2.0885	-1.56599	-0.487151	0.202177	1.23319
11.882	-0.214591	0.907815	-2.0885	-1.56597	-0.487151	0.202177	1.23319
11.895	-0.214591	0.907815	-2.0885	-1.56597	-0.487151	0.202177	1.23319
11.908	-0.214651	0.907815	-2.0885	-1.56594	-0.487151	0.202177	1.23319
11.921	-0.214696	0.907815	-2.0885	-1.56586	-0.487149	0.202177	1.23319
11.934	-0.214747	0.907815	-2.08847	-1.56572	-0.487149	0.202177	1.23319
11.947	-0.214788	0.907815	-2.08845	-1.56559	-0.487147	0.202177	1.23319
11.96	-0.214833	0.907815	-2.08844	-1.56546	-0.487147	0.202177	1.23319
11.973	-0.214849	0.907816	-2.0884	-1.5653	-0.487147	0.202177	1.23319
11.986	-0.214865	0.907816	-2.08837	-1.56515	-0.487147	0.202177	1.23319
11.999	-0.214895	0.907816	-2.08835	-1.56503	-0.487147	0.202177	1.23319
12.012	-0.214916	0.907816	-2.08833	-1.56492	-0.487147	0.202177	1.23319
12.025	-0.214916	0.907816	-2.08833	-1.56492	-0.487147	0.202177	1.23319
12.038	-0.214939	0.907816	-2.08831	-1.56483	-0.487147	0.202177	1.23319
12.051	-0.214964	0.907815	-2.08827	-1.56476	-0.487145	0.202179	1.23319
12.064	-0.215008	0.907815	-2.0882	-1.56467	-0.487145	0.202179	1.23319
12.077	-0.215042	0.907815	-2.08814	-1.56458	-0.487143	0.202179	1.23319
12.09	-0.215085	0.907816	-2.08811	-1.56451	-0.487143	0.202179	1.23319
12.103	-0.215124	0.907816	-2.0881	-1.56446	-0.487143	0.202179	1.23319
12.116	-0.215165	0.907816	-2.08808	-1.56442	-0.487143	0.202179	1.23319
12.129	-0.215205	0.907816	-2.08806	-1.5644	-0.487143	0.202179	1.23319
12.142	-0.215235	0.907816	-2.08805	-1.56439	-0.487141	0.202179	1.23319
12.155	-0.215267	0.907816	-2.08805	-1.56439	-0.487141	0.202179	1.23319
12.168	-0.215267	0.907816	-2.08805	-1.56439	-0.487141	0.202179	1.23319
12.181	-0.215301	0.907816	-2.08805	-1.56439	-0.487141	0.202179	1.23319
12.194	-0.215353	0.907815	-2.08805	-1.56439	-0.487139	0.202179	1.23319
12.207	-0.215428	0.907815	-2.08806	-1.56439	-0.487139	0.202179	1.23319
12.22	-0.215497	0.907815	-2.08806	-1.56439	-0.487137	0.202179	1.23319
12.233	-0.215583	0.907816	-2.08806	-1.5644	-0.487137	0.202179	1.23319
12.246	-0.215659	0.907816	-2.08806	-1.5644	-0.487135	0.202179	1.23319
12.259	-0.215717	0.907815	-2.08806	-1.5644	-0.487135	0.202179	1.23319
12.272	-0.215775	0.907815	-2.08806	-1.5644	-0.487133	0.202179	1.23319
12.285	-0.215831	0.907815	-2.08806	-1.5644	-0.487133	0.20218	1.23319
12.298	-0.215831	0.907815	-2.08806	-1.5644	-0.487133	0.20218	1.23319
12.311	-0.215901	0.907815	-2.08806	-1.5644	-0.487131	0.20218	1.23319
12.324	-0.215976	0.907815	-2.08806	-1.5644	-0.487131	0.202179	1.23319
12.337	-0.216045	0.907815	-2.08806	-1.5644	-0.487129	0.202179	1.23319
12.35	-0.216121	0.907815	-2.08806	-1.5644	-0.487129	0.202179	1.23319
12.363	-0.216181	0.907816	-2.08806	-1.5644	-0.487129	0.202179	1.23319
12.376	-0.216252	0.907815	-2.08806	-1.5644	-0.487129	0.202179	1.23319
12.389	-0.216314	0.907815	-2.08806	-1.5644	-0.487127	0.202179	1.23319
12.402	-0.216347	0.907815	-2.08806	-1.5644	-0.487127	0.202179	1.23319
12.415	-0.216369	0.907815	-2.08806	-1.5644	-0.487127	0.202179	1.23319
12.428	-0.216395	0.907815	-2.08806	-1.5644	-0.487127	0.202179	1.23319
12.441	-0.216395	0.907815	-2.08806	-1.5644	-0.487127	0.202179	1.23319
12.454	-0.216428	0.907815	-2.08806	-1.5644	-0.487127	0.202179	1.23319
12.467	-0.216483	0.907815	-2.08806	-1.5644	-0.487125	0.20218	1.23319
12.48	-0.216562	0.907815	-2.08806	-1.5644	-0.487125	0.202179	1.23319
12.493	-0.216621	0.907815	-2.08806	-1.5644	-0.487125	0.202179	1.23319
12.506	-0.216679	0.907815	-2.08806	-1.5644	-0.487123	0.202179	1.23319
12.519	-0.216725	0.907815	-2.08806	-1.5644	-0.487123	0.202179	1.23319
12.532	-0.216776	0.907815	-2.08806	-1.5644	-0.487121	0.202179	1.23319
12.545	-0.216833	0.907815	-2.08806	-1.5644	-0.487119	0.202179	1.23319
12.558	-0.216887	0.907816	-2.08806	-1.5644	-0.487116	0.202179	1.23319
12.571	-0.216887	0.907816	-2.08806	-1.5644	-0.487116	0.202179	1.23319
12.584	-0.216947	0.907815	-2.08806	-1.5644	-0.487116	0.202179	1.23319
12.597	-0.217025	0.907815	-2.08806	-1.5644	-0.487114	0.202179	1.23319
12.61	-0.217112	0.907815	-2.08806	-1.5644	-0.487114	0.202179	1.23319
12.623	-0.217212	0.907815	-2.08806	-1.5644	-0.487112	0.20218	1.23319
12.636	-0.217292	0.907815	-2.08806	-1.5644	-0.487112	0.20218	1.23319
12.649	-0.217369	0.907815	-2.08806	-1.5644	-0.487112	0.20218	1.23319
12.662	-0.217423	0.907815	-2.08806	-1.5644	-0.487112	0.20218	1.23319
12.675	-0.217479	0.907815	-2.08806	-1.56439	-0.48711	0.20218	1.23319
12.688	-0.217522	0.907815	-2.08805	-1.56439	-0.48711	0.202179	1.23319
12.701	-0.217545	0.907816	-2.08804	-1.56438	-0.48711	0.202179	1.23319
12.714	-0.217545	0.907816	-2.08804	-1.56438	-0.48711	0.202179	1.23319
12.727	-0.217566	0.907815	-2.08805	-1.56436	-0.48711	0.202179	1.23319
12.74	-0.217598	0.907815	-2.08805	-1.56432	-0.48711	0.202179	1.23319
12.753	-0.217644	0.907816	-2.08805	-1.56424	-0.48711	0.202179	1.23319
12.766	-0.217682	0.907816	-2.08805	-1.56418	-0.48711	0.202179	1.23319
12.779	-0.217715	0.907815	-2.08805	-1.56413	-0.48711	0.202179	1.23319
12.792	-0.217728	0.907816	-2.08805	-1.56408	-0.48711	0.20218	1.23319
12.805	-0.217731	0.907816	-2.088	-1.564	-0.48711	0.20218	1.23319
12.818	-0.217731	0.907816	-2.08793	-1.56392	-0.48711	0.20218	1.23319
12.831	-0.217732	0.907816	-2.08792	-1.56387	-0.48711	0.20218	1.23319
12.844	-0.217732	0.907816	-2.08792	-1.56387	-0.48711	0.20218	1.23319
12.857	-0.217736	0.907816	-2.08792	-1.56385	-0.48711	0.20218	1.23319
12.87	-0.217741	0.907816	-2.08793	-1.56385	-0.48711	0.20218	1.23319
12.883	-0.217746	0.907816	-2.08793	-1.56384	-0.487108	0.20218	1.23319
12.896	-0.217768	0.907816	-2.08793	-1.56382	-0.487108	0.20218	1.23319
12.909	-0.217775	0.907816	-2.08793	-1.5638	-0.487108	0.20218	1.23319
12.922	-0.217777	0.907817	-2.08791	-1.56378	-0.487108	0.20218	1.23319
12.935	-0.217777	0.907816	-2.0879	-1.56375	-0.487108	0.20218	1.23319
12.948	-0.217781	0.907816	-2.08791	-1.56373	-0.487108	0.202182	1.23319
12.961	-0.217788	0.907816	-2.08791	-1.56373	-0.487106	0.202182	1.23319
12.974	-0.2178	0.907816	-2.08791	-1.56373	-0.487106	0.202182	1.23319
12.987	-0.2178	0.907816	-2.08791	-1.56373	-0.487106	0.202182	1.23319
13	-0.217819	0.907816	-2.08791	-1.56372	-0.487106	0.202182	1.23319
13.013	-0.217865	0.907816	-2.08791	-1.56372	-0.487106	0.202182	1.23319
13.026	-0.217929	0.907816	-2.08791	-1.56372	-0.487106	0.202182	1.23319
13.039	-0.21799	0.907816	-2.0879	-1.56372	-0.487106	0.202182	1.23319
13.052	-0.218068	0.907816	-2.0879	-1.56371	-0.487106	0.202182	1.23319
13.065	-0.21813	0.907816	-2.08788	-1.56371	-0.487106	0.202182	1.23319
13.078	-0.21817	0.907816	-2.08779	-1.56368	-0.487106	0.202182	1.23319
13.091	-0.218197	0.907817	-2.08773	-1.56363	-0.487106	0.202182	1.23319
13.104	-0.218232	0.907816	-2.08771	-1.56359	-0.487106	0.202182	1.23319
13.117	-0.218278	0.907817	-2.0877	-1.56358	-0.487106	0.202182	1.23319
13.13	-0.218278	0.907817	-2.0877	-1.56358	-0.487106	0.202182	1.23319
13.143	-0.218329	0.907817	-2.08765	-1.56357	-0.487106	0.202182	1.23319
13.156	-0.218379	0.907816	-2.08759	-1.56355	-0.487106	0.202182	1.23319
13.169	-0.218431	0.907816	-2.08754	-1.56351	-0.487106	0.202182	1.23319
13.182	-0.218468	0.907817	-2.08751	-1.56347	-0.487106	0.202182	1.23319
13.195	-0.21851	0.907817	-2.08749	-1.56343	-0.487106	0.202182	1.23319
13.208	-0.218555	0.907816	-2.08749	-1.56339	-0.487106	0.202182	1.23319
13.221	-0.218624	0.907816	-2.08749	-1.56336	-0.487104	0.202182	1.23319
13.234	-0.218702	0.907816	-2.0875	-1.56334	-0.487104	0.202182	1.23319
13.247	-0.218769	0.907816	-2.0875	-1.56332	-0.487104	0.202182	1.23319
13.26	-0.218769	0.907816	-2.0875	-1.56332	-0.487104	0.202182	1.23319
13.273	-0.218829	0.907816	-2.0875	-1.56331	-0.487104	0.202182	1.23319
13.286	-0.218893	0.907816	-2.0875	-1.5633	-0.487104	0.202184	1.23319
13.299	-0.218966	0.907816	-2.0875	-1.56327	-0.487102	0.202184	1.23319
13.312	-0.219033	0.907816	-2.0875	-1.56325	-0.487102	0.202184	1.23319
13.325	-0.21912	0.907816	-2.08749	-1.56323	-0.487102	0.202182	1.23319
13.338	-0.21918	0.907816	-2.08749	-1.56319	-0.4871	0.202182	1.23319
13.351	-0.219225	0.907816	-2.08749	-1.56316	-0.487098	0.202182	1.23319
13.364	-0.219276	0.907816	-2.08749	-1.56312	-0.487096	0.202182	1.23319
13.377	-0.219325	0.907816	-2.08749	-1.56307	-0.487096	0.202182	1.23319
13.39	-0.219376	0.907816	-2.08749	-1.56302	-0.487094	0.202182	1.23319
13.403	-0.219376	0.907816	-2.08749	-1.56302	-0.487094	0.202182	1.23319
13.416	-0.219433	0.907816	-2.08749	-1.563	-0.487092	0.202182	1.23319
13.429	-0.219499	0.907816	-2.08749	-1.56298	-0.487092	0.202184	1.23319
13.442	-0.219552	0.907816	-2.08746	-1.56293	-0.487092	0.202184	1.23319
13.455	-0.219564	0.907816	-2.08743	-1.56283	-0.48709	0.202184	1.23319
13.468	-0.219569	0.907816	-2.08742	-1.56275	-0.48709	0.202184	1.23319
13.481	-0.219579	0.907816	-2.08742	-1.5627	-0.48709	0.202184	1.23319
13.494	-0.219602	0.907816	-2.08742	-1.56269	-0.48709	0.202184	1.23319
13.507	-0.219615	0.907816	-2.08742	-1.56268	-0.487088	0.202184	1.23319
13.52	-0.219616	0.907816	-2.08742	-1.56267	-0.487088	0.202184	1.23319
13.533	-0.219616	0.907816	-2.08742	-1.56267	-0.487088	0.202184	1.23319
13.546	-0.219621	0.907816	-2.08742	-1.56267	-0.487088	0.202184	1.23319
13.559	-0.219638	0.907816	-2.08742	-1.56267	-0.487088	0.202184	1.23319
13.572	-0.219671	0.907816	-2.08742	-1.56267	-0.487088	0.202184	1.23319
13.585	-0.219695	0.907816	-2.08743	-1.56266	-0.487086	0.202184	1.23319
13.598	-0.219734	0.907816	-2.08743	-1.56266	-0.487086	0.202184	1.23319
13.611	-0.219776	0.907816	-2.08743	-1.56266	-0.487086	0.202184	1.23319
13.624	-0.219805	0.907816	-2.08743	-1.56266	-0.487086	0.202184	1.23319
13.637	-0.219844	0.907816	-2.08743	-1.56266	-0.487086	0.202184	1.23319
13.65	-0.219886	0.907816	-2.08743	-1.56266	-0.487086	0.202184	1.23319
13.663	-0.219906	0.907816	-2.08743	-1.56265	-0.487084	0.202184	1.23319
13.676	-0.219906	0.907816	-2.08743	-1.56265	-0.487084	0.202184	1.23319
13.689	-0.21991	0.907816	-2.08742	-1.56264	-0.487084	0.202184	1.23319
13.702	-0.219918	0.907816	-2.08742	-1.56261	-0.487082	0.202184	1.23319
13.715	-0.219946	0.907816	-2.08742	-1.56259	-0.487082	0.202184	1.23319
13.728	-0.219977	0.907816	-2.08743	-1.56258	-0.48708	0.202184	1.23319
13.741	-0.220016	0.907816	-2.08743	-1.56258	-0.487078	0.202184	1.23319
13.754	-0.220053	0.907816	-2.08743	-1.56258	-0.487078	0.202184	1.23319
13.767	-0.220093	0.907816	-2.08743	-1.56258	-0.487076	0.202185	1.23319
13.78	-0.220152	0.907816	-2.08743	-1.56258	-0.487074	0.202185	1.23319
13.793	-0.220208	0.907816	-2.08743	-1.56258	-0.487074	0.202185	1.23319
13.806	-0.220208	0.907816	-2.08743	-1.56258	-0.487074	0.202185	1.23319
13.819	-0.220245	0.907816	-2.08743	-1.56258	-0.487071	0.202185	1.23319
13.832	-0.220276	0.907815	-2.08743	-1.56257	-0.487071	0.202185	1.23319
13.845	-0.220332	0.907816	-2.08743	-1.56257	-0.487071	0.202185	1.23319
13.858	-0.220388	0.907816	-2.08743	-1.56257	-0.487069	0.202185	1.23319
13.871	-0.220433	0.907816	-2.08743	-1.56255	-0.487069	0.202185	1.23319
13.884	-0.220471	0.907816	-2.08743	-1.56251	-0.487067	0.202185	1.23319
13.897	-0.220494	0.907816	-2.08743	-1.56246	-0.487067	0.202185	1.23319
13.91	-0.220506	0.907817	-2.08742	-1.56237	-0.487067	0.202185	1.23319
13.923	-0.220522	0.907817	-2.08739	-1.56228	-0.487067	0.202185	1.23319
13.936	-0.220546	0.907817	-2.08738	-1.56223	-0.487067	0.202185	1.23319
13.949	-0.220546	0.907817	-2.08738	-1.56223	-0.487067	0.202185	1.23319
13.962	-0.220574	0.907817	-2.08738	-1.56222	-0.487065	0.202185	1.23319
13.975	-0.220604	0.907817	-2.08738	-1.56222	-0.487065	0.202185	1.23319
13.988	-0.220648	0.907817	-2.08738	-1.56221	-0.487065	0.202185	1.23319
14.001	-0.22069	0.907817	-2.08738	-1.56219	-0.487065	0.202185	1.23319
14.014	-0.220747	0.907817	-2.08738	-1.56217	-0.487065	0.202185	1.23319
14.027	-0.220801	0.907817	-2.08738	-1.56214	-0.487063	0.202185	1.23319
14.04	-0.220863	0.907817	-2.08738	-1.56212	-0.487063	0.202185	1.23319
14.053	-0.220915	0.907817	-2.08738	-1.56211	-0.487063	0.202185	1.23319
14.066	-0.220957	0.907817	-2.08738	-1.5621	-0.487063	0.202185	1.23319
14.079	-0.220957	0.907817	-2.08738	-1.5621	-0.487063	0.202185	1.23319
14.092	-0.220992	0.907817	-2.08737	-1.56208	-0.487061	0.202187	1.23319
14.105	-0.221021	0.907817	-2.08737	-1.56206	-0.487061	0.202187	1.23319
14.118	-0.221067	0.907816	-2.08737	-1.56206	-0.487059	0.202187	1.23319
14.131	-0.221125	0.907817	-2.08736	-1.56206	-0.487059	0.202187	1.23319
14.144	-0.221149	0.907817	-2.08734	-1.56205	-0.487059	0.202187	1.23319
14.157	-0.221178	0.907817	-2.08734	-1.56204	-0.487057	0.202187	1.23319
14.17	-0.221227	0.907817	-2.08734	-1.56204	-0.487057	0.202187	1.23319
14.183	-0.221301	0.907817	-2.08734	-1.56204	-0.487057	0.202187	1.23319
14.196	-0.221401	0.907817	-2.08734	-1.56205	-0.487055	0.202187	1.23319
14.209	-0.221491	0.907816	-2.08734	-1.56204	-0.487055	0.202187	1.23319
14.222	-0.221491	0.907816	-2.08734	-1.56204	-0.487055	0.202187	1.23319
14.235	-0.221581	0.907817	-2.08734	-1.56204	-0.487055	0.202187	1.23319
14.248	-0.221676	0.907816	-2.08734	-1.56204	-0.487053	0.202187	1.23319
14.261	-0.221761	0.907817	-2.08733	-1.56201	-0.487053	0.202187	1.23319
14.274	-0.221808	0.907817	-2.08732	-1.56195	-0.487053	0.202187	1.23319
14.287	-0.221843	0.907817	-2.08732	-1.56187	-0.487051	0.202187	1.23319
14.3	-0.221858	0.907817	-2.08732	-1.56178	-0.487051	0.202187	1.23319
14.313	-0.221869	0.907817	-2.08731	-1.5617	-0.487051	0.202187	1.23319
14.326	-0.221872	0.907817	-2.08731	-1.56161	-0.487051	0.202187	1.23319
14.339	-0.221874	0.907817	-2.08731	-1.56155	-0.487051	0.202187	1.23319
14.352	-0.221874	0.907817	-2.08731	-1.56155	-0.487051	0.202187	1.23319
14.365	-0.221876	0.907817	-2.08731	-1.5615	-0.487051	0.202187	1.23319
14.378	-0.221884	0.907817	-2.0873	-1.56144	-0.487049	0.202187	1.23319
14.391	-0.221898	0.907816	-2.0873	-1.56138	-0.487049	0.202187	1.23319
14.404	-0.221918	0.907817	-2.0873	-1.56134	-0.487049	0.202187	1.23319
14.417	-0.22192	0.907817	-2.0873	-1.56127	-0.487049	0.202187	1.23319
14.43	-0.22192	0.907817	-2.0873	-1.56119	-0.487049	0.202187	1.23319
14.443	-0.22192	0.907817	-2.0873	-1.56112	-0.487049	0.202189	1.23319
14.456	-0.221922	0.907817	-2.0873	-1.56106	-0.487047	0.202189	1.23319
14.469	-0.221924	0.907817	-2.0873	-1.56102	-0.487045	0.202189	1.23319
14.482	-0.221926	0.907817	-2.0873	-1.561	-0.487045	0.202189	1.23319
14.495	-0.221926	0.907817	-2.0873	-1.561	-0.487045	0.202189	1.23319
14.508	-0.221934	0.907817	-2.0873	-1.561	-0.487043	0.202191	1.23319
14.521	-0.221945	0.907816	-2.0873	-1.561	-0.487043	0.202189	1.23319
14.534	-0.221957	0.907817	-2.0873	-1.56097	-0.487043	0.202189	1.23319
14.547	-0.221964	0.907817	-2.08729	-1.56094	-0.487043	0.202191	1.23319
14.56	-0.221985	0.907817	-2.08728	-1.56093	-0.487041	0.202191	1.23319
14.573	-0.221995	0.907817	-2.08728	-1.56091	-0.487041	0.202191	1.23319
14.586	-0.222	0.907817	-2.08728	-1.56086	-0.487041	0.202191	1.23319
14.599	-0.222016	0.907817	-2.08728	-1.56083	-0.487039	0.202191	1.23319
14.612	-0.222032	0.907817	-2.08728	-1.56083	-0.487041	0.202191	1.23319
14.625	-0.222042	0.907817	-2.08727	-1.56083	-0.487039	0.202191	1.23319
14.638	-0.222042	0.907817	-2.08727	-1.56083	-0.487039	0.202191	1.23319
14.651	-0.222051	0.907817	-2.08725	-1.56082	-0.487039	0.202191	1.23319
14.664	-0.222076	0.907817	-2.08724	-1.56081	-0.487039	0.202191	1.23319
14.677	-0.22212	0.907819	-2.08723	-1.56076	-0.487039	0.202191	1.23319
14.69	-0.222156	0.907819	-2.08722	-1.5607	-0.487039	0.202191	1.23319
14.703	-0.222184	0.907819	-2.08721	-1.56065	-0.487039	0.202191	1.23319
14.716	-0.222198	0.907817	-2.08721	-1.56062	-0.487039	0.202191	1.23319
14.729	-0.222212	0.907819	-2.08721	-1.56058	-0.487039	0.202191	1.23319
14.742	-0.222246	0.907819	-2.08719	-1.56054	-0.487039	0.202191	1.23319
14.755	-0.222275	0.907817	-2.08717	-1.56049	-0.487039	0.202191	1.23319
