0.013	0.257283	1.34653	-2.03576	-1.60243	-0.230445	0.351871	1.23325
0.026	0.257539	1.34671	-2.03576	-1.60243	-0.230445	0.351871	1.23325
0.039	0.257539	1.34671	-2.03576	-1.60243	-0.230445	0.351871	1.23325
0.052	0.257661	1.34683	-2.03576	-1.60243	-0.230445	0.351871	1.23325
0.065	0.257661	1.34683	-2.03576	-1.60243	-0.230445	0.351871	1.23325
0.078	0.257747	1.3469	-2.03576	-1.60243	-0.230445	0.351871	1.23325
0.091	0.257885	1.34694	-2.03576	-1.60243	-0.230445	0.351873	1.23325
0.104	0.258072	1.34698	-2.03576	-1.60245	-0.230447	0.351873	1.23325
0.117	0.258263	1.34703	-2.03577	-1.60244	-0.230447	0.351873	1.23325
0.13	0.25843	1.34705	-2.03576	-1.60244	-0.230447	0.351871	1.23325
0.143	0.258477	1.34706	-2.03577	-1.60243	-0.230447	0.351871	1.23325
0.156	0.258472	1.34706	-2.03577	-1.60243	-0.230447	0.351871	1.23325
0.169	0.258465	1.34705	-2.03576	-1.60243	-0.230447	0.351871	1.23325
0.182	0.258462	1.34705	-2.03576	-1.60243	-0.230447	0.351871	1.23325
0.195	0.25846	1.34705	-2.03576	-1.60243	-0.230445	0.351871	1.23325
0.208	0.25846	1.34705	-2.03576	-1.60243	-0.230445	0.351871	1.23325
0.221	0.258455	1.34704	-2.03576	-1.60243	-0.230445	0.351871	1.23325
0.234	0.258416	1.34704	-2.03576	-1.60243	-0.230447	0.351871	1.23325
0.247	0.258352	1.34704	-2.03577	-1.60243	-0.230447	0.351871	1.23325
0.26	0.258335	1.34701	-2.03576	-1.60243	-0.230447	0.351871	1.23325
0.273	0.258313	1.34701	-2.03576	-1.60243	-0.230447	0.351871	1.23325
0.286	0.258313	1.34701	-2.03577	-1.60243	-0.230447	0.351871	1.23325
0.299	0.258313	1.34701	-2.03576	-1.60243	-0.230447	0.351871	1.23325
0.312	0.258313	1.34701	-2.03576	-1.60243	-0.230445	0.351871	1.23325
0.325	0.258313	1.34701	-2.03577	-1.60243	-0.230445	0.351871	1.23325
0.338	0.258313	1.34701	-2.03577	-1.60243	-0.230445	0.351871	1.23325
0.351	0.258313	1.347	-2.03577	-1.60243	-0.230445	0.351871	1.23325
0.364	0.258308	1.347	-2.03577	-1.60243	-0.230445	0.351871	1.23325
0.377	0.258302	1.347	-2.03577	-1.60243	-0.230447	0.351871	1.23325
0.39	0.258303	1.347	-2.03577	-1.60243	-0.230447	0.351871	1.23325
0.403	0.258303	1.347	-2.03576	-1.60243	-0.230447	0.351871	1.23325
0.416	0.258303	1.34701	-2.03576	-1.60243	-0.230447	0.351871	1.23325
0.429	0.258303	1.34701	-2.03577	-1.60243	-0.230445	0.351871	1.23325
0.442	0.258303	1.34701	-2.03577	-1.60243	-0.230447	0.351871	1.23325
0.455	0.258304	1.34701	-2.03577	-1.60243	-0.230445	0.351871	1.23325
0.468	0.258304	1.34701	-2.03577	-1.60243	-0.230445	0.351871	1.23325
0.481	0.258304	1.34701	-2.03577	-1.60243	-0.230445	0.351871	1.23325
0.494	0.258304	1.34701	-2.03576	-1.60243	-0.230445	0.351871	1.23325
0.507	0.258303	1.34701	-2.03577	-1.60243	-0.230445	0.351871	1.23325
0.52	0.258304	1.34701	-2.03577	-1.60243	-0.230447	0.351871	1.23325
0.533	0.258304	1.34701	-2.03577	-1.60243	-0.230447	0.351871	1.23325
0.546	0.258306	1.34701	-2.03577	-1.60243	-0.230447	0.351871	1.23325
0.559	0.258306	1.34701	-2.03576	-1.60243	-0.230447	0.351871	1.23325
0.572	0.258306	1.34701	-2.03576	-1.60243	-0.230447	0.351871	1.23325
0.585	0.258306	1.34701	-2.03577	-1.60243	-0.230447	0.351871	1.23325
0.598	0.258306	1.34701	-2.03576	-1.60243	-0.230447	0.351871	1.23325
0.611	0.258306	1.34701	-2.03576	-1.60243	-0.230447	0.351871	1.23325
0.624	0.258306	1.34701	-2.03577	-1.60243	-0.230447	0.351871	1.23325
0.637	0.258306	1.34701	-2.03577	-1.60243	-0.230447	0.351871	1.23325
0.65	0.258306	1.34701	-2.03577	-1.60243	-0.230447	0.351871	1.23325
0.663	0.258306	1.34702	-2.03576	-1.60243	-0.230447	0.351871	1.23325
0.676	0.258306	1.34702	-2.03577	-1.60243	-0.230447	0.351871	1.23325
0.689	0.258306	1.34702	-2.03576	-1.60243	-0.230447	0.351871	1.23325
0.702	0.258306	1.34702	-2.03577	-1.60243	-0.230447	0.351871	1.23325
0.715	0.258306	1.34702	-2.03577	-1.60243	-0.230447	0.351871	1.23325
0.728	0.258306	1.34702	-2.03577	-1.60243	-0.230447	0.351871	1.23325
0.741	0.258306	1.34702	-2.03577	-1.60243	-0.230445	0.351871	1.23325
0.754	0.258306	1.34702	-2.03577	-1.60243	-0.230445	0.351871	1.23325
0.767	0.258306	1.34702	-2.03577	-1.60243	-0.230445	0.351871	1.23325
0.78	0.258304	1.34702	-2.03577	-1.60243	-0.230445	0.351871	1.23325
0.793	0.258304	1.34702	-2.03577	-1.60243	-0.230445	0.351873	1.23325
0.806	0.258304	1.34702	-2.03577	-1.60243	-0.230445	0.351871	1.23325
0.819	0.258304	1.34702	-2.03577	-1.60243	-0.230447	0.351871	1.23325
0.832	0.258304	1.34702	-2.03577	-1.60243	-0.230447	0.351871	1.23325
0.845	0.258304	1.34702	-2.03577	-1.60243	-0.230447	0.351871	1.23325
0.858	0.258304	1.34702	-2.03577	-1.60243	-0.230447	0.351871	1.23325
0.871	0.258304	1.34702	-2.03577	-1.60243	-0.230447	0.351871	1.23325
0.884	0.258304	1.34702	-2.03577	-1.60243	-0.230447	0.351871	1.23325
0.897	0.258304	1.34702	-2.03577	-1.60243	-0.230445	0.351871	1.23325
0.91	0.258302	1.34702	-2.03577	-1.60243	-0.230445	0.351871	1.23325
0.923	0.258301	1.34702	-2.03577	-1.60243	-0.230445	0.351873	1.23325
0.936	0.258301	1.34702	-2.03577	-1.60243	-0.230447	0.351873	1.23325
0.949	0.258301	1.34702	-2.03577	-1.60243	-0.230447	0.351871	1.23325
0.962	0.258301	1.34702	-2.03577	-1.60243	-0.230447	0.351871	1.23325
0.975	0.258301	1.34702	-2.03577	-1.60243	-0.230447	0.351871	1.23325
0.988	0.258301	1.34702	-2.03577	-1.60243	-0.230447	0.351871	1.23325
1.001	0.258301	1.34702	-2.03577	-1.60243	-0.230447	0.351871	1.23325
1.014	0.258301	1.34702	-2.03577	-1.60243	-0.230447	0.351871	1.23325
1.027	0.258301	1.34702	-2.03577	-1.60243	-0.230447	0.351871	1.23325
1.04	0.258301	1.34702	-2.03577	-1.60243	-0.230447	0.351871	1.23325
1.053	0.258295	1.34702	-2.03577	-1.60243	-0.230447	0.351871	1.23325
1.066	0.258279	1.34702	-2.03577	-1.60243	-0.230447	0.351871	1.23325
1.079	0.258279	1.34702	-2.03577	-1.60243	-0.230447	0.351871	1.23325
1.092	0.258279	1.34702	-2.03577	-1.60243	-0.230447	0.351871	1.23325
1.105	0.258279	1.34702	-2.03577	-1.60243	-0.230447	0.351871	1.23325
1.118	0.258278	1.34702	-2.03577	-1.60243	-0.230447	0.351871	1.23325
1.131	0.258278	1.34702	-2.03577	-1.60243	-0.230447	0.351871	1.23325
1.144	0.258278	1.34702	-2.03577	-1.60242	-0.230447	0.351871	1.23325
1.157	0.258278	1.34702	-2.03577	-1.60242	-0.230447	0.351871	1.23325
1.17	0.258278	1.34702	-2.03577	-1.60242	-0.230445	0.351871	1.23325
1.183	0.258274	1.34702	-2.03577	-1.60242	-0.230445	0.351871	1.23325
1.196	0.258267	1.34702	-2.03577	-1.60242	-0.230445	0.351871	1.23325
1.209	0.258267	1.34702	-2.03577	-1.60242	-0.230445	0.351871	1.23325
1.222	0.258267	1.34702	-2.03577	-1.60242	-0.230445	0.351873	1.23325
1.235	0.258267	1.34703	-2.03577	-1.60242	-0.230447	0.351871	1.23325
1.248	0.258267	1.34702	-2.03577	-1.60242	-0.230447	0.351873	1.23325
1.261	0.258269	1.34703	-2.03577	-1.60242	-0.230447	0.351871	1.23325
1.274	0.258269	1.34703	-2.03577	-1.60242	-0.230447	0.351871	1.23325
1.287	0.258269	1.34703	-2.03577	-1.60242	-0.230447	0.351871	1.23325
1.3	0.258269	1.34703	-2.03577	-1.60242	-0.230447	0.351871	1.23325
1.313	0.258269	1.34703	-2.03577	-1.60242	-0.230447	0.351871	1.23325
1.326	0.258267	1.34703	-2.03577	-1.60242	-0.230445	0.351873	1.23325
1.339	0.258267	1.34703	-2.03577	-1.60242	-0.230445	0.351873	1.23325
1.352	0.258269	1.34703	-2.03577	-1.60242	-0.230447	0.351873	1.23325
1.365	0.258269	1.34703	-2.03577	-1.60242	-0.230447	0.351873	1.23325
1.378	0.258269	1.34703	-2.03577	-1.60242	-0.230447	0.351873	1.23325
1.391	0.258269	1.34703	-2.03577	-1.60242	-0.230447	0.351873	1.23325
1.404	0.258269	1.34703	-2.03577	-1.60242	-0.230447	0.351871	1.23325
1.417	0.258269	1.34703	-2.03577	-1.60242	-0.230447	0.351871	1.23325
1.43	0.258269	1.34703	-2.03577	-1.60242	-0.230447	0.351871	1.23325
1.443	0.258269	1.34703	-2.03577	-1.60242	-0.230447	0.351871	1.23325
1.456	0.258269	1.34703	-2.03577	-1.60242	-0.230447	0.351871	1.23325
1.469	0.258269	1.34703	-2.03577	-1.60242	-0.230447	0.351873	1.23325
1.482	0.258269	1.34703	-2.03577	-1.60242	-0.230447	0.351873	1.23325
1.495	0.258269	1.34703	-2.03577	-1.60241	-0.230445	0.351873	1.23325
1.508	0.258269	1.34703	-2.03577	-1.60241	-0.230447	0.351871	1.23325
1.521	0.258269	1.34703	-2.03577	-1.60241	-0.230447	0.351871	1.23325
1.534	0.258269	1.34703	-2.03577	-1.60241	-0.230447	0.351871	1.23325
1.547	0.258269	1.34703	-2.03577	-1.60241	-0.230447	0.351871	1.23325
1.56	0.258269	1.34703	-2.03577	-1.60241	-0.230447	0.351871	1.23325
1.573	0.258269	1.34703	-2.03577	-1.60241	-0.230447	0.351871	1.23325
1.586	0.258269	1.34703	-2.03577	-1.60241	-0.230445	0.351871	1.23325
1.599	0.258267	1.34703	-2.03577	-1.60241	-0.230445	0.351873	1.23325
1.612	0.258267	1.34703	-2.03577	-1.6024	-0.230445	0.351873	1.23325
1.625	0.258267	1.34703	-2.03577	-1.6024	-0.230445	0.351873	1.23325
1.638	0.258267	1.34703	-2.03577	-1.6024	-0.230445	0.351873	1.23325
1.651	0.258267	1.34703	-2.03577	-1.6024	-0.230447	0.351873	1.23325
1.664	0.258267	1.34703	-2.03577	-1.6024	-0.230447	0.351873	1.23325
1.677	0.258267	1.34703	-2.03577	-1.6024	-0.230447	0.351873	1.23325
1.69	0.258267	1.34703	-2.03577	-1.6024	-0.230447	0.351871	1.23325
1.703	0.258267	1.34703	-2.03577	-1.6024	-0.230447	0.351871	1.23325
1.716	0.258267	1.34703	-2.03577	-1.6024	-0.230447	0.351873	1.23325
1.729	0.258267	1.34703	-2.03577	-1.6024	-0.230447	0.351871	1.23325
1.742	0.258262	1.34703	-2.03577	-1.6024	-0.230447	0.351871	1.23325
1.755	0.258252	1.34703	-2.03577	-1.60239	-0.230445	0.351873	1.23325
1.768	0.258252	1.34703	-2.03577	-1.60239	-0.230447	0.351873	1.23325
1.781	0.258252	1.34703	-2.03577	-1.60239	-0.230447	0.351873	1.23325
1.794	0.258252	1.34703	-2.03577	-1.60239	-0.230447	0.351873	1.23325
1.807	0.258252	1.34703	-2.03577	-1.60239	-0.230447	0.351871	1.23325
1.82	0.258252	1.34703	-2.03577	-1.60239	-0.230447	0.351871	1.23325
1.833	0.258251	1.34703	-2.03577	-1.60239	-0.230447	0.351871	1.23325
1.846	0.258251	1.34703	-2.03577	-1.60239	-0.230447	0.351871	1.23325
1.859	0.258251	1.34703	-2.03577	-1.60239	-0.230447	0.351871	1.23325
1.872	0.258225	1.34702	-2.03576	-1.60239	-0.230447	0.351871	1.23325
1.885	0.258165	1.34702	-2.03577	-1.60238	-0.230447	0.351871	1.23325
1.898	0.258139	1.34702	-2.03576	-1.60238	-0.230447	0.351871	1.23325
1.911	0.25811	1.34702	-2.03577	-1.60238	-0.230447	0.351871	1.23325
1.924	0.258109	1.34702	-2.03577	-1.60238	-0.230447	0.351871	1.23325
1.937	0.2581	1.34702	-2.03577	-1.60238	-0.230447	0.351871	1.23325
1.95	0.258087	1.34702	-2.03577	-1.60238	-0.230447	0.351871	1.23325
1.963	0.258086	1.34702	-2.03577	-1.60238	-0.230447	0.351871	1.23325
1.976	0.258086	1.34702	-2.03577	-1.60238	-0.230447	0.351871	1.23325
1.989	0.258082	1.34702	-2.03577	-1.60238	-0.230447	0.351871	1.23325
2.002	0.258079	1.34702	-2.03577	-1.60238	-0.230447	0.351871	1.23325
2.015	0.25803	1.34702	-2.03576	-1.60238	-0.230447	0.351871	1.23325
2.028	0.25793	1.34702	-2.03577	-1.60237	-0.230445	0.351871	1.23325
2.041	0.257854	1.34701	-2.03576	-1.60238	-0.230445	0.351871	1.23325
2.054	0.257765	1.34701	-2.03577	-1.60237	-0.230445	0.351871	1.23325
2.067	0.257723	1.34701	-2.03577	-1.60237	-0.230445	0.351873	1.23325
2.08	0.257669	1.34701	-2.03577	-1.60237	-0.230445	0.351873	1.23325
2.093	0.257624	1.34701	-2.03577	-1.60237	-0.230447	0.351871	1.23325
2.106	0.257613	1.34701	-2.03577	-1.60237	-0.230447	0.351871	1.23325
2.119	0.257613	1.34701	-2.03577	-1.60237	-0.230447	0.351871	1.23325
2.132	0.257603	1.347	-2.03577	-1.60237	-0.230447	0.351871	1.23325
2.145	0.257562	1.34701	-2.03577	-1.60237	-0.230447	0.351871	1.23325
2.158	0.25747	1.34701	-2.03577	-1.60237	-0.230447	0.351871	1.23325
2.171	0.257424	1.347	-2.03576	-1.60237	-0.230447	0.351871	1.23325
2.184	0.257389	1.347	-2.03577	-1.60237	-0.230447	0.351871	1.23325
2.197	0.25739	1.34701	-2.03577	-1.60237	-0.230447	0.351871	1.23325
2.21	0.257389	1.347	-2.03577	-1.60237	-0.230447	0.351871	1.23325
2.223	0.257388	1.347	-2.03577	-1.60237	-0.230447	0.351871	1.23325
2.236	0.257388	1.34701	-2.03577	-1.60237	-0.230447	0.351871	1.23325
2.249	0.257388	1.347	-2.03577	-1.60237	-0.230447	0.351871	1.23325
2.262	0.257388	1.347	-2.03577	-1.60237	-0.230447	0.351871	1.23325
2.275	0.257388	1.347	-2.03577	-1.60237	-0.230447	0.351871	1.23325
2.288	0.25737	1.34701	-2.03576	-1.60237	-0.230447	0.351871	1.23325
2.301	0.257326	1.34701	-2.03577	-1.60237	-0.230447	0.351871	1.23325
2.314	0.257326	1.34701	-2.03577	-1.60237	-0.230447	0.351871	1.23325
2.327	0.257328	1.34701	-2.03576	-1.60237	-0.230447	0.351871	1.23325
2.34	0.257328	1.34701	-2.03577	-1.60237	-0.230445	0.351871	1.23325
2.353	0.257328	1.34701	-2.03577	-1.60237	-0.230445	0.351871	1.23325
2.366	0.257328	1.34701	-2.03576	-1.60237	-0.230445	0.351871	1.23325
2.379	0.257328	1.34702	-2.03577	-1.60237	-0.230447	0.351871	1.23325
2.392	0.257328	1.34702	-2.03577	-1.60237	-0.230447	0.351871	1.23325
2.405	0.257328	1.34702	-2.03577	-1.60237	-0.230447	0.351871	1.23325
2.418	0.257324	1.34702	-2.03576	-1.60237	-0.230447	0.351871	1.23325
2.431	0.257317	1.34702	-2.03576	-1.60237	-0.230447	0.351871	1.23325
2.444	0.257319	1.34702	-2.03577	-1.60237	-0.230447	0.351871	1.23325
2.457	0.25732	1.34702	-2.03576	-1.60237	-0.230447	0.351871	1.23325
2.47	0.25732	1.34702	-2.03576	-1.60236	-0.230445	0.351871	1.23325
2.483	0.25732	1.34702	-2.03577	-1.60236	-0.230445	0.351871	1.23325
2.496	0.257321	1.34702	-2.03577	-1.60236	-0.230445	0.351871	1.23325
2.509	0.257321	1.34703	-2.03576	-1.60236	-0.230445	0.351873	1.23325
2.522	0.257321	1.34703	-2.03577	-1.60236	-0.230447	0.351873	1.23325
2.535	0.257321	1.34703	-2.03577	-1.60236	-0.230447	0.351873	1.23325
2.548	0.257321	1.34703	-2.03576	-1.60236	-0.230447	0.351873	1.23325
2.561	0.257321	1.34703	-2.03576	-1.60236	-0.230447	0.351871	1.23325
2.574	0.257321	1.34703	-2.03576	-1.60236	-0.230447	0.351871	1.23325
2.587	0.257321	1.34703	-2.03576	-1.60236	-0.230447	0.351871	1.23325
2.6	0.257323	1.34703	-2.03576	-1.60236	-0.230447	0.351871	1.23325
2.613	0.257323	1.34703	-2.03576	-1.60236	-0.230447	0.351871	1.23325
2.626	0.257323	1.34703	-2.03576	-1.60236	-0.230447	0.351871	1.23325
2.639	0.257323	1.34703	-2.03576	-1.60236	-0.230447	0.351871	1.23325
2.652	0.257323	1.34703	-2.03576	-1.60236	-0.230447	0.351871	1.23325
2.665	0.257323	1.34703	-2.03576	-1.60236	-0.230447	0.351871	1.23325
2.678	0.257323	1.34703	-2.03576	-1.60236	-0.230447	0.351871	1.23325
2.691	0.257323	1.34703	-2.03576	-1.60236	-0.230447	0.351871	1.23325
2.704	0.257323	1.34703	-2.03576	-1.60236	-0.230447	0.351871	1.23325
2.717	0.257323	1.34703	-2.03576	-1.60236	-0.230447	0.351871	1.23325
2.73	0.257323	1.34703	-2.03576	-1.60236	-0.230447	0.351871	1.23325
2.743	0.257323	1.34703	-2.03576	-1.60236	-0.230447	0.351871	1.23325
2.756	0.257324	1.34703	-2.03576	-1.60236	-0.230445	0.351871	1.23325
2.769	0.257324	1.34703	-2.03576	-1.60236	-0.230445	0.351871	1.23325
2.782	0.257324	1.34703	-2.03576	-1.60236	-0.230445	0.351873	1.23325
2.795	0.257324	1.34703	-2.03576	-1.60236	-0.230445	0.351873	1.23325
2.808	0.257324	1.34703	-2.03576	-1.60236	-0.230445	0.351873	1.23325
2.821	0.257324	1.34703	-2.03576	-1.60236	-0.230445	0.351873	1.23325
2.834	0.257323	1.34704	-2.03576	-1.60236	-0.230445	0.351873	1.23325
2.847	0.257324	1.34704	-2.03576	-1.60236	-0.230447	0.351873	1.23325
2.86	0.257324	1.34704	-2.03576	-1.60236	-0.230447	0.351873	1.23325
2.873	0.257324	1.34704	-2.03576	-1.60236	-0.230447	0.351873	1.23325
2.886	0.257324	1.34704	-2.03576	-1.60236	-0.230447	0.351873	1.23325
2.899	0.257324	1.34704	-2.03576	-1.60236	-0.230447	0.351873	1.23325
2.912	0.257324	1.34704	-2.03576	-1.60236	-0.230447	0.351873	1.23325
2.925	0.257324	1.34704	-2.03576	-1.60236	-0.230447	0.351873	1.23325
2.938	0.257324	1.34704	-2.03576	-1.60236	-0.230447	0.351873	1.23325
2.951	0.257324	1.34704	-2.03576	-1.60236	-0.230447	0.351873	1.23325
2.964	0.257324	1.34704	-2.03576	-1.60236	-0.230447	0.351873	1.23325
2.977	0.257323	1.34704	-2.03576	-1.60236	-0.230447	0.351873	1.23325
2.99	0.257323	1.34704	-2.03576	-1.60236	-0.230447	0.351873	1.23325
3.003	0.257323	1.34704	-2.03576	-1.60236	-0.230447	0.351871	1.23325
3.016	0.257323	1.34704	-2.03576	-1.60236	-0.230447	0.351871	1.23325
3.029	0.257323	1.34704	-2.03576	-1.60236	-0.230447	0.351871	1.23325
3.042	0.257323	1.34704	-2.03576	-1.60236	-0.230447	0.351871	1.23325
3.055	0.257323	1.34704	-2.03576	-1.60236	-0.230447	0.351871	1.23325
3.068	0.257323	1.34704	-2.03576	-1.60236	-0.230447	0.351873	1.23325
3.081	0.257323	1.34704	-2.03576	-1.60236	-0.230447	0.351873	1.23325
3.094	0.257323	1.34704	-2.03576	-1.60236	-0.230447	0.351873	1.23325
3.107	0.25732	1.34704	-2.03576	-1.60236	-0.230447	0.351873	1.23325
3.12	0.257319	1.34704	-2.03576	-1.60236	-0.230447	0.351873	1.23325
3.133	0.25732	1.34704	-2.03576	-1.60236	-0.230447	0.351873	1.23325
3.146	0.25732	1.34704	-2.03576	-1.60236	-0.230447	0.351873	1.23325
3.159	0.25732	1.34704	-2.03576	-1.60236	-0.230447	0.351873	1.23325
3.172	0.25732	1.34704	-2.03576	-1.60236	-0.230447	0.351873	1.23325
3.185	0.25732	1.34704	-2.03576	-1.60236	-0.230445	0.351873	1.23325
3.198	0.25732	1.34704	-2.03576	-1.60236	-0.230445	0.351873	1.23325
3.211	0.25732	1.34704	-2.03576	-1.60236	-0.230445	0.351873	1.23325
3.224	0.25732	1.34704	-2.03576	-1.60236	-0.230445	0.351873	1.23325
3.237	0.25732	1.34704	-2.03576	-1.60236	-0.230445	0.351873	1.23325
3.25	0.257309	1.34704	-2.03576	-1.60236	-0.230447	0.351873	1.23325
3.263	0.257271	1.34704	-2.03576	-1.60236	-0.230447	0.351873	1.23325
3.276	0.257271	1.34704	-2.03576	-1.60235	-0.230447	0.351873	1.23325
3.289	0.257271	1.34704	-2.03576	-1.60235	-0.230447	0.351873	1.23325
3.302	0.257271	1.34704	-2.03576	-1.60235	-0.230447	0.351873	1.23325
3.315	0.257271	1.34704	-2.03576	-1.60235	-0.230447	0.351873	1.23325
3.328	0.257268	1.34704	-2.03576	-1.60235	-0.230447	0.351873	1.23325
3.341	0.257268	1.34704	-2.03576	-1.60235	-0.230447	0.351873	1.23325
3.354	0.257268	1.34704	-2.03576	-1.60235	-0.230447	0.351873	1.23325
3.367	0.257268	1.34704	-2.03576	-1.60235	-0.230447	0.351873	1.23325
3.38	0.257217	1.34704	-2.03576	-1.60235	-0.230447	0.351873	1.23325
3.393	0.25713	1.34704	-2.03576	-1.60235	-0.230447	0.351873	1.23325
3.406	0.257061	1.34703	-2.03576	-1.60235	-0.230447	0.351873	1.23325
3.419	0.256971	1.34703	-2.03576	-1.60235	-0.230447	0.351873	1.23325
3.432	0.256944	1.34703	-2.03576	-1.60235	-0.230447	0.351873	1.23325
3.445	0.256896	1.34703	-2.03576	-1.60235	-0.230447	0.351871	1.23325
3.458	0.256861	1.34703	-2.03576	-1.60235	-0.230447	0.351871	1.23325
3.471	0.256848	1.34703	-2.03576	-1.60235	-0.230447	0.351871	1.23325
3.484	0.256848	1.34703	-2.03576	-1.60235	-0.230447	0.351871	1.23325
3.497	0.256825	1.34703	-2.03576	-1.60235	-0.230445	0.351871	1.23325
3.51	0.256816	1.34703	-2.03576	-1.60235	-0.230445	0.351873	1.23325
3.523	0.256727	1.34703	-2.03576	-1.60235	-0.230445	0.351873	1.23325
3.536	0.256565	1.34703	-2.03576	-1.60234	-0.230445	0.351873	1.23325
3.549	0.256411	1.34703	-2.03576	-1.60234	-0.230445	0.351873	1.23325
3.562	0.256213	1.34703	-2.03576	-1.60234	-0.230447	0.351873	1.23325
3.575	0.256063	1.34703	-2.03576	-1.60234	-0.230447	0.351873	1.23325
3.588	0.255881	1.34703	-2.03576	-1.60234	-0.230447	0.351873	1.23325
3.601	0.255697	1.34704	-2.03576	-1.60234	-0.230447	0.351873	1.23325
3.614	0.25553	1.34704	-2.03576	-1.60234	-0.230445	0.351873	1.23325
3.627	0.25553	1.34704	-2.03576	-1.60234	-0.230445	0.351873	1.23325
3.64	0.25536	1.34704	-2.03576	-1.60234	-0.230445	0.351871	1.23325
3.653	0.255162	1.34703	-2.03576	-1.60234	-0.230447	0.351871	1.23325
3.666	0.254884	1.34704	-2.03576	-1.60234	-0.230445	0.351873	1.23325
3.679	0.254627	1.34704	-2.03576	-1.60234	-0.230447	0.351873	1.23325
3.692	0.254334	1.34704	-2.03576	-1.60234	-0.230447	0.351871	1.23325
3.705	0.254095	1.34705	-2.03576	-1.60234	-0.230447	0.351871	1.23325
3.718	0.253825	1.34704	-2.03575	-1.60234	-0.230447	0.351871	1.23325
3.731	0.253545	1.34704	-2.03575	-1.60234	-0.230447	0.351871	1.23325
3.744	0.253278	1.34704	-2.03575	-1.60234	-0.230447	0.351871	1.23325
3.757	0.253043	1.34704	-2.03574	-1.60234	-0.230447	0.351871	1.23325
3.77	0.253043	1.34704	-2.03574	-1.60234	-0.230447	0.351871	1.23325
3.783	0.252831	1.34704	-2.03573	-1.60234	-0.230447	0.351871	1.23325
3.796	0.252549	1.34704	-2.0357	-1.60234	-0.230447	0.351871	1.23325
3.809	0.252221	1.34704	-2.0357	-1.60234	-0.230445	0.351871	1.23325
3.822	0.25192	1.34704	-2.03569	-1.60234	-0.230445	0.351871	1.23325
3.835	0.251647	1.34704	-2.03569	-1.60234	-0.230447	0.351871	1.23325
3.848	0.251464	1.34704	-2.03568	-1.60234	-0.230447	0.351871	1.23325
3.861	0.251271	1.34704	-2.03568	-1.60234	-0.230447	0.351871	1.23325
3.874	0.251104	1.34705	-2.03567	-1.60234	-0.230447	0.351871	1.23325
3.887	0.250953	1.34705	-2.03564	-1.60234	-0.230447	0.351871	1.23325
3.9	0.250953	1.34705	-2.03564	-1.60234	-0.230447	0.351871	1.23325
3.913	0.250817	1.34705	-2.03563	-1.60234	-0.230447	0.351871	1.23325
3.926	0.250632	1.34704	-2.03559	-1.60234	-0.230445	0.351871	1.23325
3.939	0.250354	1.34705	-2.03555	-1.60234	-0.230445	0.351873	1.23325
3.952	0.250086	1.34705	-2.0355	-1.60234	-0.230445	0.351873	1.23325
3.965	0.24977	1.34705	-2.0354	-1.60234	-0.230445	0.351873	1.23325
3.978	0.24953	1.34705	-2.03533	-1.60234	-0.230445	0.351873	1.23325
3.991	0.24925	1.34706	-2.03521	-1.60234	-0.230447	0.351873	1.23325
4.004	0.248971	1.34705	-2.03505	-1.60234	-0.230445	0.351871	1.23325
4.017	0.248708	1.34705	-2.03478	-1.60234	-0.230447	0.351871	1.23325
4.03	0.248452	1.34705	-2.03439	-1.60234	-0.230445	0.351871	1.23325
4.043	0.248452	1.34705	-2.03439	-1.60234	-0.230445	0.351871	1.23325
4.056	0.248201	1.34706	-2.03397	-1.60234	-0.230445	0.351871	1.23325
4.069	0.247896	1.34709	-2.03359	-1.60234	-0.230447	0.351871	1.23325
4.082	0.247508	1.34713	-2.03325	-1.60234	-0.230445	0.351871	1.23325
4.095	0.247134	1.34716	-2.0329	-1.60234	-0.230445	0.351871	1.23325
4.108	0.24672	1.34717	-2.03246	-1.60235	-0.230445	0.351871	1.23325
4.121	0.246319	1.34718	-2.03203	-1.60236	-0.230445	0.351871	1.23325
4.134	0.245891	1.34718	-2.03158	-1.60236	-0.230447	0.351871	1.23325
4.147	0.245438	1.34718	-2.0311	-1.6024	-0.230447	0.351871	1.23325
4.16	0.244991	1.34718	-2.03056	-1.60242	-0.230445	0.351871	1.23325
4.173	0.244991	1.34718	-2.03056	-1.60242	-0.230445	0.351871	1.23325
4.186	0.244532	1.34719	-2.03	-1.60246	-0.230445	0.351871	1.23325
4.199	0.244065	1.34724	-2.02948	-1.60246	-0.230445	0.351871	1.23325
4.212	0.243577	1.34734	-2.029	-1.60246	-0.230445	0.351871	1.23325
4.225	0.243131	1.3474	-2.02854	-1.60245	-0.230445	0.351871	1.23325
4.238	0.242668	1.34747	-2.02805	-1.60245	-0.230445	0.351873	1.23325
4.251	0.242218	1.34751	-2.0276	-1.60245	-0.230445	0.351871	1.23325
4.264	0.241741	1.34755	-2.0271	-1.60245	-0.230445	0.351871	1.23325
4.277	0.241295	1.34756	-2.02654	-1.60245	-0.230445	0.351873	1.23325
4.29	0.240818	1.34757	-2.02599	-1.60245	-0.230445	0.351871	1.23325
4.303	0.240338	1.34764	-2.02548	-1.60245	-0.230445	0.351873	1.23325
4.316	0.240338	1.34764	-2.02548	-1.60245	-0.230445	0.351873	1.23325
4.329	0.239879	1.3477	-2.02496	-1.60245	-0.230445	0.351871	1.23325
4.342	0.239387	1.34776	-2.02434	-1.60248	-0.230445	0.351871	1.23325
4.355	0.238853	1.34783	-2.02373	-1.60253	-0.230445	0.351873	1.23325
4.368	0.238248	1.34789	-2.02309	-1.60264	-0.230443	0.351873	1.23325
4.381	0.237654	1.34794	-2.02241	-1.60283	-0.230443	0.351873	1.23325
4.394	0.237096	1.34798	-2.0218	-1.60309	-0.230443	0.351873	1.23325
4.407	0.236498	1.34806	-2.02121	-1.60341	-0.230443	0.351873	1.23325
4.42	0.235931	1.34812	-2.02057	-1.60379	-0.230443	0.351871	1.23325
4.433	0.235325	1.34819	-2.01988	-1.60428	-0.230443	0.351871	1.23325
4.446	0.235325	1.34819	-2.01988	-1.60428	-0.230443	0.351871	1.23325
4.459	0.234722	1.34829	-2.01915	-1.60485	-0.230443	0.351871	1.23325
4.472	0.234024	1.34839	-2.01841	-1.60541	-0.230443	0.351871	1.23325
4.485	0.233272	1.3485	-2.01778	-1.60594	-0.230441	0.351871	1.23325
4.498	0.23247	1.34858	-2.01715	-1.60647	-0.230443	0.351871	1.23325
4.511	0.231682	1.34859	-2.01646	-1.60701	-0.230441	0.351871	1.23325
4.524	0.230896	1.3486	-2.01575	-1.60752	-0.230441	0.351871	1.23325
4.537	0.230009	1.34861	-2.01496	-1.608	-0.230441	0.351871	1.23325
4.55	0.229105	1.34861	-2.01418	-1.60846	-0.230443	0.351871	1.23325
4.563	0.228176	1.34862	-2.01345	-1.60891	-0.230443	0.351871	1.23325
4.576	0.227282	1.34863	-2.01268	-1.60933	-0.230443	0.351871	1.23325
4.589	0.227282	1.34863	-2.01268	-1.60933	-0.230443	0.351871	1.23325
4.602	0.226349	1.34863	-2.01189	-1.60971	-0.230443	0.351871	1.23325
4.615	0.22537	1.34866	-2.01109	-1.61005	-0.230441	0.351871	1.23325
4.628	0.224325	1.3487	-2.01026	-1.61034	-0.230441	0.351873	1.23325
4.641	0.223356	1.34873	-2.00953	-1.61074	-0.230441	0.351873	1.23325
4.654	0.222316	1.34877	-2.00869	-1.61112	-0.230441	0.351873	1.23325
4.667	0.221397	1.34878	-2.00795	-1.61155	-0.230441	0.351873	1.23325
4.68	0.220388	1.3488	-2.00708	-1.61192	-0.230443	0.351873	1.23325
4.693	0.219479	1.3488	-2.00628	-1.61231	-0.230443	0.351873	1.23325
4.706	0.218492	1.34884	-2.00546	-1.61262	-0.230443	0.351873	1.23325
4.719	0.218492	1.34884	-2.00546	-1.61262	-0.230443	0.351873	1.23325
4.732	0.217575	1.34888	-2.00464	-1.61293	-0.230443	0.351873	1.23325
4.745	0.216604	1.34891	-2.0037	-1.61323	-0.230443	0.351873	1.23325
4.758	0.21568	1.34895	-2.00272	-1.61356	-0.230443	0.351873	1.23325
4.771	0.214684	1.34902	-2.0018	-1.61389	-0.230443	0.351873	1.23325
4.784	0.213683	1.34912	-2.00087	-1.61422	-0.230443	0.351873	1.23325
4.797	0.212714	1.34918	-1.99989	-1.61457	-0.230443	0.351873	1.23325
4.81	0.211763	1.34924	-1.99883	-1.61495	-0.230443	0.351873	1.23325
4.823	0.21082	1.3493	-1.99783	-1.61536	-0.230443	0.351873	1.23325
4.836	0.209842	1.34941	-1.99678	-1.6158	-0.230443	0.351873	1.23325
4.849	0.208908	1.34953	-1.99572	-1.61627	-0.230443	0.351873	1.23325
4.862	0.208908	1.34953	-1.99572	-1.61627	-0.230443	0.351873	1.23325
4.875	0.20798	1.34969	-1.99466	-1.61674	-0.230443	0.351871	1.23325
4.888	0.207032	1.34989	-1.99366	-1.61718	-0.230443	0.351871	1.23325
4.901	0.206015	1.35009	-1.99266	-1.61753	-0.230443	0.351871	1.23325
4.914	0.205034	1.35024	-1.99165	-1.6179	-0.230443	0.351871	1.23325
4.927	0.204102	1.35038	-1.99062	-1.61828	-0.230443	0.351871	1.23325
4.94	0.203186	1.35049	-1.98966	-1.61867	-0.230443	0.351873	1.23325
4.953	0.202248	1.3506	-1.9887	-1.61901	-0.230443	0.351873	1.23325
4.966	0.201349	1.35065	-1.98772	-1.61937	-0.230441	0.351873	1.23325
4.979	0.200485	1.35071	-1.98675	-1.61973	-0.230443	0.351873	1.23325
4.992	0.200485	1.35071	-1.98675	-1.61973	-0.230443	0.351873	1.23325
5.005	0.199681	1.35074	-1.98586	-1.62013	-0.230443	0.351873	1.23325
5.018	0.198803	1.35079	-1.98492	-1.62046	-0.230443	0.351873	1.23325
5.031	0.197969	1.35082	-1.98403	-1.62075	-0.230443	0.351873	1.23325
5.044	0.197012	1.35085	-1.98306	-1.62101	-0.230443	0.351873	1.23325
5.057	0.196181	1.35089	-1.98222	-1.6213	-0.230441	0.351873	1.23325
5.07	0.195271	1.35093	-1.98131	-1.62161	-0.230441	0.351873	1.23325
5.083	0.194404	1.35095	-1.98047	-1.62191	-0.230441	0.351873	1.23325
5.096	0.193489	1.35095	-1.97956	-1.62222	-0.230441	0.351873	1.23325
5.109	0.192589	1.35095	-1.97865	-1.62254	-0.230443	0.351873	1.23325
5.122	0.191731	1.35097	-1.97782	-1.62291	-0.230443	0.351873	1.23325
5.135	0.191731	1.35097	-1.97782	-1.62291	-0.230443	0.351873	1.23325
5.148	0.190785	1.35099	-1.97689	-1.62331	-0.230443	0.351873	1.23325
5.161	0.189849	1.35099	-1.97602	-1.62377	-0.230443	0.351873	1.23325
5.174	0.188804	1.35101	-1.97506	-1.62421	-0.230443	0.351873	1.23325
5.187	0.187821	1.35101	-1.97421	-1.62472	-0.230443	0.351873	1.23326
5.2	0.186749	1.35104	-1.97329	-1.62517	-0.230443	0.351873	1.23325
5.213	0.185693	1.35104	-1.97244	-1.62564	-0.230443	0.351873	1.23326
5.226	0.184595	1.35105	-1.97153	-1.62607	-0.230443	0.351873	1.23325
5.239	0.183483	1.35105	-1.97065	-1.62656	-0.230443	0.351873	1.23326
5.252	0.182371	1.35107	-1.96982	-1.627	-0.230443	0.351873	1.23326
5.265	0.181223	1.35108	-1.96894	-1.62749	-0.230443	0.351873	1.23326
5.278	0.181223	1.35108	-1.96894	-1.62749	-0.230443	0.351873	1.23326
5.291	0.18014	1.35108	-1.9681	-1.62798	-0.230443	0.351873	1.23326
5.304	0.178906	1.35108	-1.96719	-1.62844	-0.230443	0.351871	1.23326
5.317	0.177666	1.3511	-1.96633	-1.62883	-0.230443	0.351871	1.23326
5.33	0.176381	1.35112	-1.96538	-1.62925	-0.230443	0.351871	1.23326
5.343	0.17508	1.35112	-1.9644	-1.62971	-0.230441	0.351871	1.23326
5.356	0.173831	1.35112	-1.9634	-1.63013	-0.230441	0.351871	1.23326
5.369	0.172541	1.35114	-1.96246	-1.63064	-0.230441	0.351873	1.23326
5.382	0.171237	1.35116	-1.96145	-1.63117	-0.230441	0.351873	1.23326
5.395	0.169937	1.35116	-1.96047	-1.6317	-0.230441	0.351873	1.23326
5.408	0.169937	1.35116	-1.96047	-1.6317	-0.230441	0.351873	1.23326
5.421	0.168614	1.35116	-1.95943	-1.63221	-0.230443	0.351873	1.23326
5.434	0.167223	1.35117	-1.95847	-1.63267	-0.230443	0.351871	1.23326
5.447	0.165781	1.35121	-1.95757	-1.63294	-0.230443	0.351873	1.23326
5.46	0.164411	1.35121	-1.95672	-1.6333	-0.230443	0.351871	1.23326
5.473	0.162969	1.35123	-1.95582	-1.63371	-0.230441	0.351871	1.23326
5.486	0.1616	1.35122	-1.95505	-1.63418	-0.230443	0.351873	1.23326
5.499	0.160199	1.35125	-1.95429	-1.63467	-0.230441	0.351873	1.23326
5.512	0.158752	1.35126	-1.9535	-1.6352	-0.230441	0.351873	1.23326
5.525	0.15728	1.35125	-1.95281	-1.63579	-0.230441	0.351873	1.23326
5.538	0.155782	1.35126	-1.95207	-1.63634	-0.230443	0.351873	1.23326
5.551	0.155782	1.35126	-1.95207	-1.63634	-0.230443	0.351873	1.23326
5.564	0.154257	1.35126	-1.95136	-1.63683	-0.230445	0.351873	1.23326
5.577	0.152663	1.35127	-1.9507	-1.63733	-0.230445	0.351873	1.23325
5.59	0.15095	1.35131	-1.94998	-1.63776	-0.230445	0.351873	1.23326
5.603	0.149342	1.35131	-1.94927	-1.63829	-0.230445	0.351873	1.23326
5.616	0.147692	1.35134	-1.94843	-1.63892	-0.230443	0.351876	1.23326
5.629	0.146137	1.35137	-1.94761	-1.63957	-0.230443	0.351881	1.23326
5.642	0.144566	1.3514	-1.9468	-1.64021	-0.230443	0.3519	1.23326
5.655	0.142923	1.35146	-1.94587	-1.64081	-0.230443	0.351931	1.23326
5.668	0.141341	1.3515	-1.94494	-1.64136	-0.230443	0.351955	1.23326
5.681	0.141341	1.3515	-1.94494	-1.64136	-0.230443	0.351955	1.23326
5.694	0.139748	1.35156	-1.94394	-1.64195	-0.230443	0.35198	1.23326
5.707	0.13819	1.35163	-1.94309	-1.64257	-0.230443	0.351992	1.23326
5.72	0.136508	1.35174	-1.94218	-1.64321	-0.230443	0.352002	1.23326
5.733	0.134852	1.35184	-1.94123	-1.6439	-0.230443	0.35203	1.23326
5.746	0.133256	1.35195	-1.94021	-1.64459	-0.230441	0.352079	1.23326
5.759	0.131663	1.35202	-1.93921	-1.64524	-0.230441	0.352158	1.23326
5.772	0.130046	1.35216	-1.93815	-1.64576	-0.230441	0.352258	1.23326
5.785	0.128471	1.35229	-1.9371	-1.64627	-0.230441	0.352369	1.23326
5.798	0.126934	1.35247	-1.93609	-1.64674	-0.230439	0.352471	1.23326
5.811	0.125481	1.3527	-1.93523	-1.64731	-0.230439	0.35259	1.23326
5.824	0.125481	1.3527	-1.93523	-1.64731	-0.230439	0.35259	1.23326
5.837	0.123951	1.35298	-1.93443	-1.64793	-0.230439	0.352647	1.23326
5.85	0.122453	1.35321	-1.93361	-1.6485	-0.230439	0.352672	1.23326
5.863	0.120908	1.35343	-1.93276	-1.64893	-0.230439	0.352677	1.23326
5.876	0.119359	1.35362	-1.93189	-1.64942	-0.230439	0.352676	1.23326
5.889	0.117867	1.35379	-1.93106	-1.65004	-0.230439	0.352676	1.23325
5.902	0.116407	1.35398	-1.93024	-1.65071	-0.230439	0.352674	1.23326
5.915	0.11496	1.35417	-1.92938	-1.65139	-0.230439	0.352674	1.23326
5.928	0.113498	1.35432	-1.92848	-1.65203	-0.230439	0.352676	1.23326
5.941	0.111987	1.35447	-1.92755	-1.65266	-0.230439	0.352679	1.23326
5.954	0.111987	1.35447	-1.92755	-1.65266	-0.230439	0.352679	1.23326
5.967	0.110494	1.35463	-1.92669	-1.65322	-0.230439	0.352698	1.23326
5.98	0.109014	1.35477	-1.9258	-1.65375	-0.230439	0.352729	1.23326
5.993	0.107463	1.35493	-1.92489	-1.65427	-0.230441	0.352793	1.23326
6.006	0.105901	1.35509	-1.924	-1.6548	-0.230441	0.352938	1.23326
6.019	0.104297	1.35526	-1.92314	-1.65543	-0.230441	0.353236	1.23326
6.032	0.10272	1.35544	-1.92221	-1.65601	-0.230441	0.354174	1.23326
6.045	0.101222	1.35559	-1.9213	-1.65652	-0.230441	0.355626	1.23326
6.058	0.0996103	1.35577	-1.92025	-1.65695	-0.230441	0.356454	1.23326
6.071	0.0980724	1.35595	-1.91932	-1.65742	-0.230441	0.357141	1.23326
6.084	0.0964746	1.3562	-1.91831	-1.65788	-0.230441	0.358554	1.23326
6.097	0.0964746	1.3562	-1.91831	-1.65788	-0.230441	0.358554	1.23326
6.11	0.0950211	1.35652	-1.91739	-1.65837	-0.230441	0.360167	1.23326
6.123	0.093491	1.35691	-1.91646	-1.65892	-0.230441	0.361597	1.23326
6.136	0.0918496	1.3574	-1.91563	-1.65944	-0.230443	0.363616	1.23326
6.149	0.0902913	1.35783	-1.91483	-1.65996	-0.230443	0.365144	1.23326
6.162	0.0887075	1.35824	-1.91385	-1.66046	-0.230443	0.367041	1.23326
6.175	0.0872694	1.35858	-1.91297	-1.66096	-0.230443	0.368186	1.23326
6.188	0.08583	1.35893	-1.91204	-1.66144	-0.230443	0.368709	1.23326
6.201	0.0843727	1.35928	-1.91119	-1.66194	-0.230443	0.369135	1.23326
6.214	0.0829768	1.3596	-1.91038	-1.66243	-0.230443	0.370023	1.23326
6.227	0.0829768	1.3596	-1.91038	-1.66243	-0.230443	0.370023	1.23326
6.24	0.081664	1.35991	-1.90958	-1.66297	-0.230443	0.370872	1.23326
6.253	0.0803153	1.36023	-1.90878	-1.66354	-0.230443	0.371017	1.23326
6.266	0.0789412	1.36058	-1.90805	-1.66411	-0.230443	0.371024	1.23326
6.279	0.077489	1.36108	-1.90743	-1.66458	-0.230441	0.371027	1.23326
6.292	0.0760432	1.36159	-1.9069	-1.66507	-0.230443	0.371031	1.23326
6.305	0.0746102	1.36202	-1.90631	-1.66559	-0.230443	0.371036	1.23326
6.318	0.0732156	1.36242	-1.90564	-1.6661	-0.230443	0.371041	1.23326
6.331	0.0718235	1.36279	-1.90495	-1.66662	-0.230443	0.371048	1.23326
6.344	0.0704173	1.36313	-1.90426	-1.66718	-0.230443	0.371054	1.23326
6.357	0.0689703	1.36351	-1.90361	-1.66766	-0.230443	0.37106	1.23326
6.37	0.0689703	1.36351	-1.90361	-1.66766	-0.230443	0.37106	1.23326
6.383	0.0675475	1.36388	-1.90302	-1.66809	-0.230443	0.371063	1.23326
6.396	0.0661107	1.36424	-1.90245	-1.6685	-0.230441	0.371066	1.23326
6.409	0.0645205	1.36464	-1.90192	-1.66885	-0.230441	0.371068	1.23326
6.422	0.0629341	1.36504	-1.90147	-1.66921	-0.230441	0.37107	1.23326
6.435	0.0612889	1.36548	-1.9009	-1.66961	-0.230441	0.371073	1.23326
6.448	0.0597383	1.36594	-1.90034	-1.67002	-0.230443	0.371075	1.23326
6.461	0.058088	1.36638	-1.8998	-1.6705	-0.230443	0.371077	1.23326
6.474	0.0563929	1.36684	-1.89929	-1.67096	-0.230443	0.371077	1.23326
6.487	0.0547682	1.36724	-1.89893	-1.67141	-0.230443	0.371077	1.23326
6.5	0.0547682	1.36724	-1.89893	-1.67141	-0.230443	0.371077	1.23326
6.513	0.0530578	1.36765	-1.89856	-1.67185	-0.230443	0.371078	1.23326
6.526	0.051419	1.3681	-1.89833	-1.67233	-0.230443	0.371078	1.23326
6.539	0.0496945	1.36853	-1.89813	-1.67282	-0.230443	0.371078	1.23326
6.552	0.0479624	1.36904	-1.89792	-1.67314	-0.230443	0.371078	1.23326
6.565	0.0462942	1.36954	-1.89778	-1.67343	-0.230443	0.371078	1.23326
6.578	0.0446196	1.37013	-1.89752	-1.67373	-0.230445	0.371078	1.23326
6.591	0.0430115	1.3707	-1.8971	-1.67394	-0.230445	0.371078	1.23326
6.604	0.041328	1.3713	-1.89652	-1.67409	-0.230447	0.371078	1.23326
6.617	0.0397071	1.37198	-1.89618	-1.67427	-0.230447	0.371078	1.23326
6.63	0.0380504	1.37277	-1.89601	-1.67456	-0.230449	0.371077	1.23326
6.643	0.0380504	1.37277	-1.89601	-1.67456	-0.230449	0.371077	1.23326
6.656	0.0364231	1.37356	-1.89595	-1.67496	-0.230467	0.371077	1.23326
6.669	0.0347638	1.37435	-1.89591	-1.67544	-0.23051	0.371077	1.23326
6.682	0.0330112	1.37518	-1.89587	-1.67589	-0.230545	0.371077	1.23326
6.695	0.0313226	1.37602	-1.89588	-1.67634	-0.230557	0.371077	1.23326
6.708	0.029602	1.37699	-1.89588	-1.67682	-0.230563	0.371077	1.23326
6.721	0.0279849	1.37795	-1.89594	-1.67726	-0.230561	0.371077	1.23326
6.734	0.0263499	1.37889	-1.89594	-1.6777	-0.230561	0.371077	1.23326
6.747	0.0247507	1.37983	-1.89596	-1.67817	-0.230563	0.371077	1.23326
6.76	0.0231644	1.38081	-1.89596	-1.67865	-0.230563	0.371077	1.23326
6.773	0.0214962	1.38183	-1.89596	-1.67914	-0.230561	0.371077	1.23326
6.786	0.0214962	1.38183	-1.89596	-1.67914	-0.230561	0.371077	1.23326
6.799	0.0198765	1.38289	-1.89596	-1.67952	-0.230557	0.371077	1.23326
6.812	0.0181406	1.38392	-1.89596	-1.68003	-0.230555	0.371077	1.23326
6.825	0.0164302	1.38514	-1.89599	-1.68043	-0.230555	0.371078	1.23326
6.838	0.0146763	1.3862	-1.896	-1.68087	-0.230555	0.371078	1.23326
6.851	0.0129059	1.38735	-1.896	-1.68127	-0.230555	0.371077	1.23326
6.864	0.011184	1.3885	-1.89601	-1.68175	-0.230553	0.371077	1.23326
6.877	0.00939305	1.3896	-1.89601	-1.68208	-0.230549	0.371075	1.23326
6.89	0.00770184	1.39067	-1.89601	-1.68241	-0.230547	0.371075	1.23326
6.903	0.0059595	1.39181	-1.89601	-1.68282	-0.230545	0.371075	1.23326
6.916	0.0059595	1.39181	-1.89601	-1.68282	-0.230545	0.371075	1.23326
6.929	0.00428107	1.39296	-1.89605	-1.68321	-0.230543	0.371073	1.23326
6.942	0.00260007	1.39406	-1.89605	-1.68357	-0.230543	0.371073	1.23326
6.955	0.00087818	1.39516	-1.89606	-1.68386	-0.230543	0.371073	1.23326
6.968	-0.000838578	1.3963	-1.89607	-1.68424	-0.230541	0.371072	1.23326
6.981	-0.00259626	1.39745	-1.89607	-1.68464	-0.230541	0.371072	1.23326
6.994	-0.00423635	1.39862	-1.89607	-1.68508	-0.230541	0.371072	1.23326
7.007	-0.00595185	1.39976	-1.89607	-1.68561	-0.230539	0.371072	1.23326
7.02	-0.00760599	1.40102	-1.89608	-1.68622	-0.230539	0.371072	1.23326
7.033	-0.00924735	1.40217	-1.89608	-1.6869	-0.230537	0.37107	1.23326
7.046	-0.0108542	1.40345	-1.89608	-1.68759	-0.230537	0.37107	1.23326
7.059	-0.0108542	1.40345	-1.89608	-1.68759	-0.230537	0.37107	1.23326
7.072	-0.0123716	1.40473	-1.89608	-1.68829	-0.230535	0.37107	1.23326
7.085	-0.0140538	1.40598	-1.89608	-1.68902	-0.230535	0.37107	1.23326
7.098	-0.0157208	1.40727	-1.89609	-1.68964	-0.230535	0.37107	1.23326
7.111	-0.0173902	1.4085	-1.89609	-1.6904	-0.230533	0.37107	1.23326
7.124	-0.0189779	1.40978	-1.8961	-1.69113	-0.230533	0.37107	1.23326
7.137	-0.0205081	1.41099	-1.8961	-1.69192	-0.230531	0.371068	1.23326
7.15	-0.0221213	1.41223	-1.8961	-1.69259	-0.230531	0.371068	1.23326
7.163	-0.023631	1.41341	-1.89611	-1.69322	-0.230529	0.371066	1.23326
7.176	-0.0251535	1.41455	-1.8961	-1.69391	-0.230527	0.371066	1.23326
7.189	-0.0251535	1.41455	-1.8961	-1.69391	-0.230527	0.371066	1.23326
7.202	-0.0266094	1.41581	-1.89611	-1.69464	-0.230522	0.371065	1.23326
7.215	-0.0280923	1.41699	-1.89611	-1.69536	-0.23052	0.371063	1.23326
7.228	-0.0296519	1.41819	-1.89611	-1.69594	-0.230516	0.371063	1.23326
7.241	-0.0311782	1.41935	-1.8961	-1.69659	-0.230512	0.37106	1.23326
7.254	-0.0327172	1.42059	-1.89611	-1.69726	-0.230508	0.371058	1.23326
7.267	-0.0341413	1.42177	-1.89611	-1.69798	-0.230504	0.371056	1.23326
7.28	-0.0355858	1.42295	-1.89611	-1.6987	-0.2305	0.371053	1.23326
7.293	-0.0370648	1.4241	-1.89611	-1.69944	-0.230494	0.371053	1.23326
7.306	-0.0384812	1.42523	-1.89611	-1.70016	-0.230488	0.371051	1.23326
7.319	-0.0399295	1.42629	-1.89611	-1.70092	-0.230471	0.371048	1.23326
7.332	-0.0399295	1.42629	-1.89611	-1.70092	-0.230471	0.371048	1.23326
7.345	-0.0414482	1.42733	-1.89611	-1.70168	-0.230461	0.371044	1.23326
7.358	-0.0429131	1.4284	-1.89611	-1.70248	-0.230447	0.371037	1.23326
7.371	-0.0445238	1.42951	-1.89611	-1.70314	-0.230437	0.371032	1.23326
7.384	-0.0460833	1.43053	-1.89611	-1.70375	-0.23043	0.371029	1.23326
7.397	-0.0476237	1.43162	-1.89611	-1.70439	-0.230426	0.371026	1.23326
7.41	-0.0491385	1.43266	-1.89611	-1.70503	-0.23042	0.37102	1.23326
7.423	-0.050629	1.43366	-1.89611	-1.70558	-0.230416	0.371003	1.23326
7.436	-0.0520978	1.43464	-1.89611	-1.7061	-0.23041	0.370925	1.23326
7.449	-0.0535576	1.43573	-1.89611	-1.70657	-0.230402	0.370738	1.23326
7.462	-0.0535576	1.43573	-1.89611	-1.70657	-0.230402	0.370738	1.23326
7.475	-0.0549996	1.43672	-1.89611	-1.70701	-0.230396	0.370466	1.23326
7.488	-0.0565233	1.43771	-1.89611	-1.70736	-0.230387	0.370182	1.23326
7.501	-0.0580356	1.43867	-1.89611	-1.70757	-0.230377	0.369844	1.23326
7.514	-0.0595837	1.43964	-1.89611	-1.70792	-0.230367	0.369285	1.23326
7.527	-0.0611815	1.4406	-1.89611	-1.70836	-0.230347	0.368327	1.23326
7.54	-0.0626759	1.4416	-1.89611	-1.70878	-0.230265	0.367071	1.23326
7.553	-0.064261	1.44261	-1.89611	-1.70916	-0.230128	0.366303	1.23326
7.566	-0.0657975	1.44368	-1.89611	-1.70952	-0.229976	0.365834	1.23326
7.579	-0.0673277	1.44472	-1.89611	-1.70992	-0.229897	0.365418	1.23326
7.592	-0.0688412	1.44578	-1.89611	-1.71027	-0.229868	0.364799	1.23326
7.605	-0.0688412	1.44578	-1.89611	-1.71027	-0.229868	0.364799	1.23326
7.618	-0.0703637	1.44685	-1.89611	-1.71061	-0.229843	0.363756	1.23326
7.631	-0.0719245	1.44791	-1.89611	-1.71097	-0.229794	0.362788	1.23326
7.644	-0.0735288	1.44901	-1.89611	-1.71121	-0.229741	0.362193	1.23326
7.657	-0.0750999	1.45006	-1.8961	-1.71152	-0.2297	0.361789	1.23326
7.67	-0.0767783	1.45122	-1.8961	-1.71183	-0.229618	0.361331	1.23326
7.683	-0.078357	1.45232	-1.8961	-1.7121	-0.229469	0.36033	1.23326
7.696	-0.0800073	1.45341	-1.89607	-1.71233	-0.229344	0.358817	1.23326
7.709	-0.0816129	1.45454	-1.89604	-1.71257	-0.229293	0.357646	1.23326
7.722	-0.0833015	1.45572	-1.89605	-1.71291	-0.229258	0.356311	1.23326
7.735	-0.0833015	1.45572	-1.89605	-1.71291	-0.229258	0.356311	1.23326
7.748	-0.0850605	1.45692	-1.89604	-1.71326	-0.229195	0.354776	1.23326
7.761	-0.0868297	1.45809	-1.89603	-1.71369	-0.229121	0.353564	1.23326
7.774	-0.0886845	1.45932	-1.896	-1.71413	-0.229027	0.351895	1.23326
7.787	-0.0905649	1.46052	-1.89602	-1.7145	-0.228896	0.350336	1.23326
7.8	-0.0925476	1.46175	-1.89599	-1.7149	-0.228698	0.349272	1.23326
7.813	-0.0944625	1.46297	-1.89599	-1.71527	-0.228322	0.347772	1.23326
7.826	-0.0964452	1.46418	-1.896	-1.71563	-0.227741	0.346635	1.23326
7.839	-0.0983934	1.46532	-1.896	-1.71596	-0.227068	0.346127	1.23326
7.852	-0.100455	1.46647	-1.896	-1.71633	-0.226225	0.345943	1.23326
7.865	-0.102402	1.46756	-1.89601	-1.71671	-0.225452	0.345766	1.23326
7.878	-0.102402	1.46756	-1.89601	-1.71671	-0.225452	0.345766	1.23326
7.891	-0.104418	1.46861	-1.89601	-1.71716	-0.224448	0.34549	1.23326
7.904	-0.10641	1.46964	-1.89598	-1.7177	-0.223333	0.345047	1.23326
7.917	-0.108515	1.47071	-1.89595	-1.71823	-0.222534	0.344493	1.23326
7.93	-0.110548	1.47172	-1.89592	-1.7187	-0.221889	0.343639	1.23326
7.943	-0.112602	1.47273	-1.8958	-1.71915	-0.221177	0.342804	1.23326
7.956	-0.114564	1.47362	-1.89571	-1.71965	-0.220421	0.342286	1.23326
7.969	-0.116626	1.47459	-1.89562	-1.72008	-0.219601	0.341737	1.23326
7.982	-0.118666	1.47552	-1.89558	-1.72061	-0.218854	0.340692	1.23326
7.995	-0.120756	1.47646	-1.89543	-1.72117	-0.218036	0.339303	1.23326
8.008	-0.120756	1.47646	-1.89543	-1.72117	-0.218036	0.339303	1.23326
8.021	-0.122828	1.4773	-1.89533	-1.7218	-0.217097	0.338348	1.23326
8.034	-0.124949	1.47814	-1.89521	-1.72233	-0.216238	0.337317	1.23326
8.047	-0.127127	1.47897	-1.8951	-1.72291	-0.215508	0.335405	1.23326
8.06	-0.129322	1.47985	-1.89505	-1.72332	-0.214637	0.333675	1.23326
8.073	-0.1316	1.48065	-1.89498	-1.7238	-0.213548	0.331321	1.23326
8.086	-0.133832	1.48144	-1.89489	-1.72417	-0.212401	0.329223	1.23326
8.099	-0.136116	1.48216	-1.89481	-1.72461	-0.211055	0.326898	1.23326
8.112	-0.138412	1.48295	-1.89469	-1.72499	-0.209785	0.325236	1.23326
8.125	-0.140773	1.48376	-1.89461	-1.72535	-0.208777	0.323436	1.23326
8.138	-0.14311	1.48451	-1.89451	-1.72564	-0.20775	0.322288	1.23326
8.151	-0.14311	1.48451	-1.89451	-1.72564	-0.20775	0.322288	1.23326
8.164	-0.14541	1.48528	-1.89438	-1.72589	-0.206705	0.321103	1.23326
8.177	-0.147761	1.48601	-1.89426	-1.72618	-0.205717	0.31975	1.23326
8.19	-0.150097	1.48679	-1.89413	-1.72633	-0.204674	0.318773	1.23326
8.203	-0.152499	1.48755	-1.89401	-1.72643	-0.203907	0.317672	1.23326
8.216	-0.154821	1.4883	-1.89392	-1.72654	-0.203492	0.315698	1.23326
8.229	-0.157085	1.48907	-1.89381	-1.72661	-0.203359	0.31403	1.23326
8.242	-0.159421	1.4898	-1.89373	-1.7267	-0.203291	0.31194	1.23326
8.255	-0.161661	1.4906	-1.89367	-1.72671	-0.203222	0.310222	1.23326
8.268	-0.163945	1.49131	-1.89358	-1.72673	-0.203187	0.308296	1.23326
8.281	-0.163945	1.49131	-1.89358	-1.72673	-0.203187	0.308296	1.23326
8.294	-0.166152	1.49203	-1.89345	-1.72674	-0.203185	0.306989	1.23326
8.307	-0.168349	1.49272	-1.89328	-1.72674	-0.203183	0.306406	1.23326
8.32	-0.170543	1.49339	-1.89308	-1.72675	-0.203154	0.305816	1.23326
8.333	-0.172684	1.4941	-1.89295	-1.72674	-0.203076	0.305056	1.23326
8.346	-0.174844	1.49488	-1.89288	-1.72674	-0.202917	0.304289	1.23326
8.359	-0.176858	1.49563	-1.89286	-1.72674	-0.202725	0.303711	1.23326
8.372	-0.178924	1.49637	-1.89281	-1.72674	-0.202579	0.303464	1.23326
8.385	-0.180892	1.49707	-1.89279	-1.72674	-0.20244	0.303368	1.23326
8.398	-0.182927	1.49782	-1.89277	-1.72674	-0.202238	0.303268	1.23326
8.411	-0.184909	1.49863	-1.89277	-1.72674	-0.201976	0.303087	1.23326
8.424	-0.184909	1.49863	-1.89277	-1.72674	-0.201976	0.303087	1.23326
8.437	-0.186894	1.49944	-1.89277	-1.72675	-0.201671	0.302821	1.23326
8.45	-0.188845	1.50026	-1.89276	-1.72675	-0.201326	0.302376	1.23326
8.463	-0.190876	1.50105	-1.89275	-1.72675	-0.200933	0.301335	1.23326
8.476	-0.192843	1.50183	-1.89275	-1.72675	-0.200602	0.299926	1.23326
8.489	-0.194879	1.50267	-1.89275	-1.72675	-0.20025	0.298872	1.23326
8.502	-0.196861	1.50349	-1.89275	-1.72676	-0.19982	0.297514	1.23326
8.515	-0.198982	1.50421	-1.89271	-1.72676	-0.199495	0.295668	1.23326
8.528	-0.201155	1.50498	-1.89269	-1.72682	-0.199027	0.294245	1.23326
8.541	-0.203343	1.50579	-1.89269	-1.72691	-0.198493	0.292274	1.23326
8.554	-0.205616	1.50659	-1.89268	-1.72695	-0.197947	0.290769	1.23326
8.567	-0.205616	1.50659	-1.89268	-1.72695	-0.197947	0.290769	1.23326
8.58	-0.207839	1.50735	-1.8927	-1.72694	-0.197523	0.289181	1.23326
8.593	-0.210057	1.508	-1.89269	-1.72694	-0.197094	0.287688	1.23326
8.606	-0.212247	1.50869	-1.89269	-1.72693	-0.196589	0.286815	1.23326
8.619	-0.214485	1.50938	-1.89269	-1.72693	-0.196186	0.285954	1.23326
8.632	-0.216681	1.51014	-1.89269	-1.72693	-0.195961	0.284945	1.23326
8.645	-0.218907	1.51089	-1.89269	-1.72691	-0.195711	0.284187	1.23326
8.658	-0.221063	1.51165	-1.89269	-1.72687	-0.195409	0.283677	1.23326
8.671	-0.223249	1.51241	-1.89269	-1.72683	-0.195159	0.283243	1.23326
8.684	-0.225397	1.51317	-1.89269	-1.72677	-0.194981	0.282707	1.23326
8.697	-0.225397	1.51317	-1.89269	-1.72677	-0.194981	0.282707	1.23326
8.71	-0.227448	1.51396	-1.89271	-1.72666	-0.194824	0.281617	1.23326
8.723	-0.229512	1.51474	-1.8927	-1.72664	-0.19476	0.280246	1.23326
8.736	-0.231561	1.51556	-1.89269	-1.7266	-0.194752	0.279305	1.23326
8.749	-0.233704	1.51634	-1.8927	-1.72659	-0.194719	0.278399	1.23326
8.762	-0.235768	1.51706	-1.8927	-1.72653	-0.194609	0.276807	1.23326
8.775	-0.237905	1.51781	-1.8927	-1.72651	-0.194505	0.275472	1.23326
8.788	-0.24003	1.51859	-1.89271	-1.72653	-0.194451	0.274419	1.23326
8.801	-0.242288	1.51933	-1.8927	-1.72654	-0.194335	0.272921	1.23326
8.814	-0.244527	1.52009	-1.8927	-1.72654	-0.194108	0.271792	1.23326
8.827	-0.246755	1.52083	-1.8927	-1.72654	-0.193703	0.270935	1.23326
8.84	-0.246755	1.52083	-1.8927	-1.72654	-0.193703	0.270935	1.23326
8.853	-0.249035	1.52155	-1.89269	-1.72654	-0.193118	0.269592	1.23326
8.866	-0.251348	1.52235	-1.89271	-1.72654	-0.192375	0.268356	1.23326
8.879	-0.253654	1.52306	-1.89271	-1.72653	-0.191467	0.267582	1.23326
8.892	-0.2559	1.5237	-1.8927	-1.72652	-0.190735	0.266856	1.23326
8.905	-0.258219	1.52438	-1.89271	-1.72652	-0.19007	0.265776	1.23326
8.918	-0.260489	1.52504	-1.89271	-1.72653	-0.189328	0.264809	1.23326
8.931	-0.262776	1.52572	-1.89271	-1.72651	-0.188536	0.264128	1.23326
8.944	-0.264986	1.52643	-1.89271	-1.72648	-0.187866	0.263483	1.23326
8.957	-0.267168	1.5272	-1.89271	-1.72642	-0.187317	0.262408	1.23326
8.97	-0.267168	1.5272	-1.89271	-1.72642	-0.187317	0.262408	1.23326
8.983	-0.269387	1.52794	-1.89271	-1.72637	-0.186888	0.260782	1.23326
8.996	-0.271561	1.52878	-1.89271	-1.72626	-0.186585	0.259364	1.23326
9.009	-0.273772	1.52962	-1.89272	-1.72618	-0.186315	0.257513	1.23326
9.022	-0.276022	1.53039	-1.89276	-1.72614	-0.186013	0.255641	1.23326
9.035	-0.278276	1.53116	-1.89277	-1.72601	-0.185769	0.253654	1.23326
9.048	-0.280496	1.53187	-1.8928	-1.72578	-0.185597	0.251595	1.23326
9.061	-0.282683	1.53255	-1.89283	-1.72545	-0.185548	0.249529	1.23326
9.074	-0.28492	1.53325	-1.89284	-1.7252	-0.185528	0.247936	1.23326
9.087	-0.287133	1.53405	-1.89286	-1.72492	-0.185438	0.246826	1.23326
9.1	-0.289421	1.53477	-1.89291	-1.72465	-0.185305	0.245485	1.23326
9.113	-0.289421	1.53477	-1.89291	-1.72465	-0.185305	0.245485	1.23326
9.126	-0.291703	1.53549	-1.89292	-1.72427	-0.185237	0.24475	1.23326
9.139	-0.294021	1.53612	-1.89303	-1.72395	-0.185215	0.244527	1.23326
9.152	-0.296356	1.53665	-1.89312	-1.7236	-0.185106	0.244351	1.23326
9.165	-0.298612	1.53714	-1.89329	-1.72314	-0.184906	0.24415	1.23326
9.178	-0.300885	1.53768	-1.8935	-1.72272	-0.184818	0.243794	1.23326
9.191	-0.303129	1.53831	-1.89378	-1.72226	-0.184789	0.243167	1.23326
9.204	-0.305405	1.53886	-1.89409	-1.72176	-0.184757	0.241847	1.23326
9.217	-0.307672	1.53932	-1.89442	-1.72116	-0.184671	0.240615	1.23326
9.23	-0.309969	1.53967	-1.89479	-1.72057	-0.184491	0.239681	1.23326
9.243	-0.309969	1.53967	-1.89479	-1.72057	-0.184491	0.239681	1.23326
9.256	-0.312271	1.53996	-1.89517	-1.71997	-0.184294	0.237879	1.23326
9.269	-0.314594	1.5402	-1.89558	-1.71937	-0.1842	0.235764	1.23326
9.282	-0.317066	1.54038	-1.8961	-1.71888	-0.184188	0.233344	1.23326
9.295	-0.319575	1.54054	-1.89659	-1.71837	-0.184135	0.231365	1.23326
9.308	-0.32208	1.54062	-1.89709	-1.71777	-0.183934	0.229241	1.23326
9.321	-0.324577	1.54064	-1.89769	-1.71704	-0.183662	0.227876	1.23326
9.334	-0.327063	1.54067	-1.89837	-1.71625	-0.183562	0.226533	1.23326
9.347	-0.329577	1.54069	-1.89901	-1.71543	-0.183521	0.225267	1.23326
9.36	-0.332045	1.5407	-1.89971	-1.71461	-0.183468	0.224457	1.23326
9.373	-0.33449	1.54072	-1.90047	-1.71379	-0.183458	0.223549	1.23326
9.386	-0.33449	1.54072	-1.90047	-1.71379	-0.183458	0.223549	1.23326
9.399	-0.337021	1.54074	-1.90107	-1.713	-0.183464	0.222071	1.23326
9.412	-0.339527	1.54074	-1.90158	-1.71216	-0.183464	0.22069	1.23326
9.425	-0.34201	1.54077	-1.90205	-1.71125	-0.183458	0.219199	1.23326
9.438	-0.34444	1.54081	-1.90253	-1.71043	-0.18346	0.216901	1.23326
9.451	-0.346838	1.54087	-1.90298	-1.70962	-0.183462	0.214945	1.23326
9.464	-0.349252	1.54093	-1.90341	-1.70869	-0.183466	0.212945	1.23326
9.477	-0.351671	1.54097	-1.90383	-1.70778	-0.183468	0.211606	1.23326
9.49	-0.354066	1.54108	-1.90421	-1.70685	-0.18347	0.209942	1.23326
9.503	-0.356515	1.54116	-1.90449	-1.70588	-0.18347	0.208846	1.23326
9.516	-0.356515	1.54116	-1.90449	-1.70588	-0.18347	0.208846	1.23326
9.529	-0.358899	1.54119	-1.90473	-1.70484	-0.18347	0.208163	1.23326
9.542	-0.361321	1.54121	-1.90495	-1.70374	-0.183468	0.207392	1.23326
9.555	-0.363717	1.54122	-1.90517	-1.70263	-0.183468	0.206319	1.23326
9.568	-0.366058	1.54124	-1.90537	-1.70141	-0.183468	0.205374	1.23326
9.581	-0.368485	1.54126	-1.90553	-1.70019	-0.183466	0.204868	1.23326
9.594	-0.370874	1.54127	-1.90569	-1.69908	-0.183462	0.204461	1.23326
9.607	-0.373216	1.54129	-1.9059	-1.69791	-0.183431	0.203934	1.23326
9.62	-0.375622	1.54129	-1.90617	-1.69676	-0.183403	0.202702	1.23326
9.633	-0.377961	1.5413	-1.90646	-1.6957	-0.183401	0.201318	1.23326
9.646	-0.380382	1.54132	-1.90671	-1.69471	-0.183401	0.200404	1.23326
9.659	-0.380382	1.54132	-1.90671	-1.69471	-0.183401	0.200404	1.23326
9.672	-0.382765	1.54132	-1.90704	-1.69372	-0.183394	0.199124	1.23326
9.685	-0.385139	1.54132	-1.9074	-1.69266	-0.18339	0.197527	1.23326
9.698	-0.38757	1.54133	-1.90776	-1.69169	-0.183388	0.196206	1.23326
9.711	-0.38996	1.54133	-1.90818	-1.69074	-0.183382	0.194434	1.23326
9.724	-0.392351	1.54133	-1.90865	-1.68977	-0.183372	0.193143	1.23326
9.737	-0.394772	1.54133	-1.90914	-1.68878	-0.183362	0.192226	1.23326
9.75	-0.39714	1.54133	-1.90966	-1.68781	-0.18336	0.190914	1.23326
9.763	-0.399585	1.54133	-1.91015	-1.68685	-0.18336	0.190004	1.23326
9.776	-0.401973	1.54133	-1.91072	-1.6858	-0.183343	0.189712	1.23326
9.789	-0.401973	1.54133	-1.91072	-1.6858	-0.183343	0.189712	1.23326
9.802	-0.404329	1.54133	-1.91137	-1.68466	-0.183288	0.189527	1.23326
9.815	-0.406649	1.54133	-1.91203	-1.68357	-0.1832	0.189181	1.23326
9.828	-0.408922	1.54132	-1.91263	-1.68252	-0.183045	0.188784	1.23326
9.841	-0.411258	1.54132	-1.91323	-1.68144	-0.182785	0.188192	1.23326
9.854	-0.413628	1.54132	-1.91386	-1.6804	-0.18246	0.187004	1.23326
9.867	-0.416008	1.54132	-1.91448	-1.67944	-0.182118	0.185833	1.23326
9.88	-0.41838	1.54132	-1.91509	-1.67861	-0.181858	0.18501	1.23326
9.893	-0.420743	1.54132	-1.91566	-1.67769	-0.181617	0.18419	1.23326
9.906	-0.423192	1.54132	-1.91616	-1.67677	-0.181339	0.182919	1.23326
9.919	-0.425591	1.54132	-1.9166	-1.67585	-0.180901	0.181644	1.23326
9.932	-0.425591	1.54132	-1.9166	-1.67585	-0.180901	0.181644	1.23326
9.945	-0.427991	1.54131	-1.91712	-1.67492	-0.180128	0.180474	1.23326
9.958	-0.430409	1.54131	-1.91768	-1.67398	-0.179251	0.178579	1.23326
9.971	-0.432915	1.54131	-1.91817	-1.67301	-0.178608	0.177069	1.23326
9.984	-0.435529	1.5413	-1.91863	-1.67207	-0.178021	0.175387	1.23326
9.997	-0.438077	1.5413	-1.91912	-1.67111	-0.177367	0.173314	1.23326
10.01	-0.440606	1.5413	-1.91971	-1.67011	-0.176737	0.171487	1.23326
10.023	-0.44324	1.5413	-1.92019	-1.66909	-0.17623	0.170105	1.23326
10.036	-0.445826	1.5413	-1.92056	-1.66815	-0.175704	0.169742	1.23326
10.049	-0.448377	1.5413	-1.92098	-1.66724	-0.175093	0.169668	1.23326
10.062	-0.45097	1.5413	-1.92143	-1.66634	-0.174577	0.169667	1.23326
10.075	-0.45097	1.5413	-1.92143	-1.66634	-0.174577	0.169667	1.23326
10.088	-0.453595	1.5413	-1.92188	-1.66541	-0.174229	0.169662	1.23326
10.101	-0.456173	1.5413	-1.92232	-1.66447	-0.173865	0.169537	1.23326
10.114	-0.458741	1.54129	-1.92277	-1.66343	-0.173268	0.16915	1.23326
10.127	-0.461207	1.54129	-1.92332	-1.6624	-0.172773	0.16867	1.23326
10.14	-0.463656	1.54129	-1.92402	-1.66134	-0.172385	0.168257	1.23326
10.153	-0.466071	1.54127	-1.92472	-1.66028	-0.171959	0.167669	1.23326
10.166	-0.468359	1.54126	-1.92546	-1.65928	-0.171597	0.166578	1.23326
10.179	-0.470683	1.54126	-1.92621	-1.65827	-0.171282	0.165678	1.23326
10.192	-0.473005	1.54123	-1.92706	-1.65731	-0.171024	0.16494	1.23326
10.205	-0.473005	1.54123	-1.92706	-1.65731	-0.171024	0.16494	1.23326
10.218	-0.475251	1.54121	-1.92801	-1.65621	-0.170599	0.16365	1.23326
10.231	-0.477495	1.54117	-1.92889	-1.65514	-0.170127	0.161963	1.23326
10.244	-0.47971	1.54114	-1.92977	-1.654	-0.169691	0.160517	1.23326
10.257	-0.481993	1.54112	-1.93066	-1.6529	-0.16939	0.158416	1.23326
10.27	-0.484193	1.5411	-1.93158	-1.65184	-0.169153	0.15687	1.23326
10.283	-0.486416	1.54105	-1.93247	-1.65085	-0.168885	0.154964	1.23326
10.296	-0.48861	1.54095	-1.93333	-1.64983	-0.168599	0.153572	1.23326
10.309	-0.490774	1.54086	-1.93417	-1.64875	-0.16838	0.152493	1.23326
10.322	-0.492951	1.54076	-1.93501	-1.64773	-0.168216	0.1513	1.23326
10.335	-0.49504	1.54067	-1.9359	-1.64667	-0.16801	0.150836	1.23326
10.348	-0.49504	1.54067	-1.9359	-1.64667	-0.16801	0.150836	1.23326
10.361	-0.497157	1.54049	-1.93678	-1.64555	-0.167611	0.150797	1.23326
10.374	-0.499194	1.54036	-1.93766	-1.6444	-0.167212	0.150797	1.23326
10.387	-0.501196	1.54027	-1.93851	-1.64334	-0.166991	0.150797	1.23326
10.4	-0.503116	1.54018	-1.93939	-1.64234	-0.166875	0.150797	1.23326
10.413	-0.505032	1.54011	-1.9401	-1.64139	-0.166819	0.150799	1.23326
10.426	-0.506812	1.54	-1.94069	-1.64053	-0.166719	0.150799	1.23326
10.439	-0.508557	1.53992	-1.94115	-1.63967	-0.166627	0.150797	1.23326
10.452	-0.510187	1.53989	-1.94154	-1.63889	-0.166613	0.150795	1.23326
10.465	-0.51181	1.53984	-1.94179	-1.63811	-0.166596	0.150795	1.23326
10.478	-0.51181	1.53984	-1.94179	-1.63811	-0.166596	0.150795	1.23326
10.491	-0.513331	1.53981	-1.94196	-1.63723	-0.166555	0.150792	1.23326
10.504	-0.514808	1.53979	-1.942	-1.63638	-0.166531	0.150768	1.23326
10.517	-0.51627	1.53979	-1.942	-1.63557	-0.166511	0.150751	1.23326
10.53	-0.517703	1.53979	-1.94202	-1.63463	-0.166466	0.150753	1.23326
10.543	-0.519119	1.53977	-1.94209	-1.63368	-0.166421	0.150751	1.23326
10.556	-0.520509	1.53975	-1.94221	-1.63281	-0.166339	0.150743	1.23326
10.569	-0.521901	1.53971	-1.94239	-1.63193	-0.166181	0.150698	1.23326
10.582	-0.523265	1.53964	-1.94258	-1.63113	-0.166122	0.150606	1.23326
10.595	-0.524641	1.53958	-1.94277	-1.63034	-0.166079	0.150552	1.23326
10.608	-0.526068	1.53949	-1.94303	-1.6296	-0.165903	0.150553	1.23326
10.621	-0.526068	1.53949	-1.94303	-1.6296	-0.165903	0.150553	1.23326
10.634	-0.52744	1.53942	-1.94343	-1.62883	-0.165549	0.150553	1.23326
10.647	-0.528722	1.53933	-1.94386	-1.62805	-0.165257	0.150533	1.23326
10.66	-0.53004	1.5392	-1.94418	-1.62728	-0.16515	0.150439	1.23326
10.673	-0.531303	1.53903	-1.94447	-1.62649	-0.165109	0.150381	1.23326
10.686	-0.532575	1.53884	-1.94474	-1.62573	-0.165062	0.150385	1.23326
10.699	-0.533876	1.53862	-1.94501	-1.62504	-0.164946	0.150388	1.23326
10.712	-0.535118	1.53843	-1.94527	-1.62432	-0.164839	0.150379	1.23326
10.725	-0.536323	1.53832	-1.94557	-1.6235	-0.164833	0.150134	1.23326
10.738	-0.537465	1.53824	-1.94593	-1.62253	-0.164835	0.149374	1.23326
10.751	-0.537465	1.53824	-1.94593	-1.62253	-0.164835	0.149374	1.23326
10.764	-0.538519	1.53818	-1.94633	-1.62173	-0.164842	0.148082	1.23326
10.777	-0.539618	1.53811	-1.94671	-1.62105	-0.164839	0.146974	1.23326
10.79	-0.540715	1.53806	-1.94708	-1.62045	-0.164835	0.146621	1.23326
10.803	-0.541825	1.53802	-1.94742	-1.61995	-0.164819	0.146616	1.23326
10.816	-0.542926	1.53791	-1.94772	-1.61951	-0.164684	0.146616	1.23326
10.829	-0.543925	1.53776	-1.94808	-1.61897	-0.164306	0.146616	1.23326
10.842	-0.544904	1.53757	-1.94846	-1.61839	-0.16389	0.146613	1.23326
10.855	-0.545729	1.53742	-1.94891	-1.6178	-0.163678	0.146602	1.23326
10.868	-0.546535	1.53727	-1.94932	-1.6173	-0.163563	0.146599	1.23326
10.881	-0.547323	1.53713	-1.94976	-1.61684	-0.163467	0.146604	1.23326
10.894	-0.547323	1.53713	-1.94976	-1.61684	-0.163467	0.146604	1.23326
10.907	-0.548066	1.53698	-1.95026	-1.61647	-0.163348	0.146604	1.23326
10.92	-0.548826	1.53679	-1.95073	-1.61621	-0.163197	0.146606	1.23326
10.933	-0.549545	1.53658	-1.95123	-1.61599	-0.163001	0.146606	1.23326
10.946	-0.550241	1.5363	-1.95159	-1.61576	-0.162802	0.146606	1.23326
10.959	-0.550886	1.53603	-1.95188	-1.61555	-0.162684	0.146604	1.23326
10.972	-0.551494	1.53579	-1.95215	-1.61525	-0.162602	0.146604	1.23326
10.985	-0.552069	1.53562	-1.9523	-1.61494	-0.162586	0.146604	1.23326
10.998	-0.552637	1.5355	-1.95232	-1.6146	-0.162563	0.146604	1.23326
11.011	-0.553137	1.53543	-1.95233	-1.6142	-0.162555	0.146601	1.23326
11.024	-0.553137	1.53543	-1.95233	-1.6142	-0.162555	0.146601	1.23326
11.037	-0.553599	1.53541	-1.9523	-1.61382	-0.162555	0.146596	1.23326
11.05	-0.554009	1.53541	-1.95225	-1.61345	-0.162557	0.146584	1.23326
11.063	-0.554402	1.53542	-1.9522	-1.61305	-0.162559	0.146572	1.23326
11.076	-0.554841	1.53542	-1.95216	-1.6126	-0.162559	0.14656	1.23326
11.089	-0.555312	1.53542	-1.95213	-1.61217	-0.162559	0.146533	1.23326
11.102	-0.555789	1.53541	-1.95212	-1.61177	-0.162555	0.146519	1.23326
11.115	-0.556258	1.53541	-1.95212	-1.61148	-0.162547	0.146522	1.23326
11.128	-0.556739	1.5354	-1.95212	-1.61133	-0.162516	0.146527	1.23326
11.141	-0.557209	1.53536	-1.95212	-1.61127	-0.162352	0.146529	1.23326
11.154	-0.55769	1.53532	-1.95212	-1.61123	-0.161915	0.146531	1.23326
11.167	-0.55769	1.53532	-1.95212	-1.61123	-0.161915	0.146531	1.23326
11.18	-0.558143	1.53527	-1.95212	-1.61118	-0.161203	0.146531	1.23326
11.193	-0.558634	1.53521	-1.95212	-1.61109	-0.160346	0.146531	1.23326
11.206	-0.559109	1.53516	-1.95212	-1.61097	-0.159616	0.146531	1.23326
11.219	-0.559563	1.53513	-1.95212	-1.61087	-0.159027	0.146531	1.23326
11.232	-0.560031	1.53512	-1.95212	-1.61083	-0.158442	0.146533	1.23326
11.245	-0.560511	1.53512	-1.9521	-1.61078	-0.157767	0.146533	1.23326
11.258	-0.56096	1.53513	-1.95208	-1.61071	-0.157051	0.146531	1.23326
11.271	-0.561379	1.53513	-1.95205	-1.61065	-0.156425	0.146531	1.23326
11.284	-0.561745	1.53513	-1.95205	-1.61052	-0.155787	0.146531	1.23326
11.297	-0.561745	1.53513	-1.95205	-1.61052	-0.155787	0.146531	1.23326
11.31	-0.562084	1.53513	-1.95205	-1.6103	-0.155147	0.146531	1.23326
11.323	-0.562407	1.53512	-1.95205	-1.61005	-0.154527	0.146531	1.23326
11.336	-0.562742	1.53511	-1.95205	-1.6098	-0.154073	0.146531	1.23326
11.349	-0.563067	1.53512	-1.95205	-1.60954	-0.153815	0.146531	1.23326
11.362	-0.563393	1.53512	-1.95205	-1.60931	-0.153707	0.146531	1.23326
11.375	-0.563684	1.53512	-1.95205	-1.60909	-0.153656	0.146533	1.23326
11.388	-0.563976	1.53511	-1.95205	-1.60887	-0.153627	0.146533	1.23326
11.401	-0.564244	1.53508	-1.95205	-1.60863	-0.153607	0.146533	1.23326
11.414	-0.564514	1.53506	-1.95205	-1.6084	-0.153574	0.146534	1.23326
11.427	-0.564777	1.53503	-1.95205	-1.60816	-0.153537	0.146533	1.23326
11.44	-0.564777	1.53503	-1.95205	-1.60816	-0.153537	0.146533	1.23326
11.453	-0.564997	1.53499	-1.95205	-1.60789	-0.153506	0.146533	1.23326
11.466	-0.565198	1.53493	-1.95205	-1.60762	-0.153476	0.146534	1.23326
11.479	-0.565393	1.53484	-1.95205	-1.60735	-0.153447	0.146536	1.23326
11.492	-0.565588	1.53472	-1.95205	-1.60711	-0.153429	0.146536	1.23326
11.505	-0.565763	1.53459	-1.95205	-1.60688	-0.153416	0.146538	1.23326
11.518	-0.565921	1.53448	-1.95205	-1.60663	-0.153398	0.146538	1.23326
11.531	-0.566082	1.53436	-1.95205	-1.60638	-0.153392	0.146539	1.23326
11.544	-0.566252	1.53425	-1.95205	-1.60616	-0.15339	0.146541	1.23326
11.557	-0.566415	1.53413	-1.95205	-1.60599	-0.153384	0.146541	1.23326
11.57	-0.566581	1.53401	-1.95205	-1.60586	-0.153371	0.146545	1.23326
11.583	-0.566581	1.53401	-1.95205	-1.60586	-0.153371	0.146545	1.23326
11.596	-0.566755	1.53387	-1.95207	-1.6058	-0.153341	0.146545	1.23326
11.609	-0.566917	1.53369	-1.95213	-1.60573	-0.153239	0.146545	1.23326
11.622	-0.567035	1.53348	-1.95218	-1.6056	-0.153136	0.146545	1.23326
11.635	-0.567115	1.53326	-1.95221	-1.60547	-0.153118	0.146545	1.23326
11.648	-0.567166	1.53304	-1.95222	-1.60534	-0.153116	0.146546	1.23326
11.661	-0.567182	1.53282	-1.95223	-1.60519	-0.153112	0.146548	1.23326
11.674	-0.567182	1.53258	-1.95223	-1.60502	-0.153106	0.146548	1.23326
11.687	-0.567182	1.53232	-1.95222	-1.60489	-0.153108	0.14655	1.23326
11.7	-0.567188	1.53202	-1.95219	-1.60482	-0.15311	0.146553	1.23326
11.713	-0.567188	1.53202	-1.95219	-1.60482	-0.15311	0.146553	1.23326
11.726	-0.567189	1.53173	-1.95217	-1.60476	-0.153112	0.146556	1.23326
11.739	-0.567197	1.53146	-1.95217	-1.60472	-0.153112	0.146558	1.23326
11.752	-0.567219	1.5312	-1.95217	-1.60473	-0.153114	0.146562	1.23326
11.765	-0.567278	1.53098	-1.95217	-1.60474	-0.153118	0.146567	1.23326
11.778	-0.567344	1.53077	-1.95217	-1.60475	-0.15312	0.146567	1.23326
11.791	-0.567417	1.5306	-1.95216	-1.60475	-0.153122	0.14657	1.23326
11.804	-0.567513	1.53043	-1.95216	-1.60476	-0.153122	0.146574	1.23326
11.817	-0.567587	1.53029	-1.95216	-1.60476	-0.153122	0.146575	1.23326
11.83	-0.567651	1.53019	-1.95215	-1.60476	-0.153124	0.146577	1.23326
11.843	-0.567724	1.5301	-1.95215	-1.60476	-0.153124	0.146579	1.23326
11.856	-0.567724	1.5301	-1.95215	-1.60476	-0.153124	0.146579	1.23326
11.869	-0.567805	1.53004	-1.95215	-1.60477	-0.153124	0.14658	1.23326
11.882	-0.567846	1.52998	-1.95215	-1.60477	-0.153124	0.146582	1.23326
11.895	-0.567862	1.52992	-1.95215	-1.60477	-0.153126	0.146584	1.23326
11.908	-0.567877	1.52985	-1.95215	-1.60477	-0.153126	0.146587	1.23326
11.921	-0.567927	1.52977	-1.95215	-1.60477	-0.153126	0.146589	1.23326
11.934	-0.567964	1.52972	-1.95214	-1.60477	-0.153126	0.146589	1.23326
11.947	-0.567981	1.52967	-1.95214	-1.60478	-0.153126	0.146591	1.23326
11.96	-0.568	1.52962	-1.95214	-1.60478	-0.153126	0.146591	1.23326
11.973	-0.568033	1.52955	-1.95214	-1.60478	-0.153126	0.146591	1.23326
11.986	-0.568033	1.52955	-1.95214	-1.60478	-0.153126	0.146591	1.23326
11.999	-0.568076	1.5295	-1.95214	-1.60479	-0.153126	0.146592	1.23326
12.012	-0.568129	1.52945	-1.95214	-1.60479	-0.153126	0.146592	1.23326
12.025	-0.568184	1.52941	-1.95214	-1.60479	-0.153126	0.146592	1.23326
12.038	-0.568229	1.52936	-1.95214	-1.60479	-0.153126	0.146592	1.23326
12.051	-0.568258	1.52931	-1.95214	-1.60479	-0.153126	0.146594	1.23326
12.064	-0.568271	1.52926	-1.95214	-1.60479	-0.153128	0.146596	1.23326
12.077	-0.568277	1.52921	-1.95214	-1.60479	-0.153128	0.146597	1.23326
12.09	-0.56829	1.52916	-1.95214	-1.60479	-0.153128	0.146599	1.23326
12.103	-0.568351	1.52909	-1.95214	-1.60479	-0.153128	0.146602	1.23326
12.116	-0.568446	1.529	-1.95214	-1.60479	-0.153128	0.146606	1.23326
12.129	-0.568446	1.529	-1.95214	-1.60479	-0.153128	0.146606	1.23326
12.142	-0.568542	1.52892	-1.95214	-1.60479	-0.153128	0.146606	1.23326
12.155	-0.568661	1.52886	-1.95214	-1.60479	-0.15313	0.146606	1.23326
12.168	-0.568772	1.5288	-1.95214	-1.60479	-0.15313	0.146606	1.23326
12.181	-0.568869	1.52873	-1.95214	-1.60479	-0.15313	0.146606	1.23326
12.194	-0.568957	1.52864	-1.95214	-1.60479	-0.15313	0.146608	1.23326
12.207	-0.569034	1.52855	-1.95214	-1.60479	-0.15313	0.146606	1.23326
12.22	-0.569094	1.52847	-1.95214	-1.60478	-0.15313	0.146606	1.23326
12.233	-0.569139	1.52839	-1.95214	-1.60477	-0.153132	0.146606	1.23326
12.246	-0.569194	1.5283	-1.95214	-1.60477	-0.153132	0.146606	1.23326
12.259	-0.569194	1.5283	-1.95214	-1.60477	-0.153132	0.146606	1.23326
12.272	-0.569244	1.52818	-1.95214	-1.60477	-0.153132	0.146606	1.23326
12.285	-0.569286	1.52801	-1.95214	-1.60475	-0.153132	0.146606	1.23326
12.298	-0.569334	1.52778	-1.95213	-1.6047	-0.153132	0.146606	1.23326
12.311	-0.569383	1.5275	-1.95213	-1.60465	-0.153134	0.146606	1.23326
12.324	-0.569421	1.52732	-1.95213	-1.6046	-0.153134	0.146606	1.23326
12.337	-0.569437	1.52717	-1.95213	-1.60456	-0.153134	0.146606	1.23326
12.35	-0.569442	1.52709	-1.95213	-1.60449	-0.153134	0.146606	1.23326
12.363	-0.569451	1.52703	-1.95213	-1.60444	-0.153134	0.146608	1.23326
12.376	-0.569457	1.52702	-1.95213	-1.6044	-0.153134	0.146608	1.23326
12.389	-0.569467	1.52702	-1.95213	-1.60436	-0.153136	0.146608	1.23326
12.402	-0.569467	1.52702	-1.95213	-1.60436	-0.153136	0.146608	1.23326
12.415	-0.569467	1.52702	-1.95213	-1.60429	-0.153136	0.146608	1.23326
12.428	-0.569468	1.52702	-1.95213	-1.60421	-0.153136	0.146608	1.23326
12.441	-0.569494	1.52702	-1.95212	-1.60416	-0.153136	0.146608	1.23326
12.454	-0.569531	1.52702	-1.95208	-1.60415	-0.153138	0.146608	1.23326
12.467	-0.569558	1.52702	-1.95202	-1.60415	-0.153138	0.146608	1.23326
12.48	-0.569596	1.52702	-1.952	-1.60414	-0.153138	0.146609	1.23326
12.493	-0.569632	1.52702	-1.95198	-1.60414	-0.15314	0.146609	1.23326
12.506	-0.569682	1.52702	-1.95197	-1.60414	-0.15314	0.146609	1.23326
12.519	-0.569728	1.52702	-1.95196	-1.60414	-0.153142	0.146609	1.23326
12.532	-0.569728	1.52702	-1.95196	-1.60414	-0.153142	0.146609	1.23326
12.545	-0.569778	1.52702	-1.95196	-1.60414	-0.153142	0.146609	1.23326
12.558	-0.56984	1.52702	-1.95196	-1.60414	-0.153144	0.146611	1.23326
12.571	-0.569945	1.52702	-1.95195	-1.60415	-0.153146	0.146609	1.23326
12.584	-0.570076	1.52702	-1.95195	-1.60414	-0.153146	0.146609	1.23326
12.597	-0.570188	1.52702	-1.95195	-1.60414	-0.153146	0.146609	1.23326
12.61	-0.570278	1.52702	-1.95195	-1.60411	-0.153149	0.146609	1.23326
12.623	-0.570354	1.52701	-1.95195	-1.60406	-0.153149	0.146609	1.23326
12.636	-0.570436	1.52702	-1.95195	-1.60401	-0.153149	0.146609	1.23326
12.649	-0.570524	1.52702	-1.95195	-1.60394	-0.153149	0.146609	1.23326
12.662	-0.570602	1.52702	-1.95195	-1.60384	-0.153149	0.146609	1.23326
12.675	-0.570602	1.52702	-1.95195	-1.60384	-0.153149	0.146609	1.23326
12.688	-0.570666	1.52702	-1.95195	-1.60373	-0.153149	0.146609	1.23326
12.701	-0.570729	1.52702	-1.95195	-1.60358	-0.153149	0.146609	1.23326
12.714	-0.570802	1.52701	-1.95195	-1.60342	-0.153149	0.146609	1.23326
12.727	-0.570884	1.527	-1.95195	-1.60331	-0.153149	0.146609	1.23326
12.74	-0.570959	1.527	-1.95195	-1.6032	-0.153149	0.146611	1.23326
12.753	-0.571026	1.52701	-1.95195	-1.6031	-0.153149	0.146611	1.23326
12.766	-0.571102	1.52701	-1.95195	-1.60301	-0.153151	0.146611	1.23326
12.779	-0.57117	1.527	-1.95195	-1.60293	-0.153151	0.146611	1.23326
12.792	-0.571248	1.52701	-1.95195	-1.60284	-0.153151	0.146611	1.23326
12.805	-0.571248	1.52701	-1.95195	-1.60284	-0.153151	0.146611	1.23326
12.818	-0.571325	1.52701	-1.95195	-1.60274	-0.153151	0.146613	1.23326
12.831	-0.571399	1.527	-1.95195	-1.60261	-0.153151	0.146613	1.23326
12.844	-0.571472	1.52699	-1.95195	-1.60248	-0.153151	0.146614	1.23326
12.857	-0.571543	1.52699	-1.95194	-1.60228	-0.153151	0.146616	1.23326
12.87	-0.571605	1.52699	-1.95195	-1.6021	-0.153151	0.14662	1.23326
12.883	-0.571665	1.52699	-1.95195	-1.60196	-0.153153	0.146623	1.23326
12.896	-0.571718	1.52699	-1.95194	-1.60184	-0.153153	0.146626	1.23326
12.909	-0.571777	1.52699	-1.95194	-1.60174	-0.153155	0.14663	1.23326
12.922	-0.571846	1.52699	-1.95194	-1.60166	-0.153157	0.146633	1.23326
12.935	-0.571918	1.52699	-1.95195	-1.6016	-0.153157	0.146637	1.23326
12.948	-0.571918	1.52699	-1.95195	-1.6016	-0.153157	0.146637	1.23326
12.961	-0.571993	1.52697	-1.95195	-1.60153	-0.153157	0.146638	1.23326
12.974	-0.572085	1.52694	-1.95195	-1.60146	-0.153157	0.14664	1.23326
12.987	-0.572194	1.5269	-1.95195	-1.60139	-0.153157	0.146642	1.23326
13	-0.572295	1.52684	-1.95195	-1.60131	-0.153157	0.146642	1.23326
13.013	-0.57239	1.52679	-1.95195	-1.60123	-0.153157	0.146643	1.23326
13.026	-0.572476	1.52677	-1.95195	-1.60116	-0.153157	0.146643	1.23326
13.039	-0.572571	1.52675	-1.95195	-1.6011	-0.153157	0.146643	1.23326
13.052	-0.572657	1.52673	-1.95195	-1.60104	-0.153157	0.146643	1.23326
13.065	-0.57274	1.52671	-1.95194	-1.60099	-0.153159	0.146643	1.23326
13.078	-0.57274	1.52671	-1.95194	-1.60099	-0.153159	0.146643	1.23326
13.091	-0.572836	1.5267	-1.95194	-1.60097	-0.153159	0.146643	1.23326
13.104	-0.572938	1.52669	-1.95194	-1.60096	-0.153157	0.146643	1.23326
13.117	-0.573054	1.52667	-1.95194	-1.60096	-0.153159	0.146643	1.23326
13.13	-0.573172	1.52665	-1.95195	-1.60093	-0.153159	0.146643	1.23326
13.143	-0.573279	1.52663	-1.95194	-1.6009	-0.153159	0.146643	1.23326
13.156	-0.573372	1.52661	-1.95195	-1.60087	-0.153159	0.146642	1.23326
13.169	-0.573436	1.52658	-1.95195	-1.60081	-0.153157	0.146642	1.23326
13.182	-0.573493	1.52655	-1.95194	-1.60073	-0.153157	0.146642	1.23326
13.195	-0.573539	1.52653	-1.95194	-1.60062	-0.153159	0.146642	1.23326
13.208	-0.573572	1.52652	-1.95194	-1.60048	-0.153159	0.146642	1.23326
13.221	-0.573572	1.52652	-1.95194	-1.60048	-0.153159	0.146642	1.23326
13.234	-0.573598	1.52649	-1.95195	-1.60032	-0.153159	0.146642	1.23326
13.247	-0.573614	1.52646	-1.95195	-1.60012	-0.153159	0.146642	1.23326
13.26	-0.57362	1.5264	-1.95195	-1.59987	-0.153159	0.146642	1.23326
13.273	-0.573618	1.52633	-1.95195	-1.59961	-0.153161	0.146643	1.23326
13.286	-0.573618	1.52626	-1.95195	-1.59938	-0.153161	0.146642	1.23326
13.299	-0.573618	1.5262	-1.95195	-1.59918	-0.153161	0.146642	1.23326
13.312	-0.573618	1.52614	-1.95195	-1.59899	-0.153161	0.146642	1.23326
13.325	-0.573618	1.52606	-1.95195	-1.59883	-0.153161	0.146642	1.23326
13.338	-0.573618	1.52598	-1.95195	-1.59869	-0.153161	0.146642	1.23326
13.351	-0.573618	1.52589	-1.95195	-1.59859	-0.153161	0.146642	1.23326
13.364	-0.573618	1.52589	-1.95195	-1.59859	-0.153161	0.146642	1.23326
13.377	-0.573618	1.52579	-1.95194	-1.59848	-0.153159	0.146642	1.23326
13.39	-0.57362	1.52568	-1.95194	-1.59835	-0.153161	0.146642	1.23326
13.403	-0.573631	1.5256	-1.95194	-1.59825	-0.153159	0.146642	1.23326
13.416	-0.573635	1.52554	-1.95194	-1.59816	-0.153159	0.146642	1.23326
13.429	-0.573633	1.52547	-1.95193	-1.59803	-0.153159	0.146642	1.23326
13.442	-0.573631	1.52542	-1.95193	-1.59782	-0.153159	0.146642	1.23326
13.455	-0.573628	1.52538	-1.95192	-1.5976	-0.153159	0.146642	1.23326
13.468	-0.573628	1.52534	-1.95191	-1.59743	-0.153159	0.146642	1.23326
13.481	-0.573628	1.52528	-1.9519	-1.59729	-0.153157	0.146642	1.23326
13.494	-0.573628	1.52528	-1.9519	-1.59729	-0.153157	0.146642	1.23326
13.507	-0.573628	1.52521	-1.95186	-1.59714	-0.153157	0.146642	1.23326
13.52	-0.573632	1.52513	-1.95182	-1.59704	-0.153157	0.146642	1.23326
13.533	-0.573649	1.52505	-1.95178	-1.59699	-0.153155	0.146642	1.23326
13.546	-0.573651	1.52494	-1.95176	-1.59696	-0.153151	0.146642	1.23326
13.559	-0.573653	1.5248	-1.95174	-1.59695	-0.153146	0.146642	1.23326
13.572	-0.573663	1.52466	-1.95173	-1.59695	-0.153149	0.146642	1.23326
13.585	-0.573718	1.52446	-1.95173	-1.59696	-0.153151	0.146643	1.23326
13.598	-0.57379	1.52425	-1.95173	-1.59696	-0.153151	0.146642	1.23326
13.611	-0.573865	1.52402	-1.95172	-1.59696	-0.153153	0.14664	1.23326
13.624	-0.573964	1.52374	-1.95171	-1.59696	-0.153153	0.14664	1.23326
13.637	-0.573964	1.52374	-1.95171	-1.59696	-0.153153	0.14664	1.23326
13.65	-0.574083	1.5234	-1.95169	-1.59696	-0.153153	0.14664	1.23326
13.663	-0.574217	1.52309	-1.95166	-1.59691	-0.153153	0.14664	1.23326
13.676	-0.574363	1.52283	-1.95166	-1.59683	-0.153153	0.14664	1.23326
13.689	-0.574459	1.52257	-1.95166	-1.59668	-0.153153	0.14664	1.23326
13.702	-0.574501	1.52234	-1.95166	-1.59645	-0.153153	0.14664	1.23326
13.715	-0.574501	1.52212	-1.95166	-1.5962	-0.153155	0.14664	1.23326
13.728	-0.574499	1.52194	-1.95165	-1.59593	-0.153153	0.14664	1.23326
13.741	-0.574499	1.52181	-1.95164	-1.5957	-0.153155	0.14664	1.23326
13.754	-0.574497	1.52172	-1.95163	-1.59548	-0.153155	0.146642	1.23326
13.767	-0.574497	1.52172	-1.95163	-1.59548	-0.153155	0.146642	1.23326
13.78	-0.574499	1.52166	-1.95162	-1.59535	-0.153155	0.146642	1.23326
13.793	-0.574504	1.52161	-1.95162	-1.59529	-0.153155	0.146642	1.23326
13.806	-0.574515	1.52156	-1.95161	-1.59524	-0.153155	0.146642	1.23326
13.819	-0.574518	1.52152	-1.9516	-1.59522	-0.153155	0.146642	1.23326
13.832	-0.574535	1.52151	-1.95156	-1.59522	-0.153155	0.146642	1.23326
13.845	-0.574551	1.5215	-1.95153	-1.59521	-0.153155	0.146642	1.23326
13.858	-0.574564	1.5215	-1.95151	-1.5952	-0.153155	0.146642	1.23326
13.871	-0.574565	1.52151	-1.95148	-1.59519	-0.153155	0.146642	1.23326
13.884	-0.574565	1.52151	-1.95145	-1.59519	-0.153155	0.146642	1.23326
13.897	-0.574565	1.5215	-1.95145	-1.59518	-0.153155	0.146642	1.23326
13.91	-0.574565	1.5215	-1.95145	-1.59518	-0.153155	0.146642	1.23326
13.923	-0.574565	1.5215	-1.95145	-1.59517	-0.153155	0.146642	1.23326
13.936	-0.574566	1.5215	-1.95144	-1.59512	-0.153155	0.146642	1.23326
13.949	-0.574575	1.5215	-1.95144	-1.59507	-0.153155	0.146642	1.23326
13.962	-0.574569	1.5215	-1.95144	-1.59501	-0.153155	0.146642	1.23326
13.975	-0.574568	1.52149	-1.95144	-1.59489	-0.153155	0.14664	1.23326
13.988	-0.574566	1.5215	-1.95144	-1.59474	-0.153155	0.146642	1.23326
14.001	-0.574566	1.5215	-1.95143	-1.59458	-0.153155	0.146642	1.23326
14.014	-0.574566	1.5215	-1.95142	-1.59446	-0.153155	0.146642	1.23326
14.027	-0.574566	1.52149	-1.95142	-1.59442	-0.153155	0.146643	1.23326
14.04	-0.574566	1.52149	-1.95142	-1.59442	-0.153155	0.146643	1.23326
14.053	-0.574566	1.5215	-1.95142	-1.59442	-0.153155	0.146643	1.23326
14.066	-0.574572	1.5215	-1.95139	-1.59442	-0.153155	0.146645	1.23326
14.079	-0.574621	1.52149	-1.95136	-1.59442	-0.153155	0.146645	1.23326
14.092	-0.574691	1.52149	-1.95136	-1.59442	-0.153155	0.146647	1.23326
14.105	-0.574788	1.52149	-1.95134	-1.59442	-0.153155	0.14665	1.23326
14.118	-0.574933	1.52149	-1.95132	-1.59442	-0.153155	0.146654	1.23326
14.131	-0.575084	1.52148	-1.9513	-1.59442	-0.153155	0.146655	1.23326
14.144	-0.575229	1.52149	-1.95124	-1.59442	-0.153155	0.146657	1.23326
14.157	-0.575358	1.52149	-1.95116	-1.59442	-0.153155	0.146657	1.23326
14.17	-0.575479	1.52148	-1.95112	-1.59442	-0.153155	0.146657	1.23326
14.183	-0.575479	1.52148	-1.95112	-1.59442	-0.153155	0.146657	1.23326
14.196	-0.575557	1.52146	-1.95111	-1.59442	-0.153157	0.146657	1.23326
14.209	-0.575583	1.52145	-1.95112	-1.59442	-0.153155	0.146657	1.23326
14.222	-0.575587	1.52144	-1.95112	-1.59442	-0.153157	0.146657	1.23326
14.235	-0.575584	1.5214	-1.95112	-1.59442	-0.153157	0.146657	1.23326
14.248	-0.575583	1.52136	-1.95112	-1.59442	-0.153157	0.146657	1.23326
14.261	-0.575583	1.5213	-1.95112	-1.59441	-0.153157	0.146657	1.23326
14.274	-0.575583	1.52124	-1.95112	-1.59441	-0.153157	0.146657	1.23326
14.287	-0.575583	1.52117	-1.9511	-1.59441	-0.153157	0.146655	1.23326
14.3	-0.575581	1.52109	-1.95109	-1.5944	-0.153157	0.146657	1.23326
14.313	-0.575581	1.52109	-1.95109	-1.5944	-0.153157	0.146657	1.23326
14.326	-0.575581	1.52107	-1.95101	-1.5944	-0.153157	0.146657	1.23326
14.339	-0.575581	1.52104	-1.95086	-1.5944	-0.153157	0.146659	1.23326
14.352	-0.575583	1.52101	-1.9507	-1.5944	-0.153157	0.146657	1.23326
14.365	-0.575584	1.521	-1.95056	-1.5944	-0.153157	0.146657	1.23326
14.378	-0.575584	1.52098	-1.95044	-1.5944	-0.153157	0.146659	1.23326
14.391	-0.575585	1.52092	-1.95034	-1.5944	-0.153157	0.146662	1.23326
14.404	-0.575603	1.52083	-1.95021	-1.5944	-0.153157	0.146662	1.23326
14.417	-0.575612	1.52073	-1.95007	-1.5944	-0.153157	0.146662	1.23326
14.43	-0.575612	1.52063	-1.94994	-1.5944	-0.153157	0.146662	1.23326
14.443	-0.575612	1.52053	-1.9498	-1.59441	-0.153157	0.146664	1.23326
14.456	-0.575612	1.52053	-1.9498	-1.59441	-0.153157	0.146664	1.23326
14.469	-0.575612	1.52042	-1.94965	-1.59441	-0.153157	0.146664	1.23326
14.482	-0.575616	1.52031	-1.94949	-1.59441	-0.153157	0.146664	1.23326
14.495	-0.575622	1.52022	-1.94937	-1.59441	-0.153157	0.146664	1.23326
14.508	-0.575617	1.52012	-1.94932	-1.59441	-0.153157	0.146664	1.23326
14.521	-0.575616	1.52002	-1.9493	-1.5944	-0.153159	0.146664	1.23326
14.534	-0.575615	1.51996	-1.94926	-1.5944	-0.153159	0.146664	1.23326
14.547	-0.575615	1.51994	-1.94917	-1.5944	-0.153159	0.146664	1.23326
14.56	-0.575612	1.51994	-1.9491	-1.5944	-0.153161	0.146664	1.23326
14.573	-0.575593	1.51994	-1.94905	-1.59435	-0.153163	0.146664	1.23326
14.586	-0.575565	1.51994	-1.949	-1.59427	-0.153165	0.146664	1.23326
14.599	-0.575565	1.51994	-1.949	-1.59427	-0.153165	0.146664	1.23326
14.612	-0.575561	1.51994	-1.94899	-1.59422	-0.153167	0.146667	1.23326
14.625	-0.575561	1.51994	-1.94899	-1.59413	-0.153171	0.146672	1.23326
14.638	-0.575546	1.51994	-1.94899	-1.5939	-0.153173	0.146674	1.23326
14.651	-0.575454	1.51993	-1.94899	-1.5936	-0.153177	0.146679	1.23326
14.664	-0.575346	1.5199	-1.94899	-1.59335	-0.153177	0.146689	1.23326
14.677	-0.575256	1.51982	-1.94899	-1.59318	-0.153181	0.146741	1.23326
14.69	-0.575175	1.51977	-1.94899	-1.59303	-0.153181	0.146804	1.23326
14.703	-0.575075	1.51973	-1.94899	-1.59289	-0.153181	0.146846	1.23326
14.716	-0.57495	1.51969	-1.94899	-1.59277	-0.153183	0.146921	1.23326
14.729	-0.57495	1.51969	-1.94899	-1.59277	-0.153183	0.146921	1.23326
14.742	-0.574826	1.51968	-1.94899	-1.59269	-0.153183	0.147071	1.23326
14.755	-0.57473	1.51966	-1.94899	-1.59264	-0.153183	0.147303	1.23326
