0.013	0.234397	1.33667	-1.86574	-1.47784	-0.19483	0.561411	1.23313
0.026	0.234625	1.33671	-1.86572	-1.47788	-0.194844	0.561319	1.23313
0.039	0.234625	1.33671	-1.86572	-1.47788	-0.194844	0.561319	1.23313
0.052	0.234782	1.33673	-1.86571	-1.47788	-0.194852	0.561224	1.23314
0.065	0.234886	1.33676	-1.86571	-1.47788	-0.194861	0.561152	1.23314
0.078	0.234886	1.33676	-1.86571	-1.47788	-0.194861	0.561152	1.23314
0.091	0.235007	1.33679	-1.86571	-1.47791	-0.194865	0.561137	1.23314
0.104	0.235167	1.33685	-1.86571	-1.47803	-0.194867	0.561137	1.23314
0.117	0.235366	1.33693	-1.86571	-1.47818	-0.194869	0.561135	1.23314
0.13	0.235532	1.33703	-1.86571	-1.47832	-0.194869	0.561135	1.23314
0.143	0.235584	1.33715	-1.86571	-1.47835	-0.194871	0.561133	1.23314
0.156	0.235584	1.33727	-1.86571	-1.47836	-0.194873	0.56113	1.23314
0.169	0.235584	1.33739	-1.86571	-1.47841	-0.194875	0.561125	1.23314
0.182	0.235584	1.33752	-1.86571	-1.47843	-0.194881	0.56112	1.23314
0.195	0.235582	1.33759	-1.86571	-1.47845	-0.194885	0.561113	1.23314
0.208	0.235577	1.33762	-1.8657	-1.47847	-0.194893	0.561104	1.23314
0.221	0.235577	1.33762	-1.8657	-1.47847	-0.194893	0.561104	1.23314
0.234	0.235573	1.33763	-1.8657	-1.47848	-0.194899	0.561094	1.23314
0.247	0.235539	1.33763	-1.86571	-1.4785	-0.194903	0.561084	1.23314
0.26	0.235475	1.33763	-1.86571	-1.4785	-0.19491	0.561069	1.23314
0.273	0.235472	1.33763	-1.8657	-1.47856	-0.194912	0.561055	1.23314
0.286	0.23547	1.33763	-1.8657	-1.47863	-0.194914	0.561043	1.23314
0.299	0.235475	1.33763	-1.8657	-1.47865	-0.194914	0.561035	1.23314
0.312	0.235477	1.33763	-1.8657	-1.47868	-0.194914	0.561024	1.23314
0.325	0.23548	1.33763	-1.8657	-1.47871	-0.194914	0.561017	1.23314
0.338	0.235489	1.33763	-1.8657	-1.47872	-0.194914	0.561012	1.23314
0.351	0.23549	1.33763	-1.86571	-1.47875	-0.194914	0.561006	1.23314
0.364	0.23549	1.33763	-1.86571	-1.47875	-0.194914	0.561006	1.23314
0.377	0.23549	1.33763	-1.8657	-1.47876	-0.194916	0.560999	1.23314
0.39	0.235483	1.33763	-1.8657	-1.47877	-0.194916	0.560992	1.23314
0.403	0.235476	1.33763	-1.8657	-1.47878	-0.19492	0.560983	1.23314
0.416	0.235494	1.33763	-1.8657	-1.4788	-0.194922	0.56097	1.23314
0.429	0.235499	1.33763	-1.8657	-1.47881	-0.194926	0.560956	1.23314
0.442	0.235503	1.33763	-1.8657	-1.47882	-0.194932	0.560941	1.23314
0.455	0.235507	1.33764	-1.8657	-1.47883	-0.194938	0.560924	1.23314
0.468	0.235509	1.33764	-1.8657	-1.47884	-0.194942	0.56091	1.23314
0.481	0.235509	1.33764	-1.8657	-1.47885	-0.194946	0.560891	1.23314
0.494	0.235509	1.33764	-1.8657	-1.47885	-0.194946	0.560891	1.23314
0.507	0.235511	1.33764	-1.8657	-1.47887	-0.194948	0.560874	1.23314
0.52	0.235511	1.33764	-1.8657	-1.47888	-0.19495	0.560861	1.23314
0.533	0.235512	1.33764	-1.8657	-1.4789	-0.194953	0.56085	1.23314
0.546	0.235515	1.33764	-1.8657	-1.47892	-0.19495	0.56084	1.23314
0.559	0.235516	1.33764	-1.8657	-1.47894	-0.194953	0.560827	1.23314
0.572	0.235516	1.33764	-1.8657	-1.47897	-0.19495	0.560804	1.23314
0.585	0.235517	1.33764	-1.8657	-1.47901	-0.194953	0.560774	1.23314
0.598	0.235517	1.33764	-1.8657	-1.47904	-0.194953	0.560729	1.23314
0.611	0.235517	1.33764	-1.8657	-1.47907	-0.194953	0.560661	1.23314
0.624	0.235518	1.33764	-1.8657	-1.47912	-0.194957	0.560561	1.23314
0.637	0.235518	1.33764	-1.8657	-1.47912	-0.194957	0.560561	1.23314
0.65	0.235518	1.33764	-1.8657	-1.47916	-0.194959	0.560428	1.23314
0.663	0.235518	1.33764	-1.8657	-1.47921	-0.194965	0.56024	1.23314
0.676	0.235518	1.33764	-1.8657	-1.47928	-0.194969	0.559959	1.23314
0.689	0.235518	1.33764	-1.8657	-1.47933	-0.194975	0.559874	1.23314
0.702	0.235518	1.33764	-1.8657	-1.47938	-0.194977	0.559867	1.23314
0.715	0.235518	1.33764	-1.8657	-1.47943	-0.194977	0.559864	1.23314
0.728	0.235518	1.33764	-1.8657	-1.47948	-0.194979	0.559862	1.23314
0.741	0.235518	1.33764	-1.8657	-1.47954	-0.194979	0.55986	1.23314
0.754	0.235518	1.33764	-1.8657	-1.47959	-0.194979	0.55986	1.23314
0.767	0.235518	1.33764	-1.8657	-1.47959	-0.194979	0.55986	1.23314
0.78	0.235518	1.33764	-1.8657	-1.47964	-0.194979	0.55986	1.23314
0.793	0.235512	1.33764	-1.8657	-1.47969	-0.194979	0.559858	1.23314
0.806	0.235504	1.33764	-1.8657	-1.47975	-0.194979	0.559857	1.23314
0.819	0.235513	1.33764	-1.8657	-1.47981	-0.194979	0.559853	1.23314
0.832	0.235513	1.33764	-1.8657	-1.47986	-0.194979	0.55985	1.23314
0.845	0.235515	1.33764	-1.8657	-1.4799	-0.194979	0.559848	1.23314
0.858	0.235513	1.33764	-1.8657	-1.47995	-0.194979	0.559843	1.23314
0.871	0.235513	1.33764	-1.8657	-1.47999	-0.194981	0.55984	1.23315
0.884	0.235513	1.33764	-1.8657	-1.48003	-0.194981	0.559838	1.23315
0.897	0.235512	1.33764	-1.8657	-1.48007	-0.194983	0.559835	1.23315
0.91	0.235512	1.33764	-1.8657	-1.48007	-0.194983	0.559835	1.23315
0.923	0.235511	1.33764	-1.8657	-1.4801	-0.194985	0.559833	1.23315
0.936	0.23549	1.33764	-1.8657	-1.48014	-0.194987	0.559833	1.23315
0.949	0.235466	1.33764	-1.8657	-1.48016	-0.194989	0.559831	1.23315
0.962	0.235481	1.33764	-1.8657	-1.48019	-0.194991	0.559831	1.23315
0.975	0.235486	1.33764	-1.8657	-1.48023	-0.194991	0.559831	1.23315
0.988	0.235486	1.33764	-1.8657	-1.48025	-0.194991	0.559831	1.23315
1.001	0.235485	1.33764	-1.8657	-1.48028	-0.194991	0.559831	1.23315
1.014	0.235485	1.33765	-1.8657	-1.48031	-0.194991	0.559829	1.23315
1.027	0.235485	1.33765	-1.8657	-1.48031	-0.194989	0.559829	1.23315
1.04	0.235485	1.33765	-1.8657	-1.48031	-0.194989	0.559829	1.23315
1.053	0.235485	1.33765	-1.8657	-1.48033	-0.194991	0.559828	1.23315
1.066	0.235467	1.33765	-1.8657	-1.48034	-0.194991	0.559826	1.23315
1.079	0.235448	1.33765	-1.8657	-1.48034	-0.194993	0.559824	1.23314
1.092	0.235465	1.33765	-1.8657	-1.48036	-0.194995	0.559823	1.23314
1.105	0.235471	1.33765	-1.8657	-1.48037	-0.194998	0.559821	1.23314
1.118	0.235472	1.33765	-1.8657	-1.48037	-0.194998	0.559818	1.23315
1.131	0.235472	1.33765	-1.8657	-1.48037	-0.195	0.559818	1.23315
1.144	0.235472	1.33765	-1.8657	-1.48038	-0.195	0.559816	1.23315
1.157	0.235474	1.33765	-1.8657	-1.48038	-0.195	0.559816	1.23314
1.17	0.235475	1.33765	-1.8657	-1.48038	-0.195	0.559816	1.23315
1.183	0.235475	1.33765	-1.8657	-1.48038	-0.195	0.559816	1.23315
1.196	0.235475	1.33765	-1.8657	-1.48038	-0.195	0.559816	1.23315
1.209	0.23547	1.33765	-1.8657	-1.48038	-0.195	0.559816	1.23315
1.222	0.235461	1.33765	-1.8657	-1.48038	-0.195	0.559816	1.23315
1.235	0.235475	1.33765	-1.8657	-1.48038	-0.195	0.559816	1.23315
1.248	0.235477	1.33765	-1.8657	-1.48037	-0.195	0.559816	1.23315
1.261	0.235477	1.33765	-1.8657	-1.48037	-0.195	0.559816	1.23315
1.274	0.235479	1.33765	-1.8657	-1.48037	-0.195	0.559814	1.23315
1.287	0.235479	1.33765	-1.8657	-1.48037	-0.195	0.559814	1.23315
1.3	0.23548	1.33765	-1.8657	-1.48037	-0.195	0.559812	1.23315
1.313	0.23548	1.33765	-1.8657	-1.48037	-0.195	0.559812	1.23315
1.326	0.23548	1.33765	-1.8657	-1.48037	-0.195	0.559812	1.23315
1.339	0.23548	1.33765	-1.8657	-1.48037	-0.195002	0.559812	1.23315
1.352	0.235479	1.33765	-1.8657	-1.48037	-0.195004	0.559811	1.23315
1.365	0.235476	1.33765	-1.8657	-1.48037	-0.195004	0.559812	1.23315
1.378	0.23548	1.33765	-1.8657	-1.48037	-0.195006	0.559811	1.23315
1.391	0.235481	1.33765	-1.8657	-1.48036	-0.195006	0.559811	1.23315
1.404	0.235481	1.33765	-1.8657	-1.48036	-0.195006	0.559811	1.23315
1.417	0.235483	1.33765	-1.8657	-1.48036	-0.195006	0.559811	1.23315
1.43	0.235483	1.33765	-1.8657	-1.48036	-0.195006	0.559811	1.23315
1.443	0.235483	1.33765	-1.8657	-1.48036	-0.195006	0.559811	1.23315
1.456	0.235483	1.33765	-1.8657	-1.48036	-0.195006	0.559811	1.23315
1.469	0.235483	1.33765	-1.8657	-1.48036	-0.195006	0.559811	1.23315
1.482	0.23548	1.33765	-1.8657	-1.48036	-0.195006	0.559811	1.23315
1.495	0.235474	1.33765	-1.8657	-1.48036	-0.195004	0.559811	1.23315
1.508	0.23548	1.33765	-1.8657	-1.48036	-0.195006	0.559811	1.23315
1.521	0.235481	1.33765	-1.8657	-1.48036	-0.195006	0.559811	1.23315
1.534	0.235481	1.33765	-1.8657	-1.48036	-0.195006	0.559809	1.23315
1.547	0.235481	1.33765	-1.8657	-1.48036	-0.195008	0.559807	1.23315
1.56	0.235481	1.33765	-1.8657	-1.48036	-0.195008	0.559807	1.23315
1.573	0.235481	1.33765	-1.8657	-1.48036	-0.195008	0.559806	1.23315
1.586	0.235481	1.33765	-1.8657	-1.48036	-0.195008	0.559806	1.23315
1.599	0.23548	1.33765	-1.8657	-1.48036	-0.195008	0.559806	1.23315
1.612	0.235477	1.33765	-1.8657	-1.48036	-0.195008	0.559806	1.23315
1.625	0.235457	1.33765	-1.8657	-1.48036	-0.195008	0.559806	1.23315
1.638	0.235444	1.33765	-1.8657	-1.48036	-0.195008	0.559806	1.23315
1.651	0.235461	1.33765	-1.8657	-1.48036	-0.195008	0.559806	1.23315
1.664	0.235465	1.33765	-1.8657	-1.48036	-0.195008	0.559806	1.23315
1.677	0.235465	1.33765	-1.8657	-1.48036	-0.19501	0.559806	1.23315
1.69	0.235462	1.33765	-1.8657	-1.48036	-0.195008	0.559806	1.23315
1.703	0.23546	1.33765	-1.8657	-1.48036	-0.19501	0.559806	1.23315
1.716	0.235458	1.33765	-1.8657	-1.48036	-0.19501	0.559806	1.23315
1.729	0.235458	1.33765	-1.8657	-1.48036	-0.19501	0.559806	1.23315
1.742	0.235457	1.33765	-1.8657	-1.48036	-0.19501	0.559804	1.23315
1.755	0.235429	1.33765	-1.8657	-1.48036	-0.195008	0.559804	1.23315
1.768	0.235379	1.33765	-1.8657	-1.48036	-0.19501	0.559804	1.23315
1.781	0.23537	1.33765	-1.8657	-1.48036	-0.195008	0.559804	1.23315
1.794	0.235347	1.33765	-1.8657	-1.48036	-0.19501	0.559802	1.23315
1.807	0.235352	1.33765	-1.8657	-1.48036	-0.19501	0.559801	1.23315
1.82	0.235353	1.33765	-1.8657	-1.48036	-0.19501	0.559801	1.23315
1.833	0.23535	1.33765	-1.8657	-1.48036	-0.195012	0.559799	1.23315
1.846	0.235348	1.33765	-1.8657	-1.48036	-0.195012	0.559799	1.23315
1.859	0.235348	1.33765	-1.8657	-1.48036	-0.195012	0.559799	1.23315
1.872	0.235343	1.33765	-1.8657	-1.48036	-0.195012	0.559799	1.23315
1.885	0.235333	1.33765	-1.8657	-1.48036	-0.195014	0.559797	1.23315
1.898	0.235279	1.33765	-1.8657	-1.48035	-0.195014	0.559797	1.23315
1.911	0.235167	1.33765	-1.8657	-1.48035	-0.195014	0.559797	1.23315
1.924	0.235065	1.33765	-1.8657	-1.48036	-0.195014	0.559797	1.23315
1.937	0.234955	1.33765	-1.8657	-1.48036	-0.195014	0.559797	1.23315
1.95	0.234915	1.33765	-1.8657	-1.48036	-0.195014	0.559797	1.23315
1.963	0.234854	1.33765	-1.8657	-1.48036	-0.195014	0.559797	1.23315
1.976	0.234814	1.33765	-1.8657	-1.48036	-0.195014	0.559797	1.23315
1.989	0.234792	1.33765	-1.8657	-1.48036	-0.195016	0.559795	1.23315
2.002	0.234792	1.33765	-1.8657	-1.48036	-0.195016	0.559795	1.23315
2.015	0.234774	1.33765	-1.8657	-1.48036	-0.195016	0.559794	1.23315
2.028	0.234725	1.33765	-1.8657	-1.48036	-0.195018	0.559792	1.23315
2.041	0.234597	1.33765	-1.8657	-1.48035	-0.19502	0.55979	1.23315
2.054	0.234519	1.33765	-1.8657	-1.48036	-0.195022	0.55979	1.23315
2.067	0.234416	1.33765	-1.8657	-1.48036	-0.195022	0.55979	1.23315
2.08	0.234406	1.33765	-1.8657	-1.48036	-0.195022	0.559789	1.23315
2.093	0.234368	1.33765	-1.8657	-1.48036	-0.195022	0.55979	1.23315
2.106	0.234347	1.33765	-1.8657	-1.48036	-0.195022	0.559789	1.23315
2.119	0.234346	1.33765	-1.8657	-1.48036	-0.195022	0.559789	1.23315
2.132	0.234346	1.33765	-1.8657	-1.48037	-0.195022	0.559789	1.23315
2.145	0.234346	1.33765	-1.8657	-1.48037	-0.195022	0.559789	1.23315
2.158	0.234346	1.33765	-1.8657	-1.48037	-0.195022	0.559789	1.23315
2.171	0.234296	1.33765	-1.8657	-1.48037	-0.195022	0.559789	1.23315
2.184	0.234199	1.33765	-1.8657	-1.48037	-0.195022	0.559789	1.23315
2.197	0.234152	1.33765	-1.8657	-1.4804	-0.195022	0.559789	1.23315
2.21	0.234119	1.33766	-1.86569	-1.48044	-0.195022	0.559789	1.23315
2.223	0.234119	1.33766	-1.86569	-1.48045	-0.195022	0.559789	1.23315
2.236	0.234116	1.33766	-1.86569	-1.48045	-0.195022	0.559789	1.23315
2.249	0.234114	1.33766	-1.86569	-1.48045	-0.195024	0.559789	1.23315
2.262	0.234114	1.33766	-1.86569	-1.48045	-0.195026	0.559787	1.23315
2.275	0.234114	1.33766	-1.86569	-1.48045	-0.195026	0.559787	1.23315
2.288	0.234114	1.33766	-1.86569	-1.48045	-0.19503	0.559785	1.23315
2.301	0.234102	1.33767	-1.86568	-1.48044	-0.195049	0.559785	1.23315
2.314	0.234075	1.3377	-1.86568	-1.48044	-0.195077	0.559785	1.23315
2.327	0.234075	1.33773	-1.86567	-1.48044	-0.195108	0.559785	1.23315
2.34	0.234075	1.33776	-1.86558	-1.48044	-0.195133	0.559785	1.23315
2.353	0.234075	1.3378	-1.86552	-1.48044	-0.195163	0.559785	1.23315
2.366	0.234073	1.33786	-1.86549	-1.48044	-0.195186	0.559785	1.23315
2.379	0.234071	1.33791	-1.86547	-1.48044	-0.195206	0.559785	1.23315
2.392	0.234071	1.33799	-1.86547	-1.48044	-0.195227	0.559785	1.23315
2.405	0.234071	1.33806	-1.86546	-1.48044	-0.195251	0.559785	1.23315
2.418	0.234071	1.33806	-1.86546	-1.48044	-0.195251	0.559785	1.23315
2.431	0.23407	1.33816	-1.86545	-1.48044	-0.195278	0.559785	1.23315
2.444	0.23406	1.33827	-1.86545	-1.48044	-0.195312	0.559785	1.23315
2.457	0.233998	1.33837	-1.86545	-1.48044	-0.195382	0.559783	1.23315
2.47	0.233955	1.33843	-1.86544	-1.48046	-0.19549	0.559783	1.23315
2.483	0.2339	1.3385	-1.86544	-1.4805	-0.195582	0.559782	1.23315
2.496	0.233873	1.33855	-1.86544	-1.48055	-0.195654	0.559782	1.23315
2.509	0.233817	1.3386	-1.86544	-1.48062	-0.195689	0.559782	1.23315
2.522	0.233726	1.33865	-1.86543	-1.48072	-0.195713	0.559782	1.23315
2.535	0.233625	1.3387	-1.86543	-1.48087	-0.195732	0.559783	1.23315
2.548	0.233625	1.3387	-1.86543	-1.48087	-0.195732	0.559783	1.23315
2.561	0.233501	1.33873	-1.86543	-1.48108	-0.195744	0.559783	1.23315
2.574	0.233329	1.33876	-1.86543	-1.48131	-0.195756	0.559783	1.23315
2.587	0.233054	1.33879	-1.86543	-1.48151	-0.195777	0.559783	1.23315
2.6	0.232732	1.33879	-1.86542	-1.48173	-0.195809	0.559783	1.23315
2.613	0.232342	1.33879	-1.86542	-1.48199	-0.195895	0.559783	1.23315
2.626	0.231928	1.3388	-1.86542	-1.48227	-0.196053	0.559783	1.23315
2.639	0.231489	1.3388	-1.86542	-1.48257	-0.196266	0.559783	1.23315
2.652	0.231006	1.33881	-1.86541	-1.48283	-0.19645	0.559783	1.23315
2.665	0.230496	1.33884	-1.86541	-1.48304	-0.196579	0.559785	1.23315
2.678	0.229963	1.33885	-1.86541	-1.48324	-0.196679	0.559785	1.23315
2.691	0.229963	1.33885	-1.86541	-1.48324	-0.196679	0.559785	1.23315
2.704	0.229439	1.3389	-1.8654	-1.4834	-0.196752	0.559785	1.23315
2.717	0.22887	1.33895	-1.86539	-1.48356	-0.196808	0.559785	1.23315
2.73	0.22826	1.33901	-1.86533	-1.48363	-0.196857	0.559785	1.23315
2.743	0.227662	1.33907	-1.86529	-1.48373	-0.196902	0.559783	1.23315
2.756	0.227046	1.33917	-1.86526	-1.48382	-0.196939	0.559783	1.23315
2.769	0.226414	1.33927	-1.86525	-1.48387	-0.197004	0.559783	1.23315
2.782	0.225751	1.3394	-1.86524	-1.48389	-0.197123	0.559783	1.23315
2.795	0.225067	1.33957	-1.86523	-1.4839	-0.197268	0.559783	1.23315
2.808	0.224389	1.33975	-1.86523	-1.4839	-0.197403	0.559783	1.23315
2.821	0.224389	1.33975	-1.86523	-1.4839	-0.197403	0.559783	1.23315
2.834	0.22373	1.33994	-1.86521	-1.4839	-0.19753	0.559783	1.23315
2.847	0.222977	1.34017	-1.8652	-1.4839	-0.197646	0.559785	1.23315
2.86	0.222191	1.34046	-1.8652	-1.48389	-0.197806	0.559783	1.23315
2.873	0.221389	1.34073	-1.86518	-1.48389	-0.197957	0.559783	1.23315
2.886	0.220502	1.34113	-1.86516	-1.48389	-0.19811	0.559783	1.23315
2.899	0.21968	1.34152	-1.86516	-1.4839	-0.19828	0.559783	1.23315
2.912	0.218756	1.342	-1.86514	-1.4839	-0.19846	0.559783	1.23315
2.925	0.217866	1.34246	-1.86513	-1.4839	-0.1987	0.559783	1.23315
2.938	0.216882	1.34291	-1.86509	-1.4839	-0.198953	0.559783	1.23315
2.951	0.215891	1.34338	-1.86505	-1.4839	-0.199219	0.559785	1.23315
2.964	0.215891	1.34338	-1.86505	-1.4839	-0.199219	0.559785	1.23315
2.977	0.214861	1.34383	-1.86502	-1.4839	-0.199501	0.559785	1.23315
2.99	0.213701	1.34433	-1.86496	-1.4839	-0.199829	0.559785	1.23315
3.003	0.212466	1.34484	-1.86495	-1.48389	-0.200127	0.559785	1.23315
3.016	0.211227	1.3454	-1.86492	-1.4839	-0.200377	0.559785	1.23315
3.029	0.20987	1.346	-1.8649	-1.4839	-0.200618	0.559785	1.23315
3.042	0.208591	1.34659	-1.86488	-1.48389	-0.2009	0.559785	1.23315
3.055	0.207284	1.34718	-1.86477	-1.48389	-0.201138	0.559785	1.23315
3.068	0.205946	1.34779	-1.86469	-1.48389	-0.201332	0.559785	1.23315
3.081	0.204627	1.34841	-1.86462	-1.48389	-0.201502	0.559785	1.23315
3.094	0.204627	1.34841	-1.86462	-1.48389	-0.201502	0.559785	1.23315
3.107	0.203284	1.34903	-1.86451	-1.48389	-0.201708	0.559785	1.23315
3.12	0.201933	1.3497	-1.86439	-1.48389	-0.201976	0.559785	1.23315
3.133	0.200467	1.35035	-1.86426	-1.48388	-0.202277	0.559785	1.23315
3.146	0.19896	1.35101	-1.86412	-1.48388	-0.202573	0.559785	1.23315
3.159	0.197517	1.35168	-1.86397	-1.48388	-0.202839	0.559785	1.23315
3.172	0.195966	1.35237	-1.86379	-1.48388	-0.203079	0.559785	1.23315
3.185	0.19446	1.35311	-1.86363	-1.48388	-0.203293	0.559783	1.23315
3.198	0.19298	1.35384	-1.86345	-1.48388	-0.203481	0.559783	1.23315
3.211	0.191506	1.35455	-1.86325	-1.48388	-0.203594	0.559783	1.23315
3.224	0.190023	1.35522	-1.86306	-1.48387	-0.203668	0.559783	1.23315
3.237	0.190023	1.35522	-1.86306	-1.48387	-0.203668	0.559783	1.23315
3.25	0.188623	1.35591	-1.86287	-1.48387	-0.203745	0.559783	1.23315
3.263	0.187094	1.35662	-1.86269	-1.48386	-0.203856	0.559783	1.23315
3.276	0.185537	1.35743	-1.86258	-1.48373	-0.204042	0.559783	1.23315
3.289	0.184058	1.35815	-1.86246	-1.48371	-0.204246	0.559783	1.23315
3.302	0.182499	1.35891	-1.86216	-1.48371	-0.204433	0.559783	1.23315
3.315	0.181097	1.35957	-1.86179	-1.48369	-0.204651	0.559783	1.23315
3.328	0.179693	1.36024	-1.86125	-1.48366	-0.204909	0.559783	1.23315
3.341	0.178259	1.36105	-1.86092	-1.48363	-0.205189	0.559783	1.23315
3.354	0.176789	1.36187	-1.86074	-1.48361	-0.205576	0.559783	1.23315
3.367	0.176789	1.36187	-1.86074	-1.48361	-0.205576	0.559783	1.23315
3.38	0.175342	1.36274	-1.86051	-1.48358	-0.206114	0.559783	1.23315
3.393	0.173896	1.3636	-1.86029	-1.48349	-0.20674	0.559785	1.23315
3.406	0.172371	1.36443	-1.86006	-1.48338	-0.207363	0.559785	1.23315
3.419	0.170713	1.36538	-1.85982	-1.48313	-0.208022	0.559785	1.23315
3.432	0.169153	1.36628	-1.85967	-1.48299	-0.208779	0.559785	1.23315
3.445	0.167603	1.36724	-1.85939	-1.48293	-0.209615	0.559785	1.23315
3.458	0.166143	1.36819	-1.85919	-1.48289	-0.210362	0.559785	1.23315
3.471	0.164684	1.36917	-1.85898	-1.48281	-0.210896	0.559785	1.23315
3.484	0.163161	1.37017	-1.85876	-1.48273	-0.211487	0.559785	1.23315
3.497	0.161703	1.37112	-1.85854	-1.48261	-0.212287	0.559785	1.23315
3.51	0.161703	1.37112	-1.85854	-1.48261	-0.212287	0.559785	1.23315
3.523	0.160286	1.37214	-1.85828	-1.48249	-0.213342	0.559785	1.23315
3.536	0.158775	1.37313	-1.85795	-1.48238	-0.214444	0.559785	1.23315
3.549	0.157237	1.37409	-1.85751	-1.48218	-0.215727	0.559785	1.23315
3.562	0.155736	1.37499	-1.85709	-1.4821	-0.216909	0.559785	1.23315
3.575	0.154283	1.37603	-1.85679	-1.48204	-0.217786	0.559785	1.23315
3.588	0.152866	1.37708	-1.85661	-1.48203	-0.218899	0.559785	1.23315
3.601	0.15141	1.37813	-1.8564	-1.48199	-0.22021	0.559785	1.23315
3.614	0.149975	1.37911	-1.85622	-1.48191	-0.221554	0.559785	1.23315
3.627	0.148617	1.38007	-1.85604	-1.48184	-0.222959	0.559785	1.23315
3.64	0.148617	1.38007	-1.85604	-1.48184	-0.222959	0.559785	1.23315
3.653	0.14726	1.38112	-1.85591	-1.48179	-0.223943	0.559785	1.23315
3.666	0.145962	1.38208	-1.85583	-1.48174	-0.224947	0.559785	1.23315
3.679	0.144653	1.38314	-1.85566	-1.48168	-0.226064	0.559785	1.23315
3.692	0.143252	1.38418	-1.85551	-1.48154	-0.227035	0.559785	1.23315
3.705	0.141892	1.38526	-1.8554	-1.48147	-0.227935	0.559785	1.23315
3.718	0.140611	1.3863	-1.85525	-1.48146	-0.228712	0.559785	1.23315
3.731	0.139296	1.38735	-1.85508	-1.48141	-0.229244	0.559785	1.23315
3.744	0.137971	1.38835	-1.85493	-1.48139	-0.229539	0.559785	1.23315
3.757	0.136671	1.38939	-1.85474	-1.48136	-0.22977	0.559785	1.23315
3.77	0.135283	1.39039	-1.85453	-1.48131	-0.229991	0.559785	1.23315
3.783	0.135283	1.39039	-1.85453	-1.48131	-0.229991	0.559785	1.23315
3.796	0.133955	1.39144	-1.85426	-1.48127	-0.230212	0.559785	1.23315
3.809	0.132572	1.39248	-1.85392	-1.48125	-0.230435	0.559785	1.23315
3.822	0.131136	1.39353	-1.8535	-1.48116	-0.230678	0.559785	1.23315
3.835	0.12973	1.39451	-1.85313	-1.48113	-0.230923	0.559787	1.23315
3.848	0.128283	1.39559	-1.85275	-1.48112	-0.231116	0.559787	1.23315
3.861	0.126877	1.39671	-1.85249	-1.48111	-0.231234	0.559787	1.23315
3.874	0.125432	1.39781	-1.85215	-1.48108	-0.231267	0.559787	1.23315
3.887	0.123916	1.39889	-1.85175	-1.48105	-0.231277	0.559787	1.23315
3.9	0.122431	1.39997	-1.85136	-1.48102	-0.231281	0.559787	1.23315
3.913	0.120954	1.40107	-1.85103	-1.481	-0.231281	0.559787	1.23315
3.926	0.120954	1.40107	-1.85103	-1.481	-0.231281	0.559787	1.23315
3.939	0.1194	1.40214	-1.85068	-1.48095	-0.231281	0.559787	1.23315
3.952	0.117793	1.40321	-1.85027	-1.48091	-0.231281	0.559787	1.23315
3.965	0.116097	1.40428	-1.8498	-1.48086	-0.231283	0.559787	1.23315
3.978	0.114425	1.40539	-1.84942	-1.48083	-0.231287	0.559787	1.23315
3.991	0.112693	1.40649	-1.84903	-1.48082	-0.231294	0.559787	1.23315
4.004	0.110941	1.40761	-1.84868	-1.4808	-0.231302	0.559789	1.23315
4.017	0.109208	1.4087	-1.84833	-1.48077	-0.23131	0.559789	1.23315
4.03	0.107411	1.4098	-1.84793	-1.48069	-0.231324	0.559789	1.23315
4.043	0.105686	1.41087	-1.84752	-1.48058	-0.231343	0.559789	1.23315
4.056	0.105686	1.41087	-1.84752	-1.48058	-0.231343	0.559789	1.23315
4.069	0.103839	1.41203	-1.84706	-1.48048	-0.231359	0.55979	1.23315
4.082	0.102005	1.41312	-1.84662	-1.48034	-0.231369	0.55979	1.23315
4.095	0.100058	1.41424	-1.84604	-1.4801	-0.231373	0.55979	1.23315
4.108	0.098176	1.41529	-1.84545	-1.4799	-0.231375	0.55979	1.23315
4.121	0.0962112	1.41646	-1.84496	-1.47977	-0.231377	0.55979	1.23315
4.134	0.094318	1.41761	-1.84451	-1.47957	-0.231379	0.55979	1.23315
4.147	0.0923277	1.41869	-1.844	-1.47933	-0.231384	0.55979	1.23315
4.16	0.0903501	1.41978	-1.84349	-1.479	-0.231384	0.55979	1.23315
4.173	0.0883381	1.42091	-1.84307	-1.47867	-0.231386	0.55979	1.23315
4.186	0.0863861	1.42202	-1.84262	-1.47826	-0.231386	0.55979	1.23315
4.199	0.0863861	1.42202	-1.84262	-1.47826	-0.231386	0.55979	1.23315
4.212	0.0843957	1.42306	-1.8421	-1.47789	-0.23139	0.55979	1.23315
4.225	0.0823977	1.42411	-1.84152	-1.47741	-0.231402	0.55979	1.23315
4.238	0.0803128	1.42522	-1.84114	-1.47688	-0.231429	0.55979	1.23315
4.251	0.0782406	1.42633	-1.84078	-1.47638	-0.231471	0.559792	1.23315
4.264	0.0761225	1.42745	-1.84039	-1.47597	-0.231529	0.559792	1.23315
4.277	0.0741091	1.42851	-1.84001	-1.47552	-0.231615	0.559792	1.23315
4.29	0.0719884	1.42955	-1.83958	-1.47507	-0.231694	0.559794	1.23315
4.303	0.0699623	1.4306	-1.83914	-1.47457	-0.231748	0.559794	1.23315
4.316	0.0679093	1.43169	-1.83872	-1.47404	-0.23177	0.559792	1.23315
4.329	0.0679093	1.43169	-1.83872	-1.47404	-0.23177	0.559792	1.23315
4.342	0.0659458	1.4327	-1.83827	-1.47348	-0.231782	0.559792	1.23315
4.355	0.0638788	1.4337	-1.83771	-1.47287	-0.231797	0.559792	1.23315
4.368	0.0618961	1.43469	-1.8373	-1.47224	-0.231809	0.559792	1.23315
4.381	0.0598674	1.43581	-1.83697	-1.47171	-0.231825	0.559792	1.23315
4.394	0.0578962	1.43685	-1.83664	-1.47125	-0.231846	0.559792	1.23315
4.407	0.0558829	1.4379	-1.83622	-1.47072	-0.231883	0.559792	1.23315
4.42	0.0539181	1.43882	-1.8358	-1.47016	-0.231936	0.559792	1.23315
4.433	0.0518613	1.43985	-1.83541	-1.46949	-0.232003	0.559794	1.23315
4.446	0.0498889	1.44079	-1.83512	-1.46879	-0.232089	0.559794	1.23315
4.459	0.0479036	1.44179	-1.83476	-1.46807	-0.232191	0.559794	1.23315
4.472	0.0479036	1.44179	-1.83476	-1.46807	-0.232191	0.559794	1.23315
4.485	0.0460079	1.44271	-1.83441	-1.46742	-0.232275	0.559794	1.23315
4.498	0.0440239	1.44373	-1.83395	-1.46671	-0.232314	0.559794	1.23315
4.511	0.0420668	1.44469	-1.83365	-1.46595	-0.232333	0.559794	1.23315
4.524	0.0400829	1.44568	-1.83334	-1.4651	-0.232339	0.559794	1.23315
4.537	0.0381181	1.44666	-1.83307	-1.46432	-0.232343	0.559794	1.23315
4.55	0.0361572	1.4476	-1.83282	-1.46353	-0.232345	0.559794	1.23315
4.563	0.0342269	1.44853	-1.83256	-1.46276	-0.232345	0.559794	1.23315
4.576	0.0322264	1.4494	-1.83224	-1.46191	-0.232345	0.559794	1.23315
4.589	0.0302526	1.45027	-1.8319	-1.46101	-0.232345	0.559794	1.23315
4.602	0.0302526	1.45027	-1.8319	-1.46101	-0.232345	0.559794	1.23315
4.615	0.028284	1.45117	-1.83159	-1.46011	-0.232345	0.559794	1.23315
4.628	0.0263308	1.452	-1.83134	-1.45927	-0.232345	0.559794	1.23315
4.641	0.0242727	1.45286	-1.83103	-1.45831	-0.232345	0.559794	1.23315
4.654	0.0222478	1.45358	-1.83069	-1.45731	-0.232345	0.559794	1.23315
4.667	0.020191	1.45438	-1.83019	-1.45627	-0.232347	0.559794	1.23315
4.68	0.0181636	1.45516	-1.82981	-1.45539	-0.232347	0.559795	1.23315
4.693	0.0160914	1.45601	-1.82952	-1.45443	-0.232347	0.559795	1.23315
4.706	0.0140014	1.45681	-1.82922	-1.45337	-0.232347	0.559795	1.23315
4.719	0.0118922	1.45758	-1.82889	-1.45228	-0.232349	0.559795	1.23315
4.732	0.00983024	1.4583	-1.82856	-1.45122	-0.232349	0.559795	1.23315
4.745	0.00983024	1.4583	-1.82856	-1.45122	-0.232349	0.559795	1.23315
4.758	0.0077811	1.4591	-1.82824	-1.45008	-0.232349	0.559795	1.23315
4.771	0.00558877	1.45989	-1.82797	-1.44889	-0.232349	0.559795	1.23315
4.784	0.00344633	1.46072	-1.82767	-1.44758	-0.232349	0.559795	1.23315
4.797	0.00124634	1.46151	-1.82737	-1.44637	-0.232351	0.559795	1.23315
4.81	-0.00090888	1.46228	-1.82703	-1.44514	-0.232349	0.559795	1.23315
4.823	-0.00309482	1.46309	-1.82661	-1.44397	-0.232351	0.559795	1.23315
4.836	-0.00523983	1.46386	-1.82612	-1.44284	-0.232351	0.559795	1.23315
4.849	-0.00743725	1.46464	-1.82568	-1.44156	-0.232351	0.559795	1.23315
4.862	-0.0096513	1.46546	-1.82526	-1.44025	-0.232351	0.559795	1.23315
4.875	-0.0096513	1.46546	-1.82526	-1.44025	-0.232351	0.559795	1.23315
4.888	-0.0117938	1.46631	-1.82488	-1.43896	-0.232353	0.559795	1.23315
4.901	-0.014004	1.46713	-1.82448	-1.4376	-0.232353	0.559795	1.23315
4.914	-0.0162397	1.46796	-1.82404	-1.43617	-0.232355	0.559795	1.23315
4.927	-0.0185855	1.4688	-1.82359	-1.43468	-0.232355	0.559795	1.23315
4.94	-0.0209516	1.46965	-1.8231	-1.43317	-0.232355	0.559795	1.23315
4.953	-0.0233088	1.47052	-1.82251	-1.43174	-0.232355	0.559795	1.23315
4.966	-0.0256226	1.47132	-1.82189	-1.43035	-0.232355	0.559795	1.23315
4.979	-0.0279542	1.47219	-1.82131	-1.42878	-0.232355	0.559795	1.23315
4.992	-0.0303076	1.47303	-1.8208	-1.4273	-0.232355	0.559795	1.23315
5.005	-0.0326239	1.47387	-1.82025	-1.42572	-0.232355	0.559795	1.23315
5.018	-0.0326239	1.47387	-1.82025	-1.42572	-0.232355	0.559795	1.23315
5.031	-0.0350259	1.47475	-1.81978	-1.42421	-0.232357	0.559795	1.23315
5.044	-0.0374394	1.47563	-1.81942	-1.42271	-0.232357	0.559795	1.23315
5.057	-0.0399078	1.47653	-1.819	-1.42096	-0.232357	0.559795	1.23315
5.07	-0.042421	1.47731	-1.81851	-1.41945	-0.232359	0.559795	1.23315
5.083	-0.0448319	1.47806	-1.81792	-1.4179	-0.232359	0.559795	1.23315
5.096	-0.0471968	1.47891	-1.81754	-1.41636	-0.232361	0.559795	1.23315
5.109	-0.0495744	1.47983	-1.81724	-1.41491	-0.232363	0.559797	1.23315
5.122	-0.0518549	1.48076	-1.81689	-1.41326	-0.232371	0.559797	1.23315
5.135	-0.054207	1.48164	-1.81652	-1.41174	-0.232378	0.559799	1.23315
5.148	-0.054207	1.48164	-1.81652	-1.41174	-0.232378	0.559799	1.23315
5.161	-0.0564901	1.48249	-1.8162	-1.41014	-0.232382	0.559799	1.23315
5.174	-0.0587949	1.48343	-1.81592	-1.40853	-0.232388	0.559797	1.23315
5.187	-0.0611892	1.48426	-1.81569	-1.407	-0.232392	0.559797	1.23315
5.2	-0.0635899	1.48517	-1.81544	-1.40523	-0.232392	0.559797	1.23315
5.213	-0.0660136	1.48603	-1.81523	-1.40375	-0.232394	0.559797	1.23315
5.226	-0.0683542	1.4869	-1.81496	-1.40227	-0.232394	0.559797	1.23315
5.239	-0.0705606	1.48776	-1.81464	-1.40078	-0.232394	0.559797	1.23315
5.252	-0.0727989	1.48851	-1.8142	-1.39939	-0.232394	0.559797	1.23315
5.265	-0.0749759	1.48936	-1.81381	-1.39783	-0.232396	0.559797	1.23315
5.278	-0.0772193	1.49018	-1.81357	-1.39639	-0.232396	0.559797	1.23314
5.291	-0.0772193	1.49018	-1.81357	-1.39639	-0.232396	0.559797	1.23314
5.304	-0.0794154	1.49101	-1.8134	-1.39494	-0.232398	0.559799	1.23314
5.317	-0.0817548	1.49182	-1.81319	-1.3934	-0.2324	0.559797	1.23314
5.33	-0.0840762	1.49254	-1.81304	-1.39188	-0.232402	0.559797	1.23314
5.343	-0.0863695	1.49324	-1.81288	-1.39034	-0.232402	0.559799	1.23314
5.356	-0.08865	1.49394	-1.81271	-1.38895	-0.232404	0.559799	1.23314
5.369	-0.0907592	1.49477	-1.81263	-1.3876	-0.232406	0.559799	1.23314
5.382	-0.0929797	1.49552	-1.81249	-1.38623	-0.232406	0.559799	1.23314
5.395	-0.0951145	1.49625	-1.81233	-1.38486	-0.232408	0.559799	1.23314
5.408	-0.0972684	1.49695	-1.81214	-1.38354	-0.232408	0.559799	1.23314
5.421	-0.099462	1.49758	-1.81196	-1.3822	-0.232408	0.559799	1.23314
5.434	-0.099462	1.49758	-1.81196	-1.3822	-0.232408	0.559799	1.23314
5.447	-0.101635	1.4983	-1.81183	-1.38085	-0.232408	0.559799	1.23314
5.46	-0.103876	1.49898	-1.81178	-1.3796	-0.232408	0.559799	1.23314
5.473	-0.106155	1.49969	-1.81171	-1.3781	-0.23241	0.559799	1.23314
5.486	-0.108403	1.50037	-1.81163	-1.37674	-0.23241	0.559799	1.23314
5.499	-0.110505	1.50108	-1.8115	-1.37536	-0.23241	0.559799	1.23314
5.512	-0.112661	1.50174	-1.81135	-1.37396	-0.23241	0.559799	1.23314
5.525	-0.114684	1.50246	-1.81112	-1.37259	-0.23241	0.559799	1.23314
5.538	-0.11674	1.50316	-1.81086	-1.37118	-0.23241	0.559801	1.23314
5.551	-0.118779	1.50379	-1.81054	-1.36974	-0.23241	0.559801	1.23314
5.564	-0.118779	1.50379	-1.81054	-1.36974	-0.23241	0.559801	1.23314
5.577	-0.120804	1.50448	-1.81021	-1.36834	-0.232412	0.559802	1.23314
5.59	-0.122859	1.50519	-1.81005	-1.36687	-0.232414	0.559802	1.23314
5.603	-0.124989	1.50594	-1.80996	-1.36533	-0.232414	0.559802	1.23314
5.616	-0.127021	1.50668	-1.8099	-1.3639	-0.232414	0.559804	1.23314
5.629	-0.129065	1.50747	-1.8098	-1.36239	-0.232414	0.559804	1.23314
5.642	-0.131007	1.50817	-1.80971	-1.36099	-0.232414	0.559804	1.23314
5.655	-0.132928	1.50898	-1.80952	-1.3595	-0.232412	0.559804	1.23314
5.668	-0.134841	1.50971	-1.80943	-1.35804	-0.232412	0.559804	1.23314
5.681	-0.136706	1.51052	-1.80933	-1.35659	-0.232414	0.559804	1.23314
5.694	-0.138581	1.51126	-1.80919	-1.35511	-0.232412	0.559804	1.23314
5.707	-0.138581	1.51126	-1.80919	-1.35511	-0.232412	0.559804	1.23314
5.72	-0.140487	1.51196	-1.80904	-1.35358	-0.232414	0.559804	1.23314
5.733	-0.14238	1.51259	-1.80892	-1.35208	-0.232412	0.559806	1.23314
5.746	-0.144362	1.51329	-1.8088	-1.3504	-0.232412	0.559806	1.23314
5.759	-0.146293	1.51397	-1.80876	-1.34888	-0.232414	0.559807	1.23314
5.772	-0.14823	1.51475	-1.80871	-1.3473	-0.232412	0.559807	1.23314
5.785	-0.150065	1.51541	-1.80864	-1.3458	-0.232414	0.559807	1.23314
5.798	-0.151952	1.51609	-1.8085	-1.3443	-0.232412	0.559809	1.23314
5.811	-0.153785	1.51668	-1.8084	-1.34276	-0.232412	0.559811	1.23314
5.824	-0.155702	1.51731	-1.80826	-1.34126	-0.232412	0.559811	1.23314
5.837	-0.155702	1.51731	-1.80826	-1.34126	-0.232412	0.559811	1.23314
5.85	-0.157574	1.51794	-1.8082	-1.33977	-0.232412	0.559812	1.23314
5.863	-0.159598	1.51859	-1.80819	-1.33828	-0.232412	0.559812	1.23314
5.876	-0.161574	1.51915	-1.80819	-1.33677	-0.232412	0.559812	1.23314
5.889	-0.163622	1.51972	-1.8081	-1.33516	-0.232412	0.559812	1.23314
5.902	-0.165623	1.52025	-1.80804	-1.33365	-0.232412	0.559812	1.23314
5.915	-0.167601	1.52082	-1.80797	-1.33215	-0.232412	0.559814	1.23314
5.928	-0.169571	1.52134	-1.80791	-1.33061	-0.232412	0.559814	1.23314
5.941	-0.171559	1.52191	-1.80785	-1.32915	-0.232412	0.559816	1.23314
5.954	-0.173523	1.52251	-1.80783	-1.32767	-0.232412	0.559819	1.23314
5.967	-0.175535	1.52309	-1.80779	-1.32619	-0.232412	0.559823	1.23314
5.98	-0.175535	1.52309	-1.80779	-1.32619	-0.232412	0.559823	1.23314
5.993	-0.177549	1.52361	-1.80774	-1.32476	-0.232412	0.559826	1.23314
6.006	-0.179696	1.52415	-1.80763	-1.32318	-0.232412	0.559828	1.23314
6.019	-0.18185	1.5246	-1.80758	-1.32163	-0.232412	0.559833	1.23314
6.032	-0.184051	1.52515	-1.80744	-1.32005	-0.232412	0.559836	1.23314
6.045	-0.186284	1.52559	-1.80727	-1.31856	-0.232412	0.559838	1.23314
6.058	-0.188384	1.52604	-1.80696	-1.31703	-0.232412	0.55984	1.23314
6.071	-0.190577	1.52643	-1.80658	-1.31548	-0.232412	0.559841	1.23314
6.084	-0.192727	1.52684	-1.80636	-1.31394	-0.232412	0.559841	1.23314
6.097	-0.194938	1.52733	-1.80624	-1.3124	-0.232412	0.559843	1.23314
6.11	-0.194938	1.52733	-1.80624	-1.3124	-0.232412	0.559843	1.23314
6.123	-0.197175	1.52775	-1.80617	-1.31081	-0.232412	0.559845	1.23314
6.136	-0.199513	1.52818	-1.80609	-1.30928	-0.232412	0.559852	1.23314
6.149	-0.201894	1.52859	-1.80606	-1.30765	-0.232412	0.559857	1.23314
6.162	-0.204283	1.52899	-1.80605	-1.30606	-0.232412	0.559858	1.23314
6.175	-0.206678	1.52948	-1.80603	-1.30449	-0.232412	0.55986	1.23314
6.188	-0.20903	1.52988	-1.80604	-1.30286	-0.232412	0.559864	1.23314
6.201	-0.211431	1.53027	-1.80601	-1.30124	-0.232412	0.559867	1.23314
6.214	-0.213878	1.53062	-1.80598	-1.29951	-0.232412	0.55987	1.23314
6.227	-0.216241	1.53093	-1.80599	-1.2978	-0.232412	0.559872	1.23314
6.24	-0.218709	1.5312	-1.80599	-1.29607	-0.232412	0.559877	1.23314
6.253	-0.218709	1.5312	-1.80599	-1.29607	-0.232412	0.559877	1.23314
6.266	-0.221137	1.53144	-1.80599	-1.29434	-0.232412	0.559881	1.23314
6.279	-0.223622	1.53167	-1.80599	-1.29257	-0.232412	0.559889	1.23314
6.292	-0.226153	1.53184	-1.80599	-1.29077	-0.232412	0.559905	1.23314
6.305	-0.228567	1.53204	-1.80599	-1.28894	-0.232412	0.55992	1.23314
6.318	-0.231112	1.53222	-1.80599	-1.28716	-0.232412	0.559951	1.23314
6.331	-0.233563	1.53237	-1.80599	-1.28543	-0.232412	0.559971	1.23314
6.344	-0.236009	1.53253	-1.80599	-1.28361	-0.232412	0.56	1.23314
6.357	-0.238522	1.53266	-1.80599	-1.28191	-0.232412	0.560043	1.23314
6.37	-0.241002	1.53282	-1.80599	-1.28006	-0.232412	0.560141	1.23314
6.383	-0.241002	1.53282	-1.80599	-1.28006	-0.232412	0.560141	1.23314
6.396	-0.243493	1.53297	-1.80599	-1.27829	-0.232412	0.560259	1.23314
6.409	-0.245953	1.53318	-1.80599	-1.27644	-0.232412	0.560435	1.23314
6.422	-0.248391	1.53342	-1.80599	-1.27455	-0.232412	0.56066	1.23314
6.435	-0.250888	1.53377	-1.80599	-1.27257	-0.232412	0.560919	1.23314
6.448	-0.253374	1.53403	-1.80599	-1.27066	-0.232412	0.5612	1.23314
6.461	-0.255762	1.53432	-1.80599	-1.26863	-0.232412	0.561623	1.23314
6.474	-0.25828	1.53454	-1.80599	-1.26673	-0.232412	0.562669	1.23314
6.487	-0.260691	1.53472	-1.80599	-1.26476	-0.232412	0.563622	1.23314
6.5	-0.263158	1.53485	-1.80599	-1.26282	-0.232412	0.5639	1.23314
6.513	-0.265558	1.535	-1.80599	-1.26082	-0.232412	0.563908	1.23314
6.526	-0.265558	1.535	-1.80599	-1.26082	-0.232412	0.563908	1.23314
6.539	-0.267916	1.53511	-1.80599	-1.25885	-0.232412	0.563905	1.23314
6.552	-0.270321	1.53524	-1.80599	-1.25683	-0.232412	0.563905	1.23314
6.565	-0.272739	1.53531	-1.80599	-1.2548	-0.232412	0.563905	1.23314
6.578	-0.275072	1.53538	-1.80599	-1.25269	-0.232412	0.563905	1.23314
6.591	-0.277512	1.5354	-1.80599	-1.25073	-0.232412	0.563905	1.23314
6.604	-0.279857	1.53546	-1.80599	-1.24868	-0.232412	0.563905	1.23314
6.617	-0.282275	1.53547	-1.80599	-1.24675	-0.232412	0.563905	1.23314
6.63	-0.284633	1.53551	-1.80599	-1.24475	-0.232412	0.563905	1.23314
6.643	-0.286914	1.53554	-1.80599	-1.24279	-0.232414	0.563905	1.23314
6.656	-0.286914	1.53554	-1.80599	-1.24279	-0.232414	0.563905	1.23314
6.669	-0.289226	1.53558	-1.80599	-1.24079	-0.232414	0.563903	1.23314
6.682	-0.29151	1.5356	-1.80599	-1.23886	-0.232414	0.563903	1.23314
6.695	-0.29382	1.53565	-1.80599	-1.23676	-0.232414	0.563903	1.23314
6.708	-0.296185	1.53566	-1.80599	-1.23471	-0.232414	0.563903	1.23314
6.721	-0.298495	1.53567	-1.80599	-1.23252	-0.232414	0.563903	1.23314
6.734	-0.300837	1.53567	-1.806	-1.23041	-0.232414	0.563905	1.23314
6.747	-0.303129	1.53569	-1.806	-1.22815	-0.232414	0.563905	1.23314
6.76	-0.30541	1.5357	-1.806	-1.2259	-0.232416	0.563905	1.23314
6.773	-0.307709	1.5357	-1.806	-1.22362	-0.232418	0.563906	1.23314
6.786	-0.309946	1.5357	-1.806	-1.22129	-0.232418	0.56391	1.23314
6.799	-0.309946	1.5357	-1.806	-1.22129	-0.232418	0.56391	1.23314
6.812	-0.312221	1.5357	-1.806	-1.21909	-0.232421	0.563924	1.23314
6.825	-0.31446	1.5357	-1.806	-1.21667	-0.232421	0.563985	1.23314
6.838	-0.316833	1.5357	-1.80601	-1.21426	-0.232425	0.564133	1.23314
6.851	-0.319182	1.5357	-1.80601	-1.21178	-0.232431	0.564402	1.23314
6.864	-0.32155	1.5357	-1.80601	-1.20929	-0.232433	0.564672	1.23314
6.877	-0.323941	1.5357	-1.80601	-1.2069	-0.232439	0.56496	1.23314
6.89	-0.326269	1.53571	-1.80601	-1.20439	-0.232441	0.565451	1.23314
6.903	-0.328626	1.5357	-1.80601	-1.20196	-0.232445	0.56656	1.23314
6.916	-0.330979	1.5357	-1.80601	-1.19958	-0.232447	0.567649	1.23314
6.929	-0.330979	1.5357	-1.80601	-1.19958	-0.232447	0.567649	1.23314
6.942	-0.333308	1.5357	-1.80601	-1.19706	-0.232451	0.568115	1.23314
6.955	-0.3357	1.5357	-1.80602	-1.19465	-0.232455	0.568273	1.23314
6.968	-0.338102	1.5357	-1.80602	-1.19211	-0.232459	0.568398	1.23314
6.981	-0.340581	1.5357	-1.80602	-1.18953	-0.232466	0.568473	1.23314
6.994	-0.343076	1.5357	-1.80602	-1.18707	-0.23247	0.568534	1.23314
7.007	-0.345534	1.5357	-1.80602	-1.18452	-0.23247	0.568619	1.23314
7.02	-0.347994	1.5357	-1.80603	-1.18204	-0.23247	0.568713	1.23314
7.033	-0.350477	1.5357	-1.80603	-1.17957	-0.23247	0.56883	1.23314
7.046	-0.352977	1.5357	-1.80603	-1.17693	-0.232468	0.569074	1.23314
7.059	-0.355504	1.5357	-1.80603	-1.17435	-0.232468	0.56979	1.23314
7.072	-0.355504	1.5357	-1.80603	-1.17435	-0.232468	0.56979	1.23314
7.085	-0.358008	1.5357	-1.80603	-1.1717	-0.232468	0.571425	1.23314
7.098	-0.360602	1.5357	-1.80603	-1.16902	-0.232468	0.572664	1.23314
7.111	-0.363201	1.5357	-1.80603	-1.16632	-0.232468	0.574153	1.23314
7.124	-0.365776	1.5357	-1.80603	-1.16361	-0.232468	0.576071	1.23314
7.137	-0.368437	1.5357	-1.80603	-1.16088	-0.232468	0.57768	1.23314
7.15	-0.371055	1.5357	-1.80603	-1.15812	-0.232468	0.579701	1.23314
7.163	-0.373661	1.53569	-1.80603	-1.15529	-0.232468	0.581024	1.23314
7.176	-0.376403	1.53569	-1.80604	-1.15248	-0.232468	0.582648	1.23314
7.189	-0.37909	1.53568	-1.80604	-1.14969	-0.232468	0.583683	1.23314
7.202	-0.381828	1.53568	-1.80604	-1.14696	-0.232468	0.584026	1.23314
7.215	-0.381828	1.53568	-1.80604	-1.14696	-0.232468	0.584026	1.23314
7.228	-0.38462	1.53568	-1.80605	-1.14423	-0.232468	0.584065	1.23314
7.241	-0.38739	1.53568	-1.80605	-1.14146	-0.232468	0.58406	1.23314
7.254	-0.390195	1.53567	-1.80605	-1.13864	-0.232468	0.58406	1.23314
7.267	-0.393007	1.53567	-1.80606	-1.13586	-0.232468	0.584058	1.23314
7.28	-0.395882	1.53566	-1.80606	-1.13309	-0.232468	0.584058	1.23314
7.293	-0.398715	1.53564	-1.80606	-1.13029	-0.232468	0.584058	1.23314
7.306	-0.401583	1.53563	-1.80607	-1.12752	-0.232468	0.584058	1.23314
7.319	-0.404494	1.53561	-1.80607	-1.12469	-0.232466	0.584058	1.23314
7.332	-0.407396	1.53559	-1.80607	-1.12179	-0.232466	0.584058	1.23314
7.345	-0.407396	1.53559	-1.80607	-1.12179	-0.232466	0.584058	1.23314
7.358	-0.410321	1.53556	-1.80608	-1.11889	-0.232466	0.584058	1.23314
7.371	-0.413252	1.53549	-1.80609	-1.11594	-0.232463	0.584058	1.23314
7.384	-0.416312	1.5354	-1.80611	-1.11298	-0.232463	0.584058	1.23314
7.397	-0.419343	1.53526	-1.80614	-1.11001	-0.232463	0.584058	1.23314
7.41	-0.422362	1.53512	-1.80616	-1.1071	-0.232463	0.584058	1.23314
7.423	-0.425369	1.5349	-1.80618	-1.10414	-0.232463	0.584058	1.23314
7.436	-0.428442	1.53465	-1.80619	-1.10114	-0.232463	0.584058	1.23314
7.449	-0.431479	1.53438	-1.80621	-1.09802	-0.232463	0.584058	1.23314
7.462	-0.434563	1.53406	-1.80624	-1.09493	-0.232463	0.584058	1.23314
7.475	-0.43764	1.53372	-1.80631	-1.09182	-0.232463	0.584058	1.23314
7.488	-0.43764	1.53372	-1.80631	-1.09182	-0.232463	0.584058	1.23314
7.501	-0.440756	1.53331	-1.80642	-1.08875	-0.232463	0.584058	1.23314
7.514	-0.443887	1.53287	-1.80651	-1.0856	-0.232463	0.584058	1.23314
7.527	-0.447029	1.53236	-1.80664	-1.08239	-0.232463	0.584058	1.23314
7.54	-0.450134	1.53179	-1.80675	-1.07917	-0.232463	0.584058	1.23314
7.553	-0.453236	1.5312	-1.8069	-1.07595	-0.232463	0.584058	1.23314
7.566	-0.456364	1.53059	-1.80711	-1.07278	-0.232461	0.584058	1.23314
7.579	-0.459538	1.52997	-1.80733	-1.0696	-0.232461	0.584058	1.23314
7.592	-0.462674	1.52937	-1.8076	-1.0664	-0.232461	0.584056	1.23314
7.605	-0.465755	1.52873	-1.8079	-1.06324	-0.232461	0.584056	1.23314
7.618	-0.465755	1.52873	-1.8079	-1.06324	-0.232461	0.584056	1.23314
7.631	-0.46882	1.52807	-1.80819	-1.06004	-0.232463	0.584056	1.23314
7.644	-0.47185	1.52735	-1.80843	-1.05678	-0.232461	0.584056	1.23314
7.657	-0.474987	1.52668	-1.80868	-1.05348	-0.232463	0.584056	1.23314
7.67	-0.478077	1.52599	-1.80897	-1.05023	-0.232463	0.584056	1.23314
7.683	-0.481159	1.52535	-1.80926	-1.047	-0.232463	0.584056	1.23314
7.696	-0.484161	1.52474	-1.80967	-1.04375	-0.232463	0.584056	1.23314
7.709	-0.487185	1.52413	-1.81008	-1.0405	-0.232463	0.584056	1.23314
7.722	-0.490103	1.52347	-1.81036	-1.03719	-0.232463	0.584056	1.23314
7.735	-0.493015	1.52279	-1.81057	-1.03392	-0.232463	0.584056	1.23314
7.748	-0.49589	1.52213	-1.8108	-1.03068	-0.232463	0.584056	1.23314
7.761	-0.49589	1.52213	-1.8108	-1.03068	-0.232463	0.584056	1.23314
7.774	-0.498801	1.52148	-1.81104	-1.02747	-0.232463	0.584056	1.23314
7.787	-0.501684	1.52088	-1.81121	-1.02423	-0.232461	0.584056	1.23314
7.8	-0.504505	1.52026	-1.81144	-1.02092	-0.232463	0.584056	1.23314
7.813	-0.507282	1.51967	-1.81166	-1.01758	-0.232461	0.584056	1.23314
7.826	-0.510057	1.51905	-1.81187	-1.01425	-0.232461	0.584056	1.23314
7.839	-0.512812	1.51848	-1.81205	-1.01095	-0.232461	0.584056	1.23314
7.852	-0.515512	1.51789	-1.81226	-1.00765	-0.232461	0.584056	1.23314
7.865	-0.518249	1.51731	-1.81244	-1.00438	-0.232461	0.584056	1.23314
7.878	-0.520913	1.51669	-1.81261	-1.00104	-0.232461	0.584056	1.23314
7.891	-0.520913	1.51669	-1.81261	-1.00104	-0.232461	0.584056	1.23314
7.904	-0.523494	1.5161	-1.81279	-0.997624	-0.232461	0.584056	1.23314
7.917	-0.526118	1.51549	-1.81301	-0.994276	-0.232461	0.584056	1.23314
7.93	-0.528697	1.51491	-1.81328	-0.990971	-0.232461	0.584056	1.23314
7.943	-0.531253	1.51434	-1.81363	-0.98767	-0.232461	0.584056	1.23314
7.956	-0.53389	1.51375	-1.81394	-0.984473	-0.232461	0.584056	1.23314
7.969	-0.536439	1.51309	-1.81417	-0.981277	-0.232461	0.584056	1.23314
7.982	-0.53895	1.51245	-1.81434	-0.978044	-0.232461	0.584056	1.23314
7.995	-0.541485	1.51181	-1.81446	-0.974815	-0.232461	0.584056	1.23314
8.008	-0.543974	1.51119	-1.81463	-0.97165	-0.232461	0.584056	1.23314
8.021	-0.546437	1.51059	-1.81484	-0.968542	-0.232461	0.584056	1.23314
8.034	-0.546437	1.51059	-1.81484	-0.968542	-0.232461	0.584056	1.23314
8.047	-0.54896	1.51	-1.81504	-0.9655	-0.232461	0.584056	1.23314
8.06	-0.551495	1.50939	-1.81531	-0.962485	-0.232461	0.584056	1.23314
8.073	-0.554024	1.50877	-1.81556	-0.959396	-0.232461	0.584056	1.23314
8.086	-0.55661	1.50811	-1.81577	-0.956341	-0.232461	0.584056	1.23314
8.099	-0.559138	1.5075	-1.81591	-0.953265	-0.232463	0.584058	1.23314
8.112	-0.561672	1.50689	-1.81611	-0.95026	-0.232463	0.584058	1.23314
8.125	-0.564227	1.5063	-1.81632	-0.947293	-0.232463	0.58406	1.23314
8.138	-0.566745	1.50574	-1.8165	-0.944265	-0.232461	0.584063	1.23314
8.151	-0.569245	1.50517	-1.81672	-0.941217	-0.232461	0.58407	1.23314
8.164	-0.569245	1.50517	-1.81672	-0.941217	-0.232461	0.58407	1.23314
8.177	-0.571762	1.50455	-1.81693	-0.938214	-0.232461	0.584094	1.23314
8.19	-0.57421	1.50395	-1.81719	-0.93515	-0.232461	0.584191	1.23314
8.203	-0.576777	1.50337	-1.81751	-0.932103	-0.232461	0.584436	1.23314
8.216	-0.57931	1.50284	-1.81784	-0.929005	-0.232461	0.584891	1.23314
8.229	-0.581724	1.50226	-1.81809	-0.925934	-0.232461	0.585899	1.23314
8.242	-0.5842	1.50166	-1.81826	-0.922933	-0.232463	0.587257	1.23314
8.255	-0.586571	1.50107	-1.81842	-0.919882	-0.232461	0.587973	1.23314
8.268	-0.588946	1.50047	-1.81859	-0.916792	-0.232463	0.58843	1.23314
8.281	-0.591365	1.4999	-1.81873	-0.913761	-0.232461	0.588806	1.23314
8.294	-0.593708	1.49936	-1.81887	-0.910732	-0.232463	0.589791	1.23314
8.307	-0.593708	1.49936	-1.81887	-0.910732	-0.232463	0.589791	1.23314
8.32	-0.596141	1.49884	-1.81902	-0.907802	-0.232461	0.591455	1.23314
8.333	-0.59853	1.49828	-1.81919	-0.904876	-0.232461	0.592592	1.23314
8.346	-0.600858	1.49775	-1.81934	-0.901816	-0.232461	0.594273	1.23314
8.359	-0.603212	1.49717	-1.81942	-0.898878	-0.232461	0.596006	1.23314
8.372	-0.605493	1.49661	-1.81947	-0.895938	-0.232461	0.597565	1.23314
8.385	-0.607841	1.49603	-1.81952	-0.893105	-0.232461	0.599459	1.23314
8.398	-0.610177	1.49544	-1.81957	-0.890276	-0.232461	0.600656	1.23314
8.411	-0.612516	1.49485	-1.81959	-0.887509	-0.232461	0.602144	1.23314
8.424	-0.614882	1.49425	-1.81964	-0.884797	-0.232461	0.603199	1.23314
8.437	-0.617168	1.49369	-1.81967	-0.881962	-0.232461	0.603498	1.23314
8.45	-0.617168	1.49369	-1.81967	-0.881962	-0.232461	0.603498	1.23314
8.463	-0.619508	1.4931	-1.81968	-0.879182	-0.232461	0.603521	1.23314
8.476	-0.621798	1.49251	-1.81968	-0.87643	-0.232461	0.603519	1.23314
8.489	-0.624147	1.49198	-1.81969	-0.873662	-0.232461	0.603517	1.23314
8.502	-0.626467	1.49138	-1.81971	-0.870935	-0.232461	0.603517	1.23314
8.515	-0.628739	1.49081	-1.81973	-0.868201	-0.232461	0.603517	1.23314
8.528	-0.631122	1.49023	-1.81976	-0.865511	-0.232461	0.603517	1.23314
8.541	-0.6334	1.48965	-1.81981	-0.862689	-0.232461	0.603517	1.23314
8.554	-0.635747	1.48908	-1.81983	-0.859895	-0.232461	0.603517	1.23314
8.567	-0.638091	1.48847	-1.81983	-0.857114	-0.232461	0.603517	1.23314
8.58	-0.638091	1.48847	-1.81983	-0.857114	-0.232461	0.603517	1.23314
8.593	-0.640375	1.48793	-1.81983	-0.854241	-0.232461	0.603517	1.23314
8.606	-0.642748	1.48738	-1.81984	-0.851533	-0.232461	0.603519	1.23314
8.619	-0.645048	1.48684	-1.81987	-0.848863	-0.232461	0.603522	1.23314
8.632	-0.647428	1.48629	-1.8199	-0.846247	-0.232461	0.603533	1.23314
8.645	-0.649775	1.48573	-1.81996	-0.843657	-0.232461	0.603562	1.23314
8.658	-0.652077	1.48514	-1.82006	-0.841122	-0.232461	0.603638	1.23314
8.671	-0.65446	1.48454	-1.82016	-0.838637	-0.232461	0.603787	1.23314
8.684	-0.656752	1.48391	-1.82024	-0.836169	-0.232461	0.604061	1.23314
8.697	-0.659123	1.48332	-1.82036	-0.83383	-0.232461	0.604463	1.23314
8.71	-0.661405	1.48269	-1.82053	-0.831435	-0.232461	0.60537	1.23314
8.723	-0.661405	1.48269	-1.82053	-0.831435	-0.232461	0.60537	1.23314
8.736	-0.663654	1.48207	-1.8207	-0.829109	-0.232461	0.606795	1.23314
8.749	-0.665948	1.48144	-1.82087	-0.826764	-0.232461	0.607528	1.23314
8.762	-0.668127	1.48082	-1.82108	-0.824268	-0.232461	0.607876	1.23314
8.775	-0.670419	1.48021	-1.82138	-0.821921	-0.232461	0.608015	1.23314
8.788	-0.672626	1.47967	-1.82175	-0.819454	-0.232461	0.608041	1.23314
8.801	-0.674843	1.4791	-1.82201	-0.817059	-0.232461	0.608048	1.23314
8.814	-0.677033	1.47849	-1.82218	-0.814743	-0.232461	0.608054	1.23314
8.827	-0.679142	1.47789	-1.82231	-0.812327	-0.232461	0.608061	1.23314
8.84	-0.681289	1.47728	-1.82239	-0.810086	-0.232461	0.608065	1.23314
8.853	-0.681289	1.47728	-1.82239	-0.810086	-0.232461	0.608065	1.23314
8.866	-0.68336	1.47673	-1.82247	-0.807703	-0.232461	0.608068	1.23314
8.879	-0.685452	1.47614	-1.82255	-0.805452	-0.232461	0.608075	1.23314
8.892	-0.687497	1.47558	-1.8226	-0.803092	-0.232461	0.608087	1.23314
8.905	-0.689616	1.47504	-1.82262	-0.800807	-0.232461	0.608107	1.23314
8.918	-0.69166	1.47451	-1.82267	-0.79857	-0.232461	0.608135	1.23314
8.931	-0.693761	1.47398	-1.82268	-0.796275	-0.232461	0.608164	1.23314
8.944	-0.695806	1.47343	-1.82268	-0.794056	-0.232461	0.608198	1.23314
8.957	-0.697893	1.47287	-1.82267	-0.791768	-0.232461	0.608267	1.23314
8.97	-0.699888	1.47235	-1.82266	-0.789539	-0.232461	0.608479	1.23314
8.983	-0.70197	1.4718	-1.82266	-0.787382	-0.232461	0.609449	1.23314
8.996	-0.70197	1.4718	-1.82266	-0.787382	-0.232461	0.609449	1.23314
9.009	-0.703925	1.47126	-1.82266	-0.785165	-0.232459	0.61123	1.23314
9.022	-0.70594	1.47071	-1.82266	-0.783034	-0.232459	0.612585	1.23314
9.035	-0.707963	1.47012	-1.82266	-0.780781	-0.232459	0.614737	1.23314
9.048	-0.709986	1.46952	-1.82266	-0.778669	-0.232459	0.616537	1.23314
9.061	-0.712039	1.4689	-1.82266	-0.776497	-0.232459	0.618814	1.23314
9.074	-0.714068	1.46831	-1.82266	-0.774381	-0.232459	0.620486	1.23314
9.087	-0.716139	1.46772	-1.82266	-0.772256	-0.232459	0.622385	1.23314
9.1	-0.718092	1.46711	-1.82266	-0.770123	-0.232459	0.623367	1.23314
9.113	-0.72011	1.46651	-1.82266	-0.768005	-0.232459	0.623732	1.23314
9.126	-0.72011	1.46651	-1.82266	-0.768005	-0.232459	0.623732	1.23314
9.139	-0.722001	1.46591	-1.82268	-0.765787	-0.232459	0.623795	1.23314
9.152	-0.723934	1.46526	-1.8227	-0.763686	-0.232459	0.62379	1.23314
9.165	-0.725785	1.46461	-1.82273	-0.761392	-0.232459	0.623788	1.23314
9.178	-0.727667	1.46393	-1.82273	-0.759286	-0.232459	0.623788	1.23314
9.191	-0.729536	1.4633	-1.82277	-0.757041	-0.232459	0.623788	1.23314
9.204	-0.731363	1.46257	-1.82288	-0.754979	-0.232459	0.623788	1.23314
9.217	-0.733268	1.46194	-1.82292	-0.752823	-0.232459	0.623788	1.23314
9.23	-0.735105	1.46122	-1.82303	-0.75079	-0.232459	0.623788	1.23314
9.243	-0.737016	1.46052	-1.82313	-0.748714	-0.232459	0.623788	1.23314
9.256	-0.738847	1.45979	-1.82326	-0.7467	-0.232459	0.623788	1.23314
9.269	-0.738847	1.45979	-1.82326	-0.7467	-0.232459	0.623788	1.23314
9.282	-0.740794	1.45908	-1.82339	-0.744676	-0.232459	0.62379	1.23314
9.295	-0.742622	1.45832	-1.82354	-0.742622	-0.232459	0.62379	1.23314
9.308	-0.744556	1.45753	-1.82364	-0.740574	-0.232459	0.62379	1.23314
9.321	-0.746356	1.45672	-1.82381	-0.738489	-0.232459	0.62379	1.23314
9.334	-0.748292	1.45593	-1.82396	-0.736539	-0.232459	0.62379	1.23314
9.347	-0.750105	1.45521	-1.82409	-0.734429	-0.232459	0.62379	1.23314
9.36	-0.752056	1.45443	-1.8242	-0.732467	-0.232459	0.62379	1.23314
9.373	-0.753908	1.45371	-1.82425	-0.730335	-0.232459	0.62379	1.23314
9.386	-0.755836	1.45302	-1.82425	-0.728312	-0.232459	0.62379	1.23314
9.399	-0.755836	1.45302	-1.82425	-0.728312	-0.232459	0.62379	1.23314
9.412	-0.757639	1.4524	-1.82425	-0.726093	-0.232459	0.62379	1.23314
9.425	-0.759484	1.45176	-1.82425	-0.724109	-0.232459	0.62379	1.23314
9.438	-0.761276	1.45126	-1.82425	-0.721946	-0.232459	0.62379	1.23314
9.451	-0.763085	1.45075	-1.82425	-0.719992	-0.232459	0.62379	1.23314
9.464	-0.764858	1.45028	-1.82425	-0.717904	-0.232459	0.62379	1.23314
9.477	-0.766683	1.44979	-1.82425	-0.716053	-0.232459	0.623791	1.23314
9.49	-0.768559	1.4493	-1.82425	-0.714076	-0.232459	0.623793	1.23314
9.503	-0.770403	1.44878	-1.82425	-0.712214	-0.232459	0.623793	1.23314
9.516	-0.772337	1.44833	-1.82425	-0.710267	-0.232459	0.623796	1.23314
9.529	-0.774173	1.44782	-1.82425	-0.708468	-0.232459	0.623798	1.23314
9.542	-0.774173	1.44782	-1.82425	-0.708468	-0.232459	0.623798	1.23314
9.555	-0.776079	1.4474	-1.82425	-0.706551	-0.232459	0.623803	1.23314
9.568	-0.777893	1.4469	-1.82425	-0.704698	-0.232459	0.623807	1.23314
9.581	-0.779789	1.44645	-1.82425	-0.702759	-0.232457	0.62381	1.23314
9.594	-0.781598	1.44587	-1.82425	-0.700857	-0.232457	0.62381	1.23314
9.607	-0.783422	1.44533	-1.82425	-0.698871	-0.232457	0.62381	1.23314
9.62	-0.785163	1.44468	-1.82425	-0.696944	-0.232457	0.62381	1.23314
9.633	-0.786943	1.44411	-1.82425	-0.694978	-0.232457	0.62381	1.23314
9.646	-0.788692	1.44345	-1.82425	-0.693102	-0.232457	0.62381	1.23314
9.659	-0.790436	1.44281	-1.82425	-0.691154	-0.232457	0.623812	1.23314
9.672	-0.790436	1.44281	-1.82425	-0.691154	-0.232457	0.623812	1.23314
9.685	-0.792209	1.44219	-1.82425	-0.689214	-0.232457	0.623812	1.23314
9.698	-0.793905	1.44156	-1.82425	-0.687141	-0.232457	0.623815	1.23314
9.711	-0.795653	1.44095	-1.82425	-0.685087	-0.232457	0.623824	1.23314
9.724	-0.797322	1.44035	-1.82425	-0.682869	-0.232457	0.623839	1.23314
9.737	-0.799057	1.43979	-1.82425	-0.680819	-0.232457	0.623863	1.23314
9.75	-0.800705	1.4392	-1.82425	-0.678587	-0.232457	0.623999	1.23314
9.763	-0.802361	1.43861	-1.82425	-0.676551	-0.232457	0.624504	1.23314
9.776	-0.803989	1.43807	-1.82425	-0.674366	-0.232457	0.625939	1.23314
9.789	-0.805626	1.43751	-1.82425	-0.672316	-0.232457	0.627176	1.23314
9.802	-0.807349	1.43698	-1.82425	-0.670169	-0.232457	0.628051	1.23314
9.815	-0.807349	1.43698	-1.82425	-0.670169	-0.232457	0.628051	1.23314
9.828	-0.808961	1.4364	-1.82425	-0.668001	-0.232457	0.629566	1.23314
9.841	-0.810642	1.43589	-1.82425	-0.665872	-0.232457	0.6312	1.23314
9.854	-0.812241	1.43539	-1.82425	-0.663596	-0.232457	0.632419	1.23314
9.867	-0.813844	1.43489	-1.82425	-0.661459	-0.232457	0.634294	1.23314
9.88	-0.815376	1.43445	-1.82425	-0.659186	-0.232457	0.635562	1.23314
9.893	-0.816884	1.43397	-1.82425	-0.657041	-0.232457	0.636709	1.23314
9.906	-0.81844	1.43353	-1.82425	-0.654821	-0.232457	0.638201	1.23314
9.919	-0.819882	1.43309	-1.82425	-0.652635	-0.232455	0.638768	1.23314
9.932	-0.821339	1.43266	-1.82425	-0.650426	-0.232455	0.63879	1.23314
9.945	-0.822785	1.43227	-1.82425	-0.648173	-0.232455	0.63878	1.23314
9.958	-0.822785	1.43227	-1.82425	-0.648173	-0.232455	0.63878	1.23314
9.971	-0.824236	1.43183	-1.82425	-0.645935	-0.232455	0.638778	1.23314
9.984	-0.82567	1.43142	-1.82425	-0.643671	-0.232455	0.638775	1.23314
9.997	-0.827161	1.43098	-1.82425	-0.641468	-0.232455	0.638773	1.23314
10.01	-0.828658	1.43055	-1.82425	-0.639184	-0.232453	0.638772	1.23314
10.023	-0.830185	1.43012	-1.82425	-0.637049	-0.232453	0.638772	1.23314
10.036	-0.831751	1.42966	-1.82425	-0.634816	-0.232453	0.63877	1.23314
10.049	-0.833294	1.42922	-1.82424	-0.632637	-0.232451	0.63877	1.23314
10.062	-0.834916	1.42882	-1.82425	-0.63044	-0.232451	0.63877	1.23314
10.075	-0.836448	1.42837	-1.82425	-0.628232	-0.232451	0.63877	1.23314
10.088	-0.836448	1.42837	-1.82425	-0.628232	-0.232451	0.63877	1.23314
10.101	-0.838089	1.42796	-1.82425	-0.626163	-0.232449	0.63877	1.23314
10.114	-0.839636	1.42753	-1.82425	-0.62397	-0.232449	0.63877	1.23314
10.127	-0.841216	1.4271	-1.82425	-0.621936	-0.232449	0.63877	1.23314
10.14	-0.842811	1.4267	-1.82425	-0.61972	-0.232449	0.63877	1.23314
10.153	-0.84439	1.42628	-1.82425	-0.617634	-0.232449	0.63877	1.23314
10.166	-0.846012	1.42592	-1.82425	-0.615457	-0.232449	0.63877	1.23314
10.179	-0.847536	1.4255	-1.82424	-0.613236	-0.232449	0.63877	1.23314
10.192	-0.849134	1.42511	-1.82424	-0.610986	-0.232449	0.63877	1.23314
10.205	-0.850657	1.42477	-1.82424	-0.608648	-0.232449	0.638772	1.23314
10.218	-0.852171	1.42438	-1.82424	-0.606423	-0.232449	0.638772	1.23314
10.231	-0.852171	1.42438	-1.82424	-0.606423	-0.232449	0.638772	1.23314
10.244	-0.853637	1.42405	-1.82424	-0.604108	-0.232447	0.638772	1.23314
10.257	-0.855053	1.42371	-1.82424	-0.60188	-0.232447	0.638772	1.23314
10.27	-0.856444	1.4234	-1.82424	-0.599638	-0.232447	0.638772	1.23314
10.283	-0.85788	1.42311	-1.82424	-0.597529	-0.232447	0.638773	1.23314
10.296	-0.859313	1.42282	-1.82424	-0.595413	-0.232447	0.638772	1.23314
10.309	-0.860642	1.42259	-1.82424	-0.59333	-0.232447	0.638773	1.23314
10.322	-0.8621	1.42237	-1.82424	-0.591268	-0.232447	0.638773	1.23314
10.335	-0.863443	1.42218	-1.82424	-0.589169	-0.232447	0.638773	1.23314
10.348	-0.864837	1.42202	-1.82424	-0.587201	-0.232447	0.638773	1.23314
10.361	-0.864837	1.42202	-1.82424	-0.587201	-0.232447	0.638773	1.23314
10.374	-0.866197	1.42192	-1.82424	-0.585165	-0.232447	0.638773	1.23314
10.387	-0.86758	1.42178	-1.82424	-0.583245	-0.232447	0.638775	1.23314
10.4	-0.868928	1.42169	-1.82424	-0.581297	-0.232447	0.638789	1.23314
10.413	-0.870297	1.42159	-1.82424	-0.579436	-0.232447	0.638869	1.23314
10.426	-0.871615	1.4215	-1.82424	-0.577535	-0.232447	0.639332	1.23314
10.439	-0.87299	1.42137	-1.82424	-0.575741	-0.232447	0.640372	1.23314
10.452	-0.874232	1.42126	-1.82424	-0.573894	-0.232447	0.642187	1.23314
10.465	-0.875547	1.42108	-1.82424	-0.572085	-0.232447	0.643563	1.23314
10.478	-0.876794	1.42092	-1.82424	-0.57032	-0.232445	0.645308	1.23314
10.491	-0.878002	1.4207	-1.82424	-0.56837	-0.232445	0.646847	1.23314
10.504	-0.878002	1.4207	-1.82424	-0.56837	-0.232445	0.646847	1.23314
10.517	-0.879201	1.42049	-1.82424	-0.566482	-0.232443	0.647739	1.23314
10.53	-0.88034	1.42026	-1.82424	-0.564509	-0.232443	0.649172	1.23314
10.543	-0.881429	1.41998	-1.82424	-0.562571	-0.232443	0.650571	1.23314
10.556	-0.8825	1.41969	-1.82424	-0.56057	-0.232443	0.651125	1.23314
10.569	-0.88351	1.41936	-1.82424	-0.558682	-0.232441	0.651275	1.23314
10.582	-0.884553	1.41898	-1.82424	-0.556804	-0.232441	0.651289	1.23314
10.595	-0.885566	1.41861	-1.82424	-0.554989	-0.232441	0.651285	1.23314
10.608	-0.886642	1.41823	-1.82424	-0.553124	-0.232441	0.651285	1.23314
10.621	-0.887671	1.41786	-1.82424	-0.551414	-0.232441	0.651285	1.23314
10.634	-0.887671	1.41786	-1.82424	-0.551414	-0.232441	0.651285	1.23314
10.647	-0.888769	1.41748	-1.82424	-0.549704	-0.232439	0.651285	1.23314
10.66	-0.889856	1.41709	-1.82424	-0.548085	-0.232439	0.651285	1.23314
10.673	-0.890988	1.41669	-1.82424	-0.546505	-0.232439	0.651285	1.23314
10.686	-0.892182	1.4163	-1.82424	-0.544984	-0.232437	0.651285	1.23314
10.699	-0.893303	1.41595	-1.82424	-0.543525	-0.232437	0.651285	1.23314
10.712	-0.894493	1.41555	-1.82424	-0.542022	-0.232437	0.651285	1.23314
10.725	-0.895652	1.41517	-1.82424	-0.540589	-0.232437	0.651287	1.23314
10.738	-0.896825	1.41479	-1.82424	-0.539166	-0.232435	0.651289	1.23314
10.751	-0.897981	1.41436	-1.82424	-0.537619	-0.232435	0.651297	1.23314
10.764	-0.899146	1.41396	-1.82424	-0.536171	-0.232435	0.65134	1.23314
10.777	-0.899146	1.41396	-1.82424	-0.536171	-0.232435	0.65134	1.23314
10.79	-0.900282	1.41361	-1.82424	-0.534698	-0.232435	0.651609	1.23314
10.803	-0.901399	1.41322	-1.82424	-0.53315	-0.232435	0.65254	1.23314
10.816	-0.902496	1.41289	-1.82424	-0.531704	-0.232435	0.654261	1.23314
10.829	-0.903528	1.41254	-1.82424	-0.530133	-0.232435	0.655473	1.23314
10.842	-0.904632	1.41224	-1.82424	-0.52872	-0.232435	0.657137	1.23314
10.855	-0.905625	1.41195	-1.82424	-0.527189	-0.232435	0.658432	1.23314
10.868	-0.906722	1.41169	-1.82424	-0.525647	-0.232435	0.65888	1.23314
10.881	-0.907706	1.41144	-1.82424	-0.524196	-0.232435	0.658945	1.23314
10.894	-0.908726	1.41122	-1.82424	-0.522685	-0.232433	0.65894	1.23314
10.907	-0.908726	1.41122	-1.82424	-0.522685	-0.232433	0.65894	1.23314
10.92	-0.909744	1.411	-1.82424	-0.521197	-0.232433	0.65894	1.23314
10.933	-0.910713	1.41079	-1.82424	-0.519759	-0.232433	0.658938	1.23314
10.946	-0.911703	1.41061	-1.82424	-0.51823	-0.232433	0.658938	1.23314
10.959	-0.912675	1.41044	-1.82424	-0.516694	-0.232433	0.658938	1.23314
10.972	-0.913604	1.41031	-1.82424	-0.515139	-0.232433	0.658938	1.23314
10.985	-0.914571	1.41017	-1.82424	-0.513573	-0.232433	0.658938	1.23314
10.998	-0.915448	1.41002	-1.82423	-0.512173	-0.232431	0.658937	1.23314
11.011	-0.916378	1.40985	-1.82423	-0.510718	-0.232425	0.658937	1.23314
11.024	-0.917272	1.40967	-1.82423	-0.509363	-0.232412	0.658937	1.23314
11.037	-0.918173	1.40955	-1.82423	-0.508198	-0.2324	0.658937	1.23314
11.05	-0.918173	1.40955	-1.82423	-0.508198	-0.2324	0.658937	1.23314
11.063	-0.919055	1.4094	-1.82423	-0.507027	-0.232384	0.658937	1.23314
11.076	-0.920009	1.40931	-1.82423	-0.505932	-0.232367	0.658938	1.23314
11.089	-0.920874	1.40925	-1.82423	-0.504821	-0.232349	0.658938	1.23314
11.102	-0.921769	1.40921	-1.82423	-0.503783	-0.232312	0.658938	1.23314
11.115	-0.922711	1.40915	-1.82423	-0.502699	-0.232281	0.658938	1.23314
11.128	-0.92362	1.40908	-1.82423	-0.501731	-0.232271	0.658938	1.23314
11.141	-0.924492	1.40902	-1.82423	-0.500691	-0.232259	0.658938	1.23314
11.154	-0.925339	1.40893	-1.82423	-0.499578	-0.232251	0.65894	1.23314
11.167	-0.92623	1.40884	-1.82423	-0.498498	-0.232249	0.65894	1.23314
11.18	-0.92623	1.40884	-1.82423	-0.498498	-0.232249	0.65894	1.23314
11.193	-0.927025	1.40872	-1.82423	-0.497461	-0.232251	0.658942	1.23314
11.206	-0.92779	1.40861	-1.82423	-0.496452	-0.232251	0.658948	1.23314
11.219	-0.928546	1.40843	-1.82423	-0.49528	-0.232251	0.658972	1.23314
11.232	-0.92931	1.40821	-1.82423	-0.494173	-0.232251	0.659053	1.23314
11.245	-0.929987	1.40799	-1.82423	-0.493175	-0.232251	0.659361	1.23314
11.258	-0.930624	1.40772	-1.82423	-0.492225	-0.232251	0.660102	1.23314
11.271	-0.931272	1.40744	-1.82423	-0.491195	-0.232251	0.661457	1.23314
11.284	-0.931942	1.40717	-1.82423	-0.490221	-0.232251	0.662207	1.23314
11.297	-0.932535	1.40692	-1.82423	-0.489294	-0.232251	0.662373	1.23314
11.31	-0.933168	1.40668	-1.82423	-0.488408	-0.232251	0.662371	1.23314
11.323	-0.933168	1.40668	-1.82423	-0.488408	-0.232251	0.662371	1.23314
11.336	-0.9338	1.40643	-1.82423	-0.487452	-0.232251	0.662369	1.23314
11.349	-0.934408	1.4062	-1.82423	-0.486556	-0.232251	0.662369	1.23314
11.362	-0.934941	1.40597	-1.82423	-0.485766	-0.232251	0.662369	1.23314
11.375	-0.935466	1.40573	-1.82423	-0.484951	-0.232251	0.662369	1.23314
11.388	-0.935985	1.40549	-1.82423	-0.484019	-0.232251	0.662369	1.23314
11.401	-0.936513	1.40529	-1.82423	-0.48308	-0.232251	0.662369	1.23314
11.414	-0.936954	1.40514	-1.82423	-0.482273	-0.232253	0.662369	1.23314
11.427	-0.937368	1.40501	-1.82423	-0.481573	-0.232253	0.662369	1.23314
11.44	-0.937767	1.4049	-1.82423	-0.480888	-0.232253	0.662369	1.23314
11.453	-0.937767	1.4049	-1.82423	-0.480888	-0.232253	0.662369	1.23314
11.466	-0.938159	1.40481	-1.82423	-0.48019	-0.232253	0.662369	1.23314
11.479	-0.938528	1.40474	-1.82423	-0.479522	-0.232253	0.662368	1.23314
11.492	-0.938847	1.40472	-1.82423	-0.478959	-0.232253	0.662368	1.23314
11.505	-0.939151	1.40471	-1.82423	-0.478479	-0.232253	0.662368	1.23314
11.518	-0.939453	1.40471	-1.82423	-0.478039	-0.232253	0.662368	1.23314
11.531	-0.939748	1.40471	-1.82423	-0.477642	-0.232253	0.662368	1.23314
11.544	-0.94004	1.40472	-1.82423	-0.477279	-0.232253	0.662368	1.23314
11.557	-0.940288	1.40472	-1.82423	-0.476925	-0.232253	0.662368	1.23314
11.57	-0.9405	1.40472	-1.82423	-0.476575	-0.232253	0.662368	1.23314
11.583	-0.940681	1.40471	-1.82423	-0.476247	-0.232253	0.662368	1.23314
11.596	-0.940681	1.40471	-1.82423	-0.476247	-0.232253	0.662368	1.23314
11.609	-0.94083	1.40471	-1.82423	-0.475952	-0.232253	0.662368	1.23314
11.622	-0.940935	1.40472	-1.82423	-0.475689	-0.232253	0.662368	1.23314
11.635	-0.941019	1.40471	-1.82423	-0.475459	-0.232253	0.662369	1.23314
11.648	-0.941087	1.40471	-1.82423	-0.475269	-0.232253	0.662369	1.23314
11.661	-0.941124	1.40471	-1.82423	-0.475129	-0.232251	0.662369	1.23314
11.674	-0.941132	1.40471	-1.82423	-0.474986	-0.232247	0.662369	1.23314
11.687	-0.94113	1.40469	-1.82423	-0.47483	-0.232241	0.662369	1.23314
11.7	-0.941128	1.40467	-1.82423	-0.474665	-0.232241	0.662369	1.23314
11.713	-0.941126	1.40465	-1.82423	-0.474506	-0.232241	0.662371	1.23314
11.726	-0.941125	1.40465	-1.82423	-0.474367	-0.232238	0.662371	1.23314
11.739	-0.941125	1.40465	-1.82423	-0.474367	-0.232238	0.662371	1.23314
11.752	-0.941125	1.40464	-1.82423	-0.474202	-0.232236	0.662371	1.23314
11.765	-0.941125	1.40463	-1.82423	-0.47399	-0.232236	0.662373	1.23314
11.778	-0.941125	1.40461	-1.82423	-0.473757	-0.232236	0.662373	1.23314
11.791	-0.941124	1.40461	-1.82423	-0.473469	-0.232236	0.662374	1.23314
11.804	-0.941124	1.40461	-1.82423	-0.47316	-0.232236	0.662381	1.23314
11.817	-0.941124	1.40461	-1.82423	-0.472898	-0.232236	0.662386	1.23314
11.83	-0.941124	1.40462	-1.82423	-0.472674	-0.232236	0.662386	1.23314
11.843	-0.941124	1.40464	-1.82423	-0.472484	-0.232236	0.662386	1.23314
11.856	-0.941124	1.40466	-1.82423	-0.472348	-0.232236	0.662385	1.23314
11.869	-0.941124	1.40466	-1.82423	-0.472348	-0.232236	0.662385	1.23314
11.882	-0.941124	1.40467	-1.82423	-0.472281	-0.232236	0.662383	1.23314
11.895	-0.941126	1.40467	-1.82423	-0.472273	-0.232236	0.662383	1.23314
11.908	-0.941153	1.40468	-1.82423	-0.472273	-0.232236	0.662383	1.23314
11.921	-0.941197	1.40468	-1.82423	-0.472273	-0.232236	0.662383	1.23314
11.934	-0.941235	1.40469	-1.82423	-0.472273	-0.232236	0.662383	1.23314
11.947	-0.941287	1.4047	-1.82423	-0.472273	-0.232238	0.662381	1.23314
11.96	-0.94134	1.40471	-1.82423	-0.472272	-0.232236	0.662381	1.23314
11.973	-0.941367	1.40471	-1.82423	-0.472272	-0.232238	0.662381	1.23314
11.986	-0.941378	1.40471	-1.82423	-0.472272	-0.232238	0.662381	1.23314
11.999	-0.941383	1.40471	-1.82423	-0.47227	-0.232238	0.662381	1.23314
12.012	-0.941383	1.40471	-1.82423	-0.47227	-0.232238	0.662381	1.23314
12.025	-0.941395	1.40471	-1.82423	-0.47227	-0.232238	0.662381	1.23314
12.038	-0.941431	1.40472	-1.82423	-0.47227	-0.232238	0.662383	1.23314
12.051	-0.941463	1.40472	-1.82423	-0.47227	-0.232238	0.662383	1.23314
12.064	-0.9415	1.40474	-1.82423	-0.47227	-0.232238	0.662383	1.23314
12.077	-0.941551	1.40478	-1.82423	-0.47227	-0.232238	0.662383	1.23314
12.09	-0.941605	1.40482	-1.82423	-0.47227	-0.232238	0.662381	1.23314
12.103	-0.941671	1.40484	-1.82423	-0.47227	-0.232238	0.662381	1.23314
12.116	-0.94175	1.40484	-1.82423	-0.47227	-0.232238	0.662381	1.23314
12.129	-0.941831	1.40484	-1.82423	-0.47227	-0.232238	0.662381	1.23314
12.142	-0.941831	1.40484	-1.82423	-0.47227	-0.232238	0.662381	1.23314
12.155	-0.941911	1.40484	-1.82423	-0.47227	-0.232238	0.662381	1.23314
12.168	-0.942001	1.40484	-1.82423	-0.47227	-0.232238	0.662381	1.23314
12.181	-0.942092	1.40485	-1.82423	-0.47227	-0.232238	0.662381	1.23314
12.194	-0.94218	1.40485	-1.82423	-0.47227	-0.232238	0.662381	1.23314
12.207	-0.94226	1.40485	-1.82423	-0.47227	-0.232238	0.662381	1.23314
12.22	-0.94232	1.40485	-1.82423	-0.47227	-0.232238	0.662381	1.23314
12.233	-0.94236	1.40485	-1.82423	-0.47227	-0.232238	0.66238	1.23314
12.246	-0.942379	1.40486	-1.82423	-0.47227	-0.232238	0.66238	1.23314
12.259	-0.942379	1.40486	-1.82423	-0.472269	-0.232238	0.662381	1.23314
12.272	-0.942377	1.40486	-1.82423	-0.472268	-0.232238	0.66238	1.23314
12.285	-0.942377	1.40486	-1.82423	-0.472268	-0.232238	0.66238	1.23314
12.298	-0.942373	1.40486	-1.82423	-0.47226	-0.232238	0.66238	1.23314
12.311	-0.942371	1.40486	-1.82423	-0.472236	-0.232238	0.662381	1.23314
12.324	-0.942371	1.40486	-1.82423	-0.472175	-0.232238	0.662381	1.23314
12.337	-0.94237	1.40486	-1.82423	-0.472116	-0.232238	0.662381	1.23314
12.35	-0.942369	1.40486	-1.82423	-0.472027	-0.232238	0.662381	1.23314
12.363	-0.942369	1.40486	-1.82423	-0.471965	-0.232238	0.662381	1.23314
12.376	-0.942369	1.40486	-1.82423	-0.471938	-0.232238	0.662381	1.23314
12.389	-0.942369	1.40486	-1.82423	-0.471906	-0.232238	0.662381	1.23314
12.402	-0.942369	1.40486	-1.82423	-0.471865	-0.232238	0.66238	1.23314
12.415	-0.942369	1.40486	-1.82423	-0.471865	-0.232238	0.66238	1.23314
12.428	-0.942368	1.40486	-1.82423	-0.471833	-0.232238	0.66238	1.23314
12.441	-0.942369	1.40486	-1.82423	-0.471815	-0.232238	0.662381	1.23314
12.454	-0.942369	1.40486	-1.82423	-0.471791	-0.232238	0.662381	1.23314
12.467	-0.942369	1.40486	-1.82423	-0.471744	-0.232238	0.662381	1.23314
12.48	-0.942369	1.40486	-1.82423	-0.471712	-0.232238	0.662381	1.23314
12.493	-0.942369	1.40486	-1.82423	-0.471691	-0.232238	0.662381	1.23314
12.506	-0.942368	1.40486	-1.82423	-0.471643	-0.232238	0.662381	1.23314
12.519	-0.942368	1.40486	-1.82423	-0.471552	-0.232238	0.662381	1.23314
12.532	-0.942368	1.40486	-1.82423	-0.47148	-0.232238	0.662381	1.23314
12.545	-0.942366	1.40486	-1.82423	-0.471396	-0.232238	0.662381	1.23314
12.558	-0.942366	1.40486	-1.82423	-0.471396	-0.232238	0.662381	1.23314
12.571	-0.942366	1.40486	-1.82423	-0.471296	-0.232236	0.662381	1.23314
12.584	-0.942366	1.40486	-1.82423	-0.471217	-0.232236	0.662381	1.23314
12.597	-0.942368	1.40486	-1.82423	-0.47116	-0.232236	0.662381	1.23314
12.61	-0.942366	1.40486	-1.82423	-0.471121	-0.232236	0.662381	1.23314
12.623	-0.942366	1.40486	-1.82423	-0.471105	-0.232236	0.662381	1.23314
12.636	-0.942368	1.40486	-1.82423	-0.471102	-0.232236	0.662381	1.23314
12.649	-0.942368	1.40486	-1.82423	-0.471098	-0.232236	0.662381	1.23314
12.662	-0.942366	1.40486	-1.82423	-0.471085	-0.232236	0.662381	1.23314
12.675	-0.942366	1.40486	-1.82423	-0.471062	-0.232236	0.662381	1.23314
12.688	-0.942366	1.40486	-1.82423	-0.471062	-0.232236	0.662381	1.23314
12.701	-0.942366	1.40486	-1.82423	-0.471036	-0.232236	0.662381	1.23314
12.714	-0.942366	1.40486	-1.82423	-0.470977	-0.232236	0.662381	1.23314
12.727	-0.942366	1.40486	-1.82423	-0.470914	-0.232236	0.662381	1.23314
12.74	-0.942366	1.40486	-1.82423	-0.470866	-0.232236	0.662381	1.23314
12.753	-0.942366	1.40486	-1.82423	-0.470796	-0.232236	0.662381	1.23314
12.766	-0.942366	1.40486	-1.82423	-0.470688	-0.232236	0.662381	1.23314
12.779	-0.942366	1.40486	-1.82423	-0.470575	-0.232236	0.662381	1.23314
12.792	-0.942366	1.40486	-1.82423	-0.470472	-0.232236	0.662381	1.23314
12.805	-0.942366	1.40486	-1.82423	-0.470364	-0.232236	0.662383	1.23314
12.818	-0.942366	1.40486	-1.82423	-0.470285	-0.232236	0.662383	1.23314
12.831	-0.942366	1.40486	-1.82423	-0.470285	-0.232236	0.662383	1.23314
12.844	-0.942366	1.40486	-1.82423	-0.470249	-0.232236	0.662383	1.23314
12.857	-0.942366	1.40486	-1.82423	-0.470225	-0.232236	0.662381	1.23314
12.87	-0.942366	1.40486	-1.82423	-0.470215	-0.232236	0.662381	1.23314
12.883	-0.942366	1.40487	-1.82423	-0.470216	-0.232236	0.662381	1.23314
12.896	-0.942368	1.40487	-1.82423	-0.470219	-0.232238	0.662381	1.23314
12.909	-0.942368	1.40487	-1.82423	-0.470221	-0.232238	0.662381	1.23314
12.922	-0.942369	1.40487	-1.82423	-0.470224	-0.232238	0.662381	1.23314
12.935	-0.942374	1.40487	-1.82423	-0.470228	-0.232238	0.662381	1.23314
12.948	-0.942379	1.40487	-1.82423	-0.470229	-0.232238	0.662381	1.23314
12.961	-0.942379	1.40487	-1.82423	-0.470229	-0.232238	0.662381	1.23314
12.974	-0.942387	1.40487	-1.82423	-0.470232	-0.232238	0.662381	1.23314
12.987	-0.942402	1.40487	-1.82423	-0.470233	-0.232238	0.662381	1.23314
13	-0.942433	1.40487	-1.82423	-0.470235	-0.232238	0.662381	1.23314
13.013	-0.942452	1.40487	-1.82423	-0.470235	-0.232238	0.662381	1.23314
13.026	-0.942474	1.40487	-1.82423	-0.470238	-0.232238	0.662381	1.23314
13.039	-0.942501	1.40487	-1.82423	-0.470239	-0.232238	0.662381	1.23314
13.052	-0.942508	1.40487	-1.82423	-0.470239	-0.232238	0.662381	1.23314
13.065	-0.94251	1.40487	-1.82423	-0.470239	-0.232238	0.662381	1.23314
13.078	-0.94251	1.40487	-1.82423	-0.470239	-0.232238	0.662381	1.23314
13.091	-0.94251	1.40487	-1.82423	-0.470239	-0.232238	0.662381	1.23314
13.104	-0.94251	1.40487	-1.82423	-0.470239	-0.232238	0.662381	1.23314
13.117	-0.942508	1.40487	-1.82423	-0.470239	-0.232238	0.662381	1.23314
13.13	-0.942507	1.40487	-1.82423	-0.470239	-0.232238	0.662381	1.23314
13.143	-0.942508	1.40487	-1.82423	-0.470239	-0.232238	0.662381	1.23314
13.156	-0.942507	1.40487	-1.82423	-0.470239	-0.232238	0.662381	1.23314
13.169	-0.942506	1.40487	-1.82423	-0.470239	-0.232238	0.662381	1.23314
13.182	-0.942504	1.40487	-1.82423	-0.470239	-0.232238	0.662381	1.23314
13.195	-0.942503	1.40488	-1.82423	-0.470239	-0.232238	0.662381	1.23314
13.208	-0.942506	1.40488	-1.82423	-0.47024	-0.232238	0.662381	1.23314
13.221	-0.942522	1.40492	-1.82423	-0.470242	-0.232238	0.662381	1.23314
13.234	-0.942538	1.40494	-1.82423	-0.470242	-0.232238	0.662383	1.23314
13.247	-0.942538	1.40494	-1.82423	-0.470242	-0.232238	0.662383	1.23314
13.26	-0.942541	1.40494	-1.82423	-0.470243	-0.232238	0.662383	1.23314
13.273	-0.942557	1.40494	-1.82423	-0.470243	-0.232238	0.662383	1.23314
13.286	-0.942578	1.40494	-1.82423	-0.470244	-0.232238	0.662383	1.23314
13.299	-0.942584	1.40494	-1.82423	-0.470244	-0.232238	0.662383	1.23314
13.312	-0.942584	1.40495	-1.82423	-0.470244	-0.232238	0.662383	1.23314
13.325	-0.94258	1.40495	-1.82423	-0.470244	-0.232238	0.662383	1.23314
13.338	-0.942577	1.40496	-1.82423	-0.470243	-0.232238	0.662383	1.23314
13.351	-0.942577	1.40497	-1.82423	-0.470243	-0.232238	0.662383	1.23314
13.364	-0.942576	1.40498	-1.82423	-0.470243	-0.232238	0.662381	1.23314
13.377	-0.942576	1.40498	-1.82423	-0.470243	-0.232238	0.662381	1.23314
13.39	-0.942572	1.40499	-1.82423	-0.470234	-0.232238	0.662381	1.23314
13.403	-0.94257	1.40499	-1.82423	-0.470212	-0.232238	0.662383	1.23314
13.416	-0.94257	1.40499	-1.82423	-0.470191	-0.232238	0.662383	1.23314
13.429	-0.94257	1.40499	-1.82423	-0.470183	-0.232238	0.662383	1.23314
13.442	-0.94257	1.40499	-1.82423	-0.470182	-0.232238	0.662383	1.23314
13.455	-0.94257	1.40501	-1.82423	-0.47018	-0.232238	0.662383	1.23314
13.468	-0.94257	1.40502	-1.82423	-0.470174	-0.232238	0.662381	1.23314
13.481	-0.94257	1.40502	-1.82423	-0.470162	-0.232238	0.662381	1.23314
13.494	-0.94257	1.40503	-1.82423	-0.47016	-0.232238	0.662381	1.23314
13.507	-0.94257	1.40503	-1.82423	-0.470159	-0.232238	0.662381	1.23314
13.52	-0.94257	1.40503	-1.82423	-0.470159	-0.232238	0.662381	1.23314
13.533	-0.942571	1.40504	-1.82423	-0.470159	-0.232238	0.662381	1.23314
13.546	-0.942572	1.40504	-1.82423	-0.47016	-0.232238	0.662383	1.23314
13.559	-0.942574	1.40504	-1.82423	-0.470162	-0.232238	0.662383	1.23314
13.572	-0.942574	1.40504	-1.82423	-0.470168	-0.232238	0.662383	1.23314
13.585	-0.942574	1.40504	-1.82423	-0.470169	-0.232238	0.662383	1.23314
13.598	-0.942574	1.40504	-1.82423	-0.47017	-0.232238	0.662383	1.23314
13.611	-0.942572	1.40504	-1.82423	-0.470171	-0.232238	0.662383	1.23314
13.624	-0.942574	1.40504	-1.82423	-0.470171	-0.232238	0.662383	1.23314
13.637	-0.942574	1.40504	-1.82423	-0.470173	-0.232238	0.662383	1.23314
13.65	-0.942574	1.40504	-1.82423	-0.470173	-0.232238	0.662383	1.23314
13.663	-0.942575	1.40504	-1.82423	-0.470173	-0.232238	0.662383	1.23314
13.676	-0.942577	1.40504	-1.82423	-0.470174	-0.232238	0.662383	1.23314
13.689	-0.942578	1.40504	-1.82423	-0.470174	-0.232238	0.662383	1.23314
13.702	-0.942577	1.40504	-1.82423	-0.470175	-0.232238	0.662383	1.23314
13.715	-0.942576	1.40504	-1.82423	-0.470175	-0.232238	0.662383	1.23314
13.728	-0.942575	1.40504	-1.82423	-0.470175	-0.232238	0.662383	1.23314
13.741	-0.942575	1.40504	-1.82423	-0.470175	-0.232238	0.662383	1.23314
13.754	-0.942574	1.40504	-1.82423	-0.470175	-0.232238	0.662383	1.23314
13.767	-0.942574	1.40504	-1.82423	-0.470177	-0.232238	0.662383	1.23314
13.78	-0.942575	1.40504	-1.82423	-0.470177	-0.232238	0.662383	1.23314
13.793	-0.942575	1.40504	-1.82423	-0.470177	-0.232238	0.662383	1.23314
13.806	-0.942576	1.40505	-1.82423	-0.470177	-0.232238	0.662383	1.23314
13.819	-0.942576	1.40505	-1.82423	-0.470177	-0.232238	0.662383	1.23314
13.832	-0.942576	1.40506	-1.82423	-0.470177	-0.232238	0.662383	1.23314
13.845	-0.942576	1.40506	-1.82423	-0.470178	-0.232238	0.662383	1.23314
13.858	-0.942575	1.40506	-1.82423	-0.470177	-0.232238	0.662383	1.23314
13.871	-0.942571	1.40506	-1.82423	-0.470177	-0.232238	0.662383	1.23314
13.884	-0.942571	1.40506	-1.82423	-0.470178	-0.232238	0.662383	1.23314
13.897	-0.942572	1.40506	-1.82423	-0.470178	-0.232238	0.662383	1.23314
13.91	-0.942572	1.40506	-1.82423	-0.470178	-0.232238	0.662383	1.23314
13.923	-0.942572	1.40506	-1.82423	-0.470178	-0.232238	0.662383	1.23314
13.936	-0.942571	1.40506	-1.82423	-0.470178	-0.232238	0.662383	1.23314
13.949	-0.942572	1.40506	-1.82423	-0.470178	-0.232238	0.662383	1.23314
13.962	-0.942574	1.40506	-1.82423	-0.470178	-0.232238	0.662381	1.23314
13.975	-0.942574	1.40506	-1.82423	-0.470178	-0.232238	0.662381	1.23314
13.988	-0.942574	1.40506	-1.82423	-0.470178	-0.232238	0.662381	1.23314
14.001	-0.942574	1.40506	-1.82423	-0.470178	-0.232238	0.662381	1.23314
14.014	-0.942574	1.40505	-1.82423	-0.470178	-0.232238	0.662381	1.23314
14.027	-0.942572	1.40505	-1.82423	-0.470178	-0.232238	0.662383	1.23314
14.04	-0.942572	1.40505	-1.82423	-0.470178	-0.232238	0.662383	1.23314
14.053	-0.942574	1.40505	-1.82423	-0.470178	-0.232238	0.662383	1.23314
14.066	-0.942574	1.40505	-1.82423	-0.470178	-0.232238	0.662383	1.23314
14.079	-0.942572	1.40505	-1.82423	-0.470178	-0.232238	0.662383	1.23314
14.092	-0.942572	1.40505	-1.82423	-0.470178	-0.232238	0.662383	1.23314
14.105	-0.942572	1.40505	-1.82423	-0.470178	-0.232238	0.662383	1.23314
14.118	-0.942572	1.40505	-1.82423	-0.470178	-0.232238	0.662383	1.23314
14.131	-0.942572	1.40505	-1.82423	-0.470178	-0.232238	0.662383	1.23314
14.144	-0.942572	1.40505	-1.82423	-0.470178	-0.232238	0.662383	1.23314
14.157	-0.942572	1.40505	-1.82423	-0.470178	-0.232238	0.662383	1.23314
14.17	-0.942571	1.40505	-1.82423	-0.470178	-0.232238	0.662383	1.23314
14.183	-0.942572	1.40505	-1.82423	-0.470179	-0.232238	0.662383	1.23314
14.196	-0.942572	1.40505	-1.82423	-0.470179	-0.232238	0.662383	1.23314
14.209	-0.942576	1.40505	-1.82423	-0.470179	-0.232238	0.662383	1.23314
14.222	-0.942577	1.40505	-1.82423	-0.47018	-0.232238	0.662383	1.23314
14.235	-0.942578	1.40505	-1.82423	-0.47018	-0.232238	0.662383	1.23314
14.248	-0.942587	1.40505	-1.82423	-0.470183	-0.232238	0.662383	1.23314
14.261	-0.942614	1.40505	-1.82423	-0.470184	-0.232238	0.662383	1.23314
14.274	-0.94263	1.40505	-1.82423	-0.470186	-0.232238	0.662383	1.23314
14.287	-0.942643	1.40505	-1.82423	-0.470186	-0.232238	0.662383	1.23314
14.3	-0.942648	1.40505	-1.82423	-0.470187	-0.232238	0.662383	1.23314
14.313	-0.942653	1.40505	-1.82423	-0.470187	-0.232238	0.662383	1.23314
14.326	-0.942653	1.40505	-1.82423	-0.470187	-0.232238	0.662383	1.23314
14.339	-0.942653	1.40505	-1.82423	-0.470187	-0.232238	0.662383	1.23314
14.352	-0.942651	1.40505	-1.82423	-0.470188	-0.232238	0.662383	1.23314
14.365	-0.94265	1.40505	-1.82423	-0.470188	-0.232238	0.662383	1.23314
14.378	-0.94265	1.40505	-1.82423	-0.470188	-0.232238	0.662383	1.23314
14.391	-0.942648	1.40505	-1.82423	-0.470188	-0.232238	0.662383	1.23314
14.404	-0.942643	1.40505	-1.82423	-0.470187	-0.232238	0.662383	1.23314
14.417	-0.942643	1.40505	-1.82423	-0.470188	-0.232238	0.662383	1.23314
14.43	-0.942643	1.40505	-1.82423	-0.470188	-0.232238	0.662383	1.23314
14.443	-0.942644	1.40505	-1.82423	-0.470187	-0.232238	0.662381	1.23314
14.456	-0.942643	1.40506	-1.82423	-0.470187	-0.232238	0.662381	1.23314
14.469	-0.942643	1.40506	-1.82423	-0.470187	-0.232238	0.662381	1.23314
14.482	-0.942643	1.40505	-1.82423	-0.470187	-0.232238	0.662381	1.23314
14.495	-0.942637	1.40505	-1.82423	-0.470187	-0.232238	0.662381	1.23314
14.508	-0.942632	1.40505	-1.82423	-0.470187	-0.232238	0.662381	1.23314
14.521	-0.942632	1.40505	-1.82423	-0.470186	-0.232238	0.662383	1.23314
14.534	-0.942628	1.40506	-1.82423	-0.470183	-0.232238	0.662383	1.23314
14.547	-0.942626	1.40506	-1.82423	-0.47018	-0.232238	0.662383	1.23314
14.56	-0.942626	1.40505	-1.82423	-0.470182	-0.232238	0.662383	1.23314
14.573	-0.942625	1.40505	-1.82423	-0.470182	-0.232236	0.662383	1.23314
14.586	-0.942622	1.40505	-1.82423	-0.47018	-0.232236	0.662381	1.23314
14.599	-0.942621	1.40505	-1.82423	-0.470173	-0.232236	0.662381	1.23314
14.612	-0.942621	1.40505	-1.82423	-0.470173	-0.232236	0.662381	1.23314
14.625	-0.94262	1.40506	-1.82423	-0.470169	-0.232236	0.662381	1.23314
14.638	-0.94262	1.40505	-1.82423	-0.470171	-0.232234	0.662381	1.23314
14.651	-0.94262	1.40505	-1.82423	-0.470174	-0.232224	0.662383	1.23314
14.664	-0.942618	1.40505	-1.82423	-0.470174	-0.232198	0.662383	1.23314
14.677	-0.942618	1.40505	-1.82423	-0.470174	-0.232153	0.662383	1.23314
14.69	-0.942618	1.40505	-1.82423	-0.470175	-0.232118	0.662383	1.23314
14.703	-0.942617	1.40505	-1.82423	-0.470177	-0.232103	0.662383	1.23314
14.716	-0.942617	1.40505	-1.82423	-0.470177	-0.232099	0.662383	1.23314
14.729	-0.942617	1.40505	-1.82423	-0.470177	-0.232095	0.662383	1.23314
14.742	-0.942617	1.40505	-1.82423	-0.470177	-0.232091	0.662383	1.23314
14.755	-0.942617	1.40505	-1.82423	-0.470177	-0.232091	0.662383	1.23314
