0.013	0.23928	1.49471	-1.84678	-1.48267	-0.261167	0.481084	1.23315
0.026	0.239585	1.49471	-1.84681	-1.48282	-0.261167	0.481084	1.23315
0.039	0.239585	1.49471	-1.84681	-1.48282	-0.261167	0.481084	1.23315
0.052	0.23975	1.49471	-1.84681	-1.48284	-0.261167	0.481084	1.23315
0.065	0.239845	1.49471	-1.84681	-1.48285	-0.261167	0.481084	1.23315
0.078	0.239845	1.49471	-1.84681	-1.48285	-0.261167	0.481084	1.23315
0.091	0.239929	1.49471	-1.8468	-1.48289	-0.261167	0.481084	1.23315
0.104	0.240062	1.49471	-1.8468	-1.48301	-0.261167	0.481084	1.23315
0.117	0.240186	1.49471	-1.8468	-1.48316	-0.261167	0.481084	1.23315
0.13	0.240207	1.49471	-1.8468	-1.4832	-0.261167	0.481084	1.23315
0.143	0.240191	1.49471	-1.84681	-1.48321	-0.261167	0.481084	1.23315
0.156	0.240174	1.49471	-1.84681	-1.48325	-0.261167	0.481084	1.23315
0.169	0.24017	1.49471	-1.8468	-1.48325	-0.261167	0.481084	1.23315
0.182	0.24016	1.49471	-1.8468	-1.48325	-0.261167	0.481082	1.23315
0.195	0.240147	1.49471	-1.8468	-1.48326	-0.261167	0.481082	1.23315
0.208	0.240147	1.49471	-1.8468	-1.48326	-0.261167	0.481082	1.23315
0.221	0.240142	1.49471	-1.8468	-1.48326	-0.261167	0.481082	1.23315
0.234	0.240139	1.49471	-1.8468	-1.48326	-0.261169	0.481082	1.23315
0.247	0.240093	1.49471	-1.8468	-1.48326	-0.261167	0.481082	1.23315
0.26	0.24003	1.49471	-1.8468	-1.48326	-0.261167	0.481082	1.23315
0.273	0.240013	1.49471	-1.8468	-1.48329	-0.261167	0.481082	1.23315
0.286	0.240008	1.49471	-1.8468	-1.48333	-0.261167	0.481084	1.23315
0.299	0.240008	1.49471	-1.8468	-1.48333	-0.261167	0.481084	1.23315
0.312	0.240008	1.49471	-1.8468	-1.48334	-0.261167	0.481084	1.23315
0.325	0.240008	1.49471	-1.8468	-1.48335	-0.261167	0.481084	1.23315
0.338	0.240009	1.49471	-1.8468	-1.48335	-0.261167	0.481084	1.23315
0.351	0.240009	1.49471	-1.8468	-1.48335	-0.261167	0.481084	1.23315
0.364	0.240009	1.49471	-1.84681	-1.48336	-0.261167	0.481084	1.23315
0.377	0.240008	1.49471	-1.8468	-1.48337	-0.261167	0.481084	1.23315
0.39	0.240007	1.49471	-1.8468	-1.48337	-0.261167	0.481084	1.23315
0.403	0.240008	1.49471	-1.8468	-1.48337	-0.261167	0.481082	1.23315
0.416	0.240009	1.49471	-1.8468	-1.48338	-0.261167	0.481082	1.23315
0.429	0.240009	1.49471	-1.8468	-1.48338	-0.261169	0.481082	1.23315
0.442	0.24001	1.49471	-1.8468	-1.48341	-0.261167	0.481082	1.23315
0.455	0.24001	1.49471	-1.8468	-1.48342	-0.261167	0.481082	1.23315
0.468	0.24001	1.49471	-1.8468	-1.48344	-0.261167	0.481082	1.23315
0.481	0.24001	1.49471	-1.8468	-1.48344	-0.261167	0.481082	1.23315
0.494	0.24001	1.49471	-1.8468	-1.48348	-0.261167	0.481082	1.23315
0.507	0.24001	1.49471	-1.8468	-1.4835	-0.261167	0.481082	1.23315
0.52	0.24001	1.49471	-1.8468	-1.48354	-0.261167	0.481082	1.23315
0.533	0.24001	1.49471	-1.8468	-1.4836	-0.261167	0.481082	1.23315
0.546	0.240012	1.49471	-1.8468	-1.48365	-0.261167	0.481082	1.23315
0.559	0.240012	1.49471	-1.8468	-1.48371	-0.261167	0.481082	1.23315
0.572	0.240012	1.49471	-1.8468	-1.48376	-0.261167	0.481082	1.23315
0.585	0.240012	1.49471	-1.8468	-1.48381	-0.261167	0.481082	1.23315
0.598	0.240012	1.49471	-1.8468	-1.48387	-0.261167	0.481082	1.23315
0.611	0.240012	1.49471	-1.8468	-1.48393	-0.261167	0.481084	1.23315
0.624	0.240012	1.49471	-1.8468	-1.48393	-0.261167	0.481084	1.23315
0.637	0.240012	1.49471	-1.8468	-1.48399	-0.261167	0.481084	1.23315
0.65	0.24001	1.49471	-1.8468	-1.48406	-0.261167	0.481084	1.23315
0.663	0.24001	1.49471	-1.8468	-1.48414	-0.261167	0.481084	1.23315
0.676	0.24001	1.49471	-1.8468	-1.48421	-0.261167	0.481084	1.23315
0.689	0.24001	1.49471	-1.8468	-1.48428	-0.261167	0.481084	1.23315
0.702	0.24001	1.49471	-1.8468	-1.48435	-0.261167	0.481084	1.23315
0.715	0.24001	1.49471	-1.8468	-1.48442	-0.261169	0.481084	1.23315
0.728	0.24001	1.49471	-1.8468	-1.48449	-0.261167	0.481082	1.23315
0.741	0.24001	1.49471	-1.8468	-1.48456	-0.261169	0.481082	1.23315
0.754	0.24001	1.49471	-1.8468	-1.48463	-0.261167	0.481082	1.23315
0.767	0.24001	1.49471	-1.8468	-1.48463	-0.261167	0.481082	1.23315
0.78	0.24001	1.49471	-1.8468	-1.4847	-0.261167	0.481082	1.23315
0.793	0.240004	1.49471	-1.8468	-1.48476	-0.261167	0.481082	1.23315
0.806	0.239995	1.49471	-1.8468	-1.48482	-0.261167	0.481082	1.23315
0.819	0.239996	1.49471	-1.8468	-1.48489	-0.261167	0.481082	1.23315
0.832	0.239996	1.49471	-1.8468	-1.48496	-0.261167	0.481082	1.23315
0.845	0.239996	1.49471	-1.8468	-1.48502	-0.261167	0.481082	1.23315
0.858	0.239996	1.49471	-1.8468	-1.48507	-0.261167	0.481084	1.23315
0.871	0.239996	1.49471	-1.8468	-1.48512	-0.261167	0.481082	1.23315
0.884	0.239996	1.49471	-1.8468	-1.48516	-0.261167	0.481082	1.23315
0.897	0.239996	1.49471	-1.8468	-1.48516	-0.261167	0.481082	1.23315
0.91	0.239996	1.49471	-1.8468	-1.4852	-0.261167	0.481082	1.23315
0.923	0.239987	1.49471	-1.8468	-1.48522	-0.261167	0.481082	1.23315
0.936	0.239959	1.49471	-1.8468	-1.48523	-0.261167	0.481084	1.23315
0.949	0.239961	1.49471	-1.8468	-1.48525	-0.261167	0.481084	1.23315
0.962	0.239961	1.49471	-1.8468	-1.48528	-0.261167	0.481084	1.23315
0.975	0.239961	1.49471	-1.8468	-1.48528	-0.261167	0.481084	1.23315
0.988	0.239961	1.49471	-1.8468	-1.48529	-0.261167	0.481084	1.23315
1.001	0.239961	1.49471	-1.8468	-1.4853	-0.261167	0.481084	1.23315
1.014	0.239961	1.49471	-1.8468	-1.48531	-0.261167	0.481084	1.23315
1.027	0.239961	1.49471	-1.8468	-1.48531	-0.261167	0.481084	1.23315
1.04	0.239961	1.49471	-1.8468	-1.48531	-0.261167	0.481084	1.23315
1.053	0.239961	1.49471	-1.8468	-1.48531	-0.261169	0.481084	1.23315
1.066	0.239957	1.49471	-1.8468	-1.48531	-0.261169	0.481082	1.23315
1.079	0.239952	1.49471	-1.8468	-1.48531	-0.261169	0.481082	1.23315
1.092	0.239954	1.49471	-1.8468	-1.48531	-0.261169	0.481082	1.23315
1.105	0.239954	1.49471	-1.8468	-1.48531	-0.261169	0.481082	1.23315
1.118	0.239954	1.49471	-1.8468	-1.48531	-0.261167	0.481082	1.23315
1.131	0.239955	1.49471	-1.8468	-1.48531	-0.261167	0.481082	1.23315
1.144	0.239955	1.49471	-1.8468	-1.4853	-0.261167	0.481082	1.23315
1.157	0.239955	1.49471	-1.8468	-1.4853	-0.261167	0.481084	1.23315
1.17	0.239955	1.49471	-1.8468	-1.4853	-0.261167	0.481084	1.23315
1.183	0.239955	1.49471	-1.8468	-1.4853	-0.261167	0.481084	1.23315
1.196	0.239955	1.49471	-1.8468	-1.4853	-0.261167	0.481084	1.23315
1.209	0.239955	1.49471	-1.8468	-1.4853	-0.261167	0.481084	1.23315
1.222	0.239955	1.49471	-1.8468	-1.48529	-0.261167	0.481084	1.23315
1.235	0.239957	1.49471	-1.8468	-1.48529	-0.261167	0.481084	1.23315
1.248	0.239957	1.49471	-1.8468	-1.48529	-0.261167	0.481084	1.23315
1.261	0.239957	1.49471	-1.8468	-1.48529	-0.261167	0.481084	1.23315
1.274	0.239957	1.49471	-1.8468	-1.48529	-0.261167	0.481084	1.23315
1.287	0.239957	1.49471	-1.8468	-1.48529	-0.261167	0.481084	1.23315
1.3	0.239957	1.49471	-1.8468	-1.48529	-0.261167	0.481084	1.23315
1.313	0.239957	1.49471	-1.8468	-1.48529	-0.261167	0.481084	1.23315
1.326	0.239957	1.49471	-1.8468	-1.48529	-0.261167	0.481084	1.23315
1.339	0.239955	1.49471	-1.8468	-1.48529	-0.261167	0.481084	1.23315
1.352	0.239957	1.49471	-1.8468	-1.48529	-0.261167	0.481084	1.23315
1.365	0.239957	1.49471	-1.8468	-1.48529	-0.261167	0.481084	1.23315
1.378	0.239957	1.49471	-1.8468	-1.48529	-0.261169	0.481084	1.23315
1.391	0.239957	1.49471	-1.8468	-1.48529	-0.261169	0.481084	1.23315
1.404	0.239957	1.49471	-1.8468	-1.48529	-0.261169	0.481082	1.23315
1.417	0.239957	1.49471	-1.8468	-1.48528	-0.261167	0.481082	1.23315
1.43	0.239957	1.49471	-1.8468	-1.48528	-0.261167	0.481082	1.23315
1.443	0.239957	1.49471	-1.8468	-1.48528	-0.261167	0.481082	1.23315
1.456	0.239957	1.49471	-1.8468	-1.48528	-0.261167	0.481082	1.23315
1.469	0.239957	1.49471	-1.8468	-1.48528	-0.261167	0.481082	1.23315
1.482	0.239946	1.49471	-1.8468	-1.48528	-0.261167	0.481082	1.23315
1.495	0.239923	1.49471	-1.8468	-1.48528	-0.261167	0.481084	1.23315
1.508	0.239927	1.49471	-1.8468	-1.48528	-0.261167	0.481084	1.23315
1.521	0.239927	1.49471	-1.8468	-1.48528	-0.261167	0.481084	1.23315
1.534	0.239929	1.49471	-1.8468	-1.48528	-0.261167	0.481084	1.23315
1.547	0.239927	1.49471	-1.8468	-1.48528	-0.261167	0.481084	1.23315
1.56	0.239927	1.49471	-1.8468	-1.48528	-0.261167	0.481082	1.23315
1.573	0.239927	1.49471	-1.8468	-1.48528	-0.261167	0.481084	1.23315
1.586	0.239927	1.49471	-1.8468	-1.48528	-0.261167	0.481084	1.23315
1.599	0.239926	1.49471	-1.8468	-1.48528	-0.261167	0.481084	1.23315
1.612	0.23987	1.49471	-1.8468	-1.48528	-0.261167	0.481084	1.23315
1.625	0.239784	1.49471	-1.8468	-1.48526	-0.261167	0.481084	1.23315
1.638	0.239698	1.49471	-1.8468	-1.48526	-0.261167	0.481084	1.23315
1.651	0.23962	1.49471	-1.8468	-1.48526	-0.261167	0.481084	1.23315
1.664	0.239596	1.49471	-1.8468	-1.48526	-0.261167	0.481084	1.23315
1.677	0.239555	1.49471	-1.8468	-1.48526	-0.261167	0.481084	1.23315
1.69	0.239531	1.49471	-1.8468	-1.48526	-0.261167	0.481084	1.23315
1.703	0.239504	1.49471	-1.8468	-1.48525	-0.261167	0.481084	1.23315
1.716	0.239504	1.49471	-1.8468	-1.48525	-0.261167	0.481084	1.23315
1.729	0.23948	1.49471	-1.8468	-1.48525	-0.261167	0.481082	1.23315
1.742	0.239468	1.49471	-1.8468	-1.48525	-0.261169	0.481082	1.23315
1.755	0.239371	1.49471	-1.8468	-1.48525	-0.261169	0.481082	1.23315
1.768	0.239237	1.49471	-1.8468	-1.48523	-0.261169	0.481082	1.23315
1.781	0.239094	1.49471	-1.8468	-1.48525	-0.261167	0.481082	1.23315
1.794	0.238937	1.49471	-1.8468	-1.48525	-0.261167	0.481082	1.23315
1.807	0.238827	1.49471	-1.8468	-1.48524	-0.261167	0.481082	1.23315
1.82	0.238692	1.49471	-1.8468	-1.48524	-0.261167	0.481082	1.23315
1.833	0.238588	1.49471	-1.8468	-1.48524	-0.261167	0.481082	1.23315
1.846	0.238502	1.49471	-1.8468	-1.48524	-0.261167	0.481084	1.23315
1.859	0.238502	1.49471	-1.8468	-1.48524	-0.261167	0.481084	1.23315
1.872	0.238439	1.49471	-1.8468	-1.48524	-0.261167	0.481084	1.23315
1.885	0.238329	1.49471	-1.8468	-1.48524	-0.261167	0.481084	1.23315
1.898	0.238182	1.49471	-1.8468	-1.48524	-0.261167	0.481082	1.23315
1.911	0.238062	1.49471	-1.8468	-1.48526	-0.261167	0.481082	1.23315
1.924	0.237975	1.49471	-1.8468	-1.48527	-0.261167	0.481084	1.23315
1.937	0.237968	1.49471	-1.8468	-1.48528	-0.261167	0.481082	1.23315
1.95	0.237951	1.49471	-1.8468	-1.48528	-0.261167	0.481084	1.23315
1.963	0.237948	1.49471	-1.8468	-1.48528	-0.261167	0.481084	1.23315
1.976	0.237947	1.49471	-1.8468	-1.48528	-0.261167	0.481084	1.23315
1.989	0.237947	1.49471	-1.8468	-1.48528	-0.261167	0.481084	1.23315
2.002	0.237947	1.49471	-1.8468	-1.48528	-0.261167	0.481084	1.23315
2.015	0.237947	1.49471	-1.8468	-1.48528	-0.261167	0.481084	1.23315
2.028	0.237927	1.49471	-1.8468	-1.48528	-0.261167	0.481084	1.23315
2.041	0.237893	1.49471	-1.8468	-1.48527	-0.261167	0.481084	1.23315
2.054	0.237893	1.49471	-1.8468	-1.48527	-0.261167	0.481084	1.23315
2.067	0.237893	1.49471	-1.8468	-1.48528	-0.261169	0.481082	1.23315
2.08	0.237893	1.49471	-1.8468	-1.48527	-0.261169	0.481082	1.23315
2.093	0.237893	1.49471	-1.8468	-1.48528	-0.261169	0.481082	1.23315
2.106	0.237895	1.49471	-1.8468	-1.48528	-0.261167	0.481082	1.23315
2.119	0.237895	1.49471	-1.8468	-1.48528	-0.261167	0.481082	1.23315
2.132	0.237895	1.49471	-1.8468	-1.48528	-0.261167	0.481082	1.23315
2.145	0.237893	1.49471	-1.8468	-1.48528	-0.261167	0.481082	1.23315
2.158	0.237893	1.49471	-1.8468	-1.48528	-0.261167	0.481084	1.23315
2.171	0.237892	1.49471	-1.8468	-1.48528	-0.261167	0.481084	1.23315
2.184	0.237893	1.49471	-1.8468	-1.48528	-0.261167	0.481084	1.23315
2.197	0.237893	1.49471	-1.8468	-1.48528	-0.261167	0.481084	1.23315
2.21	0.237893	1.49471	-1.8468	-1.48528	-0.261167	0.481084	1.23315
2.223	0.237893	1.49471	-1.8468	-1.48528	-0.261167	0.481084	1.23315
2.236	0.237893	1.49471	-1.8468	-1.48528	-0.261167	0.481084	1.23315
2.249	0.237893	1.49471	-1.8468	-1.48528	-0.261167	0.481084	1.23315
2.262	0.237893	1.49471	-1.8468	-1.48528	-0.261167	0.481084	1.23315
2.275	0.237893	1.49471	-1.8468	-1.48528	-0.261167	0.481084	1.23315
2.288	0.237893	1.49471	-1.8468	-1.48528	-0.261167	0.481084	1.23315
2.301	0.237893	1.49471	-1.8468	-1.48527	-0.261167	0.481084	1.23315
2.314	0.237893	1.49471	-1.8468	-1.48527	-0.261167	0.481084	1.23315
2.327	0.237893	1.49471	-1.8468	-1.48527	-0.261167	0.481084	1.23315
2.34	0.237893	1.49471	-1.8468	-1.48527	-0.261167	0.481084	1.23315
2.353	0.237893	1.49471	-1.8468	-1.48528	-0.261167	0.481084	1.23315
2.366	0.237893	1.49471	-1.8468	-1.48528	-0.261167	0.481084	1.23315
2.379	0.237893	1.49471	-1.84681	-1.48528	-0.261167	0.481084	1.23315
2.392	0.237893	1.49471	-1.84683	-1.48529	-0.261167	0.481084	1.23315
2.405	0.237893	1.49471	-1.84683	-1.48529	-0.261167	0.481084	1.23315
2.418	0.237893	1.49471	-1.84682	-1.48529	-0.261167	0.481084	1.23315
2.431	0.237891	1.49471	-1.84682	-1.4853	-0.261169	0.481084	1.23315
2.444	0.237888	1.49471	-1.84682	-1.48531	-0.261169	0.481082	1.23315
2.457	0.237888	1.49471	-1.84682	-1.48533	-0.261167	0.481082	1.23315
2.47	0.237888	1.49471	-1.84681	-1.48535	-0.261167	0.481084	1.23315
2.483	0.237888	1.49471	-1.84681	-1.48538	-0.261167	0.481084	1.23315
2.496	0.237888	1.49471	-1.84681	-1.4854	-0.261167	0.481084	1.23315
2.509	0.237887	1.49471	-1.84681	-1.48542	-0.261167	0.481084	1.23315
2.522	0.237887	1.49471	-1.84681	-1.48545	-0.261167	0.481085	1.23315
2.535	0.237885	1.49471	-1.84681	-1.48548	-0.261167	0.481085	1.23315
2.548	0.237885	1.49471	-1.84681	-1.48548	-0.261167	0.481085	1.23315
2.561	0.237878	1.49471	-1.84681	-1.48551	-0.261167	0.481085	1.23315
2.574	0.237817	1.49471	-1.84681	-1.48552	-0.261167	0.481085	1.23315
2.587	0.2377	1.49471	-1.84681	-1.48552	-0.261167	0.481085	1.23315
2.6	0.237553	1.49471	-1.84681	-1.48552	-0.261169	0.481085	1.23315
2.613	0.237372	1.49471	-1.84681	-1.48552	-0.261169	0.481084	1.23315
2.626	0.237181	1.49471	-1.84681	-1.48552	-0.261169	0.481084	1.23315
2.639	0.236944	1.49471	-1.84681	-1.48552	-0.261169	0.481084	1.23315
2.652	0.236652	1.49471	-1.84681	-1.48552	-0.261169	0.481084	1.23315
2.665	0.236328	1.49471	-1.84681	-1.48551	-0.261169	0.481084	1.23315
2.678	0.236328	1.49471	-1.84681	-1.48551	-0.261169	0.481084	1.23315
2.691	0.235964	1.49471	-1.84681	-1.48551	-0.261169	0.481085	1.23315
2.704	0.235485	1.49471	-1.8468	-1.48551	-0.261169	0.481085	1.23315
2.717	0.234884	1.49471	-1.8468	-1.48551	-0.261169	0.481085	1.23315
2.73	0.234197	1.49471	-1.8468	-1.48551	-0.261169	0.481085	1.23315
2.743	0.233465	1.49471	-1.8468	-1.48551	-0.261169	0.481085	1.23315
2.756	0.232716	1.49471	-1.8468	-1.48552	-0.261169	0.481085	1.23315
2.769	0.231947	1.49471	-1.8468	-1.48552	-0.261169	0.481085	1.23315
2.782	0.231155	1.49471	-1.8468	-1.48552	-0.261169	0.481084	1.23315
2.795	0.230302	1.49471	-1.84679	-1.48551	-0.261169	0.481085	1.23315
2.808	0.229432	1.49471	-1.84679	-1.48551	-0.261169	0.481085	1.23315
2.821	0.229432	1.49471	-1.84679	-1.48551	-0.261169	0.481085	1.23315
2.834	0.228497	1.49471	-1.84679	-1.48551	-0.261169	0.481085	1.23315
2.847	0.227487	1.49471	-1.84678	-1.48551	-0.261169	0.481085	1.23315
2.86	0.226357	1.49471	-1.84678	-1.48548	-0.261169	0.481085	1.23315
2.873	0.22528	1.49471	-1.84678	-1.48549	-0.261169	0.481087	1.23315
2.886	0.224173	1.49471	-1.84675	-1.48549	-0.261169	0.481085	1.23315
2.899	0.223156	1.49471	-1.84673	-1.48549	-0.261169	0.481085	1.23315
2.912	0.22207	1.49471	-1.84671	-1.48548	-0.261171	0.481085	1.23315
2.925	0.220993	1.49471	-1.8467	-1.48548	-0.261171	0.481085	1.23315
2.938	0.219945	1.49471	-1.84667	-1.48548	-0.261173	0.481085	1.23315
2.951	0.219945	1.49471	-1.84667	-1.48548	-0.261173	0.481085	1.23315
2.964	0.218867	1.49471	-1.84665	-1.48548	-0.261173	0.481085	1.23315
2.977	0.217765	1.49471	-1.84661	-1.48546	-0.261176	0.481084	1.23315
2.99	0.21654	1.49471	-1.84657	-1.48544	-0.26118	0.481084	1.23315
3.003	0.215423	1.49471	-1.84651	-1.48544	-0.261184	0.481084	1.23315
3.016	0.214247	1.49471	-1.84641	-1.48543	-0.261186	0.481084	1.23315
3.029	0.213223	1.49472	-1.84631	-1.48543	-0.261192	0.481085	1.23315
3.042	0.212147	1.49472	-1.84615	-1.48542	-0.261194	0.481085	1.23315
3.055	0.211136	1.49471	-1.84603	-1.48542	-0.261196	0.481085	1.23315
3.068	0.210091	1.49472	-1.84594	-1.48542	-0.261198	0.481085	1.23315
3.081	0.209106	1.49472	-1.84589	-1.48542	-0.2612	0.481085	1.23315
3.094	0.209106	1.49472	-1.84589	-1.48542	-0.2612	0.481085	1.23315
3.107	0.208175	1.49473	-1.84585	-1.48542	-0.261204	0.481085	1.23315
3.12	0.207174	1.49473	-1.84582	-1.48541	-0.261208	0.481085	1.23315
3.133	0.206167	1.49474	-1.84582	-1.48536	-0.261212	0.481085	1.23315
3.146	0.205181	1.49474	-1.84581	-1.48537	-0.261212	0.481085	1.23315
3.159	0.204265	1.49474	-1.84579	-1.48536	-0.261212	0.481085	1.23315
3.172	0.203396	1.49475	-1.84577	-1.48536	-0.261212	0.481085	1.23315
3.185	0.20254	1.49475	-1.84577	-1.48536	-0.261212	0.481085	1.23315
3.198	0.201707	1.49475	-1.84577	-1.48536	-0.261214	0.481087	1.23315
3.211	0.200875	1.49475	-1.84577	-1.48536	-0.261216	0.481087	1.23315
3.224	0.200875	1.49475	-1.84577	-1.48536	-0.261216	0.481087	1.23315
3.237	0.200128	1.49475	-1.84576	-1.48537	-0.261221	0.481087	1.23315
3.25	0.199318	1.49476	-1.84576	-1.48536	-0.261229	0.481087	1.23315
3.263	0.198533	1.49477	-1.84576	-1.48535	-0.261245	0.481087	1.23315
3.276	0.197767	1.49477	-1.84575	-1.48537	-0.261251	0.481087	1.23315
3.289	0.196957	1.49479	-1.84575	-1.48536	-0.261253	0.481087	1.23315
3.302	0.196287	1.4948	-1.84575	-1.48536	-0.261255	0.481087	1.23315
3.315	0.195554	1.4948	-1.84575	-1.48536	-0.261259	0.481087	1.23315
3.328	0.194836	1.4948	-1.84575	-1.48536	-0.261263	0.481087	1.23315
3.341	0.194132	1.4948	-1.84575	-1.48536	-0.261272	0.481087	1.23315
3.354	0.19343	1.4948	-1.84575	-1.48536	-0.261274	0.481089	1.23315
3.367	0.19343	1.4948	-1.84575	-1.48536	-0.261274	0.481089	1.23315
3.38	0.192789	1.49481	-1.84574	-1.48536	-0.261276	0.481089	1.23315
3.393	0.192103	1.49482	-1.84573	-1.48536	-0.261278	0.481089	1.23315
3.406	0.191331	1.49485	-1.84573	-1.48536	-0.261278	0.48109	1.23315
3.419	0.190561	1.49486	-1.84572	-1.48536	-0.26128	0.48109	1.23315
3.432	0.189756	1.49488	-1.8457	-1.48536	-0.26128	0.48109	1.23315
3.445	0.189007	1.49488	-1.8457	-1.48536	-0.26128	0.48109	1.23315
3.458	0.188259	1.49488	-1.84569	-1.48537	-0.26128	0.48109	1.23315
3.471	0.187487	1.49489	-1.84568	-1.48538	-0.261282	0.48109	1.23315
3.484	0.186731	1.4949	-1.84567	-1.48538	-0.261284	0.481092	1.23315
3.497	0.186731	1.4949	-1.84567	-1.48538	-0.261284	0.481092	1.23315
3.51	0.185952	1.49491	-1.84566	-1.48541	-0.261288	0.481092	1.23315
3.523	0.185187	1.49494	-1.84566	-1.48546	-0.261296	0.481094	1.23315
3.536	0.184383	1.49497	-1.84565	-1.48555	-0.261306	0.481095	1.23315
3.549	0.183456	1.49503	-1.84565	-1.48559	-0.261317	0.481095	1.23315
3.562	0.182554	1.49504	-1.84565	-1.48563	-0.261327	0.481095	1.23315
3.575	0.181585	1.49506	-1.84564	-1.48572	-0.261337	0.481097	1.23315
3.588	0.180671	1.49508	-1.84564	-1.48579	-0.261347	0.481097	1.23315
3.601	0.179701	1.49508	-1.84564	-1.48593	-0.261353	0.481097	1.23315
3.614	0.178728	1.49509	-1.84564	-1.486	-0.261366	0.481097	1.23315
3.627	0.177731	1.49509	-1.84564	-1.48612	-0.261378	0.481097	1.23315
3.64	0.177731	1.49509	-1.84564	-1.48612	-0.261378	0.481097	1.23315
3.653	0.17674	1.4951	-1.84563	-1.48626	-0.261386	0.481097	1.23315
3.666	0.175706	1.49511	-1.84563	-1.48643	-0.261392	0.481097	1.23315
3.679	0.174553	1.49513	-1.84563	-1.48649	-0.2614	0.481097	1.23315
3.692	0.173433	1.49513	-1.84562	-1.48665	-0.261405	0.481097	1.23315
3.705	0.172332	1.49518	-1.8456	-1.48684	-0.261411	0.481099	1.23315
3.718	0.171259	1.49522	-1.8456	-1.48706	-0.261415	0.481099	1.23315
3.731	0.170167	1.49525	-1.8456	-1.48723	-0.261417	0.481099	1.23315
3.744	0.1691	1.49531	-1.84559	-1.4874	-0.261419	0.481099	1.23315
3.757	0.168039	1.49536	-1.84559	-1.48759	-0.261423	0.481099	1.23315
3.77	0.166975	1.49547	-1.84558	-1.48774	-0.261429	0.481099	1.23315
3.783	0.166975	1.49547	-1.84558	-1.48774	-0.261429	0.481099	1.23315
3.796	0.165905	1.49556	-1.84558	-1.48789	-0.261433	0.481099	1.23315
3.809	0.164842	1.49568	-1.84558	-1.48802	-0.261437	0.481099	1.23315
3.822	0.163664	1.49581	-1.84558	-1.4881	-0.261443	0.481101	1.23315
3.835	0.162535	1.49594	-1.84557	-1.48819	-0.26145	0.481102	1.23315
3.848	0.16137	1.49612	-1.84552	-1.48831	-0.261458	0.481104	1.23315
3.861	0.160289	1.4963	-1.84551	-1.48846	-0.261462	0.481106	1.23315
3.874	0.159134	1.49651	-1.84547	-1.48854	-0.261464	0.481107	1.23315
3.887	0.158015	1.49668	-1.84547	-1.48865	-0.261466	0.481107	1.23315
3.9	0.156869	1.49688	-1.84543	-1.48876	-0.261466	0.481107	1.23315
3.913	0.156869	1.49688	-1.84543	-1.48876	-0.261466	0.481107	1.23315
3.926	0.155726	1.49706	-1.8454	-1.48891	-0.261466	0.481109	1.23315
3.939	0.154542	1.49725	-1.84535	-1.489	-0.261466	0.481109	1.23315
3.952	0.153275	1.49749	-1.84533	-1.48907	-0.261466	0.481109	1.23315
3.965	0.15204	1.49771	-1.84528	-1.48916	-0.261464	0.481109	1.23315
3.978	0.150793	1.49804	-1.84521	-1.48922	-0.261464	0.481109	1.23315
3.991	0.149564	1.4984	-1.84521	-1.48931	-0.261462	0.481109	1.23315
4.004	0.148361	1.49884	-1.8452	-1.48938	-0.261462	0.481109	1.23315
4.017	0.147136	1.49925	-1.84518	-1.48941	-0.261462	0.481111	1.23315
4.03	0.145925	1.4996	-1.84507	-1.48942	-0.261462	0.481111	1.23315
4.043	0.144763	1.49994	-1.84493	-1.48945	-0.261462	0.481112	1.23315
4.056	0.144763	1.49994	-1.84493	-1.48945	-0.261462	0.481112	1.23315
4.069	0.143537	1.50029	-1.84481	-1.48947	-0.261462	0.481114	1.23315
4.082	0.142319	1.50063	-1.84471	-1.48948	-0.261464	0.481116	1.23315
4.095	0.141094	1.50103	-1.84463	-1.48948	-0.261464	0.481119	1.23315
4.108	0.139821	1.5014	-1.84454	-1.48951	-0.261466	0.481119	1.23315
4.121	0.138644	1.50178	-1.84444	-1.48954	-0.26147	0.481121	1.23315
4.134	0.137404	1.50215	-1.84435	-1.48964	-0.261474	0.481123	1.23315
4.147	0.136148	1.50259	-1.84426	-1.48977	-0.261484	0.481124	1.23315
4.16	0.134894	1.50307	-1.84423	-1.48986	-0.26149	0.481124	1.23315
4.173	0.133615	1.50354	-1.84416	-1.48999	-0.261495	0.481126	1.23315
4.186	0.133615	1.50354	-1.84416	-1.48999	-0.261495	0.481126	1.23315
4.199	0.132379	1.50397	-1.84402	-1.49014	-0.261501	0.481126	1.23315
4.212	0.131084	1.50442	-1.84387	-1.49027	-0.261511	0.481126	1.23315
4.225	0.129734	1.50488	-1.84374	-1.49038	-0.261523	0.481126	1.23315
4.238	0.128372	1.50535	-1.8436	-1.49053	-0.261531	0.481126	1.23315
4.251	0.127005	1.50584	-1.84346	-1.49066	-0.261535	0.481126	1.23315
4.264	0.12565	1.5063	-1.84331	-1.49077	-0.26154	0.481126	1.23315
4.277	0.124222	1.50677	-1.84311	-1.49089	-0.261542	0.481128	1.23315
4.29	0.12281	1.50723	-1.84295	-1.49098	-0.261548	0.481131	1.23315
4.303	0.121376	1.50771	-1.84273	-1.49105	-0.261556	0.481133	1.23315
4.316	0.119881	1.50809	-1.8424	-1.49115	-0.261564	0.481135	1.23315
4.329	0.119881	1.50809	-1.8424	-1.49115	-0.261564	0.481135	1.23315
4.342	0.118437	1.50844	-1.84196	-1.4912	-0.261574	0.481135	1.23315
4.355	0.116903	1.50877	-1.84152	-1.49125	-0.261578	0.481135	1.23315
4.368	0.115247	1.50921	-1.84123	-1.49124	-0.261578	0.481133	1.23315
4.381	0.113628	1.50969	-1.841	-1.49128	-0.261578	0.481133	1.23315
4.394	0.111945	1.5102	-1.84075	-1.49133	-0.261576	0.481133	1.23315
4.407	0.110348	1.51065	-1.8405	-1.49133	-0.261574	0.481133	1.23315
4.42	0.108694	1.5111	-1.84013	-1.49133	-0.261574	0.481133	1.23315
4.433	0.107072	1.51151	-1.83983	-1.49133	-0.261574	0.481133	1.23315
4.446	0.105468	1.51193	-1.83952	-1.49133	-0.261574	0.481133	1.23315
4.459	0.105468	1.51193	-1.83952	-1.49133	-0.261574	0.481133	1.23315
4.472	0.103788	1.51232	-1.83921	-1.49134	-0.261574	0.481133	1.23315
4.485	0.102088	1.51271	-1.83892	-1.49134	-0.261576	0.481133	1.23315
4.498	0.100283	1.51315	-1.83862	-1.49134	-0.261576	0.481133	1.23315
4.511	0.0985301	1.51361	-1.83831	-1.49138	-0.261576	0.481133	1.23315
4.524	0.0967149	1.51411	-1.83787	-1.4914	-0.261576	0.481133	1.23315
4.537	0.0949406	1.51461	-1.83755	-1.4914	-0.261576	0.481133	1.23315
4.55	0.0931497	1.51512	-1.83719	-1.4914	-0.261578	0.481133	1.23315
4.563	0.0913204	1.51564	-1.83683	-1.4914	-0.261578	0.481135	1.23315
4.576	0.0895806	1.51611	-1.83647	-1.4914	-0.261576	0.481135	1.23315
4.589	0.0878178	1.51662	-1.83604	-1.4914	-0.261576	0.481135	1.23315
4.602	0.0878178	1.51662	-1.83604	-1.4914	-0.261576	0.481135	1.23315
4.615	0.086179	1.5171	-1.83565	-1.4914	-0.261574	0.481135	1.23315
4.628	0.0843523	1.51766	-1.83523	-1.49139	-0.261572	0.481135	1.23315
4.641	0.0825946	1.51829	-1.83501	-1.49139	-0.26157	0.481136	1.23315
4.654	0.0807998	1.51893	-1.83478	-1.4914	-0.26157	0.481136	1.23315
4.667	0.07906	1.51955	-1.83443	-1.4914	-0.26157	0.481136	1.23315
4.68	0.077379	1.52013	-1.83404	-1.4914	-0.26157	0.481136	1.23315
4.693	0.075661	1.52071	-1.83363	-1.4914	-0.26157	0.481136	1.23315
4.706	0.0740273	1.52132	-1.83331	-1.4914	-0.26157	0.481136	1.23315
4.719	0.0723144	1.52197	-1.83299	-1.4914	-0.261572	0.481136	1.23315
4.732	0.0723144	1.52197	-1.83299	-1.4914	-0.261572	0.481136	1.23315
4.745	0.070728	1.52269	-1.83275	-1.4914	-0.261572	0.481136	1.23315
4.758	0.0690904	1.52338	-1.83246	-1.4914	-0.26157	0.481136	1.23315
4.771	0.0674887	1.52411	-1.83213	-1.4914	-0.26157	0.481136	1.23315
4.784	0.0658461	1.52482	-1.83188	-1.4914	-0.26157	0.481138	1.23315
4.797	0.0641843	1.52555	-1.83163	-1.49141	-0.26157	0.481138	1.23315
4.81	0.0625685	1.52627	-1.83133	-1.49143	-0.26157	0.481138	1.23315
4.823	0.060954	1.527	-1.83103	-1.49144	-0.261568	0.48114	1.23315
4.836	0.0594174	1.52769	-1.83067	-1.49144	-0.261566	0.48114	1.23315
4.849	0.0578834	1.52836	-1.83018	-1.49145	-0.261566	0.48114	1.23315
4.862	0.056338	1.52904	-1.82977	-1.49146	-0.261566	0.481142	1.23315
4.875	0.056338	1.52904	-1.82977	-1.49146	-0.261566	0.481142	1.23315
4.888	0.0548308	1.52981	-1.82948	-1.49148	-0.261564	0.481142	1.23315
4.901	0.0532278	1.53053	-1.8292	-1.49154	-0.261564	0.481142	1.23315
4.914	0.0516031	1.53126	-1.82898	-1.49154	-0.261564	0.481142	1.23315
4.927	0.0500397	1.53192	-1.8287	-1.49159	-0.261564	0.481143	1.23315
4.94	0.0485019	1.53259	-1.82834	-1.49164	-0.261564	0.481143	1.23315
4.953	0.0470753	1.53325	-1.82807	-1.49168	-0.261564	0.481143	1.23315
4.966	0.0455669	1.53399	-1.82779	-1.49175	-0.261564	0.481143	1.23315
4.979	0.0441441	1.53467	-1.82755	-1.49182	-0.261564	0.481143	1.23315
4.992	0.0427303	1.53534	-1.82724	-1.49188	-0.261564	0.481143	1.23315
5.005	0.0427303	1.53534	-1.82724	-1.49188	-0.261564	0.481143	1.23315
5.018	0.0413011	1.53593	-1.82689	-1.49199	-0.261562	0.481145	1.23315
5.031	0.0399282	1.53646	-1.82645	-1.49209	-0.261562	0.481147	1.23315
5.044	0.0385131	1.53698	-1.82596	-1.49221	-0.261562	0.48115	1.23315
5.057	0.0369625	1.53765	-1.82564	-1.49226	-0.26156	0.481153	1.23315
5.07	0.0354336	1.53837	-1.82544	-1.49239	-0.26156	0.481155	1.23315
5.083	0.0339304	1.53906	-1.82518	-1.49255	-0.26156	0.481157	1.23315
5.096	0.0324667	1.5397	-1.82489	-1.49265	-0.26156	0.481157	1.23315
5.109	0.031049	1.54029	-1.82458	-1.4927	-0.26156	0.481159	1.23315
5.122	0.0295828	1.54087	-1.82424	-1.49273	-0.26156	0.48116	1.23315
5.135	0.0281715	1.54147	-1.8239	-1.49273	-0.26156	0.48116	1.23315
5.148	0.0281715	1.54147	-1.8239	-1.49273	-0.26156	0.48116	1.23315
5.161	0.0267897	1.54213	-1.82361	-1.49278	-0.26156	0.48116	1.23315
5.174	0.0253375	1.54278	-1.82335	-1.49282	-0.26156	0.48116	1.23315
5.187	0.023861	1.54341	-1.82308	-1.49281	-0.26156	0.48116	1.23315
5.2	0.0223999	1.54402	-1.82268	-1.49283	-0.26156	0.48116	1.23315
5.213	0.0209887	1.54457	-1.82214	-1.49284	-0.26156	0.481162	1.23315
5.226	0.0195544	1.54513	-1.8217	-1.49286	-0.261558	0.481164	1.23315
5.239	0.0180677	1.54572	-1.82131	-1.4929	-0.261558	0.481169	1.23315
5.252	0.0166309	1.54633	-1.82097	-1.49292	-0.261558	0.481174	1.23315
5.265	0.0151647	1.54692	-1.82059	-1.49299	-0.261558	0.481177	1.23315
5.278	0.0151647	1.54692	-1.82059	-1.49299	-0.261558	0.481177	1.23315
5.291	0.0136665	1.54747	-1.82018	-1.49307	-0.261558	0.481182	1.23315
5.304	0.0122117	1.54799	-1.8198	-1.49314	-0.261558	0.481184	1.23315
5.317	0.010688	1.54854	-1.81944	-1.49325	-0.261558	0.481187	1.23315
5.33	0.00913099	1.54917	-1.81912	-1.49328	-0.261558	0.481191	1.23315
5.343	0.00756506	1.54973	-1.81875	-1.4934	-0.261558	0.481193	1.23315
5.356	0.00595821	1.55027	-1.81817	-1.49354	-0.261556	0.481193	1.23315
5.369	0.00443958	1.55073	-1.81768	-1.49367	-0.261558	0.481194	1.23315
5.382	0.00288513	1.55125	-1.81723	-1.49379	-0.261556	0.481196	1.23315
5.395	0.00131537	1.55171	-1.8168	-1.49391	-0.261556	0.481196	1.23315
5.408	-0.000283791	1.55212	-1.81633	-1.49405	-0.261556	0.481198	1.23315
5.421	-0.000283791	1.55212	-1.81633	-1.49405	-0.261556	0.481198	1.23315
5.434	-0.00193793	1.55258	-1.81585	-1.49423	-0.261558	0.481199	1.23315
5.447	-0.00358824	1.55309	-1.81548	-1.49436	-0.261558	0.481201	1.23315
5.46	-0.00534465	1.55371	-1.81517	-1.49446	-0.261558	0.481205	1.23315
5.473	-0.00709595	1.55421	-1.8148	-1.4946	-0.261556	0.481208	1.23315
5.486	-0.00884212	1.55469	-1.81425	-1.49471	-0.261556	0.481213	1.23315
5.499	-0.0105487	1.55506	-1.81382	-1.49482	-0.261556	0.481216	1.23315
5.512	-0.0122718	1.55546	-1.81341	-1.49489	-0.261556	0.481223	1.23315
5.525	-0.0140628	1.55584	-1.81299	-1.49499	-0.261556	0.481227	1.23315
5.538	-0.0157936	1.55618	-1.81259	-1.49508	-0.261556	0.481228	1.23315
5.551	-0.0175884	1.55652	-1.81216	-1.49518	-0.261556	0.481235	1.23315
5.564	-0.0175884	1.55652	-1.81216	-1.49518	-0.261556	0.481235	1.23315
5.577	-0.0193358	1.5569	-1.81178	-1.49525	-0.261556	0.481239	1.23315
5.59	-0.021238	1.55735	-1.81146	-1.49534	-0.261556	0.48124	1.23315
5.603	-0.0231465	1.55785	-1.81117	-1.49535	-0.261556	0.481239	1.23315
5.616	-0.0250895	1.5582	-1.81077	-1.49539	-0.261556	0.48124	1.23315
5.629	-0.0270108	1.55852	-1.81024	-1.49539	-0.261556	0.48124	1.23315
5.642	-0.0289206	1.5588	-1.80979	-1.4954	-0.261556	0.481242	1.23315
5.655	-0.03081	1.55915	-1.80934	-1.4954	-0.261554	0.481245	1.23315
5.668	-0.0327313	1.55946	-1.80888	-1.4954	-0.261554	0.481251	1.23315
5.681	-0.0346718	1.5598	-1.8084	-1.4954	-0.261554	0.481257	1.23315
5.694	-0.0346718	1.5598	-1.8084	-1.4954	-0.261554	0.481257	1.23315
5.707	-0.0365701	1.56014	-1.80793	-1.4954	-0.261554	0.481266	1.23315
5.72	-0.0385732	1.56046	-1.80741	-1.4954	-0.261554	0.481273	1.23315
5.733	-0.0406147	1.56077	-1.80683	-1.4954	-0.261554	0.481278	1.23315
5.746	-0.0426472	1.56105	-1.80622	-1.4954	-0.261554	0.481285	1.23315
5.759	-0.044681	1.56146	-1.80574	-1.4954	-0.261554	0.481298	1.23315
5.772	-0.0466701	1.56195	-1.80535	-1.4954	-0.261554	0.481314	1.23315
5.785	-0.0486438	1.56243	-1.8049	-1.4954	-0.261554	0.481339	1.23315
5.798	-0.0505165	1.56289	-1.80435	-1.49539	-0.261554	0.481372	1.23315
5.811	-0.0524187	1.56335	-1.8038	-1.49539	-0.261554	0.481399	1.23315
5.824	-0.0542863	1.56379	-1.80324	-1.49539	-0.261552	0.481407	1.23315
5.837	-0.0542863	1.56379	-1.80324	-1.49539	-0.261552	0.481407	1.23315
5.85	-0.0560874	1.56424	-1.80257	-1.49539	-0.261552	0.481418	1.23315
5.863	-0.057964	1.56469	-1.80197	-1.49539	-0.261552	0.481435	1.23315
5.876	-0.059893	1.56519	-1.80146	-1.49537	-0.261554	0.48144	1.23315
5.889	-0.0618488	1.5657	-1.80088	-1.49537	-0.261554	0.481452	1.23315
5.902	-0.0637152	1.56619	-1.80035	-1.49537	-0.261554	0.481486	1.23315
5.915	-0.0656173	1.56672	-1.79979	-1.49535	-0.261554	0.481532	1.23315
5.928	-0.0674287	1.5672	-1.79917	-1.49535	-0.261554	0.481634	1.23315
5.941	-0.0692707	1.56768	-1.79845	-1.49533	-0.261552	0.481832	1.23315
5.954	-0.0710284	1.56816	-1.79787	-1.49533	-0.261552	0.482144	1.23315
5.967	-0.0710284	1.56816	-1.79787	-1.49533	-0.261552	0.482144	1.23315
5.98	-0.072882	1.56876	-1.79729	-1.49533	-0.261552	0.482481	1.23315
5.993	-0.0747151	1.56931	-1.79678	-1.49533	-0.261552	0.482888	1.23315
6.006	-0.0766351	1.56983	-1.79615	-1.49525	-0.261552	0.483688	1.23315
6.019	-0.0785002	1.57032	-1.79556	-1.49523	-0.261552	0.484736	1.23315
6.032	-0.0804355	1.57079	-1.7949	-1.49523	-0.261554	0.485133	1.23315
6.045	-0.0822712	1.57124	-1.79426	-1.49523	-0.261554	0.485154	1.23315
6.058	-0.0841925	1.57168	-1.79364	-1.49523	-0.261554	0.485154	1.23315
6.071	-0.0860614	1.57217	-1.79306	-1.49523	-0.261552	0.485154	1.23315
6.084	-0.0879687	1.57267	-1.79253	-1.49524	-0.261552	0.485154	1.23315
6.097	-0.0898146	1.57327	-1.79204	-1.49524	-0.261552	0.485155	1.23315
6.11	-0.0898146	1.57327	-1.79204	-1.49524	-0.261552	0.485155	1.23315
6.123	-0.091695	1.57379	-1.79154	-1.49524	-0.261554	0.485155	1.23315
6.136	-0.093638	1.57428	-1.7909	-1.49524	-0.261552	0.485155	1.23315
6.149	-0.095613	1.57468	-1.79033	-1.49524	-0.261552	0.485155	1.23315
6.162	-0.0976187	1.57511	-1.78978	-1.49524	-0.261554	0.485157	1.23315
6.175	-0.0996844	1.57548	-1.7892	-1.49524	-0.261554	0.485159	1.23315
6.188	-0.101708	1.57581	-1.78861	-1.49524	-0.261554	0.48516	1.23315
6.201	-0.103773	1.57616	-1.788	-1.49524	-0.261554	0.485164	1.23315
6.214	-0.10582	1.57653	-1.78736	-1.49524	-0.261554	0.485164	1.23315
6.227	-0.10789	1.57694	-1.78676	-1.49524	-0.261554	0.485166	1.23315
6.24	-0.10789	1.57694	-1.78676	-1.49524	-0.261554	0.485166	1.23315
6.253	-0.109896	1.57742	-1.78632	-1.49524	-0.261554	0.485167	1.23315
6.266	-0.111982	1.5779	-1.78591	-1.49524	-0.261552	0.485171	1.23315
6.279	-0.114034	1.57828	-1.78544	-1.49524	-0.261552	0.485176	1.23315
6.292	-0.116191	1.57861	-1.78493	-1.49523	-0.261552	0.485186	1.23315
6.305	-0.11828	1.57891	-1.78446	-1.49523	-0.261554	0.4852	1.23315
6.318	-0.12049	1.57919	-1.78397	-1.49523	-0.261552	0.485227	1.23315
6.331	-0.122584	1.57945	-1.78348	-1.49523	-0.261552	0.485264	1.23315
6.344	-0.124769	1.57964	-1.78289	-1.49523	-0.261552	0.485334	1.23315
6.357	-0.126874	1.57981	-1.78242	-1.49523	-0.261552	0.48538	1.23315
6.37	-0.128987	1.58002	-1.78204	-1.49523	-0.261554	0.485411	1.23315
6.383	-0.128987	1.58002	-1.78204	-1.49523	-0.261554	0.485411	1.23315
6.396	-0.131103	1.5802	-1.78166	-1.49523	-0.261552	0.48544	1.23315
6.409	-0.133254	1.58038	-1.78125	-1.49523	-0.261552	0.485474	1.23315
6.422	-0.135438	1.58056	-1.78086	-1.49522	-0.261552	0.485508	1.23315
6.435	-0.137566	1.58082	-1.78053	-1.49522	-0.261552	0.485582	1.23315
6.448	-0.139811	1.58114	-1.78029	-1.49522	-0.261552	0.485687	1.23315
6.461	-0.141901	1.5815	-1.78012	-1.49522	-0.261552	0.485795	1.23315
6.474	-0.144084	1.58186	-1.77988	-1.49522	-0.261552	0.485912	1.23315
6.487	-0.146188	1.58213	-1.77963	-1.49522	-0.261554	0.486055	1.23315
6.5	-0.148286	1.58234	-1.77923	-1.49518	-0.261554	0.486226	1.23315
6.513	-0.148286	1.58234	-1.77923	-1.49518	-0.261554	0.486226	1.23315
6.526	-0.150328	1.58248	-1.7788	-1.49518	-0.261554	0.486449	1.23315
6.539	-0.152384	1.58266	-1.77848	-1.49516	-0.261554	0.486868	1.23315
6.552	-0.154442	1.58288	-1.77825	-1.49515	-0.261554	0.48792	1.23315
6.565	-0.156504	1.58312	-1.77806	-1.49507	-0.261552	0.489036	1.23315
6.578	-0.158625	1.5833	-1.77789	-1.49505	-0.261552	0.4895	1.23315
6.591	-0.160692	1.58351	-1.77766	-1.49501	-0.261552	0.489628	1.23315
6.604	-0.162782	1.5837	-1.77744	-1.495	-0.261554	0.489722	1.23315
6.617	-0.164843	1.58396	-1.7772	-1.49492	-0.261554	0.489805	1.23315
6.63	-0.16691	1.58422	-1.77704	-1.49484	-0.261554	0.489928	1.23315
6.643	-0.168896	1.58448	-1.77685	-1.4947	-0.261554	0.490097	1.23315
6.656	-0.168896	1.58448	-1.77685	-1.4947	-0.261554	0.490097	1.23315
6.669	-0.17091	1.58474	-1.77663	-1.49462	-0.261554	0.490252	1.23315
6.682	-0.172887	1.585	-1.77641	-1.49451	-0.261554	0.490485	1.23315
6.695	-0.174934	1.58531	-1.7762	-1.49435	-0.261554	0.491039	1.23315
6.708	-0.176918	1.58564	-1.77602	-1.4942	-0.261554	0.492507	1.23315
6.721	-0.178953	1.58601	-1.77577	-1.49407	-0.261554	0.493611	1.23315
6.734	-0.18089	1.5863	-1.77546	-1.4939	-0.261554	0.494306	1.23315
6.747	-0.182898	1.58654	-1.77502	-1.49369	-0.261554	0.495348	1.23315
6.76	-0.184833	1.5868	-1.77459	-1.49345	-0.261554	0.497027	1.23315
6.773	-0.186802	1.58709	-1.77421	-1.49319	-0.261554	0.498104	1.23315
6.786	-0.186802	1.58709	-1.77421	-1.49319	-0.261554	0.498104	1.23315
6.799	-0.188729	1.58743	-1.77387	-1.49291	-0.261554	0.499382	1.23315
6.812	-0.190699	1.58781	-1.77346	-1.49269	-0.261554	0.501099	1.23315
6.825	-0.192679	1.58825	-1.77304	-1.49251	-0.261554	0.502084	1.23315
6.838	-0.194762	1.58872	-1.77263	-1.49231	-0.261554	0.503134	1.23315
6.851	-0.196806	1.58915	-1.7722	-1.49214	-0.261554	0.504426	1.23315
6.864	-0.198971	1.58957	-1.77165	-1.49201	-0.261552	0.504964	1.23315
6.877	-0.201068	1.58989	-1.77111	-1.49188	-0.261552	0.50499	1.23315
6.89	-0.203237	1.59028	-1.77057	-1.49165	-0.261552	0.504988	1.23315
6.903	-0.205383	1.59063	-1.77012	-1.4914	-0.261552	0.504988	1.23315
6.916	-0.207517	1.59097	-1.76966	-1.49108	-0.261552	0.504988	1.23315
6.929	-0.207517	1.59097	-1.76966	-1.49108	-0.261552	0.504988	1.23315
6.942	-0.209667	1.59129	-1.76923	-1.4908	-0.261554	0.504988	1.23315
6.955	-0.211854	1.59161	-1.76882	-1.49043	-0.261554	0.504988	1.23315
6.968	-0.214109	1.59193	-1.76849	-1.48999	-0.261554	0.504986	1.23315
6.981	-0.216336	1.59228	-1.76824	-1.48948	-0.261554	0.504986	1.23315
6.994	-0.218647	1.59269	-1.76797	-1.48903	-0.261554	0.504986	1.23315
7.007	-0.22091	1.59304	-1.7676	-1.48855	-0.261554	0.504986	1.23315
7.02	-0.223195	1.59333	-1.76711	-1.48803	-0.261554	0.504986	1.23315
7.033	-0.225454	1.59363	-1.76675	-1.48756	-0.261554	0.504986	1.23315
7.046	-0.227668	1.59398	-1.7665	-1.48705	-0.261556	0.504985	1.23315
7.059	-0.229908	1.59431	-1.7663	-1.48661	-0.261554	0.504983	1.23315
7.072	-0.229908	1.59431	-1.7663	-1.48661	-0.261554	0.504983	1.23315
7.085	-0.232048	1.59465	-1.76607	-1.48609	-0.261556	0.504983	1.23315
7.098	-0.234275	1.59497	-1.76586	-1.48555	-0.261556	0.504981	1.23315
7.111	-0.236471	1.59524	-1.76566	-1.48492	-0.261556	0.504981	1.23315
7.124	-0.238701	1.59552	-1.76552	-1.4843	-0.261558	0.504979	1.23315
7.137	-0.240872	1.59578	-1.76548	-1.48373	-0.261562	0.504979	1.23315
7.15	-0.24302	1.59613	-1.76548	-1.4831	-0.26158	0.504979	1.23315
7.163	-0.245151	1.59652	-1.76548	-1.48248	-0.261634	0.504979	1.23315
7.176	-0.247233	1.59698	-1.76548	-1.48177	-0.261732	0.504979	1.23315
7.189	-0.249361	1.59742	-1.76548	-1.48108	-0.261863	0.504979	1.23315
7.202	-0.249361	1.59742	-1.76548	-1.48108	-0.261863	0.504979	1.23315
7.215	-0.251407	1.59785	-1.76547	-1.48036	-0.26201	0.504978	1.23315
7.228	-0.253545	1.59823	-1.76547	-1.4797	-0.262167	0.504978	1.23315
7.241	-0.255646	1.59856	-1.76547	-1.47898	-0.262374	0.504978	1.23315
7.254	-0.257871	1.59888	-1.76547	-1.4783	-0.262628	0.504976	1.23315
7.267	-0.260077	1.59918	-1.76547	-1.47755	-0.262865	0.504976	1.23315
7.28	-0.262353	1.59944	-1.76547	-1.47674	-0.263033	0.504976	1.23315
7.293	-0.264624	1.5997	-1.76547	-1.47598	-0.263211	0.504976	1.23315
7.306	-0.266879	1.59996	-1.76547	-1.47523	-0.26338	0.504974	1.23315
7.319	-0.269192	1.60019	-1.76547	-1.47451	-0.263513	0.504974	1.23315
7.332	-0.271479	1.60051	-1.76548	-1.4737	-0.263624	0.504973	1.23315
7.345	-0.271479	1.60051	-1.76548	-1.4737	-0.263624	0.504973	1.23315
7.358	-0.273824	1.60085	-1.76548	-1.47287	-0.263677	0.504971	1.23315
7.371	-0.276179	1.60119	-1.76548	-1.47211	-0.263699	0.504971	1.23315
7.384	-0.278547	1.60158	-1.76548	-1.4713	-0.263724	0.504969	1.23315
7.397	-0.280936	1.60183	-1.76548	-1.47055	-0.26374	0.504969	1.23315
7.41	-0.28329	1.60212	-1.76548	-1.46964	-0.263751	0.504968	1.23315
7.423	-0.285664	1.60238	-1.76548	-1.4687	-0.263765	0.504968	1.23315
7.436	-0.287987	1.60265	-1.76548	-1.46779	-0.263789	0.504968	1.23315
7.449	-0.290296	1.60291	-1.76548	-1.46686	-0.263812	0.504966	1.23315
7.462	-0.292593	1.60313	-1.76548	-1.46589	-0.263822	0.504966	1.23315
7.475	-0.292593	1.60313	-1.76548	-1.46589	-0.263822	0.504966	1.23315
7.488	-0.294822	1.60335	-1.76548	-1.46481	-0.263834	0.504962	1.23315
7.501	-0.297118	1.60355	-1.76548	-1.46385	-0.263861	0.504959	1.23315
7.514	-0.299349	1.60379	-1.76548	-1.46287	-0.263888	0.504957	1.23315
7.527	-0.30165	1.604	-1.76548	-1.46182	-0.263916	0.504956	1.23315
7.54	-0.30393	1.6042	-1.76548	-1.46075	-0.263957	0.504954	1.23315
7.553	-0.306134	1.60441	-1.76548	-1.45968	-0.263994	0.504952	1.23315
7.566	-0.308352	1.60459	-1.76548	-1.4587	-0.264014	0.504951	1.23315
7.579	-0.310516	1.6048	-1.76548	-1.45764	-0.264023	0.504951	1.23315
7.592	-0.312725	1.605	-1.76549	-1.45662	-0.264025	0.504949	1.23315
7.605	-0.314857	1.60522	-1.76549	-1.45566	-0.264025	0.504949	1.23315
7.618	-0.314857	1.60522	-1.76549	-1.45566	-0.264025	0.504949	1.23315
7.631	-0.317065	1.60548	-1.76549	-1.45472	-0.264025	0.504949	1.23315
7.644	-0.319274	1.60566	-1.76549	-1.45371	-0.264025	0.504949	1.23315
7.657	-0.321535	1.60583	-1.76549	-1.45259	-0.264025	0.504949	1.23315
7.67	-0.32377	1.60596	-1.76549	-1.45159	-0.264025	0.504949	1.23315
7.683	-0.325944	1.6061	-1.76549	-1.45055	-0.264027	0.504949	1.23315
7.696	-0.328185	1.60619	-1.76549	-1.44951	-0.264031	0.504947	1.23315
7.709	-0.330368	1.60629	-1.76549	-1.44849	-0.264057	0.504947	1.23315
7.722	-0.332535	1.6064	-1.76549	-1.44755	-0.264084	0.504947	1.23315
7.735	-0.334704	1.6065	-1.76549	-1.4466	-0.264106	0.504945	1.23315
7.748	-0.334704	1.6065	-1.76549	-1.4466	-0.264106	0.504945	1.23315
7.761	-0.336923	1.60659	-1.76549	-1.4456	-0.264127	0.504944	1.23315
7.774	-0.339157	1.60666	-1.7655	-1.44459	-0.264168	0.504942	1.23315
7.787	-0.341407	1.60675	-1.7655	-1.44361	-0.264374	0.504942	1.23315
7.8	-0.343679	1.60682	-1.7655	-1.44257	-0.264726	0.50494	1.23315
7.813	-0.345916	1.60696	-1.76551	-1.44144	-0.265244	0.504939	1.23315
7.826	-0.348178	1.60708	-1.76551	-1.44034	-0.265757	0.504937	1.23315
7.839	-0.350336	1.60728	-1.76552	-1.43925	-0.266348	0.504937	1.23315
7.852	-0.352523	1.60753	-1.76552	-1.43807	-0.2668	0.504935	1.23315
7.865	-0.354771	1.60782	-1.76555	-1.43693	-0.26724	0.504935	1.23315
7.878	-0.357002	1.60822	-1.76562	-1.4358	-0.267661	0.504935	1.23315
7.891	-0.357002	1.60822	-1.76562	-1.4358	-0.267661	0.504935	1.23315
7.904	-0.35922	1.60856	-1.76566	-1.43473	-0.268183	0.504933	1.23315
7.917	-0.36148	1.60894	-1.76566	-1.43347	-0.26889	0.504933	1.23315
7.93	-0.363777	1.60925	-1.76569	-1.43225	-0.269696	0.50493	1.23315
7.943	-0.365985	1.60958	-1.76578	-1.43101	-0.270355	0.504927	1.23315
7.956	-0.368219	1.60986	-1.76585	-1.42983	-0.270907	0.504925	1.23315
7.969	-0.37045	1.61013	-1.76592	-1.42871	-0.271455	0.504923	1.23315
7.982	-0.372635	1.61039	-1.76603	-1.42763	-0.271983	0.50492	1.23315
7.995	-0.374856	1.61057	-1.76623	-1.42655	-0.272398	0.504916	1.23315
8.008	-0.377038	1.61077	-1.76657	-1.42539	-0.272736	0.504915	1.23315
8.021	-0.377038	1.61077	-1.76657	-1.42539	-0.272736	0.504915	1.23315
8.034	-0.379264	1.61093	-1.76693	-1.42437	-0.273028	0.504913	1.23315
8.047	-0.381431	1.61102	-1.76719	-1.42341	-0.273249	0.50491	1.23315
8.06	-0.383654	1.61103	-1.76744	-1.42251	-0.273472	0.50491	1.23315
8.073	-0.385883	1.61103	-1.76775	-1.42156	-0.273775	0.504908	1.23315
8.086	-0.38816	1.61105	-1.76813	-1.42071	-0.274315	0.504906	1.23315
8.099	-0.390387	1.61106	-1.76856	-1.41986	-0.275	0.504882	1.23315
8.112	-0.392548	1.61106	-1.76902	-1.41898	-0.275928	0.504869	1.23315
8.125	-0.394802	1.61106	-1.76951	-1.41802	-0.276883	0.504864	1.23315
8.138	-0.397009	1.61106	-1.76995	-1.41701	-0.277947	0.504858	1.23315
8.151	-0.399243	1.61106	-1.77043	-1.41601	-0.279125	0.504853	1.23315
8.164	-0.399243	1.61106	-1.77043	-1.41601	-0.279125	0.504853	1.23315
8.177	-0.401417	1.61106	-1.77091	-1.41496	-0.280029	0.504845	1.23315
8.19	-0.403672	1.61105	-1.77133	-1.41383	-0.280759	0.504814	1.23315
8.203	-0.405886	1.61105	-1.77181	-1.41267	-0.281514	0.504736	1.23315
8.216	-0.408089	1.61105	-1.7723	-1.41151	-0.282203	0.50471	1.23315
8.229	-0.410291	1.61105	-1.77282	-1.41046	-0.28286	0.504708	1.23315
8.242	-0.412475	1.61105	-1.77342	-1.40934	-0.283177	0.504702	1.23315
8.255	-0.414717	1.61104	-1.77403	-1.4083	-0.283314	0.504693	1.23315
8.268	-0.416862	1.61104	-1.77463	-1.40716	-0.283383	0.504673	1.23315
8.281	-0.419086	1.61104	-1.77516	-1.40599	-0.283412	0.504647	1.23315
8.294	-0.419086	1.61104	-1.77516	-1.40599	-0.283412	0.504647	1.23315
8.307	-0.421248	1.61103	-1.77573	-1.40482	-0.283418	0.504521	1.23315
8.32	-0.423361	1.61103	-1.77628	-1.40362	-0.28342	0.504066	1.23315
8.333	-0.425464	1.61102	-1.7768	-1.4024	-0.283422	0.503463	1.23315
8.346	-0.427607	1.61102	-1.77734	-1.4012	-0.283422	0.50273	1.23315
8.359	-0.429738	1.61102	-1.77791	-1.4001	-0.283424	0.501417	1.23315
8.372	-0.431823	1.61102	-1.77854	-1.39896	-0.283422	0.499892	1.23315
8.385	-0.434018	1.611	-1.77912	-1.39788	-0.283424	0.498765	1.23315
8.398	-0.436137	1.61099	-1.77964	-1.39682	-0.283428	0.497146	1.23315
8.411	-0.438355	1.61099	-1.7802	-1.39579	-0.283435	0.495605	1.23315
8.424	-0.440521	1.61099	-1.7808	-1.39465	-0.283447	0.494214	1.23315
8.437	-0.440521	1.61099	-1.7808	-1.39465	-0.283447	0.494214	1.23315
8.45	-0.442767	1.61098	-1.78146	-1.39356	-0.283504	0.492097	1.23315
8.463	-0.444976	1.61097	-1.78216	-1.3925	-0.28369	0.490097	1.23315
8.476	-0.447256	1.61097	-1.78286	-1.39139	-0.283991	0.487465	1.23315
8.489	-0.449553	1.61092	-1.78355	-1.39029	-0.284312	0.484762	1.23315
8.502	-0.451798	1.61091	-1.78436	-1.38927	-0.284688	0.48242	1.23315
8.515	-0.454084	1.6109	-1.78519	-1.38838	-0.28505	0.480327	1.23315
8.528	-0.456323	1.61088	-1.78608	-1.38742	-0.28531	0.479355	1.23315
8.541	-0.458674	1.61084	-1.78698	-1.38642	-0.285478	0.478786	1.23315
8.554	-0.460941	1.61075	-1.78788	-1.38543	-0.28558	0.478111	1.23315
8.567	-0.463133	1.61068	-1.78888	-1.38446	-0.285644	0.477661	1.23315
8.58	-0.463133	1.61068	-1.78888	-1.38446	-0.285644	0.477661	1.23315
8.593	-0.465351	1.61056	-1.78996	-1.38355	-0.285688	0.477468	1.23315
8.606	-0.467547	1.61041	-1.79101	-1.3826	-0.285713	0.477378	1.23315
8.619	-0.469733	1.61027	-1.79213	-1.38166	-0.285731	0.477312	1.23315
8.632	-0.471861	1.61022	-1.79342	-1.38079	-0.285736	0.477255	1.23315
8.645	-0.474038	1.61021	-1.79478	-1.37998	-0.285736	0.477177	1.23315
8.658	-0.476128	1.61018	-1.79615	-1.37904	-0.285738	0.477017	1.23315
8.671	-0.478304	1.61016	-1.79755	-1.37808	-0.285738	0.476616	1.23315
8.684	-0.480399	1.61015	-1.79891	-1.37716	-0.28574	0.475999	1.23315
8.697	-0.482479	1.6101	-1.80031	-1.37623	-0.28574	0.475244	1.23315
8.71	-0.482479	1.6101	-1.80031	-1.37623	-0.28574	0.475244	1.23315
8.723	-0.484564	1.61004	-1.80175	-1.37526	-0.285738	0.473562	1.23315
8.736	-0.484564	1.61004	-1.80175	-1.37526	-0.285738	0.473562	1.23315
8.749	-0.484564	1.61004	-1.80175	-1.37526	-0.285738	0.473562	1.23315
8.762	-0.484564	1.61004	-1.80175	-1.37526	-0.285738	0.473562	1.23315
8.775	-0.484564	1.61004	-1.80175	-1.37526	-0.285738	0.473562	1.23315
8.788	-0.484564	1.61004	-1.80175	-1.37526	-0.285738	0.473562	1.23315
8.801	-0.484564	1.61004	-1.80175	-1.37526	-0.285738	0.473562	1.23315
8.814	-0.484564	1.61004	-1.80175	-1.37526	-0.285738	0.473562	1.23315
8.827	-0.484564	1.61004	-1.80175	-1.37526	-0.285738	0.473562	1.23315
8.84	-0.484564	1.61004	-1.80175	-1.37526	-0.285738	0.473562	1.23315
8.853	-0.484564	1.61004	-1.80175	-1.37526	-0.285738	0.473562	1.23315
8.866	-0.484564	1.61004	-1.80175	-1.37526	-0.285738	0.473562	1.23315
8.879	-0.507741	1.60899	-1.81476	-1.36483	-0.285738	0.456596	1.23315
8.892	-0.509733	1.60891	-1.81571	-1.36373	-0.285736	0.456473	1.23315
8.905	-0.511745	1.6088	-1.81662	-1.36264	-0.285736	0.456293	1.23315
8.918	-0.513745	1.60872	-1.81754	-1.36161	-0.285736	0.455935	1.23315
8.931	-0.515687	1.60861	-1.81839	-1.36066	-0.285734	0.455193	1.23315
8.944	-0.517662	1.60848	-1.81919	-1.35963	-0.285734	0.453801	1.23315
8.957	-0.51964	1.60835	-1.82002	-1.3586	-0.285731	0.45242	1.23315
8.97	-0.52158	1.60821	-1.82087	-1.35761	-0.285731	0.450971	1.23315
8.983	-0.52158	1.60821	-1.82087	-1.35761	-0.285731	0.450971	1.23315
8.996	-0.523487	1.60806	-1.82179	-1.35671	-0.285731	0.448798	1.23315
9.009	-0.525457	1.60792	-1.82258	-1.35575	-0.285731	0.446896	1.23315
9.022	-0.5274	1.60769	-1.82339	-1.35473	-0.285729	0.444575	1.23315
9.035	-0.52936	1.6075	-1.82419	-1.35376	-0.285729	0.442536	1.23315
9.048	-0.531265	1.60725	-1.82505	-1.3529	-0.285727	0.440557	1.23315
9.061	-0.533237	1.60702	-1.82594	-1.35199	-0.285727	0.439168	1.23315
9.074	-0.535194	1.60667	-1.82678	-1.35109	-0.285727	0.437607	1.23315
9.087	-0.537177	1.60624	-1.8276	-1.35018	-0.285727	0.436666	1.23315
9.1	-0.539126	1.60581	-1.82842	-1.34933	-0.285727	0.435921	1.23315
9.113	-0.541081	1.6054	-1.82934	-1.34846	-0.285727	0.434488	1.23315
9.126	-0.541081	1.6054	-1.82934	-1.34846	-0.285727	0.434488	1.23315
9.139	-0.54301	1.60501	-1.83024	-1.34752	-0.285727	0.432971	1.23315
9.152	-0.545	1.60461	-1.83115	-1.34661	-0.285727	0.431838	1.23315
9.165	-0.546915	1.60422	-1.83212	-1.34573	-0.285727	0.430029	1.23315
9.178	-0.548847	1.60386	-1.83311	-1.34481	-0.285727	0.428301	1.23315
9.191	-0.550769	1.60348	-1.83408	-1.34385	-0.285727	0.426358	1.23315
9.204	-0.552738	1.60307	-1.835	-1.34283	-0.285727	0.424696	1.23315
9.217	-0.554648	1.6027	-1.83591	-1.34183	-0.285727	0.423368	1.23315
9.23	-0.556593	1.60234	-1.8368	-1.34082	-0.285727	0.421788	1.23315
9.243	-0.558498	1.60194	-1.83763	-1.3397	-0.285727	0.42083	1.23315
9.256	-0.558498	1.60194	-1.83763	-1.3397	-0.285727	0.42083	1.23315
9.269	-0.560416	1.60151	-1.83834	-1.33854	-0.285727	0.420195	1.23315
9.282	-0.562254	1.60114	-1.83915	-1.33744	-0.285727	0.419324	1.23315
9.295	-0.564141	1.60084	-1.83993	-1.33627	-0.285727	0.418286	1.23315
9.308	-0.565979	1.60055	-1.84071	-1.33506	-0.285727	0.417473	1.23315
9.321	-0.567816	1.60029	-1.84154	-1.33387	-0.285727	0.416897	1.23315
9.334	-0.569544	1.60001	-1.84223	-1.33265	-0.285727	0.4162	1.23315
9.347	-0.571344	1.59972	-1.84288	-1.33142	-0.285727	0.414889	1.23315
9.36	-0.573079	1.59947	-1.84358	-1.33018	-0.285727	0.413549	1.23315
9.373	-0.574826	1.59925	-1.84422	-1.329	-0.285725	0.412494	1.23315
9.386	-0.576549	1.59903	-1.8449	-1.32776	-0.285725	0.411016	1.23315
9.399	-0.576549	1.59903	-1.8449	-1.32776	-0.285725	0.411016	1.23315
9.412	-0.578316	1.59883	-1.84558	-1.32663	-0.285725	0.409326	1.23315
9.425	-0.580029	1.59861	-1.84615	-1.32551	-0.285725	0.408073	1.23315
9.438	-0.581722	1.59838	-1.8467	-1.3244	-0.285727	0.406421	1.23315
9.451	-0.58352	1.59816	-1.84722	-1.32328	-0.285725	0.405402	1.23315
9.464	-0.585247	1.59791	-1.84777	-1.32222	-0.285725	0.404959	1.23315
9.477	-0.586988	1.59762	-1.84825	-1.32113	-0.285723	0.404732	1.23315
9.49	-0.588646	1.59733	-1.8488	-1.31992	-0.285723	0.404543	1.23315
9.503	-0.590378	1.59706	-1.84935	-1.31881	-0.285721	0.404408	1.23315
9.516	-0.592047	1.59679	-1.84983	-1.31773	-0.285719	0.404304	1.23315
9.529	-0.592047	1.59679	-1.84983	-1.31773	-0.285719	0.404304	1.23315
9.542	-0.59368	1.59647	-1.85028	-1.31661	-0.285717	0.404188	1.23315
9.555	-0.595376	1.59616	-1.85072	-1.31541	-0.285717	0.404093	1.23315
9.568	-0.596993	1.5958	-1.85121	-1.3143	-0.285717	0.403996	1.23315
9.581	-0.598652	1.59546	-1.85162	-1.31318	-0.285717	0.40394	1.23315
9.594	-0.600247	1.59504	-1.85211	-1.31198	-0.285717	0.40386	1.23315
9.607	-0.601856	1.59463	-1.85265	-1.31082	-0.285717	0.40366	1.23315
9.62	-0.603419	1.59421	-1.85324	-1.30971	-0.285717	0.403203	1.23315
9.633	-0.604984	1.59375	-1.85378	-1.30857	-0.285717	0.40251	1.23315
9.646	-0.606597	1.59321	-1.85433	-1.30742	-0.285717	0.401991	1.23315
9.659	-0.608158	1.59274	-1.85493	-1.3063	-0.285717	0.401688	1.23315
9.672	-0.608158	1.59274	-1.85493	-1.3063	-0.285717	0.401688	1.23315
9.685	-0.60973	1.59225	-1.85554	-1.3052	-0.285717	0.40146	1.23315
9.698	-0.611363	1.59177	-1.85612	-1.30399	-0.285717	0.401138	1.23315
9.711	-0.612991	1.59124	-1.85674	-1.30277	-0.285717	0.400609	1.23315
9.724	-0.614653	1.5907	-1.85732	-1.30159	-0.285717	0.39958	1.23315
9.737	-0.616218	1.59015	-1.85785	-1.30031	-0.285717	0.398237	1.23315
9.75	-0.617839	1.58962	-1.85838	-1.29916	-0.285717	0.397258	1.23315
9.763	-0.619402	1.58919	-1.8589	-1.29808	-0.285717	0.396365	1.23315
9.776	-0.62094	1.58873	-1.85937	-1.29704	-0.285717	0.394836	1.23315
9.789	-0.622563	1.58835	-1.85973	-1.29596	-0.285719	0.393532	1.23315
9.802	-0.622563	1.58835	-1.85973	-1.29596	-0.285719	0.393532	1.23315
9.815	-0.624126	1.58798	-1.86011	-1.29496	-0.285719	0.392465	1.23315
9.828	-0.625647	1.58767	-1.86046	-1.29396	-0.285719	0.390735	1.23315
9.841	-0.627124	1.58742	-1.86093	-1.29286	-0.285717	0.389311	1.23315
9.854	-0.628644	1.58716	-1.86128	-1.29171	-0.285717	0.388099	1.23315
9.867	-0.630141	1.58684	-1.86146	-1.29069	-0.285717	0.386708	1.23315
9.88	-0.631504	1.58651	-1.86153	-1.28959	-0.285717	0.385992	1.23315
9.893	-0.632864	1.58621	-1.86158	-1.28842	-0.285717	0.385815	1.23315
9.906	-0.634245	1.58596	-1.86173	-1.28728	-0.285717	0.385793	1.23315
9.919	-0.635528	1.58576	-1.86193	-1.28617	-0.285717	0.385794	1.23315
9.932	-0.636786	1.58558	-1.86215	-1.28508	-0.285719	0.385796	1.23315
9.945	-0.636786	1.58558	-1.86215	-1.28508	-0.285719	0.385796	1.23315
9.958	-0.638068	1.58539	-1.86244	-1.28395	-0.285717	0.385796	1.23315
9.971	-0.639322	1.58521	-1.86275	-1.28283	-0.285717	0.385796	1.23315
9.984	-0.640487	1.58503	-1.86303	-1.28175	-0.285717	0.385796	1.23315
9.997	-0.641728	1.58483	-1.86327	-1.28068	-0.285717	0.385796	1.23315
10.01	-0.642922	1.58462	-1.86352	-1.27965	-0.285715	0.385794	1.23315
10.023	-0.644025	1.58442	-1.8638	-1.27866	-0.285715	0.385793	1.23315
10.036	-0.645151	1.5842	-1.86407	-1.27777	-0.285715	0.385791	1.23315
10.049	-0.646216	1.58402	-1.86439	-1.27675	-0.285713	0.385788	1.23315
10.062	-0.64735	1.58382	-1.86479	-1.27582	-0.285713	0.385781	1.23315
10.075	-0.648373	1.58365	-1.86512	-1.27493	-0.285713	0.385742	1.23315
10.088	-0.648373	1.58365	-1.86512	-1.27493	-0.285713	0.385742	1.23315
10.101	-0.649466	1.58344	-1.86534	-1.2741	-0.285713	0.385632	1.23315
10.114	-0.650497	1.58324	-1.86553	-1.27315	-0.285713	0.385387	1.23315
10.127	-0.651604	1.58303	-1.86571	-1.27224	-0.285713	0.385061	1.23315
10.14	-0.652635	1.58284	-1.86589	-1.27141	-0.285713	0.384446	1.23315
10.153	-0.653678	1.58263	-1.86607	-1.27067	-0.285713	0.383471	1.23315
10.166	-0.654718	1.58236	-1.86618	-1.26992	-0.285713	0.382762	1.23315
10.179	-0.65576	1.5821	-1.86623	-1.26913	-0.285713	0.382471	1.23315
10.192	-0.656825	1.58187	-1.86634	-1.26833	-0.285713	0.382401	1.23315
10.205	-0.657816	1.5817	-1.86658	-1.26752	-0.285713	0.382377	1.23315
10.218	-0.657816	1.5817	-1.86658	-1.26752	-0.285713	0.382377	1.23315
10.231	-0.658793	1.58154	-1.86686	-1.26674	-0.285713	0.382365	1.23315
10.244	-0.659677	1.58139	-1.86714	-1.26587	-0.285713	0.382345	1.23315
10.257	-0.660582	1.58123	-1.86741	-1.26496	-0.285713	0.382283	1.23315
10.27	-0.661408	1.58109	-1.86775	-1.26402	-0.285713	0.382178	1.23315
10.283	-0.662173	1.58094	-1.8681	-1.26318	-0.285713	0.382114	1.23315
10.296	-0.66289	1.5808	-1.86849	-1.2624	-0.285713	0.382103	1.23315
10.309	-0.66355	1.58067	-1.86889	-1.26161	-0.285711	0.382099	1.23315
10.322	-0.664189	1.5805	-1.86922	-1.26089	-0.285711	0.382099	1.23315
10.335	-0.664823	1.58032	-1.86958	-1.26023	-0.285709	0.382101	1.23315
10.348	-0.665384	1.58014	-1.86997	-1.25962	-0.285709	0.382103	1.23315
10.361	-0.665384	1.58014	-1.86997	-1.25962	-0.285709	0.382103	1.23315
10.374	-0.665921	1.57999	-1.87035	-1.25909	-0.285707	0.382104	1.23315
10.387	-0.666439	1.57985	-1.8707	-1.25859	-0.285707	0.382106	1.23315
10.4	-0.666936	1.57973	-1.87106	-1.25808	-0.285705	0.382108	1.23315
10.413	-0.667425	1.57961	-1.87139	-1.25763	-0.285705	0.382109	1.23315
10.426	-0.667881	1.57949	-1.87172	-1.25728	-0.285705	0.382109	1.23315
10.439	-0.668335	1.57936	-1.87203	-1.25699	-0.285703	0.382109	1.23315
10.452	-0.668771	1.57925	-1.8723	-1.25669	-0.285703	0.382109	1.23315
10.465	-0.669194	1.57915	-1.87256	-1.25639	-0.285703	0.382109	1.23315
10.478	-0.669576	1.57904	-1.87273	-1.25614	-0.285703	0.382109	1.23315
10.491	-0.669576	1.57904	-1.87273	-1.25614	-0.285703	0.382109	1.23315
10.504	-0.669898	1.57895	-1.87282	-1.25593	-0.285703	0.382109	1.23315
10.517	-0.670228	1.57887	-1.87286	-1.25573	-0.285703	0.382109	1.23315
10.53	-0.670537	1.57881	-1.8729	-1.25549	-0.285701	0.382109	1.23315
10.543	-0.670835	1.57877	-1.87294	-1.25525	-0.285701	0.382109	1.23315
10.556	-0.671076	1.57875	-1.87297	-1.25499	-0.285701	0.382111	1.23315
10.569	-0.671281	1.57874	-1.87297	-1.25474	-0.285699	0.382111	1.23315
10.582	-0.67145	1.57874	-1.87297	-1.25449	-0.285697	0.382111	1.23315
10.595	-0.671592	1.57874	-1.87297	-1.25422	-0.285695	0.382113	1.23315
10.608	-0.671727	1.57874	-1.87297	-1.25401	-0.285693	0.382113	1.23315
10.621	-0.671853	1.57874	-1.87297	-1.25386	-0.285688	0.382113	1.23315
10.634	-0.671853	1.57874	-1.87297	-1.25386	-0.285688	0.382113	1.23315
10.647	-0.67197	1.57874	-1.87297	-1.25378	-0.285686	0.382113	1.23315
10.66	-0.672125	1.57874	-1.87297	-1.25377	-0.285682	0.382113	1.23315
10.673	-0.672349	1.57874	-1.87297	-1.25376	-0.28568	0.382113	1.23315
10.686	-0.67261	1.57874	-1.87297	-1.25377	-0.285676	0.382113	1.23315
10.699	-0.672886	1.57874	-1.87297	-1.25377	-0.28567	0.382113	1.23315
10.712	-0.673172	1.57872	-1.87297	-1.25377	-0.285662	0.382113	1.23315
10.725	-0.67346	1.57871	-1.87297	-1.25376	-0.285654	0.382113	1.23315
10.738	-0.673719	1.57871	-1.87297	-1.25376	-0.285637	0.382113	1.23315
10.751	-0.673938	1.57871	-1.87297	-1.25376	-0.285596	0.382113	1.23315
10.764	-0.673938	1.57871	-1.87297	-1.25376	-0.285596	0.382113	1.23315
10.777	-0.6741	1.57869	-1.87297	-1.25376	-0.285529	0.382113	1.23315
10.79	-0.674238	1.57867	-1.87297	-1.25374	-0.285488	0.382113	1.23315
10.803	-0.674334	1.57865	-1.87297	-1.25367	-0.285472	0.382113	1.23315
10.816	-0.674397	1.57865	-1.87297	-1.25363	-0.285466	0.382113	1.23315
10.829	-0.674437	1.57865	-1.87297	-1.25362	-0.285464	0.382113	1.23315
10.842	-0.674457	1.57865	-1.87297	-1.25362	-0.285464	0.382113	1.23315
10.855	-0.674473	1.57864	-1.87297	-1.25361	-0.285466	0.382113	1.23315
10.868	-0.674486	1.57863	-1.87297	-1.25361	-0.285466	0.382113	1.23315
10.881	-0.674514	1.57861	-1.87297	-1.25361	-0.285466	0.382113	1.23315
10.894	-0.674554	1.57858	-1.87297	-1.25361	-0.285466	0.382113	1.23315
10.907	-0.674554	1.57858	-1.87297	-1.25361	-0.285466	0.382113	1.23315
10.92	-0.6746	1.57855	-1.87297	-1.25361	-0.285466	0.382113	1.23315
10.933	-0.674648	1.57852	-1.87297	-1.2536	-0.285468	0.382113	1.23315
10.946	-0.674691	1.5785	-1.87297	-1.25359	-0.285468	0.382113	1.23315
10.959	-0.67471	1.57849	-1.87297	-1.25357	-0.285468	0.382113	1.23315
10.972	-0.674719	1.57848	-1.87297	-1.25356	-0.285468	0.382113	1.23315
10.985	-0.67472	1.57848	-1.87297	-1.25355	-0.285468	0.382113	1.23315
10.998	-0.674723	1.57847	-1.87297	-1.25352	-0.285468	0.382113	1.23315
11.011	-0.674725	1.57846	-1.87297	-1.25349	-0.285468	0.382113	1.23315
11.024	-0.674724	1.57844	-1.87297	-1.25342	-0.285468	0.382113	1.23315
11.037	-0.674724	1.57844	-1.87297	-1.25342	-0.285468	0.382113	1.23315
11.05	-0.674724	1.57842	-1.87297	-1.25335	-0.285468	0.382113	1.23315
11.063	-0.674725	1.5784	-1.87297	-1.25328	-0.285468	0.382113	1.23315
11.076	-0.674726	1.57837	-1.87297	-1.2532	-0.285468	0.382113	1.23315
11.089	-0.674726	1.57834	-1.87297	-1.25311	-0.285468	0.382113	1.23315
11.102	-0.674725	1.57829	-1.87297	-1.25302	-0.285468	0.382113	1.23315
11.115	-0.674724	1.57825	-1.87297	-1.2529	-0.285468	0.382113	1.23315
11.128	-0.674724	1.57822	-1.87297	-1.25281	-0.285468	0.382113	1.23315
11.141	-0.674723	1.57818	-1.87297	-1.25273	-0.285468	0.382113	1.23315
11.154	-0.674723	1.57814	-1.87297	-1.25267	-0.285466	0.382113	1.23315
11.167	-0.674723	1.57809	-1.87297	-1.25263	-0.285466	0.382113	1.23315
11.18	-0.674723	1.57809	-1.87297	-1.25263	-0.285466	0.382113	1.23315
11.193	-0.674723	1.57806	-1.87297	-1.25262	-0.285468	0.382113	1.23315
11.206	-0.674725	1.57804	-1.87297	-1.25261	-0.285466	0.382113	1.23315
11.219	-0.674753	1.57803	-1.87297	-1.25261	-0.285466	0.382113	1.23315
11.232	-0.674797	1.57802	-1.87297	-1.25261	-0.285466	0.382113	1.23315
11.245	-0.674836	1.578	-1.87297	-1.25261	-0.285468	0.382113	1.23315
11.258	-0.674856	1.57798	-1.87297	-1.25261	-0.285468	0.382113	1.23315
11.271	-0.67487	1.57795	-1.87297	-1.25261	-0.285468	0.382113	1.23315
11.284	-0.674887	1.57794	-1.87297	-1.2526	-0.285468	0.382113	1.23315
11.297	-0.674902	1.57793	-1.87297	-1.2526	-0.285468	0.382113	1.23315
11.31	-0.674902	1.57793	-1.87297	-1.2526	-0.285468	0.382113	1.23315
11.323	-0.674913	1.57792	-1.87297	-1.2526	-0.285468	0.382113	1.23315
11.336	-0.674931	1.57791	-1.87297	-1.2526	-0.285468	0.382113	1.23315
11.349	-0.674986	1.57791	-1.87297	-1.2526	-0.285468	0.382113	1.23315
11.362	-0.675055	1.57791	-1.87297	-1.25259	-0.285468	0.382113	1.23315
11.375	-0.675107	1.57791	-1.87297	-1.25259	-0.285468	0.382113	1.23315
11.388	-0.675152	1.57791	-1.87297	-1.25259	-0.285468	0.382113	1.23315
11.401	-0.675162	1.57791	-1.87297	-1.25259	-0.285468	0.382113	1.23315
11.414	-0.675162	1.57791	-1.87297	-1.25257	-0.285468	0.382113	1.23315
11.427	-0.675161	1.57791	-1.87297	-1.25253	-0.28547	0.382113	1.23315
11.44	-0.67516	1.57791	-1.87297	-1.25251	-0.28547	0.382113	1.23315
11.453	-0.67516	1.57791	-1.87297	-1.25251	-0.28547	0.382113	1.23315
11.466	-0.67516	1.57791	-1.87297	-1.25251	-0.28547	0.382113	1.23315
11.479	-0.675161	1.57791	-1.87297	-1.2525	-0.28547	0.382113	1.23315
11.492	-0.675173	1.57791	-1.87297	-1.2525	-0.285468	0.382113	1.23315
11.505	-0.675185	1.57791	-1.87297	-1.2525	-0.285468	0.382113	1.23315
11.518	-0.675212	1.57791	-1.87297	-1.2525	-0.285468	0.382113	1.23315
11.531	-0.675239	1.57791	-1.87296	-1.2525	-0.285468	0.382113	1.23315
11.544	-0.675289	1.57791	-1.87296	-1.2525	-0.285468	0.382113	1.23315
11.557	-0.675357	1.57791	-1.87296	-1.2525	-0.285468	0.382113	1.23315
11.57	-0.675408	1.57791	-1.87296	-1.2525	-0.285468	0.382113	1.23315
11.583	-0.675408	1.57791	-1.87296	-1.2525	-0.285468	0.382113	1.23315
11.596	-0.675427	1.57791	-1.87296	-1.2525	-0.285468	0.382113	1.23315
11.609	-0.675431	1.57791	-1.87296	-1.25249	-0.28547	0.382113	1.23315
11.622	-0.675432	1.57791	-1.87296	-1.25249	-0.285468	0.382111	1.23315
11.635	-0.675436	1.57791	-1.87296	-1.25249	-0.285468	0.382111	1.23315
11.648	-0.675431	1.57791	-1.87296	-1.25249	-0.285468	0.382111	1.23315
11.661	-0.675427	1.57791	-1.87296	-1.25248	-0.285468	0.382111	1.23315
11.674	-0.675426	1.57791	-1.87296	-1.25248	-0.285468	0.382111	1.23315
11.687	-0.675424	1.57791	-1.87296	-1.25247	-0.285468	0.382113	1.23315
11.7	-0.675424	1.57791	-1.87296	-1.25244	-0.285468	0.382113	1.23315
11.713	-0.675424	1.57791	-1.87296	-1.25241	-0.285468	0.382113	1.23315
11.726	-0.675424	1.57791	-1.87296	-1.25241	-0.285468	0.382113	1.23315
11.739	-0.675424	1.57791	-1.87296	-1.25239	-0.285468	0.382113	1.23315
11.752	-0.675427	1.57791	-1.87296	-1.25233	-0.28547	0.382113	1.23315
11.765	-0.675431	1.57791	-1.87296	-1.25227	-0.28547	0.382111	1.23315
11.778	-0.675428	1.57791	-1.87296	-1.25224	-0.28547	0.382111	1.23315
11.791	-0.675424	1.57791	-1.87296	-1.25221	-0.28547	0.382111	1.23315
11.804	-0.675424	1.57791	-1.87296	-1.25216	-0.28547	0.382111	1.23315
11.817	-0.675423	1.57791	-1.87296	-1.25208	-0.28547	0.382111	1.23315
11.83	-0.675423	1.57791	-1.87296	-1.25203	-0.28547	0.382111	1.23315
11.843	-0.675423	1.57791	-1.87296	-1.25199	-0.28547	0.382111	1.23315
11.856	-0.675423	1.57791	-1.87296	-1.25199	-0.28547	0.382111	1.23315
11.869	-0.675423	1.57791	-1.87296	-1.25195	-0.28547	0.382111	1.23315
11.882	-0.675423	1.57791	-1.87296	-1.25189	-0.28547	0.382111	1.23315
11.895	-0.675424	1.57791	-1.87296	-1.25183	-0.28547	0.382111	1.23315
11.908	-0.675428	1.57791	-1.87296	-1.25178	-0.28547	0.382111	1.23315
11.921	-0.675426	1.57791	-1.87296	-1.25173	-0.28547	0.382111	1.23315
11.934	-0.675423	1.57791	-1.87296	-1.25167	-0.28547	0.382111	1.23315
11.947	-0.675422	1.57791	-1.87296	-1.25161	-0.28547	0.382111	1.23315
11.96	-0.675422	1.57791	-1.87296	-1.25154	-0.28547	0.382111	1.23315
11.973	-0.675419	1.57791	-1.87296	-1.25145	-0.28547	0.382111	1.23315
11.986	-0.675419	1.57791	-1.87296	-1.25137	-0.28547	0.382111	1.23315
11.999	-0.675419	1.57791	-1.87296	-1.25137	-0.28547	0.382111	1.23315
12.012	-0.675419	1.57791	-1.87296	-1.25131	-0.285468	0.382111	1.23315
12.025	-0.675421	1.57791	-1.87296	-1.25124	-0.285468	0.382111	1.23315
12.038	-0.675423	1.57791	-1.87296	-1.25116	-0.285468	0.382113	1.23315
12.051	-0.675421	1.57791	-1.87296	-1.2511	-0.28547	0.382113	1.23315
12.064	-0.675419	1.57791	-1.87296	-1.25107	-0.28547	0.382113	1.23315
12.077	-0.675419	1.57791	-1.87296	-1.25107	-0.28547	0.382113	1.23315
12.09	-0.675419	1.57791	-1.87296	-1.25107	-0.28547	0.382113	1.23315
12.103	-0.675418	1.57791	-1.87296	-1.25107	-0.28547	0.382113	1.23315
12.116	-0.675417	1.57791	-1.87296	-1.25105	-0.28547	0.382113	1.23315
12.129	-0.675415	1.57791	-1.87296	-1.25098	-0.28547	0.382113	1.23315
12.142	-0.675415	1.57791	-1.87296	-1.25098	-0.28547	0.382113	1.23315
12.155	-0.675415	1.57791	-1.87296	-1.25091	-0.28547	0.382113	1.23315
12.168	-0.675415	1.57791	-1.87296	-1.25084	-0.28547	0.382113	1.23315
12.181	-0.675417	1.57791	-1.87296	-1.25075	-0.28547	0.382113	1.23315
12.194	-0.675414	1.57791	-1.87296	-1.25063	-0.28547	0.382113	1.23315
12.207	-0.675414	1.57791	-1.87296	-1.2505	-0.28547	0.382113	1.23315
12.22	-0.675414	1.57791	-1.87296	-1.2504	-0.28547	0.382113	1.23315
12.233	-0.675413	1.57791	-1.87296	-1.25034	-0.28547	0.382113	1.23315
12.246	-0.675413	1.57791	-1.87296	-1.25031	-0.28547	0.382113	1.23315
12.259	-0.675413	1.57791	-1.87296	-1.25031	-0.285472	0.382113	1.23315
12.272	-0.675413	1.57791	-1.87296	-1.25031	-0.285472	0.382113	1.23315
12.285	-0.675413	1.57791	-1.87296	-1.2503	-0.285472	0.382113	1.23315
12.298	-0.675413	1.57791	-1.87296	-1.25024	-0.285472	0.382111	1.23315
12.311	-0.675414	1.57791	-1.87296	-1.25019	-0.285472	0.382113	1.23315
12.324	-0.675413	1.57791	-1.87296	-1.25018	-0.28547	0.382113	1.23315
12.337	-0.675413	1.57791	-1.87296	-1.25016	-0.28547	0.382113	1.23315
12.35	-0.675413	1.57791	-1.87296	-1.25014	-0.28547	0.382113	1.23315
12.363	-0.675412	1.57791	-1.87296	-1.25012	-0.285472	0.382113	1.23315
12.376	-0.675412	1.57791	-1.87296	-1.2501	-0.285472	0.382113	1.23315
12.389	-0.675412	1.57791	-1.87296	-1.25007	-0.285472	0.382113	1.23315
12.402	-0.675412	1.57791	-1.87296	-1.25003	-0.285472	0.382113	1.23315
12.415	-0.675412	1.57791	-1.87296	-1.25003	-0.285472	0.382113	1.23315
12.428	-0.675412	1.57791	-1.87296	-1.24999	-0.285472	0.382113	1.23315
12.441	-0.675413	1.57791	-1.87296	-1.24995	-0.285472	0.382113	1.23315
12.454	-0.675413	1.57791	-1.87296	-1.2499	-0.285472	0.382113	1.23315
12.467	-0.675412	1.57791	-1.87296	-1.24986	-0.285472	0.382113	1.23315
12.48	-0.675412	1.57791	-1.87296	-1.24983	-0.285472	0.382113	1.23315
12.493	-0.675412	1.57791	-1.87296	-1.24982	-0.285472	0.382113	1.23315
12.506	-0.675412	1.57791	-1.87296	-1.24981	-0.285472	0.382113	1.23315
12.519	-0.675412	1.57791	-1.87296	-1.24977	-0.285472	0.382113	1.23315
12.532	-0.675412	1.57791	-1.87296	-1.24972	-0.285472	0.382113	1.23315
12.545	-0.675412	1.57791	-1.87296	-1.24972	-0.285472	0.382113	1.23315
12.558	-0.67541	1.57791	-1.87296	-1.24968	-0.285472	0.382113	1.23315
12.571	-0.675412	1.57791	-1.87296	-1.2496	-0.285472	0.382113	1.23315
12.584	-0.675412	1.57791	-1.87296	-1.24951	-0.285472	0.382113	1.23315
12.597	-0.67541	1.57791	-1.87296	-1.24942	-0.285472	0.382113	1.23315
12.61	-0.67541	1.57791	-1.87296	-1.24933	-0.285472	0.382113	1.23315
12.623	-0.67541	1.57791	-1.87296	-1.24925	-0.285472	0.382113	1.23315
12.636	-0.67541	1.57791	-1.87296	-1.24916	-0.285472	0.382113	1.23315
12.649	-0.67541	1.57791	-1.87296	-1.24908	-0.285472	0.382113	1.23315
12.662	-0.67541	1.57791	-1.87296	-1.24902	-0.285472	0.382113	1.23315
12.675	-0.67541	1.57791	-1.87296	-1.24897	-0.285472	0.382113	1.23315
12.688	-0.67541	1.57791	-1.87296	-1.24897	-0.285472	0.382113	1.23315
12.701	-0.67541	1.57791	-1.87296	-1.24894	-0.285472	0.382113	1.23315
12.714	-0.675412	1.57791	-1.87296	-1.24892	-0.285472	0.382113	1.23315
12.727	-0.675414	1.57791	-1.87296	-1.2489	-0.285472	0.382113	1.23315
12.74	-0.675412	1.57791	-1.87296	-1.24889	-0.285472	0.382113	1.23315
12.753	-0.675412	1.57791	-1.87296	-1.24887	-0.285472	0.382113	1.23315
12.766	-0.675412	1.57791	-1.87296	-1.24885	-0.285472	0.382113	1.23315
12.779	-0.67541	1.57791	-1.87296	-1.24884	-0.285472	0.382113	1.23315
12.792	-0.67541	1.57791	-1.87296	-1.24879	-0.285472	0.382113	1.23315
12.805	-0.67541	1.5779	-1.87296	-1.24873	-0.285472	0.382113	1.23315
12.818	-0.67541	1.5779	-1.87296	-1.24873	-0.285472	0.382113	1.23315
12.831	-0.67541	1.5779	-1.87296	-1.24871	-0.285472	0.382113	1.23315
12.844	-0.675413	1.5779	-1.87296	-1.2487	-0.28547	0.382113	1.23315
12.857	-0.675415	1.57789	-1.87296	-1.24869	-0.28547	0.382113	1.23315
12.87	-0.675412	1.57789	-1.87296	-1.24868	-0.28547	0.382113	1.23315
12.883	-0.675412	1.57789	-1.87296	-1.24867	-0.28547	0.382113	1.23315
12.896	-0.675412	1.57789	-1.87296	-1.24867	-0.28547	0.382113	1.23315
12.909	-0.67541	1.57789	-1.87296	-1.24866	-0.285472	0.382114	1.23315
12.922	-0.67541	1.57789	-1.87296	-1.24865	-0.285472	0.382114	1.23315
12.935	-0.675412	1.57789	-1.87296	-1.24865	-0.285472	0.382114	1.23315
12.948	-0.67541	1.57789	-1.87296	-1.24865	-0.285472	0.382114	1.23315
12.961	-0.67541	1.57789	-1.87296	-1.24865	-0.285472	0.382114	1.23315
12.974	-0.67541	1.57789	-1.87296	-1.24865	-0.285472	0.382114	1.23315
12.987	-0.675413	1.57789	-1.87296	-1.24865	-0.285472	0.382113	1.23315
13	-0.675418	1.57789	-1.87296	-1.24864	-0.285472	0.382113	1.23315
13.013	-0.675413	1.57789	-1.87296	-1.24864	-0.285472	0.382114	1.23315
13.026	-0.675413	1.57789	-1.87296	-1.24864	-0.285472	0.382114	1.23315
13.039	-0.675412	1.57789	-1.87296	-1.24864	-0.28547	0.382114	1.23315
13.052	-0.675412	1.57789	-1.87296	-1.24864	-0.28547	0.382114	1.23315
13.065	-0.675412	1.57789	-1.87296	-1.24864	-0.285472	0.382113	1.23315
13.078	-0.675412	1.57789	-1.87296	-1.24864	-0.285472	0.382114	1.23315
13.091	-0.675412	1.57789	-1.87296	-1.24864	-0.285472	0.382114	1.23315
13.104	-0.675412	1.57789	-1.87296	-1.24864	-0.285472	0.382114	1.23315
13.117	-0.675412	1.57789	-1.87296	-1.24864	-0.285472	0.382114	1.23315
13.13	-0.675423	1.57789	-1.87296	-1.24864	-0.285472	0.382113	1.23315
13.143	-0.675444	1.57789	-1.87296	-1.24864	-0.285472	0.382113	1.23315
13.156	-0.675446	1.57789	-1.87296	-1.24864	-0.285472	0.382114	1.23315
13.169	-0.675455	1.57789	-1.87296	-1.24864	-0.28547	0.382113	1.23315
13.182	-0.675459	1.57789	-1.87296	-1.24864	-0.28547	0.382113	1.23315
13.195	-0.675458	1.57789	-1.87296	-1.24864	-0.28547	0.382114	1.23315
13.208	-0.675454	1.57789	-1.87296	-1.24863	-0.28547	0.382114	1.23315
13.221	-0.675451	1.57789	-1.87296	-1.24863	-0.28547	0.382114	1.23315
13.234	-0.675451	1.57789	-1.87296	-1.24863	-0.28547	0.382114	1.23315
13.247	-0.67545	1.57789	-1.87296	-1.24863	-0.28547	0.382114	1.23315
13.26	-0.675452	1.57789	-1.87296	-1.24862	-0.28547	0.382113	1.23315
13.273	-0.675455	1.57789	-1.87296	-1.24856	-0.28547	0.382113	1.23315
13.286	-0.675447	1.57789	-1.87296	-1.24851	-0.28547	0.382113	1.23315
13.299	-0.675439	1.57789	-1.87296	-1.24844	-0.285472	0.382113	1.23315
13.312	-0.675435	1.57789	-1.87296	-1.24836	-0.285472	0.382113	1.23315
13.325	-0.675433	1.57789	-1.87296	-1.24827	-0.28547	0.382113	1.23315
13.338	-0.675433	1.57788	-1.87296	-1.24819	-0.285472	0.382113	1.23315
13.351	-0.675432	1.57789	-1.87296	-1.24812	-0.285472	0.382113	1.23315
13.364	-0.675432	1.57789	-1.87296	-1.24812	-0.285472	0.382113	1.23315
13.377	-0.675432	1.57788	-1.87296	-1.24805	-0.28547	0.382113	1.23315
13.39	-0.675431	1.57788	-1.87296	-1.24796	-0.28547	0.382114	1.23315
13.403	-0.675432	1.57788	-1.87296	-1.24784	-0.28547	0.382114	1.23315
13.416	-0.675432	1.57788	-1.87296	-1.24773	-0.28547	0.382114	1.23315
13.429	-0.675431	1.57788	-1.87296	-1.24765	-0.285472	0.382114	1.23315
13.442	-0.67543	1.57788	-1.87296	-1.24759	-0.285472	0.382114	1.23315
13.455	-0.67543	1.57788	-1.87296	-1.24755	-0.285472	0.382114	1.23315
13.468	-0.675428	1.57788	-1.87296	-1.24751	-0.285472	0.382114	1.23315
13.481	-0.675428	1.57788	-1.87296	-1.24748	-0.285472	0.382114	1.23315
13.494	-0.675428	1.57788	-1.87296	-1.24746	-0.28547	0.382114	1.23315
13.507	-0.675428	1.57788	-1.87296	-1.24746	-0.28547	0.382114	1.23315
13.52	-0.675428	1.57788	-1.87296	-1.24745	-0.28547	0.382114	1.23315
13.533	-0.675431	1.57788	-1.87296	-1.24743	-0.28547	0.382114	1.23315
13.546	-0.675433	1.57788	-1.87296	-1.24738	-0.28547	0.382114	1.23315
13.559	-0.675428	1.57788	-1.87296	-1.24732	-0.28547	0.382114	1.23315
13.572	-0.675427	1.57788	-1.87296	-1.24726	-0.28547	0.382114	1.23315
13.585	-0.675427	1.57788	-1.87296	-1.2472	-0.28547	0.382114	1.23315
13.598	-0.675427	1.57788	-1.87296	-1.24715	-0.28547	0.382114	1.23315
13.611	-0.675426	1.57788	-1.87296	-1.2471	-0.28547	0.382114	1.23315
13.624	-0.675426	1.57788	-1.87296	-1.24704	-0.28547	0.382114	1.23315
13.637	-0.675426	1.57788	-1.87296	-1.24704	-0.28547	0.382114	1.23315
13.65	-0.675426	1.57788	-1.87296	-1.24701	-0.28547	0.382114	1.23315
13.663	-0.675426	1.57788	-1.87296	-1.247	-0.28547	0.382114	1.23315
13.676	-0.675427	1.57788	-1.87296	-1.247	-0.28547	0.382114	1.23315
13.689	-0.675427	1.57788	-1.87296	-1.24699	-0.28547	0.382114	1.23315
13.702	-0.675426	1.57788	-1.87296	-1.24698	-0.28547	0.382114	1.23315
13.715	-0.675426	1.57788	-1.87296	-1.24698	-0.28547	0.382114	1.23315
13.728	-0.675426	1.57788	-1.87296	-1.24698	-0.28547	0.382114	1.23315
13.741	-0.675426	1.57788	-1.87296	-1.24698	-0.28547	0.382114	1.23315
13.754	-0.675426	1.57788	-1.87296	-1.24698	-0.28547	0.382114	1.23315
13.767	-0.675424	1.57788	-1.87296	-1.24696	-0.285472	0.382114	1.23315
13.78	-0.675424	1.57788	-1.87296	-1.24696	-0.285472	0.382114	1.23315
13.793	-0.675424	1.57788	-1.87296	-1.24695	-0.285472	0.382114	1.23315
13.806	-0.675426	1.57788	-1.87296	-1.24691	-0.285472	0.382114	1.23315
13.819	-0.675428	1.57788	-1.87296	-1.24683	-0.285472	0.382114	1.23315
13.832	-0.675426	1.57788	-1.87296	-1.24678	-0.285472	0.382114	1.23315
13.845	-0.675426	1.57788	-1.87296	-1.24673	-0.285472	0.382114	1.23315
13.858	-0.675424	1.57788	-1.87296	-1.24672	-0.285472	0.382114	1.23315
13.871	-0.675424	1.57788	-1.87296	-1.24672	-0.285472	0.382114	1.23315
13.884	-0.675424	1.57788	-1.87296	-1.24672	-0.285472	0.382114	1.23315
13.897	-0.675424	1.57788	-1.87296	-1.24672	-0.285472	0.382114	1.23315
13.91	-0.675424	1.57788	-1.87296	-1.24672	-0.28547	0.382114	1.23315
13.923	-0.675424	1.57788	-1.87296	-1.24672	-0.28547	0.382114	1.23315
13.936	-0.675424	1.57788	-1.87296	-1.24672	-0.28547	0.382114	1.23315
13.949	-0.675427	1.57788	-1.87296	-1.24672	-0.285472	0.382114	1.23315
13.962	-0.675431	1.57788	-1.87296	-1.24671	-0.285472	0.382114	1.23315
13.975	-0.675426	1.57788	-1.87296	-1.24671	-0.285472	0.382114	1.23315
13.988	-0.675426	1.57788	-1.87296	-1.24671	-0.285472	0.382114	1.23315
14.001	-0.675426	1.57788	-1.87296	-1.24671	-0.285472	0.382114	1.23315
14.014	-0.675426	1.57788	-1.87296	-1.24671	-0.285472	0.382114	1.23315
14.027	-0.675424	1.57788	-1.87296	-1.2467	-0.285472	0.382114	1.23315
14.04	-0.675424	1.57788	-1.87296	-1.24668	-0.28547	0.382114	1.23315
14.053	-0.675424	1.57788	-1.87296	-1.24668	-0.28547	0.382114	1.23315
14.066	-0.675424	1.57788	-1.87296	-1.24665	-0.285472	0.382114	1.23315
14.079	-0.675428	1.57788	-1.87296	-1.24662	-0.285472	0.382114	1.23315
14.092	-0.675432	1.57788	-1.87296	-1.24657	-0.285472	0.382114	1.23315
14.105	-0.675427	1.57788	-1.87296	-1.24655	-0.285472	0.382114	1.23315
14.118	-0.675426	1.57788	-1.87296	-1.24654	-0.285472	0.382114	1.23315
14.131	-0.675426	1.57788	-1.87296	-1.24655	-0.285472	0.382114	1.23315
14.144	-0.675426	1.57788	-1.87296	-1.24655	-0.285472	0.382114	1.23315
14.157	-0.675426	1.57788	-1.87296	-1.24655	-0.285472	0.382114	1.23315
14.17	-0.675426	1.57788	-1.87296	-1.24655	-0.285472	0.382114	1.23315
14.183	-0.675426	1.57788	-1.87296	-1.24655	-0.285472	0.382114	1.23315
14.196	-0.675426	1.57788	-1.87296	-1.24655	-0.285472	0.382114	1.23315
14.209	-0.675426	1.57787	-1.87296	-1.24655	-0.285472	0.382114	1.23315
14.222	-0.67543	1.57787	-1.87296	-1.24655	-0.285472	0.382114	1.23315
14.235	-0.675436	1.57787	-1.87296	-1.24653	-0.285472	0.382114	1.23315
14.248	-0.67543	1.57787	-1.87296	-1.24653	-0.285472	0.382114	1.23315
14.261	-0.675428	1.57787	-1.87296	-1.24653	-0.285472	0.382114	1.23315
14.274	-0.675427	1.57787	-1.87296	-1.24652	-0.285472	0.382114	1.23315
14.287	-0.675427	1.57787	-1.87296	-1.24649	-0.285472	0.382114	1.23315
14.3	-0.675427	1.57786	-1.87296	-1.24647	-0.285472	0.382114	1.23315
14.313	-0.675427	1.57786	-1.87296	-1.24644	-0.285472	0.382114	1.23315
14.326	-0.675427	1.57786	-1.87296	-1.24644	-0.285472	0.382114	1.23315
14.339	-0.675427	1.57786	-1.87296	-1.24643	-0.285472	0.382114	1.23315
14.352	-0.675433	1.57786	-1.87296	-1.24641	-0.28547	0.382113	1.23315
14.365	-0.675442	1.57786	-1.87296	-1.2464	-0.28547	0.382113	1.23315
14.378	-0.675432	1.57786	-1.87296	-1.2464	-0.28547	0.382113	1.23315
14.391	-0.675431	1.57786	-1.87296	-1.2464	-0.285468	0.382114	1.23315
14.404	-0.675431	1.57785	-1.87296	-1.2464	-0.285468	0.382114	1.23315
14.417	-0.675431	1.57785	-1.87296	-1.2464	-0.285468	0.382114	1.23315
14.43	-0.67543	1.57785	-1.87296	-1.2464	-0.285468	0.382114	1.23315
14.443	-0.67543	1.57785	-1.87296	-1.2464	-0.28547	0.382114	1.23315
14.456	-0.67543	1.57785	-1.87296	-1.2464	-0.28547	0.382114	1.23315
14.469	-0.67543	1.57785	-1.87296	-1.2464	-0.28547	0.382114	1.23315
14.482	-0.67543	1.57785	-1.87296	-1.24641	-0.28547	0.382114	1.23315
14.495	-0.675436	1.57785	-1.87296	-1.2464	-0.28547	0.382113	1.23315
14.508	-0.675444	1.57784	-1.87296	-1.2464	-0.28547	0.382113	1.23315
14.521	-0.675433	1.57784	-1.87296	-1.2464	-0.28547	0.382113	1.23315
14.534	-0.675432	1.57784	-1.87296	-1.2464	-0.28547	0.382113	1.23315
14.547	-0.675432	1.57784	-1.87296	-1.2464	-0.28547	0.382113	1.23315
14.56	-0.675431	1.57784	-1.87296	-1.2464	-0.28547	0.382113	1.23315
14.573	-0.675431	1.57784	-1.87296	-1.2464	-0.28547	0.382113	1.23315
14.586	-0.675432	1.57784	-1.87296	-1.2464	-0.28547	0.382113	1.23315
14.599	-0.675432	1.57784	-1.87296	-1.2464	-0.28547	0.382113	1.23315
14.612	-0.675431	1.57784	-1.87296	-1.2464	-0.28547	0.382113	1.23315
14.625	-0.675439	1.57784	-1.87296	-1.2464	-0.28547	0.382113	1.23315
14.638	-0.675451	1.57784	-1.87296	-1.2464	-0.28547	0.382113	1.23315
14.651	-0.675446	1.57784	-1.87296	-1.2464	-0.28547	0.382113	1.23315
14.664	-0.675441	1.57784	-1.87296	-1.24641	-0.28547	0.382113	1.23315
14.677	-0.675441	1.57784	-1.87296	-1.24641	-0.28547	0.382113	1.23315
14.69	-0.675441	1.57784	-1.87296	-1.24641	-0.28547	0.382113	1.23315
14.703	-0.675441	1.57784	-1.87296	-1.24641	-0.28547	0.382113	1.23315
14.716	-0.675441	1.57783	-1.87296	-1.24641	-0.28547	0.382113	1.23315
14.729	-0.675442	1.57783	-1.87296	-1.24641	-0.28547	0.382113	1.23315
14.742	-0.675442	1.57783	-1.87296	-1.24641	-0.28547	0.382113	1.23315
14.755	-0.675442	1.57783	-1.87296	-1.24641	-0.28547	0.382113	1.23315
