0.013	0.234474	1.32692	-1.88515	-1.48247	-0.201226	0.561566	1.23314
0.026	0.234474	1.32692	-1.88515	-1.48247	-0.201226	0.561566	1.23314
0.039	0.234625	1.3271	-1.88515	-1.48247	-0.201226	0.561563	1.23314
0.052	0.23471	1.32718	-1.88515	-1.48247	-0.201226	0.561559	1.23314
0.065	0.23476	1.32724	-1.88515	-1.48248	-0.201228	0.561554	1.23314
0.078	0.23476	1.32724	-1.88515	-1.48248	-0.201228	0.561554	1.23314
0.091	0.234849	1.32727	-1.88515	-1.48253	-0.201228	0.561553	1.23314
0.104	0.235022	1.32733	-1.88515	-1.48266	-0.20123	0.561556	1.23314
0.117	0.235228	1.32737	-1.88515	-1.48285	-0.20123	0.561563	1.23314
0.13	0.235366	1.32743	-1.88515	-1.48291	-0.201234	0.561563	1.23314
0.143	0.235421	1.32744	-1.88515	-1.48292	-0.201236	0.561563	1.23314
0.156	0.235424	1.32745	-1.88515	-1.48292	-0.20124	0.561563	1.23314
0.169	0.235424	1.32744	-1.88515	-1.48293	-0.201242	0.561563	1.23314
0.182	0.235421	1.32744	-1.88515	-1.48294	-0.201244	0.561563	1.23314
0.195	0.235415	1.32744	-1.88515	-1.48294	-0.201244	0.561561	1.23314
0.208	0.235408	1.32744	-1.88515	-1.48294	-0.201246	0.561561	1.23314
0.221	0.235408	1.32744	-1.88515	-1.48294	-0.201246	0.561561	1.23314
0.234	0.235405	1.32744	-1.88515	-1.48295	-0.201246	0.561561	1.23314
0.247	0.235361	1.32744	-1.88515	-1.48295	-0.201246	0.561561	1.23314
0.26	0.235281	1.32743	-1.88515	-1.48295	-0.201246	0.561559	1.23314
0.273	0.235256	1.32743	-1.88515	-1.48299	-0.201244	0.561558	1.23314
0.286	0.235242	1.32743	-1.88515	-1.48303	-0.201246	0.561556	1.23314
0.299	0.235254	1.32743	-1.88515	-1.48303	-0.201246	0.561554	1.23314
0.312	0.235258	1.32743	-1.88515	-1.48304	-0.201246	0.561553	1.23314
0.325	0.235258	1.32743	-1.88515	-1.48305	-0.201246	0.561549	1.23314
0.338	0.235264	1.32743	-1.88515	-1.48305	-0.201246	0.561541	1.23314
0.351	0.235264	1.32743	-1.88515	-1.48305	-0.201246	0.561541	1.23314
0.364	0.235265	1.32743	-1.88515	-1.48306	-0.201248	0.561529	1.23314
0.377	0.235256	1.32743	-1.88515	-1.48307	-0.201248	0.56151	1.23314
0.39	0.235249	1.32743	-1.88515	-1.48307	-0.201252	0.561485	1.23314
0.403	0.235268	1.32743	-1.88515	-1.48307	-0.201254	0.561457	1.23314
0.416	0.235274	1.32743	-1.88515	-1.48308	-0.201256	0.561428	1.23314
0.429	0.235282	1.32744	-1.88515	-1.48308	-0.201258	0.561404	1.23314
0.442	0.235287	1.32744	-1.88515	-1.48309	-0.201258	0.561387	1.23314
0.455	0.235291	1.32744	-1.88515	-1.4831	-0.201258	0.561375	1.23314
0.468	0.235293	1.32744	-1.88515	-1.4831	-0.201258	0.561369	1.23314
0.481	0.235295	1.32744	-1.88515	-1.4831	-0.201258	0.561365	1.23314
0.494	0.235295	1.32744	-1.88515	-1.4831	-0.201258	0.561365	1.23314
0.507	0.235296	1.32744	-1.88515	-1.48311	-0.20126	0.561363	1.23314
0.52	0.235297	1.32744	-1.88515	-1.48312	-0.201258	0.561363	1.23314
0.533	0.235298	1.32744	-1.88515	-1.48313	-0.201258	0.561363	1.23314
0.546	0.235304	1.32744	-1.88515	-1.48315	-0.201258	0.561365	1.23314
0.559	0.235306	1.32744	-1.88515	-1.48317	-0.201258	0.561365	1.23314
0.572	0.235307	1.32744	-1.88515	-1.4832	-0.20126	0.561365	1.23314
0.585	0.235309	1.32744	-1.88515	-1.48322	-0.20126	0.561365	1.23314
0.598	0.23531	1.32744	-1.88515	-1.48324	-0.20126	0.561365	1.23314
0.611	0.23531	1.32744	-1.88515	-1.48327	-0.201262	0.561365	1.23314
0.624	0.23531	1.32744	-1.88515	-1.48327	-0.201262	0.561365	1.23314
0.637	0.235311	1.32744	-1.88515	-1.4833	-0.201262	0.561365	1.23314
0.65	0.235311	1.32744	-1.88515	-1.48333	-0.201262	0.561367	1.23314
0.663	0.235313	1.32744	-1.88515	-1.48338	-0.201262	0.561367	1.23314
0.676	0.235313	1.32744	-1.88515	-1.48343	-0.201262	0.561367	1.23314
0.689	0.235313	1.32745	-1.88515	-1.48347	-0.201262	0.561367	1.23314
0.702	0.235314	1.32745	-1.88515	-1.48351	-0.201262	0.561367	1.23314
0.715	0.235314	1.32745	-1.88515	-1.48356	-0.201262	0.561367	1.23314
0.728	0.235314	1.32745	-1.88515	-1.4836	-0.201262	0.561367	1.23314
0.741	0.235314	1.32745	-1.88515	-1.48364	-0.201262	0.561367	1.23314
0.754	0.235314	1.32745	-1.88515	-1.48368	-0.201262	0.561367	1.23314
0.767	0.235314	1.32745	-1.88515	-1.48368	-0.201262	0.561367	1.23314
0.78	0.235314	1.32745	-1.88515	-1.48372	-0.201262	0.561367	1.23314
0.793	0.235298	1.32745	-1.88515	-1.48376	-0.201262	0.561367	1.23314
0.806	0.235291	1.32745	-1.88515	-1.48381	-0.201262	0.561367	1.23314
0.819	0.235304	1.32745	-1.88515	-1.48387	-0.201262	0.561367	1.23314
0.832	0.235305	1.32745	-1.88515	-1.48392	-0.201262	0.561367	1.23314
0.845	0.235305	1.32744	-1.88515	-1.48395	-0.201262	0.561367	1.23314
0.858	0.235305	1.32744	-1.88515	-1.48398	-0.201262	0.561369	1.23314
0.871	0.235302	1.32744	-1.88515	-1.48401	-0.201262	0.561369	1.23314
0.884	0.235301	1.32744	-1.88515	-1.48403	-0.201264	0.561369	1.23314
0.897	0.235301	1.32744	-1.88515	-1.48403	-0.201264	0.561369	1.23314
0.91	0.235301	1.32744	-1.88515	-1.48406	-0.201264	0.561369	1.23314
0.923	0.235281	1.32744	-1.88515	-1.48408	-0.201264	0.561367	1.23314
0.936	0.235251	1.32744	-1.88515	-1.48409	-0.201264	0.561367	1.23314
0.949	0.235261	1.32744	-1.88515	-1.48412	-0.201266	0.561367	1.23314
0.962	0.235267	1.32745	-1.88515	-1.48415	-0.201264	0.561367	1.23314
0.975	0.235267	1.32745	-1.88515	-1.48416	-0.201264	0.561367	1.23314
0.988	0.235267	1.32744	-1.88515	-1.48416	-0.201264	0.561367	1.23314
1.001	0.235265	1.32745	-1.88515	-1.48417	-0.201266	0.561367	1.23314
1.014	0.235265	1.32745	-1.88515	-1.48417	-0.201266	0.561367	1.23314
1.027	0.235265	1.32744	-1.88515	-1.48418	-0.201266	0.561367	1.23314
1.04	0.235265	1.32744	-1.88515	-1.48418	-0.201266	0.561367	1.23314
1.053	0.235265	1.32745	-1.88515	-1.48418	-0.201266	0.561367	1.23314
1.066	0.235249	1.32745	-1.88515	-1.48419	-0.201266	0.561367	1.23314
1.079	0.235221	1.32745	-1.88515	-1.48419	-0.201266	0.561367	1.23314
1.092	0.235237	1.32745	-1.88515	-1.48419	-0.201266	0.561367	1.23314
1.105	0.235244	1.32745	-1.88515	-1.4842	-0.201266	0.561367	1.23314
1.118	0.235246	1.32745	-1.88515	-1.4842	-0.201266	0.561367	1.23314
1.131	0.235246	1.32745	-1.88515	-1.4842	-0.201266	0.561367	1.23314
1.144	0.235246	1.32745	-1.88515	-1.4842	-0.201266	0.561367	1.23314
1.157	0.235247	1.32746	-1.88515	-1.4842	-0.201266	0.561367	1.23314
1.17	0.235247	1.32746	-1.88515	-1.4842	-0.201266	0.561367	1.23314
1.183	0.235249	1.32745	-1.88515	-1.4842	-0.201268	0.561367	1.23314
1.196	0.235249	1.32745	-1.88515	-1.4842	-0.201268	0.561367	1.23314
1.209	0.235245	1.32746	-1.88515	-1.48419	-0.201268	0.561367	1.23314
1.222	0.235236	1.32746	-1.88515	-1.48418	-0.201268	0.561367	1.23314
1.235	0.235249	1.32746	-1.88515	-1.48418	-0.20127	0.561367	1.23314
1.248	0.235251	1.32746	-1.88515	-1.48418	-0.20127	0.561367	1.23314
1.261	0.235252	1.32746	-1.88515	-1.48418	-0.20127	0.561367	1.23314
1.274	0.235254	1.32746	-1.88515	-1.48418	-0.20127	0.561367	1.23314
1.287	0.235254	1.32746	-1.88515	-1.48418	-0.20127	0.561367	1.23314
1.3	0.235254	1.32746	-1.88515	-1.48418	-0.20127	0.561367	1.23314
1.313	0.235254	1.32746	-1.88515	-1.48418	-0.20127	0.561367	1.23314
1.326	0.235255	1.32746	-1.88515	-1.48418	-0.201268	0.561367	1.23314
1.339	0.235254	1.32746	-1.88515	-1.48417	-0.20127	0.561367	1.23314
1.352	0.235251	1.32746	-1.88515	-1.48417	-0.20127	0.561367	1.23314
1.365	0.235255	1.32746	-1.88515	-1.48417	-0.20127	0.561367	1.23314
1.378	0.235256	1.32746	-1.88515	-1.48417	-0.20127	0.561367	1.23314
1.391	0.235256	1.32746	-1.88515	-1.48417	-0.20127	0.561367	1.23314
1.404	0.235256	1.32746	-1.88515	-1.48417	-0.20127	0.561367	1.23314
1.417	0.235256	1.32746	-1.88515	-1.48417	-0.20127	0.561367	1.23314
1.43	0.235258	1.32746	-1.88515	-1.48417	-0.20127	0.561367	1.23314
1.443	0.235258	1.32746	-1.88515	-1.48417	-0.20127	0.561367	1.23314
1.456	0.235258	1.32746	-1.88515	-1.48417	-0.20127	0.561367	1.23314
1.469	0.235258	1.32746	-1.88515	-1.48417	-0.20127	0.561367	1.23314
1.482	0.235251	1.32746	-1.88515	-1.48417	-0.20127	0.561367	1.23314
1.495	0.235245	1.32746	-1.88515	-1.48417	-0.20127	0.561367	1.23314
1.508	0.235254	1.32746	-1.88515	-1.48417	-0.20127	0.561367	1.23314
1.521	0.235255	1.32746	-1.88515	-1.48417	-0.201273	0.561367	1.23314
1.534	0.235255	1.32746	-1.88515	-1.48417	-0.201273	0.561367	1.23314
1.547	0.235255	1.32746	-1.88515	-1.48417	-0.201273	0.561367	1.23314
1.56	0.235255	1.32746	-1.88515	-1.48417	-0.201273	0.561367	1.23314
1.573	0.235254	1.32746	-1.88515	-1.48417	-0.201273	0.561367	1.23314
1.586	0.235254	1.32746	-1.88515	-1.48417	-0.201273	0.561367	1.23314
1.599	0.235251	1.32746	-1.88515	-1.48416	-0.20127	0.561367	1.23314
1.612	0.235228	1.32746	-1.88515	-1.48416	-0.20127	0.561367	1.23314
1.625	0.235199	1.32746	-1.88515	-1.48416	-0.20127	0.561367	1.23314
1.638	0.235208	1.32746	-1.88515	-1.48416	-0.20127	0.561369	1.23314
1.651	0.235212	1.32746	-1.88515	-1.48416	-0.201273	0.561367	1.23314
1.664	0.235214	1.32746	-1.88515	-1.48416	-0.201273	0.561367	1.23314
1.677	0.235213	1.32746	-1.88515	-1.48416	-0.201273	0.561367	1.23314
1.69	0.235209	1.32746	-1.88515	-1.48416	-0.201273	0.561367	1.23314
1.703	0.235208	1.32746	-1.88515	-1.48416	-0.201273	0.561367	1.23314
1.716	0.235208	1.32746	-1.88515	-1.48416	-0.201273	0.561367	1.23314
1.729	0.235205	1.32745	-1.88515	-1.48416	-0.201273	0.561367	1.23314
1.742	0.235201	1.32745	-1.88515	-1.48416	-0.201273	0.561367	1.23314
1.755	0.235164	1.32745	-1.88515	-1.48416	-0.201273	0.561367	1.23314
1.768	0.235079	1.32745	-1.88515	-1.48416	-0.201273	0.561365	1.23314
1.781	0.235015	1.32745	-1.88515	-1.48416	-0.201273	0.561367	1.23315
1.794	0.234944	1.32745	-1.88515	-1.48416	-0.201273	0.561367	1.23315
1.807	0.234929	1.32745	-1.88515	-1.48416	-0.201275	0.561367	1.23315
1.82	0.23491	1.32745	-1.88515	-1.48416	-0.201275	0.561367	1.23315
1.833	0.234895	1.32745	-1.88515	-1.48416	-0.201275	0.561367	1.23315
1.846	0.234893	1.32745	-1.88515	-1.48416	-0.201273	0.561365	1.23315
1.859	0.234893	1.32745	-1.88515	-1.48416	-0.201273	0.561365	1.23315
1.872	0.234888	1.32745	-1.88515	-1.48416	-0.201273	0.561365	1.23315
1.885	0.234826	1.32744	-1.88515	-1.48416	-0.201273	0.561363	1.23315
1.898	0.234685	1.32745	-1.88515	-1.48415	-0.201273	0.561357	1.23314
1.911	0.234561	1.32744	-1.88515	-1.48416	-0.201273	0.561346	1.23315
1.924	0.234415	1.32744	-1.88515	-1.48416	-0.201273	0.561333	1.23315
1.937	0.234356	1.32744	-1.88515	-1.48416	-0.201275	0.561307	1.23315
1.95	0.234275	1.32744	-1.88515	-1.48416	-0.201275	0.561249	1.23314
1.963	0.234217	1.32744	-1.88515	-1.48416	-0.201277	0.561152	1.23314
1.976	0.234189	1.32744	-1.88515	-1.48416	-0.201277	0.561062	1.23314
1.989	0.234167	1.32744	-1.88515	-1.48416	-0.201277	0.561	1.23315
2.002	0.234167	1.32744	-1.88515	-1.48416	-0.201277	0.561	1.23315
2.015	0.234167	1.32744	-1.88515	-1.48416	-0.201277	0.560942	1.23314
2.028	0.234108	1.32744	-1.88515	-1.48416	-0.201277	0.560908	1.23314
2.041	0.234004	1.32744	-1.88515	-1.48415	-0.201277	0.56085	1.23314
2.054	0.233949	1.32744	-1.88515	-1.48417	-0.201277	0.560798	1.23314
2.067	0.233892	1.32745	-1.88515	-1.48417	-0.201277	0.560736	1.23315
2.08	0.233891	1.32745	-1.88515	-1.48417	-0.201277	0.560649	1.23315
2.093	0.233889	1.32744	-1.88515	-1.48417	-0.201277	0.560566	1.23315
2.106	0.233882	1.32745	-1.88515	-1.48417	-0.201277	0.560467	1.23315
2.119	0.233882	1.32745	-1.88515	-1.48417	-0.201277	0.560305	1.23314
2.132	0.233882	1.32745	-1.88515	-1.48417	-0.201277	0.560305	1.23314
2.145	0.233882	1.32745	-1.88515	-1.48417	-0.201277	0.560019	1.23315
2.158	0.233862	1.32745	-1.88515	-1.48417	-0.201277	0.559855	1.23315
2.171	0.233818	1.32745	-1.88515	-1.48416	-0.201277	0.559836	1.23315
2.184	0.233817	1.32745	-1.88515	-1.48417	-0.201277	0.559831	1.23315
2.197	0.233817	1.32745	-1.88515	-1.48417	-0.201277	0.559828	1.23315
2.21	0.233817	1.32745	-1.88515	-1.48417	-0.201277	0.559823	1.23315
2.223	0.233817	1.32745	-1.88515	-1.48417	-0.201277	0.559819	1.23315
2.236	0.233817	1.32745	-1.88515	-1.48417	-0.201277	0.559816	1.23315
2.249	0.233817	1.32746	-1.88515	-1.48417	-0.201279	0.559814	1.23315
2.262	0.233817	1.32746	-1.88515	-1.48417	-0.201279	0.559812	1.23315
2.275	0.233817	1.32746	-1.88515	-1.48417	-0.201279	0.559812	1.23315
2.288	0.233818	1.32746	-1.88515	-1.48417	-0.201279	0.559811	1.23315
2.301	0.233817	1.32746	-1.88515	-1.48417	-0.201279	0.559811	1.23315
2.314	0.233814	1.32746	-1.88515	-1.48417	-0.201279	0.559811	1.23315
2.327	0.233814	1.32746	-1.88515	-1.48417	-0.201279	0.559811	1.23315
2.34	0.233816	1.32746	-1.88515	-1.48417	-0.201279	0.559809	1.23315
2.353	0.233816	1.32746	-1.88515	-1.48417	-0.201279	0.559809	1.23315
2.366	0.233816	1.32746	-1.88515	-1.48417	-0.201279	0.559809	1.23315
2.379	0.233816	1.32746	-1.88515	-1.48417	-0.201279	0.559809	1.23315
2.392	0.233816	1.32746	-1.88515	-1.48417	-0.201279	0.559809	1.23315
2.405	0.233816	1.32746	-1.88515	-1.48417	-0.201279	0.559809	1.23315
2.418	0.233816	1.32746	-1.88515	-1.48417	-0.201279	0.559807	1.23315
2.431	0.233816	1.32746	-1.88515	-1.48417	-0.201279	0.559806	1.23315
2.444	0.233816	1.32747	-1.88515	-1.48417	-0.201279	0.559806	1.23315
2.457	0.233816	1.32747	-1.88515	-1.48417	-0.201281	0.559804	1.23315
2.47	0.233817	1.32747	-1.88515	-1.48417	-0.201279	0.559802	1.23315
2.483	0.233817	1.32747	-1.88515	-1.48416	-0.201279	0.559802	1.23315
2.496	0.233817	1.32747	-1.88515	-1.48416	-0.201279	0.559802	1.23315
2.509	0.233817	1.32747	-1.88515	-1.48416	-0.201279	0.559802	1.23315
2.522	0.233817	1.32747	-1.88515	-1.48416	-0.201279	0.559802	1.23315
2.535	0.233817	1.32747	-1.88515	-1.48416	-0.201279	0.559802	1.23315
2.548	0.233817	1.32747	-1.88515	-1.48416	-0.201279	0.559802	1.23315
2.561	0.233817	1.32747	-1.88515	-1.48416	-0.201279	0.559802	1.23315
2.574	0.233817	1.32747	-1.88515	-1.48416	-0.201279	0.559802	1.23315
2.587	0.233817	1.32747	-1.88515	-1.48416	-0.201281	0.559802	1.23315
2.6	0.233817	1.32747	-1.88515	-1.48416	-0.201281	0.559802	1.23315
2.613	0.233817	1.32747	-1.88515	-1.48416	-0.201279	0.559802	1.23315
2.626	0.233817	1.32747	-1.88515	-1.48416	-0.201279	0.559802	1.23314
2.639	0.233817	1.32747	-1.88515	-1.48416	-0.201279	0.559802	1.23315
2.652	0.233817	1.32747	-1.88515	-1.48416	-0.201281	0.559802	1.23315
2.665	0.233817	1.32747	-1.88515	-1.48416	-0.201281	0.559802	1.23315
2.678	0.233817	1.32747	-1.88515	-1.48416	-0.201281	0.559802	1.23315
2.691	0.233817	1.32747	-1.88515	-1.48416	-0.201281	0.559802	1.23315
2.704	0.233816	1.32747	-1.88515	-1.48416	-0.201281	0.559802	1.23314
2.717	0.233816	1.32747	-1.88515	-1.48416	-0.201281	0.559801	1.23315
2.73	0.233817	1.32747	-1.88515	-1.48416	-0.201281	0.559801	1.23315
2.743	0.233816	1.32747	-1.88515	-1.48416	-0.201281	0.559799	1.23315
2.756	0.233816	1.32747	-1.88515	-1.48416	-0.201281	0.559799	1.23315
2.769	0.233816	1.32747	-1.88515	-1.48416	-0.201281	0.559799	1.23315
2.782	0.233816	1.32747	-1.88515	-1.48416	-0.201281	0.559799	1.23315
2.795	0.233816	1.32747	-1.88515	-1.48416	-0.201281	0.559799	1.23315
2.808	0.233816	1.32747	-1.88515	-1.48416	-0.201281	0.559799	1.23315
2.821	0.233816	1.32747	-1.88515	-1.48416	-0.201281	0.559799	1.23315
2.834	0.233816	1.32747	-1.88515	-1.48416	-0.201281	0.559799	1.23315
2.847	0.233809	1.32747	-1.88515	-1.48416	-0.201281	0.559799	1.23315
2.86	0.233794	1.32747	-1.88515	-1.48416	-0.201281	0.559799	1.23315
2.873	0.233794	1.32747	-1.88515	-1.48416	-0.201281	0.559799	1.23315
2.886	0.233794	1.32747	-1.88515	-1.48417	-0.201281	0.559799	1.23315
2.899	0.233794	1.32747	-1.88515	-1.48417	-0.201281	0.559799	1.23315
2.912	0.233794	1.32747	-1.88515	-1.48417	-0.201281	0.559799	1.23315
2.925	0.233794	1.32747	-1.88515	-1.48417	-0.201281	0.559799	1.23315
2.938	0.233794	1.32747	-1.88515	-1.48417	-0.201279	0.559799	1.23315
2.951	0.233794	1.32747	-1.88515	-1.48417	-0.201279	0.559799	1.23315
2.964	0.233794	1.32747	-1.88515	-1.48417	-0.201281	0.559799	1.23315
2.977	0.233794	1.32747	-1.88515	-1.48417	-0.201281	0.559797	1.23315
2.99	0.233754	1.32747	-1.88515	-1.48417	-0.201281	0.559797	1.23315
3.003	0.233661	1.32747	-1.88515	-1.48416	-0.201281	0.559795	1.23315
3.016	0.2336	1.32747	-1.88515	-1.48417	-0.201281	0.559795	1.23315
3.029	0.233519	1.32747	-1.88515	-1.48417	-0.201281	0.559795	1.23315
3.042	0.233502	1.32747	-1.88515	-1.48417	-0.201281	0.559794	1.23315
3.055	0.233473	1.32746	-1.88515	-1.48417	-0.201281	0.559794	1.23315
3.068	0.233445	1.32747	-1.88515	-1.48417	-0.201281	0.559794	1.23315
3.081	0.233426	1.32747	-1.88515	-1.48417	-0.201281	0.559794	1.23314
3.094	0.233426	1.32747	-1.88515	-1.48417	-0.201281	0.559794	1.23314
3.107	0.233366	1.32746	-1.88515	-1.48417	-0.201281	0.559794	1.23315
3.12	0.233184	1.32746	-1.88514	-1.48417	-0.201281	0.559794	1.23315
3.133	0.23288	1.32747	-1.88514	-1.48417	-0.201281	0.559794	1.23315
3.146	0.232609	1.32746	-1.88514	-1.48418	-0.201281	0.559794	1.23315
3.159	0.232291	1.32746	-1.88514	-1.48418	-0.201281	0.559794	1.23315
3.172	0.232046	1.32747	-1.88514	-1.48418	-0.201281	0.559792	1.23315
3.185	0.231775	1.32747	-1.88514	-1.48418	-0.201281	0.55979	1.23315
3.198	0.231507	1.32747	-1.88514	-1.48418	-0.201281	0.55979	1.23315
3.211	0.231251	1.32747	-1.88514	-1.48417	-0.201281	0.559789	1.23315
3.224	0.231251	1.32747	-1.88514	-1.48417	-0.201281	0.559789	1.23315
3.237	0.231001	1.32747	-1.88514	-1.48417	-0.201283	0.559787	1.23315
3.25	0.230762	1.32747	-1.88514	-1.48417	-0.201283	0.559787	1.23315
3.263	0.230438	1.32747	-1.88514	-1.48417	-0.201283	0.559785	1.23315
3.276	0.230037	1.32747	-1.88514	-1.48416	-0.201285	0.559785	1.23315
3.289	0.229689	1.32747	-1.88514	-1.48417	-0.201287	0.559785	1.23315
3.302	0.229306	1.32747	-1.88514	-1.48417	-0.201287	0.559785	1.23315
3.315	0.228998	1.32747	-1.88514	-1.48417	-0.201287	0.559783	1.23315
3.328	0.228654	1.32747	-1.88514	-1.48417	-0.201287	0.559783	1.23315
3.341	0.228328	1.32747	-1.88514	-1.48417	-0.201287	0.559783	1.23315
3.354	0.227985	1.32747	-1.88513	-1.48417	-0.201289	0.559783	1.23315
3.367	0.227985	1.32747	-1.88513	-1.48417	-0.201289	0.559783	1.23315
3.38	0.227648	1.32747	-1.88513	-1.48417	-0.201291	0.559783	1.23315
3.393	0.227246	1.32746	-1.88512	-1.48416	-0.201299	0.559783	1.23315
3.406	0.226739	1.32748	-1.88512	-1.48416	-0.201322	0.559782	1.23315
3.419	0.22628	1.32748	-1.8851	-1.48416	-0.201354	0.559782	1.23315
3.432	0.22579	1.32748	-1.88509	-1.48416	-0.201389	0.55978	1.23315
3.445	0.225395	1.32748	-1.88508	-1.48416	-0.201432	0.559778	1.23315
3.458	0.224962	1.32748	-1.88507	-1.48416	-0.201491	0.559777	1.23315
3.471	0.224539	1.32748	-1.88507	-1.48416	-0.201565	0.559775	1.23315
3.484	0.224131	1.32748	-1.88506	-1.48416	-0.201639	0.559773	1.23315
3.497	0.223755	1.32748	-1.88506	-1.48416	-0.201694	0.559773	1.23315
3.51	0.223755	1.32748	-1.88506	-1.48416	-0.201694	0.559773	1.23315
3.523	0.223374	1.32748	-1.88506	-1.48416	-0.201759	0.559772	1.23315
3.536	0.222901	1.32748	-1.88506	-1.48416	-0.201849	0.559772	1.23315
3.549	0.222348	1.32748	-1.88506	-1.48415	-0.201986	0.559772	1.23315
3.562	0.221793	1.32748	-1.88505	-1.48415	-0.202144	0.559772	1.23315
3.575	0.22121	1.32748	-1.88505	-1.48415	-0.20222	0.559772	1.23315
3.588	0.220691	1.32748	-1.88505	-1.48415	-0.202273	0.559772	1.23315
3.601	0.22013	1.32748	-1.88504	-1.48415	-0.20233	0.559772	1.23315
3.614	0.219576	1.32749	-1.88504	-1.48415	-0.202373	0.559772	1.23315
3.627	0.219005	1.32749	-1.88504	-1.48415	-0.202416	0.559772	1.23315
3.64	0.219005	1.32749	-1.88504	-1.48415	-0.202416	0.559772	1.23315
3.653	0.218444	1.32749	-1.88504	-1.48415	-0.202451	0.559772	1.23315
3.666	0.217833	1.32749	-1.88504	-1.48415	-0.202471	0.559772	1.23315
3.679	0.21716	1.32749	-1.88504	-1.48415	-0.202487	0.559772	1.23315
3.692	0.216475	1.32747	-1.88504	-1.48415	-0.202504	0.559772	1.23315
3.705	0.215779	1.32746	-1.88504	-1.48415	-0.202534	0.559772	1.23315
3.718	0.215053	1.32746	-1.88504	-1.48415	-0.202596	0.55977	1.23315
3.731	0.214282	1.32747	-1.88504	-1.48415	-0.202712	0.559772	1.23315
3.744	0.213479	1.32746	-1.88504	-1.48415	-0.202823	0.559772	1.23315
3.757	0.212629	1.32746	-1.88504	-1.48415	-0.202878	0.55977	1.23315
3.77	0.211816	1.32746	-1.88504	-1.48415	-0.202915	0.55977	1.23315
3.783	0.211816	1.32746	-1.88504	-1.48415	-0.202915	0.55977	1.23315
3.796	0.210977	1.32746	-1.88504	-1.48415	-0.202946	0.55977	1.23315
3.809	0.210114	1.32747	-1.88504	-1.48415	-0.202978	0.55977	1.23315
3.822	0.209193	1.32747	-1.88504	-1.48415	-0.203027	0.55977	1.23315
3.835	0.208274	1.32747	-1.88504	-1.48415	-0.203076	0.55977	1.23315
3.848	0.207354	1.32747	-1.88504	-1.48415	-0.203113	0.55977	1.23315
3.861	0.206446	1.32747	-1.88504	-1.48415	-0.203158	0.55977	1.23315
3.874	0.205498	1.32747	-1.88504	-1.48415	-0.20323	0.55977	1.23315
3.887	0.204543	1.32747	-1.88504	-1.48414	-0.203328	0.55977	1.23315
3.9	0.203619	1.32747	-1.88504	-1.48414	-0.203412	0.55977	1.23315
3.913	0.203619	1.32747	-1.88504	-1.48414	-0.203412	0.55977	1.23315
3.926	0.202613	1.32747	-1.88503	-1.48414	-0.203484	0.55977	1.23315
3.939	0.201582	1.32747	-1.88503	-1.48414	-0.203559	0.55977	1.23315
3.952	0.200459	1.32749	-1.88503	-1.48411	-0.203637	0.55977	1.23315
3.965	0.199359	1.32749	-1.88503	-1.48411	-0.203721	0.559772	1.23315
3.978	0.198194	1.32749	-1.88503	-1.48408	-0.203805	0.559772	1.23315
3.991	0.19704	1.32749	-1.88502	-1.48408	-0.203915	0.559772	1.23315
4.004	0.195871	1.32749	-1.88502	-1.48408	-0.20405	0.559772	1.23315
4.017	0.194616	1.32749	-1.88502	-1.48407	-0.204199	0.559772	1.23315
4.03	0.193426	1.3275	-1.88502	-1.48405	-0.204365	0.559772	1.23315
4.043	0.192196	1.3275	-1.88502	-1.48405	-0.204496	0.559772	1.23315
4.056	0.192196	1.3275	-1.88502	-1.48405	-0.204496	0.559772	1.23315
4.069	0.190975	1.3275	-1.88502	-1.48404	-0.204627	0.559772	1.23315
4.082	0.189687	1.32752	-1.88502	-1.48404	-0.20479	0.559772	1.23315
4.095	0.188336	1.32757	-1.88501	-1.48401	-0.20503	0.559772	1.23315
4.108	0.186993	1.32759	-1.88501	-1.484	-0.205343	0.559772	1.23315
4.121	0.185651	1.32763	-1.88501	-1.48399	-0.205772	0.559772	1.23315
4.134	0.184346	1.32767	-1.88501	-1.48397	-0.206286	0.559772	1.23315
4.147	0.182951	1.3277	-1.885	-1.48395	-0.206871	0.559772	1.23315
4.16	0.181591	1.32776	-1.885	-1.48391	-0.207419	0.559772	1.23315
4.173	0.180275	1.32781	-1.885	-1.48387	-0.20795	0.559772	1.23315
4.186	0.180275	1.32781	-1.885	-1.48387	-0.20795	0.559772	1.23315
4.199	0.178898	1.32787	-1.88499	-1.48384	-0.208472	0.559772	1.23315
4.212	0.177563	1.32794	-1.88499	-1.48378	-0.209018	0.559772	1.23315
4.225	0.176162	1.32805	-1.88499	-1.4837	-0.209476	0.55977	1.23315
4.238	0.174745	1.32814	-1.88497	-1.48364	-0.209775	0.55977	1.23315
4.251	0.173397	1.32826	-1.88494	-1.48359	-0.209992	0.55977	1.23315
4.264	0.172099	1.32839	-1.88492	-1.48357	-0.210159	0.55977	1.23315
4.277	0.170743	1.32855	-1.88491	-1.48356	-0.210305	0.55977	1.23315
4.29	0.169442	1.32875	-1.88491	-1.48355	-0.210425	0.55977	1.23315
4.303	0.168186	1.32894	-1.8849	-1.48355	-0.210536	0.55977	1.23315
4.316	0.16693	1.32916	-1.8849	-1.48352	-0.210658	0.55977	1.23315
4.329	0.16693	1.32916	-1.8849	-1.48352	-0.210658	0.55977	1.23315
4.342	0.165706	1.32934	-1.8849	-1.48351	-0.210828	0.55977	1.23315
4.355	0.164491	1.32953	-1.8849	-1.4835	-0.211053	0.55977	1.23315
4.368	0.163178	1.32977	-1.8849	-1.48345	-0.211348	0.55977	1.23315
4.381	0.161935	1.32999	-1.88489	-1.48342	-0.211683	0.55977	1.23315
4.394	0.16072	1.33028	-1.88489	-1.48342	-0.212055	0.55977	1.23315
4.407	0.159499	1.33053	-1.88489	-1.4834	-0.21252	0.55977	1.23315
4.42	0.158327	1.33081	-1.88489	-1.48331	-0.213045	0.55977	1.23315
4.433	0.157077	1.33106	-1.88488	-1.48323	-0.213542	0.55977	1.23315
4.446	0.15584	1.33127	-1.88488	-1.48315	-0.213996	0.559772	1.23315
4.459	0.15584	1.33127	-1.88488	-1.48315	-0.213996	0.559772	1.23315
4.472	0.154591	1.3315	-1.88488	-1.483	-0.214446	0.559772	1.23315
4.485	0.153302	1.33167	-1.88488	-1.48285	-0.215015	0.559772	1.23315
4.498	0.15198	1.33186	-1.88488	-1.48264	-0.21561	0.559772	1.23315
4.511	0.150666	1.33204	-1.88488	-1.48242	-0.216193	0.559772	1.23315
4.524	0.149355	1.33222	-1.88488	-1.48223	-0.216631	0.559772	1.23315
4.537	0.148041	1.33239	-1.88488	-1.48206	-0.217028	0.559772	1.23315
4.55	0.14673	1.33257	-1.88488	-1.48186	-0.217449	0.559772	1.23315
4.563	0.145401	1.33272	-1.88488	-1.48168	-0.217936	0.559772	1.23315
4.576	0.144042	1.33289	-1.88488	-1.48153	-0.218654	0.559772	1.23315
4.589	0.142679	1.33314	-1.88488	-1.48135	-0.21949	0.559772	1.23315
4.602	0.142679	1.33314	-1.88488	-1.48135	-0.21949	0.559772	1.23315
4.615	0.141304	1.33334	-1.88488	-1.48117	-0.220233	0.559772	1.23315
4.628	0.139839	1.3335	-1.88487	-1.48101	-0.220926	0.559772	1.23315
4.641	0.138355	1.33368	-1.88487	-1.48074	-0.221689	0.559772	1.23315
4.654	0.136853	1.33374	-1.88487	-1.48057	-0.222419	0.559772	1.23315
4.667	0.135261	1.33384	-1.88486	-1.48041	-0.222873	0.559772	1.23315
4.68	0.13374	1.33387	-1.88486	-1.48022	-0.223145	0.559772	1.23315
4.693	0.132164	1.33388	-1.88486	-1.47999	-0.223292	0.559772	1.23315
4.706	0.130537	1.33391	-1.88486	-1.47971	-0.223409	0.559772	1.23315
4.719	0.128937	1.33391	-1.88486	-1.4794	-0.223503	0.559772	1.23315
4.732	0.128937	1.33391	-1.88486	-1.4794	-0.223503	0.559772	1.23315
4.745	0.127253	1.33391	-1.88486	-1.47904	-0.223581	0.559772	1.23315
4.758	0.12562	1.33392	-1.88486	-1.47858	-0.223663	0.559773	1.23315
4.771	0.123837	1.33392	-1.88486	-1.47811	-0.22374	0.559773	1.23315
4.784	0.12202	1.33394	-1.88486	-1.47738	-0.223814	0.559773	1.23315
4.797	0.120187	1.33394	-1.88485	-1.47672	-0.223924	0.559773	1.23315
4.81	0.118376	1.33396	-1.88485	-1.47613	-0.224076	0.559773	1.23315
4.823	0.116561	1.33397	-1.88485	-1.4756	-0.224229	0.559773	1.23315
4.836	0.114659	1.33397	-1.88482	-1.475	-0.224348	0.559773	1.23315
4.849	0.112777	1.33397	-1.88482	-1.47437	-0.224448	0.559773	1.23315
4.862	0.110792	1.33398	-1.88481	-1.47363	-0.224552	0.559773	1.23315
4.875	0.110792	1.33398	-1.88481	-1.47363	-0.224552	0.559773	1.23315
4.888	0.108845	1.33399	-1.8848	-1.47285	-0.224677	0.559773	1.23315
4.901	0.106787	1.33399	-1.8848	-1.47202	-0.224816	0.559773	1.23315
4.914	0.104707	1.334	-1.8848	-1.4711	-0.22499	0.559773	1.23315
4.927	0.102625	1.334	-1.8848	-1.47026	-0.225205	0.559773	1.23315
4.94	0.100587	1.33402	-1.8848	-1.46947	-0.225407	0.559773	1.23315
4.953	0.0985927	1.33405	-1.8848	-1.46863	-0.225589	0.559773	1.23315
4.966	0.0965538	1.33405	-1.88479	-1.46787	-0.2257	0.559773	1.23315
4.979	0.0945584	1.3341	-1.88479	-1.46707	-0.225771	0.559773	1.23315
4.992	0.0925591	1.3341	-1.88479	-1.46625	-0.225804	0.559773	1.23315
5.005	0.0925591	1.3341	-1.88479	-1.46625	-0.225804	0.559773	1.23315
5.018	0.0905483	1.33412	-1.88479	-1.46536	-0.225826	0.559773	1.23315
5.031	0.0885912	1.33413	-1.88479	-1.46446	-0.225847	0.559773	1.23315
5.044	0.0866072	1.33414	-1.88479	-1.46357	-0.225861	0.559773	1.23315
5.057	0.0845709	1.33419	-1.88479	-1.46263	-0.225878	0.559773	1.23315
5.07	0.0825959	1.3342	-1.88479	-1.46169	-0.225898	0.559773	1.23315
5.083	0.0806234	1.33426	-1.88479	-1.46082	-0.225912	0.559773	1.23315
5.096	0.0787763	1.33435	-1.88479	-1.45994	-0.225925	0.559773	1.23315
5.109	0.0768894	1.33442	-1.88478	-1.45915	-0.225939	0.559773	1.23315
5.122	0.075018	1.33455	-1.88477	-1.45829	-0.225959	0.559773	1.23315
5.135	0.0731491	1.33463	-1.88477	-1.45736	-0.225976	0.559773	1.23315
5.148	0.0731491	1.33463	-1.88477	-1.45736	-0.225976	0.559773	1.23315
5.161	0.0712508	1.33473	-1.88476	-1.4564	-0.225986	0.559773	1.23315
5.174	0.0694024	1.33481	-1.88476	-1.45549	-0.225994	0.559773	1.23315
5.187	0.0674491	1.33495	-1.88476	-1.45444	-0.226011	0.559773	1.23315
5.2	0.0655815	1.33502	-1.88475	-1.45344	-0.226027	0.559773	1.23315
5.213	0.0636972	1.33518	-1.8847	-1.45246	-0.226037	0.559773	1.23315
5.226	0.0619932	1.33533	-1.8847	-1.45159	-0.226043	0.559773	1.23315
5.239	0.0602279	1.33549	-1.88466	-1.45067	-0.226049	0.559773	1.23315
5.252	0.0584932	1.33562	-1.88466	-1.44972	-0.226062	0.559773	1.23315
5.265	0.0566997	1.33575	-1.88465	-1.44876	-0.226092	0.559773	1.23315
5.278	0.0549996	1.33587	-1.88465	-1.44787	-0.226146	0.559775	1.23315
5.291	0.0549996	1.33587	-1.88465	-1.44787	-0.226146	0.559775	1.23315
5.304	0.053293	1.33598	-1.88465	-1.447	-0.226182	0.559775	1.23315
5.317	0.0514829	1.33611	-1.88465	-1.44601	-0.226211	0.559775	1.23315
5.33	0.0496396	1.33625	-1.88465	-1.44489	-0.226235	0.559775	1.23315
5.343	0.0478857	1.3364	-1.88465	-1.4439	-0.226252	0.559775	1.23315
5.356	0.0462367	1.33661	-1.88465	-1.44304	-0.226258	0.559777	1.23315
5.369	0.044603	1.33684	-1.88465	-1.44211	-0.22626	0.559777	1.23315
5.382	0.0430038	1.33707	-1.88465	-1.44111	-0.226262	0.559777	1.23315
5.395	0.0413829	1.33739	-1.88465	-1.44014	-0.226262	0.559777	1.23315
5.408	0.0398298	1.3377	-1.88465	-1.43916	-0.226262	0.559777	1.23315
5.421	0.0398298	1.3377	-1.88465	-1.43916	-0.226262	0.559777	1.23315
5.434	0.0382856	1.33795	-1.88464	-1.43813	-0.226262	0.559777	1.23315
5.447	0.0365982	1.3382	-1.88463	-1.43701	-0.22626	0.559777	1.23315
5.46	0.0349683	1.33839	-1.88463	-1.4359	-0.22626	0.559777	1.23315
5.473	0.0333232	1.33857	-1.88462	-1.4349	-0.22626	0.559777	1.23315
5.486	0.031738	1.33879	-1.88463	-1.43385	-0.226262	0.559777	1.23315
5.499	0.0302322	1.33895	-1.88462	-1.43285	-0.226262	0.559777	1.23315
5.512	0.0287608	1.33918	-1.88462	-1.43185	-0.226264	0.559777	1.23315
5.525	0.0273176	1.33937	-1.88462	-1.43083	-0.226266	0.559777	1.23315
5.538	0.0257811	1.33955	-1.88462	-1.42974	-0.226266	0.559777	1.23315
5.551	0.0242944	1.33971	-1.88462	-1.42863	-0.226268	0.559778	1.23315
5.564	0.0242944	1.33971	-1.88462	-1.42863	-0.226268	0.559778	1.23315
5.577	0.0228678	1.33984	-1.88462	-1.42757	-0.226268	0.559778	1.23315
5.59	0.0212725	1.34	-1.88462	-1.42644	-0.226268	0.559778	1.23315
5.603	0.0196605	1.34009	-1.88463	-1.4252	-0.226268	0.559778	1.23315
5.616	0.0180779	1.34016	-1.88462	-1.42413	-0.226266	0.559778	1.23315
5.629	0.016558	1.3403	-1.88463	-1.4231	-0.226266	0.559778	1.23315
5.642	0.0150828	1.34036	-1.88463	-1.42203	-0.226266	0.559778	1.23315
5.655	0.0135322	1.34046	-1.88463	-1.42095	-0.226268	0.559778	1.23315
5.668	0.0120801	1.34058	-1.88463	-1.41991	-0.226268	0.559778	1.23315
5.681	0.0105998	1.34066	-1.88462	-1.41888	-0.226268	0.559778	1.23315
5.694	0.0105998	1.34066	-1.88462	-1.41888	-0.226268	0.559778	1.23315
5.707	0.00911055	1.34078	-1.88463	-1.41773	-0.226268	0.559778	1.23315
5.72	0.00761108	1.34086	-1.88463	-1.41665	-0.226268	0.559778	1.23315
5.733	0.00597484	1.34104	-1.88463	-1.41558	-0.226268	0.559778	1.23315
5.746	0.00440889	1.34119	-1.88463	-1.41447	-0.226268	0.55978	1.23315
5.759	0.00281611	1.3414	-1.88463	-1.41339	-0.226268	0.55978	1.23315
5.772	0.00127318	1.34166	-1.88463	-1.41238	-0.22627	0.55978	1.23315
5.785	-0.000278677	1.34187	-1.88463	-1.41141	-0.226272	0.559782	1.23315
5.798	-0.00192899	1.34207	-1.88463	-1.41039	-0.226276	0.559782	1.23315
5.811	-0.00352687	1.34224	-1.88463	-1.4093	-0.226283	0.559782	1.23315
5.824	-0.00514012	1.34232	-1.88463	-1.40836	-0.226293	0.559782	1.23315
5.837	-0.00514012	1.34232	-1.88463	-1.40836	-0.226293	0.559782	1.23315
5.85	-0.00678148	1.34241	-1.88463	-1.40739	-0.226301	0.559782	1.23315
5.863	-0.0084663	1.34242	-1.88463	-1.40635	-0.226319	0.559782	1.23315
5.876	-0.0102815	1.34249	-1.88463	-1.40523	-0.226364	0.559782	1.23315
5.889	-0.0119727	1.34251	-1.88463	-1.40422	-0.226481	0.559782	1.23315
5.902	-0.0137624	1.34256	-1.88463	-1.40326	-0.226624	0.559782	1.23315
5.915	-0.0155022	1.34262	-1.88463	-1.4022	-0.226818	0.559782	1.23315
5.928	-0.0172701	1.34264	-1.88463	-1.40115	-0.227117	0.559782	1.23315
5.941	-0.0190329	1.34274	-1.88463	-1.40009	-0.22754	0.559782	1.23315
5.954	-0.0208161	1.34276	-1.88463	-1.39904	-0.228064	0.559782	1.23315
5.967	-0.0208161	1.34276	-1.88463	-1.39904	-0.228064	0.559782	1.23315
5.98	-0.0226889	1.34279	-1.88463	-1.39787	-0.228653	0.559782	1.23315
5.993	-0.0245309	1.34279	-1.88463	-1.39678	-0.229293	0.559783	1.23315
6.006	-0.0264842	1.34282	-1.88463	-1.39564	-0.229839	0.559783	1.23315
6.019	-0.0283544	1.34284	-1.88463	-1.39447	-0.230457	0.559783	1.23315
6.032	-0.0302821	1.3429	-1.88463	-1.39335	-0.231222	0.559783	1.23315
6.045	-0.0320627	1.34298	-1.88463	-1.39234	-0.232196	0.559785	1.23315
6.058	-0.033924	1.34309	-1.88463	-1.3913	-0.233187	0.559785	1.23315
6.071	-0.0357507	1.34321	-1.88463	-1.39019	-0.234194	0.559785	1.23315
6.084	-0.0376017	1.34331	-1.88463	-1.38913	-0.235104	0.559785	1.23315
6.097	-0.0394156	1.34343	-1.88463	-1.38808	-0.235734	0.559785	1.23315
6.11	-0.0394156	1.34343	-1.88463	-1.38808	-0.235734	0.559785	1.23315
6.123	-0.0413075	1.34354	-1.88463	-1.38699	-0.236165	0.559785	1.23315
6.136	-0.0432774	1.34365	-1.88463	-1.38582	-0.236632	0.559785	1.23315
6.149	-0.0453266	1.34379	-1.88463	-1.38467	-0.237266	0.559785	1.23315
6.162	-0.0473387	1.34392	-1.88463	-1.38352	-0.237929	0.559785	1.23315
6.175	-0.0494018	1.3441	-1.88463	-1.38235	-0.238544	0.559785	1.23315
6.188	-0.0513334	1.34428	-1.88463	-1.38118	-0.239029	0.559785	1.23315
6.201	-0.0533033	1.34448	-1.88462	-1.38012	-0.239444	0.559785	1.23315
6.214	-0.0552438	1.3447	-1.88462	-1.37896	-0.239859	0.559785	1.23315
6.227	-0.0572545	1.34489	-1.88461	-1.37779	-0.240297	0.559787	1.23315
6.24	-0.0572545	1.34489	-1.88461	-1.37779	-0.240297	0.559787	1.23315
6.253	-0.0592091	1.34514	-1.88461	-1.37668	-0.240741	0.559785	1.23315
6.266	-0.061271	1.3454	-1.88461	-1.3756	-0.24108	0.559787	1.23315
6.279	-0.0633572	1.34568	-1.88461	-1.37437	-0.241291	0.559785	1.23315
6.292	-0.065547	1.34601	-1.88461	-1.37314	-0.241412	0.559785	1.23315
6.305	-0.0676652	1.34632	-1.88461	-1.37202	-0.241479	0.559785	1.23315
6.318	-0.0697706	1.34663	-1.88456	-1.37089	-0.241502	0.559785	1.23315
6.331	-0.0718286	1.34688	-1.8845	-1.36983	-0.241506	0.559785	1.23315
6.344	-0.0738791	1.34717	-1.88442	-1.36879	-0.241508	0.559785	1.23315
6.357	-0.075918	1.34745	-1.88438	-1.36774	-0.241508	0.559787	1.23315
6.37	-0.077985	1.34772	-1.88435	-1.36662	-0.241508	0.559787	1.23315
6.383	-0.077985	1.34772	-1.88435	-1.36662	-0.241508	0.559787	1.23315
6.396	-0.0800687	1.34792	-1.88435	-1.36564	-0.241508	0.559787	1.23315
6.409	-0.0821907	1.34816	-1.88433	-1.36465	-0.24151	0.559787	1.23315
6.422	-0.0844456	1.34835	-1.88434	-1.36351	-0.24151	0.559787	1.23315
6.435	-0.0866929	1.34852	-1.88434	-1.36231	-0.24151	0.559787	1.23315
6.448	-0.0889146	1.34868	-1.88434	-1.3612	-0.24151	0.559787	1.23315
6.461	-0.0910085	1.34881	-1.88434	-1.36006	-0.24151	0.559787	1.23315
6.474	-0.0931842	1.34891	-1.88434	-1.35881	-0.24151	0.559789	1.23315
6.487	-0.0952896	1.34899	-1.88434	-1.3576	-0.24151	0.559789	1.23315
6.5	-0.0973694	1.34906	-1.88435	-1.35636	-0.24151	0.559789	1.23315
6.513	-0.0973694	1.34906	-1.88435	-1.35636	-0.24151	0.559789	1.23315
6.526	-0.0994518	1.34906	-1.88435	-1.35505	-0.24151	0.559789	1.23315
6.539	-0.101539	1.34906	-1.88435	-1.35373	-0.24151	0.559789	1.23315
6.552	-0.103632	1.34906	-1.88435	-1.35245	-0.24151	0.559789	1.23315
6.565	-0.105794	1.34907	-1.88436	-1.351	-0.24151	0.559789	1.23315
6.578	-0.107932	1.34906	-1.88436	-1.34971	-0.24151	0.559789	1.23315
6.591	-0.109888	1.34908	-1.88436	-1.34845	-0.241512	0.559789	1.23315
6.604	-0.111896	1.34908	-1.88436	-1.34722	-0.24151	0.55979	1.23315
6.617	-0.113839	1.34908	-1.88436	-1.34599	-0.24151	0.55979	1.23315
6.63	-0.115791	1.34908	-1.88436	-1.34489	-0.24151	0.55979	1.23315
6.643	-0.117718	1.34907	-1.88436	-1.34366	-0.24151	0.55979	1.23315
6.656	-0.117718	1.34907	-1.88436	-1.34366	-0.24151	0.55979	1.23315
6.669	-0.119736	1.34907	-1.88438	-1.34252	-0.24151	0.559792	1.23315
6.682	-0.121687	1.34907	-1.88439	-1.34135	-0.24151	0.559792	1.23315
6.695	-0.123759	1.34907	-1.88441	-1.34015	-0.24151	0.559792	1.23315
6.708	-0.12577	1.34907	-1.88442	-1.33888	-0.24151	0.559792	1.23315
6.721	-0.127754	1.34907	-1.88442	-1.33781	-0.24151	0.559792	1.23315
6.734	-0.129586	1.34907	-1.88442	-1.33671	-0.24151	0.559792	1.23315
6.747	-0.131477	1.34907	-1.88443	-1.33559	-0.24151	0.559792	1.23315
6.76	-0.133299	1.34907	-1.88443	-1.33444	-0.24151	0.559792	1.23315
6.773	-0.135079	1.34907	-1.88444	-1.33338	-0.241508	0.559792	1.23315
6.786	-0.135079	1.34907	-1.88444	-1.33338	-0.241508	0.559792	1.23315
6.799	-0.136807	1.34907	-1.88446	-1.33218	-0.241508	0.559792	1.23315
6.812	-0.138559	1.34907	-1.88447	-1.33099	-0.241508	0.559792	1.23315
6.825	-0.140343	1.34906	-1.8845	-1.3298	-0.24151	0.559792	1.23315
6.838	-0.142095	1.34906	-1.88452	-1.3285	-0.241508	0.559792	1.23315
6.851	-0.143922	1.34906	-1.88454	-1.32719	-0.24151	0.559792	1.23315
6.864	-0.145636	1.34906	-1.88455	-1.326	-0.241508	0.559792	1.23315
6.877	-0.147324	1.34906	-1.88455	-1.32483	-0.24151	0.559792	1.23314
6.89	-0.148992	1.34906	-1.88456	-1.32353	-0.241508	0.559792	1.23314
6.903	-0.150684	1.34905	-1.88458	-1.3223	-0.241508	0.559792	1.23314
6.916	-0.152322	1.34905	-1.88458	-1.32101	-0.241508	0.559792	1.23314
6.929	-0.152322	1.34905	-1.88458	-1.32101	-0.241508	0.559792	1.23314
6.942	-0.153967	1.34905	-1.88459	-1.31966	-0.241508	0.559794	1.23314
6.955	-0.155704	1.34904	-1.88462	-1.31835	-0.241508	0.559794	1.23314
6.968	-0.157431	1.34904	-1.88464	-1.31703	-0.241508	0.559794	1.23314
6.981	-0.159228	1.34904	-1.88464	-1.31563	-0.241508	0.559794	1.23314
6.994	-0.160952	1.34904	-1.88465	-1.31427	-0.241508	0.559795	1.23314
7.007	-0.162662	1.34904	-1.88465	-1.31295	-0.241508	0.559795	1.23314
7.02	-0.164415	1.34904	-1.88466	-1.31151	-0.241508	0.559795	1.23314
7.033	-0.166147	1.34903	-1.88467	-1.3102	-0.241508	0.559795	1.23314
7.046	-0.167828	1.34903	-1.88467	-1.30882	-0.241508	0.559795	1.23314
7.059	-0.16952	1.34901	-1.8847	-1.30746	-0.241508	0.559797	1.23314
7.072	-0.16952	1.34901	-1.8847	-1.30746	-0.241508	0.559797	1.23314
7.085	-0.171242	1.349	-1.88473	-1.30615	-0.241508	0.559797	1.23314
7.098	-0.172977	1.34899	-1.88477	-1.30481	-0.241508	0.559799	1.23314
7.111	-0.174823	1.34898	-1.88479	-1.30333	-0.241508	0.559799	1.23314
7.124	-0.176589	1.34896	-1.88484	-1.30195	-0.241508	0.559801	1.23314
7.137	-0.178415	1.34896	-1.88485	-1.30064	-0.241508	0.559804	1.23314
7.15	-0.18022	1.34893	-1.88489	-1.29927	-0.241508	0.559806	1.23314
7.163	-0.182055	1.3489	-1.88491	-1.29798	-0.241508	0.559807	1.23314
7.176	-0.183911	1.34885	-1.88494	-1.29656	-0.241508	0.559807	1.23314
7.189	-0.185757	1.34878	-1.88498	-1.29512	-0.241508	0.559807	1.23314
7.202	-0.185757	1.34878	-1.88498	-1.29512	-0.241508	0.559807	1.23314
7.215	-0.187555	1.34873	-1.88504	-1.29366	-0.241508	0.559807	1.23314
7.228	-0.18937	1.34863	-1.88513	-1.29215	-0.241508	0.559807	1.23314
7.241	-0.19125	1.34853	-1.88522	-1.2906	-0.241508	0.559807	1.23314
7.254	-0.193049	1.3484	-1.88535	-1.28911	-0.241508	0.559809	1.23314
7.267	-0.194927	1.34825	-1.88543	-1.28759	-0.241508	0.559809	1.23314
7.28	-0.196724	1.34806	-1.88557	-1.28618	-0.241508	0.559809	1.23314
7.293	-0.198606	1.34787	-1.88566	-1.28469	-0.241508	0.559809	1.23314
7.306	-0.200441	1.34759	-1.88583	-1.28317	-0.241508	0.559809	1.23314
7.319	-0.202299	1.34733	-1.886	-1.28169	-0.241508	0.559811	1.23314
7.332	-0.204132	1.34698	-1.88621	-1.28011	-0.241508	0.559811	1.23314
7.345	-0.204132	1.34698	-1.88621	-1.28011	-0.241508	0.559811	1.23314
7.358	-0.205966	1.34659	-1.88636	-1.2786	-0.241506	0.559811	1.23314
7.371	-0.207776	1.3462	-1.88653	-1.27699	-0.241508	0.559812	1.23314
7.384	-0.209657	1.34576	-1.8868	-1.27535	-0.241506	0.559812	1.23314
7.397	-0.211486	1.34537	-1.88709	-1.27374	-0.241506	0.559812	1.23314
7.41	-0.213315	1.34492	-1.88738	-1.27211	-0.241506	0.559814	1.23314
7.423	-0.215096	1.34447	-1.88768	-1.27051	-0.241506	0.559814	1.23314
7.436	-0.216878	1.34401	-1.88798	-1.26888	-0.241506	0.559814	1.23314
7.449	-0.218716	1.34354	-1.88832	-1.26729	-0.241506	0.559814	1.23314
7.462	-0.220446	1.34308	-1.88867	-1.26577	-0.241506	0.559814	1.23314
7.475	-0.220446	1.34308	-1.88867	-1.26577	-0.241506	0.559814	1.23314
7.488	-0.222243	1.34258	-1.88891	-1.26427	-0.241506	0.559816	1.23314
7.501	-0.223978	1.34207	-1.88916	-1.26285	-0.241506	0.559816	1.23314
7.514	-0.22575	1.34164	-1.88937	-1.26139	-0.241506	0.559819	1.23314
7.527	-0.227498	1.34115	-1.88961	-1.25994	-0.241506	0.559821	1.23314
7.54	-0.229214	1.34072	-1.88979	-1.25859	-0.241506	0.559826	1.23314
7.553	-0.230872	1.34026	-1.88995	-1.25719	-0.241504	0.559831	1.23314
7.566	-0.232503	1.33981	-1.89007	-1.25575	-0.241504	0.559835	1.23314
7.579	-0.234124	1.33939	-1.89019	-1.25436	-0.241504	0.559836	1.23314
7.592	-0.235685	1.33897	-1.89031	-1.25292	-0.241504	0.559838	1.23314
7.605	-0.237279	1.33859	-1.89038	-1.25152	-0.241504	0.559838	1.23314
7.618	-0.237279	1.33859	-1.89038	-1.25152	-0.241504	0.559838	1.23314
7.631	-0.238707	1.33822	-1.89048	-1.25005	-0.241504	0.55984	1.23314
7.644	-0.240235	1.33785	-1.89051	-1.24853	-0.241504	0.55984	1.23314
7.657	-0.241791	1.33751	-1.89055	-1.24698	-0.241504	0.559841	1.23314
7.67	-0.243284	1.33717	-1.89062	-1.24541	-0.241504	0.559841	1.23314
7.683	-0.244804	1.33683	-1.89064	-1.24385	-0.241504	0.559843	1.23314
7.696	-0.246189	1.3365	-1.89069	-1.24229	-0.241504	0.559843	1.23314
7.709	-0.247592	1.33616	-1.8907	-1.24066	-0.241504	0.559847	1.23314
7.722	-0.24902	1.33579	-1.8907	-1.23915	-0.241504	0.559857	1.23314
7.735	-0.250361	1.33541	-1.8907	-1.23754	-0.241504	0.559881	1.23314
7.748	-0.250361	1.33541	-1.8907	-1.23754	-0.241504	0.559881	1.23314
7.761	-0.251738	1.33506	-1.89072	-1.23594	-0.241504	0.559908	1.23314
7.774	-0.253131	1.33468	-1.89075	-1.23439	-0.241504	0.559944	1.23314
7.787	-0.254521	1.3343	-1.89081	-1.2327	-0.241504	0.559976	1.23314
7.8	-0.255906	1.3339	-1.89086	-1.23118	-0.241504	0.560015	1.23314
7.813	-0.25733	1.33353	-1.89086	-1.22961	-0.241502	0.560082	1.23314
7.826	-0.258713	1.33313	-1.8909	-1.22805	-0.241502	0.560181	1.23314
7.839	-0.260099	1.33275	-1.89093	-1.22658	-0.241502	0.560339	1.23314
7.852	-0.26153	1.33237	-1.89094	-1.22504	-0.241502	0.560665	1.23314
7.865	-0.26292	1.33196	-1.89094	-1.22358	-0.241502	0.561103	1.23314
7.878	-0.264305	1.33153	-1.89094	-1.22217	-0.241502	0.561825	1.23314
7.891	-0.264305	1.33153	-1.89094	-1.22217	-0.241502	0.561825	1.23314
7.904	-0.26567	1.33108	-1.89094	-1.22069	-0.2415	0.563177	1.23314
7.917	-0.267067	1.33066	-1.89094	-1.21934	-0.2415	0.564005	1.23314
7.93	-0.268516	1.33023	-1.89094	-1.21791	-0.2415	0.564275	1.23314
7.943	-0.269938	1.32982	-1.89095	-1.21643	-0.2415	0.564329	1.23314
7.956	-0.271305	1.32939	-1.89096	-1.21505	-0.2415	0.564327	1.23314
7.969	-0.272715	1.32898	-1.89096	-1.21359	-0.2415	0.564327	1.23314
7.982	-0.274048	1.32853	-1.891	-1.21215	-0.2415	0.564326	1.23314
7.995	-0.275356	1.32809	-1.891	-1.21077	-0.2415	0.564326	1.23314
8.008	-0.276756	1.32765	-1.891	-1.20935	-0.241498	0.564326	1.23314
8.021	-0.276756	1.32765	-1.891	-1.20935	-0.241498	0.564326	1.23314
8.034	-0.278057	1.32716	-1.89102	-1.20795	-0.241498	0.564327	1.23314
8.047	-0.279371	1.32672	-1.89102	-1.20659	-0.241498	0.564327	1.23314
8.06	-0.280787	1.32625	-1.89103	-1.20516	-0.241498	0.564327	1.23314
8.073	-0.282127	1.32576	-1.89106	-1.20373	-0.241498	0.564326	1.23314
8.086	-0.283469	1.32528	-1.89106	-1.20229	-0.241498	0.564327	1.23314
8.099	-0.284828	1.32478	-1.89107	-1.2008	-0.241498	0.564329	1.23314
8.112	-0.286146	1.32429	-1.89107	-1.19935	-0.241498	0.564341	1.23314
8.125	-0.287449	1.32378	-1.89107	-1.19782	-0.241498	0.564402	1.23314
8.138	-0.288787	1.32329	-1.8911	-1.19631	-0.241498	0.564532	1.23314
8.151	-0.290087	1.32276	-1.89111	-1.1948	-0.241498	0.564834	1.23314
8.164	-0.290087	1.32276	-1.89111	-1.1948	-0.241498	0.564834	1.23314
8.177	-0.291381	1.32223	-1.89112	-1.19323	-0.241498	0.565413	1.23314
8.19	-0.292708	1.32171	-1.89114	-1.19167	-0.241498	0.566777	1.23314
8.203	-0.294047	1.32114	-1.89114	-1.19003	-0.241498	0.568091	1.23314
8.216	-0.295396	1.32057	-1.89114	-1.18846	-0.241496	0.568895	1.23314
8.229	-0.296759	1.32	-1.89116	-1.18684	-0.241496	0.570092	1.23314
8.242	-0.298116	1.31936	-1.89118	-1.1852	-0.241496	0.571866	1.23314
8.255	-0.299434	1.31875	-1.89118	-1.18359	-0.241496	0.573156	1.23314
8.268	-0.300808	1.31815	-1.89119	-1.18188	-0.241496	0.575169	1.23314
8.281	-0.302149	1.31755	-1.8912	-1.18026	-0.241496	0.576879	1.23314
8.294	-0.302149	1.31755	-1.8912	-1.18026	-0.241496	0.576879	1.23314
8.307	-0.303464	1.31696	-1.8912	-1.17855	-0.241496	0.578977	1.23314
8.32	-0.304785	1.31641	-1.89121	-1.17685	-0.241493	0.580623	1.23314
8.333	-0.306087	1.31582	-1.89121	-1.17511	-0.241493	0.582209	1.23314
8.346	-0.30744	1.31526	-1.89121	-1.17334	-0.241493	0.583489	1.23314
8.359	-0.308696	1.31472	-1.89121	-1.17158	-0.241493	0.583935	1.23314
8.372	-0.310042	1.31418	-1.89121	-1.16981	-0.241493	0.58407	1.23314
8.385	-0.311335	1.31369	-1.89121	-1.16818	-0.241493	0.584085	1.23314
8.398	-0.312624	1.31324	-1.89121	-1.16645	-0.241493	0.58409	1.23314
8.411	-0.313994	1.31273	-1.89121	-1.16485	-0.241493	0.584094	1.23314
8.424	-0.315354	1.31229	-1.89121	-1.16319	-0.241493	0.584099	1.23314
8.437	-0.315354	1.31229	-1.89121	-1.16319	-0.241493	0.584099	1.23314
8.45	-0.316786	1.3118	-1.89121	-1.16144	-0.241493	0.584111	1.23314
8.463	-0.318241	1.31133	-1.89121	-1.15966	-0.241493	0.584136	1.23314
8.476	-0.319814	1.3109	-1.89121	-1.15771	-0.241491	0.584232	1.23314
8.489	-0.321351	1.31048	-1.89121	-1.15582	-0.241491	0.584363	1.23314
8.502	-0.322958	1.31008	-1.89121	-1.15387	-0.241491	0.584574	1.23314
8.515	-0.324558	1.30969	-1.89121	-1.1519	-0.241491	0.584965	1.23314
8.528	-0.326188	1.30928	-1.89121	-1.14986	-0.241491	0.585958	1.23314
8.541	-0.327865	1.30887	-1.89121	-1.14792	-0.241491	0.58717	1.23314
8.554	-0.329548	1.30847	-1.89121	-1.14594	-0.241491	0.587743	1.23314
8.567	-0.331235	1.30809	-1.89121	-1.14405	-0.241491	0.587879	1.23314
8.58	-0.331235	1.30809	-1.89121	-1.14405	-0.241491	0.587879	1.23314
8.593	-0.332951	1.30767	-1.89121	-1.14209	-0.241491	0.587961	1.23314
8.606	-0.3347	1.30721	-1.89121	-1.14025	-0.241491	0.587992	1.23314
8.619	-0.336586	1.30681	-1.89121	-1.13828	-0.241491	0.588027	1.23314
8.632	-0.338422	1.30632	-1.89121	-1.13649	-0.241491	0.588046	1.23314
8.645	-0.340347	1.30591	-1.89121	-1.1346	-0.241489	0.588063	1.23314
8.658	-0.34226	1.30543	-1.89121	-1.13281	-0.241489	0.588072	1.23314
8.671	-0.344172	1.30502	-1.89121	-1.13088	-0.241489	0.588079	1.23314
8.684	-0.346109	1.30458	-1.89121	-1.12908	-0.241489	0.588084	1.23314
8.697	-0.348078	1.30418	-1.8912	-1.12726	-0.241487	0.588091	1.23314
8.71	-0.348078	1.30418	-1.8912	-1.12726	-0.241487	0.588091	1.23314
8.723	-0.350065	1.30377	-1.89121	-1.12549	-0.241487	0.588092	1.23314
8.736	-0.352075	1.30336	-1.8912	-1.12368	-0.241487	0.588092	1.23314
8.749	-0.354113	1.30293	-1.8912	-1.12182	-0.241485	0.588091	1.23314
8.762	-0.356176	1.30258	-1.8912	-1.11997	-0.241485	0.588091	1.23314
8.775	-0.358252	1.30216	-1.8912	-1.11809	-0.241485	0.588091	1.23314
8.788	-0.360301	1.30182	-1.8912	-1.11615	-0.241485	0.588091	1.23314
8.801	-0.36239	1.30146	-1.8912	-1.11423	-0.241483	0.588092	1.23314
8.814	-0.364411	1.30113	-1.8912	-1.11236	-0.241483	0.588094	1.23314
8.827	-0.366469	1.30074	-1.8912	-1.11047	-0.241483	0.588096	1.23314
8.84	-0.36849	1.30038	-1.8912	-1.10857	-0.241483	0.588101	1.23314
8.853	-0.36849	1.30038	-1.8912	-1.10857	-0.241483	0.588101	1.23314
8.866	-0.37053	1.29996	-1.8912	-1.10667	-0.241483	0.588113	1.23314
8.879	-0.372514	1.29955	-1.8912	-1.10479	-0.241483	0.58812	1.23314
8.892	-0.374597	1.2991	-1.8912	-1.10289	-0.241481	0.588142	1.23314
8.905	-0.376619	1.29868	-1.8912	-1.10101	-0.241481	0.588167	1.23314
8.918	-0.378667	1.29824	-1.8912	-1.0991	-0.241477	0.588227	1.23314
8.931	-0.380664	1.29784	-1.8912	-1.09721	-0.241477	0.588363	1.23314
8.944	-0.382662	1.29743	-1.8912	-1.09526	-0.241475	0.588699	1.23314
8.957	-0.384588	1.29704	-1.8912	-1.09331	-0.241475	0.58974	1.23314
8.97	-0.386513	1.29662	-1.8912	-1.09134	-0.241473	0.591545	1.23314
8.983	-0.386513	1.29662	-1.8912	-1.09134	-0.241473	0.591545	1.23314
8.996	-0.388409	1.2962	-1.8912	-1.08942	-0.241465	0.592899	1.23314
9.009	-0.390288	1.29581	-1.89119	-1.0874	-0.241453	0.594968	1.23314
9.022	-0.39212	1.2954	-1.89119	-1.08537	-0.241442	0.596633	1.23314
9.035	-0.39397	1.29501	-1.89119	-1.08331	-0.241401	0.598675	1.23314
9.048	-0.395768	1.29462	-1.89119	-1.08129	-0.241283	0.600098	1.23314
9.061	-0.397527	1.29422	-1.89119	-1.0792	-0.24116	0.601363	1.23314
9.074	-0.399291	1.29389	-1.89119	-1.07718	-0.241107	0.602825	1.23314
9.087	-0.401053	1.29353	-1.89119	-1.07515	-0.241046	0.603459	1.23314
9.1	-0.402779	1.2932	-1.89119	-1.07318	-0.240939	0.603551	1.23314
9.113	-0.404513	1.29282	-1.89119	-1.07121	-0.240751	0.603546	1.23314
9.126	-0.404513	1.29282	-1.89119	-1.07121	-0.240751	0.603546	1.23314
9.139	-0.406238	1.29243	-1.89118	-1.0694	-0.240559	0.603546	1.23314
9.152	-0.408016	1.29199	-1.89113	-1.06748	-0.240395	0.603544	1.23314
9.165	-0.409804	1.29161	-1.89112	-1.06563	-0.240311	0.603544	1.23314
9.178	-0.411633	1.2912	-1.89112	-1.06371	-0.240217	0.603544	1.23314
9.191	-0.413474	1.29078	-1.89112	-1.06192	-0.240119	0.603544	1.23314
9.204	-0.415369	1.29039	-1.89111	-1.05998	-0.24	0.603544	1.23314
9.217	-0.41724	1.28994	-1.89111	-1.05812	-0.2399	0.603544	1.23314
9.23	-0.419199	1.28954	-1.8911	-1.05613	-0.23972	0.603544	1.23314
9.243	-0.42111	1.28905	-1.8911	-1.05416	-0.239428	0.603544	1.23314
9.256	-0.42111	1.28905	-1.8911	-1.05416	-0.239428	0.603544	1.23314
9.269	-0.423088	1.28862	-1.89106	-1.05204	-0.239107	0.603544	1.23314
9.282	-0.425028	1.28812	-1.89106	-1.05005	-0.238792	0.603544	1.23314
9.295	-0.427055	1.28759	-1.89102	-1.04796	-0.238522	0.603544	1.23314
9.308	-0.429053	1.28706	-1.891	-1.04589	-0.238334	0.603544	1.23314
9.321	-0.431072	1.28649	-1.89099	-1.04372	-0.238176	0.603543	1.23314
9.334	-0.433064	1.2859	-1.89099	-1.04165	-0.238051	0.603543	1.23314
9.347	-0.435103	1.28532	-1.89097	-1.0395	-0.237875	0.603543	1.23314
9.36	-0.437074	1.28473	-1.89096	-1.03738	-0.237603	0.603543	1.23314
9.373	-0.439133	1.28414	-1.89096	-1.03523	-0.237252	0.603543	1.23314
9.386	-0.441076	1.28354	-1.89095	-1.03309	-0.236898	0.603544	1.23314
9.399	-0.441076	1.28354	-1.89095	-1.03309	-0.236898	0.603544	1.23314
9.412	-0.443081	1.28294	-1.89093	-1.031	-0.236525	0.603543	1.23314
9.425	-0.445032	1.28231	-1.89092	-1.02891	-0.236139	0.603543	1.23314
9.438	-0.447065	1.28168	-1.89088	-1.02684	-0.235836	0.603543	1.23314
9.451	-0.449037	1.28103	-1.89082	-1.02475	-0.23565	0.603543	1.23314
9.464	-0.451029	1.28039	-1.89078	-1.0227	-0.235564	0.603543	1.23314
9.477	-0.453001	1.27976	-1.89073	-1.02059	-0.235484	0.603543	1.23314
9.49	-0.454975	1.27913	-1.89067	-1.0185	-0.235366	0.603543	1.23314
9.503	-0.456966	1.27851	-1.89058	-1.01632	-0.235204	0.603543	1.23314
9.516	-0.458973	1.27791	-1.8905	-1.01415	-0.235061	0.603543	1.23314
9.529	-0.458973	1.27791	-1.8905	-1.01415	-0.235061	0.603543	1.23314
9.542	-0.460956	1.27731	-1.89036	-1.01192	-0.234899	0.603543	1.23314
9.555	-0.462904	1.27673	-1.89016	-1.00968	-0.234738	0.603544	1.23314
9.568	-0.464884	1.27615	-1.88989	-1.00741	-0.234556	0.603544	1.23314
9.581	-0.466831	1.2756	-1.88959	-1.00508	-0.234347	0.603543	1.23314
9.594	-0.468758	1.27497	-1.88924	-1.0029	-0.234122	0.603544	1.23314
9.607	-0.470649	1.27443	-1.88887	-1.00059	-0.233838	0.603544	1.23314
9.62	-0.472573	1.2739	-1.88866	-0.998444	-0.233545	0.603544	1.23314
9.633	-0.474532	1.27345	-1.8885	-0.99623	-0.233288	0.603543	1.23314
9.646	-0.476466	1.273	-1.88837	-0.994104	-0.232981	0.603544	1.23314
9.659	-0.478486	1.27251	-1.88819	-0.991924	-0.232549	0.603544	1.23314
9.672	-0.478486	1.27251	-1.88819	-0.991924	-0.232549	0.603544	1.23314
9.685	-0.480427	1.27202	-1.88796	-0.989723	-0.232101	0.603544	1.23314
9.698	-0.482438	1.27153	-1.88779	-0.987595	-0.231719	0.603544	1.23314
9.711	-0.484434	1.27105	-1.88763	-0.985456	-0.231334	0.603546	1.23314
9.724	-0.486481	1.27057	-1.88745	-0.983382	-0.230913	0.603546	1.23314
9.737	-0.488487	1.27009	-1.88726	-0.981203	-0.230441	0.60355	1.23314
9.75	-0.490493	1.26961	-1.88712	-0.979081	-0.229978	0.603556	1.23314
9.763	-0.492545	1.26908	-1.88695	-0.976905	-0.229533	0.603567	1.23314
9.776	-0.494575	1.26856	-1.88678	-0.974695	-0.22916	0.603585	1.23314
9.789	-0.496645	1.26796	-1.88654	-0.972513	-0.228911	0.603609	1.23314
9.802	-0.498693	1.26745	-1.88631	-0.970342	-0.228729	0.603645	1.23314
9.815	-0.498693	1.26745	-1.88631	-0.970342	-0.228729	0.603645	1.23314
9.828	-0.500813	1.26686	-1.8861	-0.968233	-0.228545	0.603684	1.23314
9.841	-0.502858	1.26634	-1.88587	-0.965996	-0.228363	0.603729	1.23314
9.854	-0.505007	1.26573	-1.88547	-0.963845	-0.228207	0.603768	1.23314
9.867	-0.507069	1.26515	-1.88496	-0.961553	-0.228119	0.603836	1.23314
9.88	-0.509189	1.26456	-1.88461	-0.959381	-0.228052	0.603885	1.23314
9.893	-0.511297	1.26402	-1.88436	-0.957117	-0.227988	0.603911	1.23314
9.906	-0.513469	1.26348	-1.88416	-0.954979	-0.227915	0.603916	1.23314
9.919	-0.515641	1.26294	-1.88395	-0.95282	-0.227835	0.603918	1.23314
9.932	-0.517822	1.26239	-1.88376	-0.950713	-0.227714	0.603918	1.23314
9.945	-0.517822	1.26239	-1.88376	-0.950713	-0.227714	0.603918	1.23314
9.958	-0.520022	1.2618	-1.88351	-0.948642	-0.227526	0.603916	1.23314
9.971	-0.522166	1.26123	-1.88324	-0.946476	-0.227295	0.603914	1.23314
9.984	-0.524399	1.26063	-1.88299	-0.944364	-0.227023	0.603911	1.23314
9.997	-0.526545	1.26008	-1.88279	-0.942129	-0.226735	0.603911	1.23314
10.01	-0.528753	1.25947	-1.88261	-0.940065	-0.226479	0.603911	1.23314
10.023	-0.530911	1.2589	-1.88246	-0.937909	-0.226293	0.603911	1.23314
10.036	-0.533157	1.25829	-1.88234	-0.935903	-0.226166	0.603911	1.23314
10.049	-0.535344	1.25772	-1.88219	-0.933747	-0.226043	0.603911	1.23314
10.062	-0.537553	1.25709	-1.88201	-0.931662	-0.225939	0.603911	1.23314
10.075	-0.539741	1.25646	-1.88172	-0.929492	-0.225853	0.603909	1.23314
10.088	-0.539741	1.25646	-1.88172	-0.929492	-0.225853	0.603909	1.23314
10.101	-0.541803	1.25581	-1.88132	-0.927386	-0.225777	0.603911	1.23314
10.114	-0.543946	1.25513	-1.88087	-0.925361	-0.225728	0.603909	1.23314
10.127	-0.546009	1.25459	-1.88064	-0.923281	-0.225671	0.603909	1.23314
10.14	-0.548128	1.25401	-1.88052	-0.921258	-0.225585	0.603909	1.23314
10.153	-0.550124	1.2535	-1.88043	-0.919156	-0.225487	0.603909	1.23314
10.166	-0.552223	1.25291	-1.88031	-0.917167	-0.225383	0.603909	1.23314
10.179	-0.554172	1.25238	-1.88016	-0.915009	-0.225286	0.603909	1.23314
10.192	-0.556257	1.25182	-1.88002	-0.913018	-0.225145	0.603909	1.23314
10.205	-0.558176	1.25134	-1.87992	-0.910934	-0.225019	0.603909	1.23314
10.218	-0.558176	1.25134	-1.87992	-0.910934	-0.225019	0.603909	1.23314
10.231	-0.560174	1.25085	-1.87978	-0.909009	-0.224882	0.603908	1.23314
10.244	-0.56205	1.25039	-1.87966	-0.906977	-0.224708	0.603909	1.23314
10.257	-0.564022	1.24989	-1.87954	-0.90507	-0.224503	0.603909	1.23314
10.27	-0.565885	1.24944	-1.8794	-0.903033	-0.224331	0.603909	1.23314
10.283	-0.567819	1.24895	-1.87927	-0.901128	-0.224205	0.603909	1.23314
10.296	-0.569644	1.24846	-1.87913	-0.899084	-0.22408	0.603909	1.23314
10.309	-0.571559	1.24798	-1.87897	-0.897221	-0.223947	0.603909	1.23314
10.322	-0.573379	1.24749	-1.87888	-0.895249	-0.223779	0.603909	1.23314
10.335	-0.575289	1.24701	-1.87878	-0.893408	-0.223575	0.603909	1.23314
10.348	-0.577141	1.24656	-1.87863	-0.891457	-0.223329	0.603909	1.23314
10.361	-0.577141	1.24656	-1.87863	-0.891457	-0.223329	0.603909	1.23314
10.374	-0.579057	1.24606	-1.87847	-0.889596	-0.22312	0.603909	1.23314
10.387	-0.580927	1.24563	-1.87828	-0.887638	-0.222926	0.603909	1.23314
10.4	-0.582863	1.24511	-1.87807	-0.885716	-0.222707	0.603909	1.23314
10.413	-0.584739	1.24465	-1.87778	-0.883651	-0.222399	0.603909	1.23314
10.426	-0.586645	1.2441	-1.87733	-0.881613	-0.222012	0.603909	1.23314
10.439	-0.588508	1.24364	-1.87683	-0.879404	-0.221533	0.603909	1.23314
10.452	-0.590443	1.24312	-1.87648	-0.877361	-0.220799	0.603911	1.23314
10.465	-0.592403	1.24273	-1.87611	-0.875127	-0.219801	0.603913	1.23314
10.478	-0.59436	1.24227	-1.87573	-0.873039	-0.218742	0.603914	1.23314
10.491	-0.59436	1.24227	-1.87573	-0.873039	-0.218742	0.603914	1.23314
10.504	-0.596362	1.24185	-1.87529	-0.870842	-0.217541	0.603918	1.23314
10.517	-0.598337	1.24141	-1.87488	-0.868788	-0.216367	0.603923	1.23314
10.53	-0.60031	1.24101	-1.87453	-0.866579	-0.215492	0.603928	1.23314
10.543	-0.602215	1.2406	-1.87426	-0.864433	-0.214536	0.60393	1.23314
10.556	-0.604149	1.24024	-1.874	-0.862218	-0.213483	0.603933	1.23314
10.569	-0.606001	1.23986	-1.87376	-0.860029	-0.212589	0.603943	1.23314
10.582	-0.607896	1.23947	-1.87348	-0.857879	-0.211677	0.60395	1.23314
10.595	-0.609725	1.23905	-1.87322	-0.855659	-0.210728	0.603969	1.23314
10.608	-0.611643	1.23866	-1.87302	-0.853578	-0.210112	0.604027	1.23314
10.621	-0.613485	1.2383	-1.87298	-0.851403	-0.209822	0.604223	1.23314
10.634	-0.613485	1.2383	-1.87298	-0.851403	-0.209822	0.604223	1.23314
10.647	-0.615397	1.2379	-1.87297	-0.849342	-0.209624	0.604758	1.23314
10.66	-0.617264	1.23744	-1.87295	-0.84711	-0.209376	0.606024	1.23314
10.673	-0.619117	1.23704	-1.87291	-0.844873	-0.209139	0.607054	1.23314
10.686	-0.620918	1.23658	-1.87291	-0.842595	-0.208893	0.60733	1.23314
10.699	-0.622721	1.23613	-1.87291	-0.84033	-0.208611	0.607337	1.23314
10.712	-0.624477	1.23563	-1.87291	-0.838097	-0.20827	0.607335	1.23314
10.725	-0.626227	1.23513	-1.8729	-0.835824	-0.207873	0.607332	1.23314
10.738	-0.627934	1.2346	-1.87291	-0.833634	-0.207449	0.607332	1.23314
10.751	-0.629681	1.23406	-1.8729	-0.831452	-0.20693	0.607332	1.23314
10.764	-0.629681	1.23406	-1.8729	-0.831452	-0.20693	0.607332	1.23314
10.777	-0.631434	1.23352	-1.8729	-0.829329	-0.206414	0.607332	1.23314
10.79	-0.633193	1.2329	-1.8729	-0.827185	-0.205772	0.607332	1.23314
10.803	-0.635001	1.23239	-1.8729	-0.825008	-0.20514	0.607332	1.23314
10.816	-0.636792	1.2318	-1.8729	-0.822841	-0.20461	0.607332	1.23314
10.829	-0.638586	1.23131	-1.87289	-0.820645	-0.204263	0.60733	1.23314
10.842	-0.64035	1.2308	-1.87289	-0.818497	-0.204032	0.60733	1.23314
10.855	-0.642138	1.23035	-1.87289	-0.816278	-0.203886	0.60733	1.23314
10.868	-0.643865	1.22985	-1.87289	-0.81415	-0.203815	0.60733	1.23314
10.881	-0.645632	1.22937	-1.87287	-0.811964	-0.203733	0.607332	1.23314
10.894	-0.647323	1.22884	-1.87287	-0.809825	-0.203659	0.607332	1.23314
10.907	-0.647323	1.22884	-1.87287	-0.809825	-0.203659	0.607332	1.23314
10.92	-0.649063	1.22838	-1.87284	-0.807688	-0.203569	0.607332	1.23314
10.933	-0.650849	1.2279	-1.87283	-0.805636	-0.203512	0.607332	1.23314
10.946	-0.652645	1.22742	-1.87283	-0.803522	-0.203441	0.60733	1.23314
10.959	-0.654511	1.22699	-1.87279	-0.801456	-0.203357	0.60733	1.23314
10.972	-0.656358	1.22653	-1.87275	-0.799442	-0.203295	0.60733	1.23314
10.985	-0.658217	1.22615	-1.87269	-0.797469	-0.203214	0.60733	1.23314
10.998	-0.660049	1.2257	-1.87262	-0.795512	-0.203025	0.60733	1.23314
11.011	-0.661895	1.22534	-1.87249	-0.793557	-0.202704	0.60733	1.23314
11.024	-0.663711	1.22492	-1.87235	-0.791593	-0.202363	0.60733	1.23314
11.037	-0.663711	1.22492	-1.87235	-0.791593	-0.202363	0.60733	1.23314
11.05	-0.665489	1.22455	-1.8722	-0.789624	-0.202046	0.60733	1.23314
11.063	-0.667204	1.22415	-1.87204	-0.787615	-0.201651	0.60733	1.23314
11.076	-0.66887	1.22377	-1.87192	-0.785605	-0.201236	0.60733	1.23314
11.089	-0.670566	1.22339	-1.8718	-0.78356	-0.200917	0.60733	1.23314
11.102	-0.672128	1.22302	-1.8717	-0.781502	-0.200694	0.60733	1.23314
11.115	-0.673779	1.22264	-1.87157	-0.779607	-0.200499	0.60733	1.23314
11.128	-0.675306	1.22228	-1.87143	-0.777621	-0.200321	0.607328	1.23314
11.141	-0.67691	1.2219	-1.87126	-0.775799	-0.200139	0.607328	1.23314
11.154	-0.678421	1.22156	-1.87112	-0.773834	-0.199921	0.607328	1.23314
11.167	-0.679923	1.22118	-1.87098	-0.77195	-0.199651	0.607328	1.23314
11.18	-0.679923	1.22118	-1.87098	-0.77195	-0.199651	0.607328	1.23314
11.193	-0.681445	1.22087	-1.87081	-0.770003	-0.199309	0.60733	1.23314
11.206	-0.682963	1.22047	-1.87063	-0.7681	-0.198837	0.60733	1.23314
11.219	-0.684419	1.22014	-1.87039	-0.766237	-0.198307	0.60733	1.23314
11.232	-0.68595	1.21979	-1.87007	-0.764402	-0.197865	0.60733	1.23314
11.245	-0.687461	1.21948	-1.86968	-0.762654	-0.197573	0.60733	1.23314
11.258	-0.689099	1.21914	-1.86918	-0.760891	-0.197303	0.60733	1.23314
11.271	-0.690629	1.21887	-1.86877	-0.75912	-0.19699	0.60733	1.23314
11.284	-0.692228	1.21862	-1.86838	-0.757312	-0.196568	0.60733	1.23314
11.297	-0.693851	1.21837	-1.86796	-0.755623	-0.196198	0.60733	1.23314
11.31	-0.693851	1.21837	-1.86796	-0.755623	-0.196198	0.60733	1.23314
11.323	-0.695448	1.21806	-1.86756	-0.753879	-0.195857	0.60733	1.23314
11.336	-0.697087	1.21771	-1.86711	-0.752206	-0.195515	0.60733	1.23314
11.349	-0.698654	1.21741	-1.8667	-0.750416	-0.195298	0.607332	1.23314
11.362	-0.700263	1.21705	-1.86639	-0.74875	-0.195212	0.607332	1.23314
11.375	-0.701796	1.21676	-1.8661	-0.747052	-0.195169	0.607332	1.23314
11.388	-0.703339	1.21639	-1.86574	-0.745329	-0.195059	0.607333	1.23314
11.401	-0.704858	1.216	-1.86534	-0.743665	-0.194975	0.607335	1.23314
11.414	-0.706357	1.21563	-1.86513	-0.74191	-0.194955	0.60734	1.23314
11.427	-0.707828	1.21529	-1.86506	-0.740341	-0.194946	0.607345	1.23314
11.44	-0.709325	1.21493	-1.86502	-0.73864	-0.194926	0.607345	1.23314
11.453	-0.709325	1.21493	-1.86502	-0.73864	-0.194926	0.607345	1.23314
11.466	-0.710794	1.21456	-1.86499	-0.736946	-0.194908	0.607345	1.23314
11.479	-0.712204	1.21422	-1.86493	-0.735301	-0.194885	0.607344	1.23314
11.492	-0.713628	1.21379	-1.86488	-0.733538	-0.194799	0.607344	1.23314
11.505	-0.714979	1.21336	-1.86479	-0.731934	-0.194732	0.607342	1.23314
11.518	-0.716388	1.21296	-1.86472	-0.73024	-0.194717	0.607342	1.23314
11.531	-0.717706	1.21254	-1.86473	-0.728673	-0.194717	0.607342	1.23314
11.544	-0.718955	1.21217	-1.86473	-0.727076	-0.194717	0.607342	1.23314
11.557	-0.720311	1.21178	-1.86473	-0.725534	-0.194717	0.607342	1.23314
11.57	-0.721501	1.21141	-1.86473	-0.724039	-0.194717	0.607342	1.23314
11.583	-0.721501	1.21141	-1.86473	-0.724039	-0.194717	0.607342	1.23314
11.596	-0.722731	1.21105	-1.86473	-0.722501	-0.194717	0.60734	1.23314
11.609	-0.724008	1.21072	-1.86473	-0.721136	-0.194717	0.60734	1.23314
11.622	-0.725137	1.2104	-1.86473	-0.719671	-0.194717	0.60734	1.23314
11.635	-0.726413	1.21007	-1.86473	-0.718257	-0.194713	0.607339	1.23314
11.648	-0.727636	1.20974	-1.86472	-0.71704	-0.194713	0.607339	1.23314
11.661	-0.728853	1.2094	-1.86471	-0.715731	-0.194711	0.607339	1.23314
11.674	-0.730118	1.20906	-1.86464	-0.714366	-0.194709	0.607339	1.23314
11.687	-0.731304	1.20878	-1.86458	-0.713128	-0.194705	0.607339	1.23314
11.7	-0.732506	1.20848	-1.86456	-0.711901	-0.194695	0.607339	1.23314
11.713	-0.733725	1.20822	-1.86453	-0.710563	-0.194687	0.607339	1.23314
11.726	-0.733725	1.20822	-1.86453	-0.710563	-0.194687	0.607339	1.23314
11.739	-0.734878	1.20798	-1.86449	-0.709286	-0.19468	0.607339	1.23314
11.752	-0.736031	1.20775	-1.86447	-0.707995	-0.194678	0.607339	1.23314
11.765	-0.737175	1.20751	-1.86446	-0.706576	-0.194676	0.607339	1.23314
11.778	-0.738282	1.20731	-1.86444	-0.705291	-0.194676	0.607339	1.23314
11.791	-0.739407	1.20711	-1.86443	-0.704087	-0.194676	0.607339	1.23314
11.804	-0.740512	1.20691	-1.86441	-0.702746	-0.194676	0.607339	1.23314
11.817	-0.741626	1.20672	-1.86438	-0.701551	-0.194672	0.607339	1.23314
11.83	-0.742585	1.20654	-1.86436	-0.700372	-0.194662	0.607339	1.23314
11.843	-0.743666	1.20635	-1.8643	-0.699201	-0.194648	0.60734	1.23314
11.856	-0.744644	1.20618	-1.86427	-0.697998	-0.194638	0.60734	1.23314
11.869	-0.744644	1.20618	-1.86427	-0.697998	-0.194638	0.60734	1.23314
11.882	-0.745642	1.20604	-1.86421	-0.696931	-0.194629	0.607339	1.23314
11.895	-0.746584	1.2059	-1.86414	-0.695761	-0.194613	0.60734	1.23314
11.908	-0.747622	1.20576	-1.86408	-0.694625	-0.194576	0.607339	1.23314
11.921	-0.74852	1.20563	-1.86406	-0.693473	-0.194527	0.607339	1.23314
11.934	-0.749417	1.20551	-1.86401	-0.692392	-0.194476	0.607339	1.23314
11.947	-0.750295	1.20538	-1.86395	-0.691198	-0.194429	0.607339	1.23314
11.96	-0.751195	1.20526	-1.86388	-0.690115	-0.194396	0.607339	1.23314
11.973	-0.751996	1.20518	-1.86382	-0.689016	-0.194351	0.607339	1.23314
11.986	-0.752798	1.20507	-1.86376	-0.687965	-0.194267	0.607339	1.23314
11.999	-0.752798	1.20507	-1.86376	-0.687965	-0.194267	0.607339	1.23314
12.012	-0.753608	1.20495	-1.86371	-0.686925	-0.1942	0.607339	1.23314
12.025	-0.754352	1.20486	-1.86366	-0.686045	-0.194149	0.607339	1.23314
12.038	-0.755075	1.2048	-1.8636	-0.685172	-0.194083	0.60734	1.23314
12.051	-0.75577	1.20474	-1.86355	-0.684266	-0.193971	0.607339	1.23314
12.064	-0.756493	1.20469	-1.86349	-0.683415	-0.193871	0.60734	1.23314
12.077	-0.757178	1.20466	-1.86346	-0.682656	-0.193811	0.60734	1.23314
12.09	-0.757779	1.20465	-1.86344	-0.68201	-0.193752	0.607339	1.23314
12.103	-0.75835	1.20464	-1.86342	-0.681434	-0.193672	0.607339	1.23314
12.116	-0.75893	1.20462	-1.8634	-0.68086	-0.193558	0.60734	1.23314
12.129	-0.759494	1.20457	-1.8634	-0.680285	-0.193425	0.60734	1.23314
12.142	-0.759494	1.20457	-1.8634	-0.680285	-0.193425	0.60734	1.23314
12.155	-0.760059	1.20452	-1.8634	-0.679818	-0.19332	0.60734	1.23314
12.168	-0.760628	1.20449	-1.8634	-0.679413	-0.193267	0.607342	1.23314
12.181	-0.761178	1.20446	-1.8634	-0.679022	-0.19323	0.607344	1.23314
12.194	-0.76172	1.20443	-1.8634	-0.678729	-0.193204	0.607344	1.23314
12.207	-0.76222	1.20441	-1.8634	-0.678454	-0.193179	0.607344	1.23314
12.22	-0.762754	1.20439	-1.8634	-0.678145	-0.193149	0.607344	1.23314
12.233	-0.763258	1.20436	-1.8634	-0.677725	-0.193138	0.607345	1.23314
12.246	-0.763756	1.20435	-1.8634	-0.677287	-0.193134	0.607345	1.23314
12.259	-0.764216	1.20434	-1.8634	-0.676841	-0.193132	0.607347	1.23314
12.272	-0.764216	1.20434	-1.8634	-0.676841	-0.193132	0.607347	1.23314
12.285	-0.764669	1.20433	-1.8634	-0.676434	-0.193128	0.607351	1.23314
12.298	-0.765121	1.20432	-1.8634	-0.676028	-0.193122	0.607354	1.23314
12.311	-0.765565	1.20429	-1.8634	-0.675672	-0.19312	0.607359	1.23314
12.324	-0.76596	1.20426	-1.8634	-0.675344	-0.193118	0.607362	1.23314
12.337	-0.766366	1.20421	-1.8634	-0.675078	-0.193114	0.607362	1.23314
12.35	-0.76676	1.20418	-1.8634	-0.674808	-0.193112	0.607362	1.23314
12.363	-0.767161	1.20414	-1.8634	-0.674512	-0.193112	0.607362	1.23314
12.376	-0.767528	1.2041	-1.8634	-0.674204	-0.193108	0.607361	1.23314
12.389	-0.767882	1.20407	-1.8634	-0.673945	-0.193104	0.607361	1.23314
12.402	-0.768211	1.20404	-1.8634	-0.673729	-0.193104	0.607361	1.23314
12.415	-0.768211	1.20404	-1.8634	-0.673729	-0.193104	0.607361	1.23314
12.428	-0.768547	1.204	-1.8634	-0.673495	-0.193102	0.607361	1.23314
12.441	-0.768872	1.20396	-1.8634	-0.673235	-0.193102	0.607359	1.23314
12.454	-0.769216	1.20393	-1.8634	-0.672953	-0.193102	0.607359	1.23314
12.467	-0.769539	1.20388	-1.8634	-0.672644	-0.193102	0.607359	1.23314
12.48	-0.769861	1.20384	-1.8634	-0.672376	-0.193099	0.607359	1.23314
12.493	-0.770148	1.20379	-1.8634	-0.672107	-0.193099	0.607357	1.23314
12.506	-0.770428	1.20376	-1.8634	-0.671804	-0.193099	0.607357	1.23314
12.519	-0.770707	1.20373	-1.8634	-0.671472	-0.193097	0.607357	1.23314
12.532	-0.770965	1.20368	-1.8634	-0.671203	-0.193097	0.607357	1.23314
12.545	-0.770965	1.20368	-1.8634	-0.671203	-0.193097	0.607357	1.23314
12.558	-0.771225	1.20363	-1.8634	-0.670966	-0.193095	0.607356	1.23314
12.571	-0.771462	1.20357	-1.8634	-0.670702	-0.193095	0.607356	1.23314
12.584	-0.771687	1.20353	-1.8634	-0.670453	-0.193093	0.607356	1.23314
12.597	-0.771901	1.2035	-1.8634	-0.670222	-0.193089	0.607356	1.23314
12.61	-0.772088	1.20346	-1.8634	-0.669992	-0.193079	0.607356	1.23314
12.623	-0.77227	1.20341	-1.8634	-0.669754	-0.193067	0.607356	1.23314
12.636	-0.772451	1.20334	-1.8634	-0.669525	-0.193063	0.607356	1.23314
12.649	-0.772625	1.20324	-1.8634	-0.669291	-0.193063	0.607356	1.23314
12.662	-0.772803	1.20313	-1.8634	-0.669042	-0.193063	0.607356	1.23314
12.675	-0.772973	1.20303	-1.8634	-0.668776	-0.193061	0.607356	1.23314
12.688	-0.772973	1.20303	-1.8634	-0.668776	-0.193061	0.607356	1.23314
12.701	-0.773139	1.20294	-1.8634	-0.668516	-0.193061	0.607356	1.23314
12.714	-0.773287	1.20287	-1.8634	-0.668243	-0.193061	0.607356	1.23314
12.727	-0.773429	1.20281	-1.8634	-0.66799	-0.193061	0.607356	1.23314
12.74	-0.773575	1.20277	-1.8634	-0.667797	-0.193059	0.607356	1.23314
12.753	-0.77371	1.20273	-1.8634	-0.667624	-0.193059	0.607356	1.23314
12.766	-0.773828	1.20269	-1.8634	-0.667425	-0.193059	0.607356	1.23314
12.779	-0.773922	1.20266	-1.8634	-0.667209	-0.193059	0.607356	1.23314
12.792	-0.774002	1.20261	-1.8634	-0.667018	-0.193057	0.607357	1.23314
12.805	-0.774081	1.20256	-1.8634	-0.666829	-0.193057	0.607357	1.23314
12.818	-0.774081	1.20256	-1.8634	-0.666829	-0.193057	0.607357	1.23314
12.831	-0.774158	1.20252	-1.8634	-0.666632	-0.193057	0.607359	1.23314
12.844	-0.774236	1.20249	-1.8634	-0.666443	-0.193057	0.607359	1.23314
12.857	-0.774306	1.20246	-1.8634	-0.666273	-0.193054	0.607361	1.23314
12.87	-0.774396	1.20245	-1.8634	-0.666098	-0.193054	0.607362	1.23314
12.883	-0.774489	1.20243	-1.8634	-0.665937	-0.193054	0.607366	1.23314
12.896	-0.774571	1.20243	-1.8634	-0.665768	-0.193054	0.607373	1.23314
12.909	-0.774641	1.20242	-1.8634	-0.665524	-0.193054	0.607383	1.23314
12.922	-0.774696	1.20242	-1.8634	-0.665243	-0.193054	0.607393	1.23314
12.935	-0.774741	1.20241	-1.8634	-0.66496	-0.193054	0.607403	1.23314
12.948	-0.774778	1.20241	-1.8634	-0.664711	-0.193054	0.60742	1.23314
12.961	-0.774778	1.20241	-1.8634	-0.664711	-0.193054	0.60742	1.23314
12.974	-0.774811	1.20241	-1.8634	-0.664469	-0.193054	0.607541	1.23314
12.987	-0.774849	1.20241	-1.8634	-0.664248	-0.193054	0.608022	1.23314
13	-0.774902	1.20241	-1.8634	-0.664017	-0.193052	0.60899	1.23314
13.013	-0.774948	1.20241	-1.8634	-0.663725	-0.193052	0.610926	1.23314
13.026	-0.774978	1.2024	-1.8634	-0.663467	-0.193052	0.612288	1.23314
13.039	-0.775004	1.2024	-1.8634	-0.663227	-0.193052	0.61409	1.23314
13.052	-0.77503	1.2024	-1.8634	-0.662989	-0.193052	0.615583	1.23314
13.065	-0.775055	1.2024	-1.86339	-0.662758	-0.193052	0.616594	1.23314
13.078	-0.77509	1.2024	-1.86338	-0.662574	-0.19305	0.618056	1.23314
13.091	-0.775136	1.2024	-1.86338	-0.662456	-0.19305	0.61877	1.23314
13.104	-0.775136	1.2024	-1.86338	-0.662456	-0.19305	0.61877	1.23314
13.117	-0.775188	1.2024	-1.86338	-0.662382	-0.19305	0.618813	1.23314
13.13	-0.775269	1.2024	-1.86338	-0.662319	-0.19305	0.618811	1.23314
13.143	-0.775339	1.2024	-1.86338	-0.662212	-0.19305	0.618811	1.23314
13.156	-0.775419	1.2024	-1.86338	-0.662109	-0.193048	0.618811	1.23314
13.169	-0.775499	1.2024	-1.86338	-0.662002	-0.193048	0.618811	1.23314
13.182	-0.775596	1.2024	-1.86338	-0.661872	-0.193048	0.618811	1.23314
13.195	-0.775685	1.2024	-1.86338	-0.661734	-0.193048	0.618811	1.23314
13.208	-0.775776	1.2024	-1.86338	-0.661601	-0.193048	0.618809	1.23314
13.221	-0.775862	1.2024	-1.86338	-0.661438	-0.193048	0.618809	1.23314
13.234	-0.775862	1.2024	-1.86338	-0.661438	-0.193048	0.618809	1.23314
13.247	-0.775937	1.2024	-1.86338	-0.661234	-0.193048	0.618809	1.23314
13.26	-0.775992	1.20239	-1.86338	-0.66099	-0.193048	0.618811	1.23314
13.273	-0.77606	1.20239	-1.86338	-0.66074	-0.193048	0.618811	1.23314
13.286	-0.776112	1.20239	-1.86338	-0.660503	-0.193048	0.618811	1.23314
13.299	-0.776148	1.20239	-1.86338	-0.660285	-0.193048	0.618811	1.23314
13.312	-0.776183	1.20239	-1.86338	-0.660072	-0.193048	0.618811	1.23314
13.325	-0.77622	1.20239	-1.86338	-0.65988	-0.193048	0.618811	1.23314
13.338	-0.776258	1.20239	-1.86338	-0.659718	-0.193048	0.618811	1.23314
13.351	-0.77629	1.20239	-1.86338	-0.659549	-0.193048	0.618811	1.23314
13.364	-0.776309	1.20239	-1.86338	-0.659393	-0.193048	0.618811	1.23314
13.377	-0.776309	1.20239	-1.86338	-0.659393	-0.193048	0.618811	1.23314
13.39	-0.776332	1.20239	-1.86338	-0.659292	-0.193046	0.618813	1.23314
13.403	-0.776353	1.20239	-1.86338	-0.659195	-0.193046	0.618813	1.23314
13.416	-0.776376	1.20239	-1.86338	-0.659103	-0.193046	0.618813	1.23314
13.429	-0.776396	1.20238	-1.86338	-0.659049	-0.193046	0.618813	1.23314
13.442	-0.776425	1.20238	-1.86338	-0.659011	-0.193046	0.618813	1.23314
13.455	-0.776452	1.20238	-1.86338	-0.658952	-0.193046	0.618813	1.23314
13.468	-0.776479	1.20238	-1.86338	-0.658908	-0.193046	0.618813	1.23314
13.481	-0.776516	1.20238	-1.86338	-0.6589	-0.193046	0.618813	1.23314
13.494	-0.776569	1.20238	-1.86338	-0.658898	-0.193046	0.618813	1.23314
13.507	-0.776569	1.20238	-1.86338	-0.658898	-0.193046	0.618813	1.23314
13.52	-0.776619	1.20238	-1.86338	-0.658896	-0.193046	0.618813	1.23314
13.533	-0.776682	1.20238	-1.86338	-0.658895	-0.193046	0.618813	1.23314
13.546	-0.776755	1.20238	-1.86338	-0.658891	-0.193046	0.618813	1.23314
13.559	-0.776817	1.20238	-1.86338	-0.658868	-0.193046	0.618813	1.23314
13.572	-0.776861	1.20238	-1.86338	-0.658817	-0.193046	0.618813	1.23314
13.585	-0.776913	1.20238	-1.86338	-0.658772	-0.193046	0.618813	1.23314
13.598	-0.776953	1.20238	-1.86338	-0.658742	-0.193046	0.618813	1.23314
13.611	-0.776992	1.20238	-1.86338	-0.658718	-0.193046	0.618813	1.23314
13.624	-0.77701	1.20237	-1.86338	-0.658676	-0.193046	0.618813	1.23314
13.637	-0.777026	1.20237	-1.86338	-0.658635	-0.193046	0.618813	1.23314
13.65	-0.777026	1.20237	-1.86338	-0.658635	-0.193046	0.618813	1.23314
13.663	-0.777044	1.20237	-1.86338	-0.658579	-0.193046	0.618813	1.23314
13.676	-0.777051	1.20237	-1.86338	-0.658514	-0.193044	0.618813	1.23314
13.689	-0.777051	1.20236	-1.86338	-0.658434	-0.193044	0.618813	1.23314
13.702	-0.777051	1.20236	-1.86338	-0.658372	-0.193044	0.618813	1.23314
13.715	-0.777051	1.20236	-1.86338	-0.658317	-0.193044	0.618813	1.23314
13.728	-0.777049	1.20236	-1.86338	-0.65824	-0.193042	0.618813	1.23314
13.741	-0.777049	1.20236	-1.86338	-0.658167	-0.193042	0.618813	1.23314
13.754	-0.777049	1.20236	-1.86338	-0.658103	-0.193042	0.618813	1.23314
13.767	-0.777049	1.20235	-1.86338	-0.658069	-0.193042	0.618813	1.23314
13.78	-0.777049	1.20235	-1.86338	-0.658069	-0.193042	0.618813	1.23314
13.793	-0.777049	1.20235	-1.86338	-0.658058	-0.193042	0.618813	1.23314
13.806	-0.777048	1.20235	-1.86338	-0.658047	-0.193042	0.618813	1.23314
13.819	-0.777049	1.20235	-1.86338	-0.658037	-0.193042	0.618813	1.23314
13.832	-0.777052	1.20235	-1.86338	-0.658037	-0.193042	0.618813	1.23314
13.845	-0.777053	1.20235	-1.86338	-0.658037	-0.193042	0.618813	1.23314
13.858	-0.777052	1.20235	-1.86338	-0.658024	-0.193042	0.618813	1.23314
13.871	-0.777051	1.20235	-1.86338	-0.657988	-0.193042	0.618813	1.23314
13.884	-0.777052	1.20234	-1.86338	-0.657982	-0.19304	0.618813	1.23314
13.897	-0.777051	1.20234	-1.86338	-0.65798	-0.19304	0.618813	1.23314
13.91	-0.777051	1.20234	-1.86338	-0.657978	-0.19304	0.618813	1.23314
13.923	-0.777051	1.20234	-1.86338	-0.657978	-0.19304	0.618813	1.23314
13.936	-0.777051	1.20234	-1.86338	-0.657977	-0.193038	0.618813	1.23314
13.949	-0.777052	1.20234	-1.86338	-0.657977	-0.193038	0.618813	1.23314
13.962	-0.777053	1.20234	-1.86338	-0.657977	-0.193038	0.618814	1.23314
13.975	-0.777053	1.20234	-1.86338	-0.657977	-0.193038	0.618813	1.23314
13.988	-0.777052	1.20234	-1.86338	-0.65797	-0.193038	0.618813	1.23314
14.001	-0.777051	1.20234	-1.86338	-0.657948	-0.193038	0.618813	1.23314
14.014	-0.777052	1.20234	-1.86338	-0.657946	-0.193038	0.618813	1.23314
14.027	-0.777054	1.20234	-1.86338	-0.657954	-0.193038	0.618813	1.23314
14.04	-0.777058	1.20234	-1.86338	-0.657963	-0.193038	0.618813	1.23314
14.053	-0.777058	1.20234	-1.86338	-0.657963	-0.193038	0.618813	1.23314
14.066	-0.777059	1.20234	-1.86338	-0.657965	-0.193038	0.618813	1.23314
14.079	-0.777058	1.20234	-1.86338	-0.657968	-0.193038	0.618813	1.23314
14.092	-0.777058	1.20234	-1.86338	-0.657969	-0.193038	0.618813	1.23314
14.105	-0.777059	1.20234	-1.86338	-0.65797	-0.193038	0.618813	1.23314
14.118	-0.777059	1.20234	-1.86338	-0.65797	-0.193038	0.618813	1.23314
14.131	-0.777059	1.20235	-1.86338	-0.657968	-0.193038	0.618813	1.23314
14.144	-0.777058	1.20235	-1.86338	-0.657954	-0.193038	0.618813	1.23314
14.157	-0.777058	1.20235	-1.86338	-0.657948	-0.193038	0.618813	1.23314
14.17	-0.777058	1.20234	-1.86338	-0.657947	-0.193038	0.618813	1.23314
14.183	-0.777057	1.20235	-1.86338	-0.657926	-0.193038	0.618813	1.23314
14.196	-0.777057	1.20235	-1.86338	-0.657926	-0.193038	0.618813	1.23314
14.209	-0.777057	1.20235	-1.86338	-0.657877	-0.193038	0.618813	1.23314
14.222	-0.777057	1.20234	-1.86338	-0.65785	-0.193038	0.618813	1.23314
14.235	-0.777057	1.20234	-1.86338	-0.6578	-0.193038	0.618813	1.23314
14.248	-0.777057	1.20234	-1.86338	-0.657727	-0.193038	0.618813	1.23314
14.261	-0.777057	1.20235	-1.86338	-0.657686	-0.193038	0.618813	1.23314
14.274	-0.777057	1.20235	-1.86338	-0.657677	-0.193038	0.618813	1.23314
14.287	-0.777057	1.20235	-1.86338	-0.657676	-0.193038	0.618813	1.23314
14.3	-0.777057	1.20235	-1.86338	-0.657677	-0.193038	0.618813	1.23314
14.313	-0.777057	1.20235	-1.86338	-0.65768	-0.193038	0.618813	1.23314
14.326	-0.777057	1.20235	-1.86338	-0.65768	-0.193038	0.618813	1.23314
14.339	-0.777057	1.20235	-1.86338	-0.657684	-0.193038	0.618813	1.23314
14.352	-0.777057	1.20235	-1.86338	-0.65769	-0.193038	0.618813	1.23314
14.365	-0.777058	1.20235	-1.86338	-0.657699	-0.193038	0.618813	1.23314
14.378	-0.777058	1.20235	-1.86338	-0.657699	-0.193038	0.618813	1.23314
14.391	-0.777058	1.20235	-1.86338	-0.657699	-0.193038	0.618813	1.23314
14.404	-0.777058	1.20235	-1.86338	-0.657699	-0.193038	0.618813	1.23314
14.417	-0.777058	1.20235	-1.86338	-0.657699	-0.193038	0.618813	1.23314
14.43	-0.777058	1.20235	-1.86338	-0.657699	-0.193038	0.618813	1.23314
14.443	-0.777058	1.20235	-1.86338	-0.657699	-0.193038	0.618813	1.23314
14.456	-0.777058	1.20235	-1.86338	-0.657699	-0.193038	0.618813	1.23314
14.469	-0.777058	1.20235	-1.86338	-0.657699	-0.193038	0.618813	1.23314
14.482	-0.777058	1.20235	-1.86338	-0.657699	-0.193038	0.618813	1.23314
14.495	-0.777058	1.20235	-1.86338	-0.657699	-0.193038	0.618813	1.23314
14.508	-0.777058	1.20235	-1.86338	-0.657699	-0.193038	0.618813	1.23314
14.521	-0.777155	1.20235	-1.86338	-0.657734	-0.193038	0.618813	1.23314
14.534	-0.777185	1.20235	-1.86338	-0.657736	-0.193038	0.618813	1.23314
14.547	-0.777219	1.20235	-1.86338	-0.657739	-0.193036	0.618813	1.23314
14.56	-0.777251	1.20235	-1.86338	-0.65774	-0.193036	0.618813	1.23314
14.573	-0.777276	1.20235	-1.86338	-0.65774	-0.193036	0.618813	1.23314
14.586	-0.77729	1.20235	-1.86338	-0.657741	-0.193036	0.618813	1.23314
14.599	-0.77729	1.20235	-1.86338	-0.657741	-0.193036	0.618813	1.23314
14.612	-0.777295	1.20235	-1.86338	-0.657741	-0.193036	0.618813	1.23314
14.625	-0.777305	1.20235	-1.86338	-0.657743	-0.193036	0.618813	1.23314
14.638	-0.777333	1.20235	-1.86338	-0.657744	-0.193036	0.618813	1.23314
14.651	-0.777348	1.20235	-1.86338	-0.657744	-0.193036	0.618813	1.23314
14.664	-0.777348	1.20235	-1.86338	-0.657745	-0.193036	0.618813	1.23314
14.677	-0.777348	1.20235	-1.86338	-0.657745	-0.193036	0.618813	1.23314
14.69	-0.777356	1.20235	-1.86338	-0.657745	-0.193036	0.618813	1.23314
14.703	-0.777365	1.20235	-1.86338	-0.657747	-0.193036	0.618813	1.23314
14.716	-0.777369	1.20235	-1.86338	-0.657747	-0.193036	0.618813	1.23314
14.729	-0.777377	1.20235	-1.86338	-0.657748	-0.193036	0.618813	1.23314
14.742	-0.777377	1.20235	-1.86338	-0.657748	-0.193036	0.618813	1.23314
14.755	-0.777382	1.20235	-1.86338	-0.657748	-0.193036	0.618813	1.23314
