0.013	0.239636	1.35862	-2.13766	-1.71251	-0.409055	0.352326	1.23313
0.026	0.239971	1.35876	-2.13761	-1.71217	-0.409055	0.352326	1.23313
0.039	0.239971	1.35876	-2.13761	-1.71217	-0.409055	0.352326	1.23313
0.052	0.240168	1.35881	-2.13761	-1.71193	-0.409055	0.352326	1.23313
0.065	0.240313	1.35881	-2.13761	-1.7118	-0.409055	0.352326	1.23313
0.078	0.240476	1.35881	-2.13761	-1.71178	-0.409055	0.352326	1.23313
0.091	0.24066	1.35881	-2.13761	-1.71178	-0.409057	0.352326	1.23313
0.104	0.24066	1.35881	-2.13761	-1.71178	-0.409057	0.352326	1.23313
0.117	0.240868	1.35881	-2.13761	-1.71178	-0.409057	0.352326	1.23313
0.13	0.241066	1.35881	-2.13761	-1.71178	-0.409057	0.352326	1.23313
0.143	0.241204	1.35881	-2.13761	-1.71178	-0.409055	0.352326	1.23313
0.156	0.241243	1.35881	-2.13761	-1.71178	-0.409055	0.352326	1.23313
0.169	0.241241	1.3588	-2.13761	-1.71177	-0.409055	0.352326	1.23313
0.182	0.24124	1.3588	-2.13761	-1.71177	-0.409055	0.352326	1.23313
0.195	0.24124	1.3588	-2.13761	-1.71177	-0.409055	0.352326	1.23313
0.208	0.241239	1.3588	-2.13761	-1.71176	-0.409055	0.352326	1.23313
0.221	0.241238	1.3588	-2.13761	-1.71176	-0.409055	0.352326	1.23313
0.234	0.241238	1.3588	-2.13761	-1.71174	-0.409055	0.352326	1.23313
0.247	0.241238	1.3588	-2.13761	-1.71174	-0.409055	0.352326	1.23313
0.26	0.241238	1.3588	-2.13761	-1.71172	-0.409055	0.352326	1.23313
0.273	0.241224	1.3588	-2.13761	-1.71169	-0.409055	0.352326	1.23313
0.286	0.241208	1.3588	-2.13761	-1.71165	-0.409055	0.352326	1.23313
0.299	0.241212	1.3588	-2.13761	-1.71163	-0.409055	0.352326	1.23313
0.312	0.241213	1.3588	-2.13761	-1.71162	-0.409055	0.352326	1.23313
0.325	0.241213	1.3588	-2.1376	-1.7116	-0.409055	0.352326	1.23313
0.338	0.241213	1.3588	-2.1376	-1.71159	-0.409055	0.352326	1.23313
0.351	0.241213	1.3588	-2.1376	-1.71158	-0.409057	0.352326	1.23313
0.364	0.241213	1.3588	-2.1376	-1.71156	-0.409057	0.352326	1.23313
0.377	0.241213	1.3588	-2.1376	-1.71156	-0.409057	0.352326	1.23313
0.39	0.241215	1.3588	-2.1376	-1.71155	-0.409057	0.352325	1.23313
0.403	0.241215	1.3588	-2.1376	-1.71153	-0.409055	0.352325	1.23313
0.416	0.241215	1.3588	-2.1376	-1.71152	-0.409055	0.352325	1.23313
0.429	0.241215	1.3588	-2.1376	-1.71152	-0.409055	0.352325	1.23313
0.442	0.241216	1.3588	-2.1376	-1.71151	-0.409055	0.352325	1.23313
0.455	0.241216	1.3588	-2.1376	-1.71151	-0.409055	0.352325	1.23313
0.468	0.241217	1.3588	-2.1376	-1.71151	-0.409055	0.352325	1.23313
0.481	0.241217	1.3588	-2.1376	-1.7115	-0.409055	0.352325	1.23313
0.494	0.241217	1.3588	-2.1376	-1.7115	-0.409055	0.352325	1.23313
0.507	0.241217	1.3588	-2.1376	-1.7115	-0.409055	0.352325	1.23313
0.52	0.241217	1.3588	-2.1376	-1.7115	-0.409055	0.352325	1.23313
0.533	0.241218	1.3588	-2.1376	-1.7115	-0.409055	0.352325	1.23313
0.546	0.241218	1.3588	-2.1376	-1.7115	-0.409055	0.352325	1.23313
0.559	0.241218	1.3588	-2.1376	-1.7115	-0.409055	0.352325	1.23313
0.572	0.241218	1.3588	-2.1376	-1.7115	-0.409055	0.352325	1.23313
0.585	0.24122	1.3588	-2.1376	-1.7115	-0.409055	0.352326	1.23313
0.598	0.24122	1.3588	-2.1376	-1.7115	-0.409055	0.352326	1.23313
0.611	0.24122	1.3588	-2.1376	-1.7115	-0.409055	0.352326	1.23313
0.624	0.24122	1.3588	-2.1376	-1.7115	-0.409053	0.352326	1.23313
0.637	0.24122	1.3588	-2.1376	-1.7115	-0.409055	0.352326	1.23313
0.65	0.24122	1.3588	-2.1376	-1.7115	-0.409055	0.352326	1.23313
0.663	0.241221	1.3588	-2.1376	-1.7115	-0.409055	0.352326	1.23313
0.676	0.241221	1.3588	-2.1376	-1.7115	-0.409055	0.352326	1.23313
0.689	0.241221	1.3588	-2.1376	-1.7115	-0.409055	0.352325	1.23313
0.702	0.241221	1.3588	-2.1376	-1.7115	-0.409055	0.352325	1.23313
0.715	0.241221	1.3588	-2.1376	-1.7115	-0.409055	0.352325	1.23313
0.728	0.241221	1.3588	-2.1376	-1.7115	-0.409055	0.352325	1.23313
0.741	0.241221	1.3588	-2.1376	-1.7115	-0.409053	0.352325	1.23313
0.754	0.241221	1.3588	-2.1376	-1.7115	-0.409053	0.352326	1.23313
0.767	0.241222	1.3588	-2.1376	-1.7115	-0.409055	0.352326	1.23313
0.78	0.241222	1.3588	-2.1376	-1.7115	-0.409055	0.352325	1.23313
0.793	0.241222	1.3588	-2.1376	-1.7115	-0.409055	0.352325	1.23313
0.806	0.241222	1.3588	-2.1376	-1.7115	-0.409055	0.352325	1.23313
0.819	0.241222	1.3588	-2.1376	-1.7115	-0.409055	0.352325	1.23313
0.832	0.241222	1.3588	-2.1376	-1.7115	-0.409055	0.352325	1.23313
0.845	0.241222	1.3588	-2.1376	-1.7115	-0.409055	0.352325	1.23313
0.858	0.241222	1.3588	-2.1376	-1.7115	-0.409053	0.352325	1.23313
0.871	0.241222	1.3588	-2.1376	-1.7115	-0.409055	0.352325	1.23313
0.884	0.241222	1.3588	-2.1376	-1.7115	-0.409055	0.352326	1.23313
0.897	0.241222	1.3588	-2.1376	-1.7115	-0.409053	0.352325	1.23313
0.91	0.241222	1.3588	-2.1376	-1.7115	-0.409055	0.352325	1.23313
0.923	0.241222	1.3588	-2.1376	-1.7115	-0.409055	0.352325	1.23313
0.936	0.241222	1.3588	-2.1376	-1.7115	-0.409055	0.352325	1.23313
0.949	0.241222	1.3588	-2.1376	-1.7115	-0.409055	0.352325	1.23313
0.962	0.241222	1.3588	-2.1376	-1.7115	-0.409055	0.352326	1.23313
0.975	0.241222	1.3588	-2.1376	-1.7115	-0.409053	0.352325	1.23313
0.988	0.241222	1.3588	-2.1376	-1.7115	-0.409053	0.352326	1.23313
1.001	0.241222	1.3588	-2.1376	-1.7115	-0.409053	0.352326	1.23313
1.014	0.241222	1.3588	-2.1376	-1.7115	-0.409053	0.352326	1.23313
1.027	0.241222	1.3588	-2.1376	-1.7115	-0.409053	0.352326	1.23313
1.04	0.241222	1.3588	-2.1376	-1.7115	-0.409055	0.352326	1.23313
1.053	0.241222	1.3588	-2.1376	-1.7115	-0.409055	0.352326	1.23313
1.066	0.241222	1.3588	-2.1376	-1.7115	-0.409055	0.352326	1.23313
1.079	0.241222	1.3588	-2.1376	-1.7115	-0.409055	0.352326	1.23313
1.092	0.241221	1.3588	-2.1376	-1.7115	-0.409055	0.352326	1.23313
1.105	0.241221	1.3588	-2.1376	-1.7115	-0.409055	0.352325	1.23313
1.118	0.241221	1.3588	-2.1376	-1.7115	-0.409055	0.352325	1.23313
1.131	0.241221	1.3588	-2.1376	-1.7115	-0.409055	0.352326	1.23313
1.144	0.241221	1.3588	-2.1376	-1.7115	-0.409055	0.352326	1.23313
1.157	0.241221	1.3588	-2.1376	-1.7115	-0.409055	0.352326	1.23313
1.17	0.241221	1.3588	-2.1376	-1.7115	-0.409055	0.352326	1.23313
1.183	0.241221	1.3588	-2.1376	-1.7115	-0.409053	0.352326	1.23313
1.196	0.241221	1.3588	-2.1376	-1.7115	-0.409055	0.352325	1.23313
1.209	0.241221	1.3588	-2.1376	-1.7115	-0.409055	0.352325	1.23313
1.222	0.241221	1.3588	-2.1376	-1.7115	-0.409055	0.352325	1.23313
1.235	0.24122	1.3588	-2.1376	-1.7115	-0.409053	0.352325	1.23313
1.248	0.241218	1.3588	-2.1376	-1.7115	-0.409053	0.352325	1.23313
1.261	0.241218	1.3588	-2.1376	-1.7115	-0.409053	0.352325	1.23313
1.274	0.24122	1.3588	-2.1376	-1.7115	-0.409053	0.352326	1.23313
1.287	0.24122	1.3588	-2.1376	-1.7115	-0.409053	0.352326	1.23313
1.3	0.24122	1.3588	-2.1376	-1.7115	-0.409053	0.352326	1.23313
1.313	0.24122	1.3588	-2.1376	-1.7115	-0.409053	0.352326	1.23313
1.326	0.24122	1.3588	-2.1376	-1.7115	-0.409053	0.352326	1.23313
1.339	0.24122	1.3588	-2.1376	-1.7115	-0.409053	0.352326	1.23313
1.352	0.24122	1.3588	-2.1376	-1.7115	-0.409053	0.352326	1.23313
1.365	0.241218	1.3588	-2.1376	-1.7115	-0.409053	0.352326	1.23313
1.378	0.241218	1.3588	-2.1376	-1.7115	-0.409053	0.352326	1.23313
1.391	0.24122	1.3588	-2.1376	-1.7115	-0.409053	0.352326	1.23313
1.404	0.24122	1.3588	-2.1376	-1.7115	-0.409053	0.352326	1.23313
1.417	0.24122	1.3588	-2.1376	-1.71149	-0.409053	0.352326	1.23313
1.43	0.24122	1.3588	-2.1376	-1.71149	-0.409053	0.352326	1.23313
1.443	0.24122	1.3588	-2.1376	-1.71149	-0.409053	0.352326	1.23313
1.456	0.24122	1.3588	-2.1376	-1.71148	-0.409055	0.352326	1.23313
1.469	0.24122	1.3588	-2.1376	-1.71147	-0.409053	0.352326	1.23313
1.482	0.24122	1.3588	-2.1376	-1.71147	-0.409053	0.352326	1.23313
1.495	0.24122	1.3588	-2.1376	-1.71145	-0.409053	0.352325	1.23313
1.508	0.24122	1.3588	-2.1376	-1.71143	-0.409053	0.352325	1.23313
1.521	0.24122	1.3588	-2.1376	-1.7114	-0.409053	0.352325	1.23313
1.534	0.241221	1.3588	-2.1376	-1.71137	-0.409053	0.352325	1.23313
1.547	0.241221	1.3588	-2.1376	-1.71135	-0.409053	0.352325	1.23313
1.56	0.241221	1.3588	-2.1376	-1.71133	-0.409053	0.352325	1.23313
1.573	0.241221	1.3588	-2.1376	-1.71131	-0.409053	0.352326	1.23313
1.586	0.241221	1.3588	-2.1376	-1.71128	-0.409053	0.352326	1.23313
1.599	0.241221	1.3588	-2.1376	-1.71126	-0.409053	0.352326	1.23313
1.612	0.241221	1.3588	-2.1376	-1.71126	-0.409053	0.352326	1.23313
1.625	0.241221	1.3588	-2.1376	-1.71122	-0.409053	0.352326	1.23313
1.638	0.241221	1.3588	-2.1376	-1.71119	-0.409053	0.352326	1.23313
1.651	0.241221	1.3588	-2.1376	-1.71115	-0.409053	0.352326	1.23313
1.664	0.241221	1.3588	-2.1376	-1.71109	-0.409053	0.352326	1.23313
1.677	0.241222	1.3588	-2.1376	-1.71103	-0.409053	0.352326	1.23313
1.69	0.241222	1.3588	-2.1376	-1.71097	-0.409051	0.352326	1.23313
1.703	0.241222	1.3588	-2.1376	-1.71092	-0.409053	0.352326	1.23313
1.716	0.241222	1.3588	-2.1376	-1.71086	-0.409053	0.352326	1.23313
1.729	0.241222	1.3588	-2.1376	-1.7108	-0.409053	0.352326	1.23313
1.742	0.241222	1.3588	-2.1376	-1.71074	-0.409053	0.352326	1.23313
1.755	0.241222	1.3588	-2.1376	-1.71074	-0.409053	0.352326	1.23313
1.768	0.241222	1.3588	-2.1376	-1.71068	-0.409053	0.352326	1.23313
1.781	0.241222	1.3588	-2.1376	-1.7106	-0.409053	0.352326	1.23313
1.794	0.241222	1.3588	-2.1376	-1.7105	-0.409053	0.352326	1.23313
1.807	0.241222	1.3588	-2.1376	-1.71038	-0.409053	0.352326	1.23313
1.82	0.241222	1.3588	-2.1376	-1.71027	-0.409053	0.352326	1.23313
1.833	0.241222	1.3588	-2.1376	-1.71016	-0.409053	0.352326	1.23313
1.846	0.241222	1.3588	-2.1376	-1.71006	-0.409053	0.352326	1.23313
1.859	0.241222	1.3588	-2.1376	-1.70996	-0.409053	0.352326	1.23313
1.872	0.241222	1.3588	-2.1376	-1.70987	-0.409053	0.352326	1.23313
1.885	0.241222	1.3588	-2.1376	-1.70987	-0.409053	0.352326	1.23313
1.898	0.241222	1.3588	-2.1376	-1.70976	-0.409053	0.352326	1.23313
1.911	0.241222	1.3588	-2.1376	-1.70965	-0.409053	0.352326	1.23313
1.924	0.241222	1.3588	-2.1376	-1.70951	-0.409053	0.352326	1.23313
1.937	0.241222	1.3588	-2.1376	-1.70933	-0.409053	0.352325	1.23313
1.95	0.241222	1.3588	-2.1376	-1.70914	-0.409053	0.352325	1.23313
1.963	0.241222	1.3588	-2.1376	-1.70896	-0.409053	0.352325	1.23313
1.976	0.241222	1.3588	-2.1376	-1.7088	-0.409053	0.352326	1.23313
1.989	0.241222	1.3588	-2.1376	-1.70866	-0.409053	0.352326	1.23313
2.002	0.241222	1.3588	-2.1376	-1.70854	-0.409053	0.352326	1.23313
2.015	0.241222	1.3588	-2.1376	-1.70844	-0.409051	0.352326	1.23313
2.028	0.241222	1.3588	-2.1376	-1.70844	-0.409051	0.352326	1.23313
2.041	0.241222	1.3588	-2.1376	-1.70834	-0.409053	0.352326	1.23313
2.054	0.241221	1.3588	-2.13759	-1.70823	-0.409053	0.352326	1.23313
2.067	0.241221	1.3588	-2.13759	-1.70808	-0.409053	0.352326	1.23313
2.08	0.241221	1.3588	-2.13759	-1.70793	-0.409053	0.352326	1.23313
2.093	0.241221	1.3588	-2.13759	-1.7078	-0.409053	0.352326	1.23313
2.106	0.241221	1.3588	-2.13759	-1.7077	-0.409053	0.352326	1.23313
2.119	0.241221	1.3588	-2.13759	-1.70762	-0.409053	0.352326	1.23313
2.132	0.241221	1.3588	-2.13759	-1.70754	-0.409051	0.352326	1.23313
2.145	0.241221	1.3588	-2.13759	-1.70747	-0.409053	0.352326	1.23313
2.158	0.241221	1.3588	-2.13759	-1.70747	-0.409053	0.352326	1.23313
2.171	0.241221	1.3588	-2.13759	-1.70738	-0.409053	0.352326	1.23313
2.184	0.241221	1.3588	-2.13759	-1.70728	-0.409053	0.352326	1.23313
2.197	0.241217	1.3588	-2.13759	-1.70716	-0.409053	0.352326	1.23313
2.21	0.241207	1.3588	-2.13759	-1.70699	-0.409053	0.352326	1.23313
2.223	0.241209	1.3588	-2.13759	-1.70683	-0.409053	0.352325	1.23313
2.236	0.241211	1.3588	-2.13759	-1.70668	-0.409053	0.352325	1.23313
2.249	0.241211	1.3588	-2.13759	-1.70654	-0.409053	0.352325	1.23313
2.262	0.241211	1.3588	-2.13759	-1.70641	-0.409053	0.352325	1.23313
2.275	0.241211	1.3588	-2.13759	-1.70627	-0.409053	0.352325	1.23313
2.288	0.241211	1.3588	-2.13759	-1.70614	-0.409053	0.352325	1.23313
2.301	0.241211	1.3588	-2.13759	-1.70614	-0.409053	0.352325	1.23313
2.314	0.241211	1.3588	-2.13759	-1.706	-0.409053	0.352326	1.23313
2.327	0.241202	1.3588	-2.13759	-1.70583	-0.409053	0.352326	1.23313
2.34	0.24117	1.3588	-2.13759	-1.70563	-0.409051	0.352325	1.23313
2.353	0.241174	1.3588	-2.13759	-1.70547	-0.409051	0.352326	1.23313
2.366	0.241175	1.3588	-2.13759	-1.70533	-0.409051	0.352325	1.23313
2.379	0.241175	1.3588	-2.13759	-1.70524	-0.409051	0.352325	1.23313
2.392	0.241175	1.3588	-2.13759	-1.70518	-0.409049	0.352325	1.23313
2.405	0.241175	1.3588	-2.13759	-1.70515	-0.409047	0.352326	1.23313
2.418	0.241175	1.3588	-2.13759	-1.70513	-0.409045	0.352326	1.23313
2.431	0.241175	1.35879	-2.13759	-1.70513	-0.409045	0.352326	1.23313
2.444	0.241175	1.35879	-2.13759	-1.70513	-0.409045	0.352326	1.23313
2.457	0.241175	1.35879	-2.13759	-1.70513	-0.409045	0.352326	1.23313
2.47	0.241148	1.35879	-2.13759	-1.70512	-0.409045	0.352326	1.23313
2.483	0.24103	1.35879	-2.13758	-1.70511	-0.409045	0.352326	1.23313
2.496	0.240921	1.35879	-2.13756	-1.70511	-0.409045	0.352326	1.23313
2.509	0.240774	1.35879	-2.13749	-1.70511	-0.409043	0.352326	1.23313
2.522	0.240655	1.35879	-2.1374	-1.70511	-0.409043	0.352326	1.23313
2.535	0.240504	1.35879	-2.13726	-1.70511	-0.409043	0.352326	1.23313
2.548	0.240361	1.35879	-2.13705	-1.70511	-0.409041	0.352325	1.23313
2.561	0.240217	1.35879	-2.1367	-1.70511	-0.409037	0.352326	1.23313
2.574	0.240217	1.35879	-2.1367	-1.70511	-0.409037	0.352326	1.23313
2.587	0.240081	1.35879	-2.13625	-1.70511	-0.409035	0.352326	1.23313
2.6	0.239908	1.35879	-2.13587	-1.70511	-0.409031	0.352325	1.23313
2.613	0.239678	1.35879	-2.13552	-1.70511	-0.409029	0.352326	1.23313
2.626	0.239471	1.35879	-2.1352	-1.70511	-0.409027	0.352326	1.23313
2.639	0.239277	1.35879	-2.13482	-1.70511	-0.409023	0.352326	1.23313
2.652	0.239132	1.35879	-2.1344	-1.70511	-0.409016	0.352325	1.23313
2.665	0.238974	1.35879	-2.13396	-1.70511	-0.409014	0.352325	1.23313
2.678	0.238805	1.35879	-2.13355	-1.70511	-0.409008	0.352325	1.23313
2.691	0.238648	1.35879	-2.13313	-1.70511	-0.409006	0.352325	1.23313
2.704	0.238493	1.35879	-2.13262	-1.70511	-0.409004	0.352325	1.23313
2.717	0.238493	1.35879	-2.13262	-1.70511	-0.409004	0.352325	1.23313
2.73	0.238368	1.35879	-2.13207	-1.70511	-0.409002	0.352325	1.23313
2.743	0.238166	1.35879	-2.13157	-1.70511	-0.409002	0.352325	1.23313
2.756	0.237897	1.35879	-2.13114	-1.70511	-0.409002	0.352326	1.23313
2.769	0.237648	1.35879	-2.1308	-1.70511	-0.409002	0.352326	1.23313
2.782	0.237386	1.35879	-2.13045	-1.70511	-0.409002	0.352326	1.23313
2.795	0.237167	1.35879	-2.13008	-1.70511	-0.409004	0.352326	1.23313
2.808	0.236908	1.35879	-2.1297	-1.70511	-0.409004	0.352326	1.23313
2.821	0.236629	1.35879	-2.1293	-1.70511	-0.409004	0.352326	1.23313
2.834	0.236352	1.35879	-2.12881	-1.70511	-0.409004	0.352326	1.23313
2.847	0.236352	1.35879	-2.12881	-1.70511	-0.409004	0.352326	1.23313
2.86	0.236078	1.35879	-2.12825	-1.70511	-0.409002	0.352326	1.23313
2.873	0.235771	1.35879	-2.12773	-1.70511	-0.409004	0.352326	1.23313
2.886	0.235416	1.35879	-2.12719	-1.70511	-0.409004	0.352326	1.23313
2.899	0.235416	1.35879	-2.12719	-1.70511	-0.409004	0.352326	1.23313
2.912	0.235416	1.35879	-2.12719	-1.70511	-0.409004	0.352326	1.23313
2.925	0.235416	1.35879	-2.12719	-1.70511	-0.409004	0.352326	1.23313
2.938	0.235416	1.35879	-2.12719	-1.70511	-0.409004	0.352326	1.23313
2.951	0.235416	1.35879	-2.12719	-1.70511	-0.409004	0.352326	1.23313
2.964	0.235416	1.35879	-2.12719	-1.70511	-0.409004	0.352326	1.23313
2.977	0.235416	1.35879	-2.12719	-1.70511	-0.409004	0.352326	1.23313
2.99	0.235416	1.35879	-2.12719	-1.70511	-0.409004	0.352326	1.23313
3.003	0.235416	1.35879	-2.12719	-1.70511	-0.409004	0.352326	1.23313
3.016	0.235416	1.35879	-2.12719	-1.70511	-0.409004	0.352326	1.23313
3.029	0.235416	1.35879	-2.12719	-1.70511	-0.409004	0.352326	1.23313
3.042	0.230583	1.35878	-2.1206	-1.7051	-0.409004	0.352326	1.23313
3.055	0.230009	1.35878	-2.11999	-1.7051	-0.409004	0.352326	1.23313
3.068	0.229391	1.35878	-2.11939	-1.7051	-0.409004	0.352326	1.23313
3.081	0.228761	1.35878	-2.11878	-1.7051	-0.409004	0.352328	1.23313
3.094	0.228154	1.35878	-2.11821	-1.7051	-0.409002	0.352328	1.23313
3.107	0.227526	1.35878	-2.11757	-1.7051	-0.409	0.352331	1.23313
3.12	0.227526	1.35878	-2.11757	-1.7051	-0.409	0.352331	1.23313
3.133	0.226911	1.35877	-2.1169	-1.7051	-0.408996	0.352337	1.23313
3.146	0.226258	1.35877	-2.11628	-1.7051	-0.408992	0.35235	1.23313
3.159	0.225558	1.35877	-2.11568	-1.7051	-0.408988	0.352381	1.23313
3.172	0.224846	1.35877	-2.11505	-1.7051	-0.408986	0.352476	1.23313
3.185	0.224137	1.35876	-2.11449	-1.7051	-0.408982	0.352674	1.23313
3.198	0.223423	1.35876	-2.1139	-1.7051	-0.408976	0.352829	1.23313
3.211	0.222664	1.35876	-2.1133	-1.7051	-0.408973	0.353032	1.23313
3.224	0.221915	1.35876	-2.1127	-1.7051	-0.408973	0.35347	1.23313
3.237	0.221149	1.35876	-2.11213	-1.7051	-0.408971	0.354781	1.23313
3.25	0.220392	1.35876	-2.11161	-1.7051	-0.408969	0.355967	1.23313
3.263	0.220392	1.35876	-2.11161	-1.7051	-0.408969	0.355967	1.23313
3.276	0.219633	1.35875	-2.11106	-1.7051	-0.408963	0.356611	1.23313
3.289	0.218794	1.35875	-2.1105	-1.7051	-0.408949	0.357298	1.23313
3.302	0.217989	1.35875	-2.10995	-1.7051	-0.408937	0.358895	1.23313
3.315	0.217135	1.35874	-2.10936	-1.7051	-0.408918	0.360472	1.23313
3.328	0.216266	1.35874	-2.10876	-1.7051	-0.408881	0.362188	1.23313
3.341	0.215454	1.35874	-2.10821	-1.7051	-0.408789	0.364109	1.23313
3.354	0.214534	1.35874	-2.10764	-1.7051	-0.408691	0.36568	1.23313
3.367	0.213678	1.35873	-2.10713	-1.7051	-0.408618	0.367499	1.23313
3.38	0.212746	1.35873	-2.10656	-1.7051	-0.408538	0.368437	1.23313
3.393	0.212746	1.35873	-2.10656	-1.7051	-0.408538	0.368437	1.23313
3.406	0.211859	1.35873	-2.10601	-1.7051	-0.40845	0.36918	1.23313
3.419	0.210915	1.35873	-2.10541	-1.7051	-0.408313	0.370456	1.23313
3.432	0.209956	1.35873	-2.1048	-1.7051	-0.408162	0.371332	1.23313
3.445	0.208978	1.35873	-2.10425	-1.7051	-0.407977	0.371491	1.23313
3.458	0.208001	1.35872	-2.10367	-1.7051	-0.407789	0.371487	1.23313
3.471	0.20704	1.35872	-2.1031	-1.7051	-0.407574	0.371487	1.23313
3.484	0.206063	1.35872	-2.10252	-1.7051	-0.407317	0.371487	1.23313
3.497	0.205045	1.35872	-2.10189	-1.7051	-0.406998	0.371487	1.23313
3.51	0.204077	1.35871	-2.10121	-1.7051	-0.406648	0.371487	1.23313
3.523	0.20304	1.35871	-2.10056	-1.7051	-0.406165	0.371486	1.23313
3.536	0.20304	1.35871	-2.10056	-1.7051	-0.406165	0.371486	1.23313
3.549	0.202002	1.35871	-2.09994	-1.70509	-0.405586	0.371486	1.23313
3.562	0.200854	1.35871	-2.09922	-1.70508	-0.405132	0.371487	1.23313
3.575	0.199741	1.3587	-2.09856	-1.70506	-0.404777	0.371487	1.23313
3.588	0.198496	1.3587	-2.09783	-1.70503	-0.404453	0.371487	1.23313
3.601	0.197315	1.35868	-2.09702	-1.70499	-0.404044	0.371487	1.23313
3.614	0.196089	1.35867	-2.09624	-1.70495	-0.403431	0.371487	1.23313
3.627	0.194764	1.35867	-2.09542	-1.70487	-0.402621	0.371487	1.23313
3.64	0.193471	1.35866	-2.09461	-1.7047	-0.401647	0.371487	1.23313
3.653	0.1921	1.35865	-2.09378	-1.70457	-0.400584	0.371487	1.23313
3.666	0.1921	1.35865	-2.09378	-1.70457	-0.400584	0.371487	1.23313
3.679	0.190747	1.35865	-2.09286	-1.70442	-0.399271	0.371487	1.23313
3.692	0.189406	1.35865	-2.09208	-1.70434	-0.39806	0.371487	1.23313
3.705	0.18803	1.35865	-2.09125	-1.70425	-0.396923	0.371487	1.23313
3.718	0.186618	1.35865	-2.09043	-1.70412	-0.395501	0.371487	1.23313
3.731	0.185191	1.35865	-2.08965	-1.704	-0.394051	0.371487	1.23313
3.744	0.183804	1.35865	-2.08879	-1.70393	-0.392562	0.371487	1.23313
3.757	0.182376	1.35865	-2.08804	-1.7039	-0.391543	0.371487	1.23313
3.77	0.180928	1.35865	-2.08726	-1.70385	-0.390742	0.371487	1.23313
3.783	0.179497	1.35863	-2.08647	-1.70379	-0.38995	0.371487	1.23313
3.796	0.178063	1.35863	-2.08568	-1.70369	-0.389187	0.371487	1.23313
3.809	0.178063	1.35863	-2.08568	-1.70369	-0.389187	0.371487	1.23313
3.822	0.176576	1.35863	-2.0849	-1.70361	-0.388533	0.371487	1.23313
3.835	0.175011	1.35863	-2.08418	-1.70355	-0.387974	0.371487	1.23313
3.848	0.173406	1.35862	-2.08349	-1.7034	-0.387543	0.371486	1.23313
3.861	0.171796	1.35861	-2.08283	-1.70332	-0.387203	0.371487	1.23313
3.874	0.170147	1.35861	-2.08214	-1.70327	-0.386997	0.371487	1.23313
3.887	0.168577	1.3586	-2.08144	-1.70319	-0.386899	0.371487	1.23313
3.9	0.166934	1.35858	-2.08077	-1.7031	-0.386833	0.371487	1.23313
3.913	0.165307	1.35858	-2.08016	-1.70295	-0.386776	0.371487	1.23313
3.926	0.163628	1.35856	-2.0795	-1.70285	-0.3867	0.371487	1.23313
3.939	0.163628	1.35856	-2.0795	-1.70285	-0.3867	0.371487	1.23313
3.952	0.161952	1.35855	-2.0789	-1.70273	-0.38662	0.371487	1.23313
3.965	0.160295	1.35854	-2.07835	-1.70256	-0.386528	0.371487	1.23313
3.978	0.158518	1.3585	-2.07777	-1.70233	-0.386442	0.371487	1.23313
3.991	0.156725	1.35843	-2.07726	-1.70202	-0.386375	0.371487	1.23313
4.004	0.154834	1.35835	-2.07684	-1.70171	-0.386305	0.371487	1.23313
4.017	0.152994	1.3583	-2.07652	-1.70136	-0.386256	0.371487	1.23313
4.03	0.151128	1.35818	-2.07624	-1.701	-0.386207	0.371487	1.23313
4.043	0.149263	1.35805	-2.07594	-1.70056	-0.386134	0.371487	1.23313
4.056	0.147399	1.35788	-2.07568	-1.70012	-0.38607	0.371487	1.23313
4.069	0.14557	1.35771	-2.07547	-1.69968	-0.386015	0.371487	1.23313
4.082	0.14557	1.35771	-2.07547	-1.69968	-0.386015	0.371487	1.23313
4.095	0.143726	1.35751	-2.07529	-1.69926	-0.385966	0.371487	1.23313
4.108	0.14181	1.35733	-2.0751	-1.69878	-0.385925	0.371487	1.23313
4.121	0.139827	1.35716	-2.07499	-1.69822	-0.38587	0.371487	1.23313
4.134	0.13781	1.35697	-2.07485	-1.69766	-0.385823	0.371487	1.23313
4.147	0.135797	1.35676	-2.07466	-1.69716	-0.385772	0.371487	1.23313
4.16	0.133813	1.35654	-2.07446	-1.69663	-0.385694	0.371487	1.23313
4.173	0.131834	1.35629	-2.0742	-1.69614	-0.385594	0.371487	1.23313
4.186	0.129835	1.35605	-2.07381	-1.69564	-0.385461	0.371487	1.23313
4.199	0.127905	1.35575	-2.07339	-1.69518	-0.385305	0.371487	1.23313
4.212	0.127905	1.35575	-2.07339	-1.69518	-0.385305	0.371487	1.23313
4.225	0.125968	1.35548	-2.07299	-1.69468	-0.385137	0.371487	1.23313
4.238	0.124047	1.35518	-2.07263	-1.69421	-0.38499	0.371487	1.23313
4.251	0.122051	1.35491	-2.07224	-1.69362	-0.384896	0.371487	1.23313
4.264	0.119984	1.35466	-2.07191	-1.69297	-0.384837	0.371486	1.23313
4.277	0.117946	1.35447	-2.07157	-1.69236	-0.38479	0.371486	1.23313
4.29	0.115918	1.35428	-2.07116	-1.69185	-0.384743	0.371487	1.23313
4.303	0.11394	1.35411	-2.07081	-1.69128	-0.384669	0.371487	1.23313
4.316	0.111919	1.35392	-2.07045	-1.69064	-0.384589	0.371487	1.23313
4.329	0.10991	1.35372	-2.07003	-1.68988	-0.384516	0.371487	1.23313
4.342	0.107936	1.35348	-2.06958	-1.689	-0.384407	0.371487	1.23313
4.355	0.107936	1.35348	-2.06958	-1.689	-0.384407	0.371487	1.23313
4.368	0.106031	1.35328	-2.06919	-1.68809	-0.384268	0.371487	1.23313
4.381	0.104075	1.35311	-2.06885	-1.68726	-0.384074	0.371486	1.23313
4.394	0.102091	1.35297	-2.06859	-1.68627	-0.383867	0.371486	1.23313
4.407	0.100115	1.35279	-2.06833	-1.68527	-0.383604	0.371486	1.23313
4.42	0.0981722	1.35265	-2.06801	-1.68427	-0.38336	0.371486	1.23313
4.433	0.0962867	1.35248	-2.06772	-1.6834	-0.383137	0.371486	1.23313
4.446	0.0944062	1.35231	-2.06739	-1.68247	-0.382939	0.371486	1.23313
4.459	0.0925373	1.3521	-2.06707	-1.68152	-0.382749	0.371486	1.23313
4.472	0.0906403	1.35189	-2.06673	-1.68056	-0.382624	0.371486	1.23313
4.485	0.0888353	1.35167	-2.06639	-1.67971	-0.38253	0.371486	1.23313
4.498	0.0888353	1.35167	-2.06639	-1.67971	-0.38253	0.371486	1.23313
4.511	0.0870623	1.35143	-2.06596	-1.67887	-0.382415	0.371486	1.23313
4.524	0.0853046	1.35112	-2.0655	-1.67802	-0.382237	0.371486	1.23313
4.537	0.0834165	1.3508	-2.06508	-1.67702	-0.382025	0.371486	1.23313
4.55	0.0816359	1.35049	-2.06481	-1.67614	-0.381806	0.371486	1.23313
4.563	0.0798168	1.35024	-2.06454	-1.6753	-0.381554	0.371486	1.23313
4.576	0.0780655	1.34997	-2.06434	-1.67447	-0.381286	0.371486	1.23313
4.589	0.0761953	1.34969	-2.06407	-1.67351	-0.381028	0.371486	1.23313
4.602	0.0743865	1.34938	-2.06391	-1.67252	-0.380824	0.371486	1.23313
4.615	0.0725355	1.34907	-2.06373	-1.67154	-0.380687	0.371487	1.23313
4.628	0.0725355	1.34907	-2.06373	-1.67154	-0.380687	0.371487	1.23313
4.641	0.0707356	1.34874	-2.06362	-1.67056	-0.380572	0.371486	1.23313
4.654	0.0688782	1.3484	-2.06352	-1.66945	-0.380489	0.371486	1.23313
4.667	0.0670145	1.34808	-2.06349	-1.66828	-0.380464	0.371486	1.23313
4.68	0.0652223	1.34771	-2.06346	-1.66725	-0.380446	0.371486	1.23313
4.693	0.0634301	1.34737	-2.06341	-1.66617	-0.380425	0.371486	1.23313
4.706	0.0617069	1.34692	-2.06341	-1.66506	-0.380409	0.371486	1.23313
4.719	0.0599684	1.34647	-2.06337	-1.6639	-0.380392	0.371486	1.23313
4.732	0.0582554	1.34598	-2.06337	-1.66275	-0.380374	0.371487	1.23313
4.745	0.0564786	1.34546	-2.06337	-1.66151	-0.380343	0.371487	1.23313
4.758	0.0547708	1.34493	-2.06337	-1.66025	-0.380315	0.371486	1.23313
4.771	0.0547708	1.34493	-2.06337	-1.66025	-0.380315	0.371486	1.23313
4.784	0.0530706	1.34436	-2.06337	-1.65905	-0.380261	0.371486	1.23313
4.797	0.0513666	1.34379	-2.06337	-1.65773	-0.380204	0.371486	1.23313
4.81	0.0496473	1.34316	-2.06337	-1.65636	-0.380174	0.371486	1.23313
4.823	0.0480123	1.34257	-2.06337	-1.65503	-0.380147	0.371486	1.23313
4.836	0.0464438	1.34197	-2.06337	-1.65372	-0.380106	0.371486	1.23313
4.849	0.0448408	1.34139	-2.06337	-1.65243	-0.380075	0.371486	1.23313
4.862	0.0433234	1.34076	-2.06337	-1.65117	-0.380038	0.371486	1.23313
4.875	0.0417741	1.34011	-2.06337	-1.64984	-0.379985	0.371486	1.23313
4.888	0.0402427	1.33947	-2.06337	-1.64844	-0.379944	0.371486	1.23313
4.901	0.0402427	1.33947	-2.06337	-1.64844	-0.379944	0.371486	1.23313
4.914	0.0387598	1.3388	-2.06337	-1.64713	-0.379871	0.371486	1.23313
4.927	0.0371543	1.33812	-2.06337	-1.64578	-0.379795	0.371486	1.23313
4.94	0.0355973	1.33747	-2.06337	-1.64436	-0.379744	0.371486	1.23313
4.953	0.0340607	1.33678	-2.06337	-1.64305	-0.379691	0.371486	1.23313
4.966	0.0325293	1.33615	-2.06337	-1.64164	-0.379613	0.371486	1.23313
4.979	0.0310656	1.33541	-2.06337	-1.64029	-0.379533	0.371486	1.23313
4.992	0.0295598	1.33474	-2.06337	-1.63891	-0.379429	0.371486	1.23313
5.005	0.0280769	1.33401	-2.06337	-1.63747	-0.379312	0.371487	1.23313
5.018	0.026635	1.33325	-2.06337	-1.63608	-0.379194	0.371486	1.23313
5.031	0.0251355	1.33254	-2.06338	-1.63465	-0.379108	0.371487	1.23313
5.044	0.0251355	1.33254	-2.06338	-1.63465	-0.379108	0.371487	1.23313
5.057	0.0236757	1.33171	-2.06337	-1.63316	-0.379032	0.371486	1.23313
5.07	0.0221941	1.33089	-2.06337	-1.63169	-0.378961	0.371486	1.23313
5.083	0.0206704	1.33015	-2.06339	-1.63013	-0.378869	0.371487	1.23313
5.096	0.0191798	1.3293	-2.06338	-1.62858	-0.378766	0.371486	1.23313
5.109	0.0176088	1.32856	-2.06338	-1.62703	-0.37864	0.371486	1.23313
5.122	0.0161055	1.32775	-2.06338	-1.62538	-0.378453	0.371486	1.23313
5.135	0.0146201	1.32687	-2.06338	-1.62378	-0.378271	0.371486	1.23313
5.148	0.0130657	1.32608	-2.06338	-1.62208	-0.378126	0.371486	1.23313
5.161	0.0115611	1.32515	-2.06338	-1.62044	-0.377983	0.371486	1.23313
5.174	0.0115611	1.32515	-2.06338	-1.62044	-0.377983	0.371486	1.23313
5.187	0.00999513	1.32426	-2.06338	-1.61878	-0.377834	0.371486	1.23313
5.2	0.00837679	1.32335	-2.06338	-1.61707	-0.377672	0.371486	1.23313
5.213	0.00678656	1.32241	-2.06338	-1.6154	-0.377521	0.371486	1.23313
5.226	0.00512987	1.32152	-2.06338	-1.61367	-0.377333	0.371486	1.23313
5.239	0.00354602	1.32054	-2.06338	-1.61204	-0.377126	0.371486	1.23313
5.252	0.00192896	1.31961	-2.06338	-1.61033	-0.376948	0.371486	1.23313
5.265	0.000317004	1.31862	-2.06338	-1.60859	-0.376799	0.371486	1.23313
5.278	-0.00125788	1.31765	-2.06338	-1.60682	-0.376639	0.371486	1.23313
5.291	-0.00291713	1.31669	-2.06339	-1.60503	-0.376476	0.371486	1.23313
5.304	-0.00444727	1.31566	-2.06338	-1.60322	-0.376289	0.371486	1.23313
5.317	-0.00444727	1.31566	-2.06338	-1.60322	-0.376289	0.371486	1.23313
5.33	-0.0061257	1.31466	-2.06339	-1.60139	-0.376044	0.371486	1.23313
5.343	-0.00772488	1.31364	-2.06339	-1.59961	-0.375778	0.371486	1.23313
5.356	-0.00945061	1.31264	-2.06339	-1.59782	-0.375473	0.371487	1.23313
5.369	-0.0110984	1.31159	-2.06339	-1.59608	-0.37521	0.371487	1.23313
5.382	-0.0127372	1.31061	-2.06339	-1.59434	-0.374911	0.371487	1.23313
5.395	-0.0144105	1.3096	-2.06339	-1.59265	-0.374559	0.371487	1.23313
5.408	-0.0159943	1.30858	-2.06339	-1.59103	-0.374101	0.371487	1.23313
5.421	-0.0177085	1.30752	-2.06338	-1.58934	-0.373888	0.371487	1.23313
5.434	-0.0194061	1.30656	-2.06339	-1.58756	-0.373806	0.371487	1.23313
5.447	-0.0194061	1.30656	-2.06339	-1.58756	-0.373806	0.371487	1.23313
5.46	-0.0211459	1.30542	-2.06339	-1.58574	-0.373739	0.371487	1.23313
5.473	-0.022887	1.30438	-2.06339	-1.58385	-0.37369	0.371489	1.23313
5.486	-0.0246945	1.30328	-2.06339	-1.58187	-0.373669	0.371489	1.23313
5.499	-0.0264829	1.3022	-2.06339	-1.57989	-0.373663	0.371489	1.23313
5.512	-0.0282252	1.30113	-2.06339	-1.57788	-0.373655	0.371489	1.23313
5.525	-0.0299126	1.30007	-2.06339	-1.57582	-0.373643	0.371489	1.23313
5.538	-0.0315565	1.29897	-2.0634	-1.57372	-0.373608	0.371489	1.23313
5.551	-0.0331519	1.29791	-2.0634	-1.57164	-0.373577	0.371489	1.23313
5.564	-0.0347408	1.29684	-2.06342	-1.56946	-0.373559	0.371489	1.23313
5.577	-0.0361892	1.29578	-2.06341	-1.56725	-0.373545	0.371491	1.23313
5.59	-0.0361892	1.29578	-2.06341	-1.56725	-0.373545	0.371491	1.23313
5.603	-0.0377346	1.29472	-2.06344	-1.56506	-0.373536	0.371493	1.23313
5.616	-0.039197	1.29366	-2.06345	-1.56285	-0.373524	0.371499	1.23313
5.629	-0.0407502	1.29258	-2.06346	-1.56074	-0.373514	0.371518	1.23313
5.642	-0.0422164	1.29153	-2.06346	-1.55859	-0.3735	0.371562	1.23313
5.655	-0.0436763	1.29045	-2.06346	-1.5566	-0.373477	0.37161	1.23313
5.668	-0.0451284	1.28936	-2.06346	-1.55456	-0.373457	0.371689	1.23313
5.681	-0.046532	1.28825	-2.06348	-1.55254	-0.373442	0.371762	1.23313
5.694	-0.0479203	1.28712	-2.06348	-1.55042	-0.373428	0.371845	1.23313
5.707	-0.0492957	1.28601	-2.06349	-1.5483	-0.373422	0.371989	1.23313
5.72	-0.0492957	1.28601	-2.06349	-1.5483	-0.373422	0.371989	1.23313
5.733	-0.0506405	1.28479	-2.06349	-1.54612	-0.373412	0.372227	1.23313
5.746	-0.0519457	1.28362	-2.06349	-1.54398	-0.373406	0.37249	1.23313
5.759	-0.0533071	1.28248	-2.06352	-1.54181	-0.373404	0.372969	1.23313
5.772	-0.0546544	1.28129	-2.06354	-1.53967	-0.373399	0.374344	1.23313
5.785	-0.055966	1.28007	-2.06354	-1.53765	-0.373397	0.375718	1.23313
5.798	-0.0572558	1.27892	-2.06355	-1.53564	-0.373395	0.37664	1.23313
5.811	-0.0585341	1.27768	-2.06355	-1.53369	-0.373393	0.378251	1.23313
5.824	-0.0597358	1.2765	-2.06355	-1.53172	-0.373389	0.380023	1.23313
5.837	-0.0609898	1.27541	-2.06358	-1.52968	-0.373387	0.381826	1.23313
5.85	-0.0620994	1.27421	-2.06361	-1.52759	-0.373385	0.383863	1.23313
5.863	-0.0620994	1.27421	-2.06361	-1.52759	-0.373385	0.383863	1.23313
5.876	-0.0632767	1.27303	-2.06361	-1.52557	-0.373387	0.385655	1.23313
5.889	-0.0644476	1.27183	-2.06362	-1.52343	-0.373387	0.387436	1.23313
5.902	-0.065671	1.27063	-2.06366	-1.5213	-0.373387	0.388325	1.23313
5.915	-0.0668534	1.26941	-2.06367	-1.51912	-0.373389	0.389219	1.23313
5.928	-0.0680512	1.26815	-2.06367	-1.51709	-0.373389	0.390413	1.23313
5.941	-0.0691851	1.2669	-2.06367	-1.51495	-0.373389	0.39092	1.23313
5.954	-0.0703407	1.26554	-2.06367	-1.5129	-0.373389	0.390954	1.23313
5.967	-0.071486	1.26418	-2.06368	-1.51073	-0.373389	0.390954	1.23313
5.98	-0.072657	1.26286	-2.06368	-1.5085	-0.373389	0.390954	1.23313
5.993	-0.072657	1.26286	-2.06368	-1.5085	-0.373389	0.390954	1.23313
6.006	-0.0738765	1.26139	-2.06368	-1.50628	-0.373389	0.390954	1.23313
6.019	-0.0750104	1.26004	-2.06368	-1.50394	-0.373389	0.390954	1.23313
6.032	-0.0763206	1.25858	-2.06369	-1.50178	-0.373391	0.390954	1.23313
6.045	-0.0775721	1.25714	-2.06373	-1.49947	-0.373391	0.390952	1.23313
6.058	-0.0788849	1.25568	-2.06373	-1.49726	-0.373391	0.390952	1.23313
6.071	-0.0803077	1.25419	-2.06373	-1.49503	-0.373393	0.390952	1.23313
6.084	-0.0816167	1.25266	-2.06381	-1.49275	-0.373393	0.390952	1.23313
6.097	-0.083005	1.25115	-2.06382	-1.49042	-0.373393	0.390952	1.23313
6.11	-0.0844367	1.2496	-2.06382	-1.488	-0.373391	0.390952	1.23313
6.123	-0.0858658	1.24797	-2.06384	-1.48558	-0.373393	0.390952	1.23313
6.136	-0.0858658	1.24797	-2.06384	-1.48558	-0.373393	0.390952	1.23313
6.149	-0.087341	1.24633	-2.06384	-1.48313	-0.373393	0.390952	1.23313
6.162	-0.0888136	1.24466	-2.06384	-1.48074	-0.373393	0.390952	1.23313
6.175	-0.0903655	1.243	-2.06384	-1.47837	-0.373393	0.390952	1.23313
6.188	-0.0919621	1.24132	-2.06384	-1.47599	-0.373393	0.390952	1.23313
6.201	-0.093546	1.23971	-2.06385	-1.47365	-0.373393	0.390952	1.23313
6.214	-0.0950876	1.23807	-2.06385	-1.47123	-0.373393	0.390952	1.23313
6.227	-0.0966599	1.23648	-2.06385	-1.46877	-0.373393	0.390952	1.23313
6.24	-0.0982681	1.23483	-2.06385	-1.46635	-0.373393	0.390952	1.23313
6.253	-0.0998634	1.23312	-2.06385	-1.46389	-0.373393	0.390952	1.23313
6.266	-0.101411	1.23148	-2.06387	-1.46149	-0.373393	0.390954	1.23313
6.279	-0.101411	1.23148	-2.06387	-1.46149	-0.373393	0.390954	1.23313
6.292	-0.102994	1.22972	-2.06388	-1.45914	-0.373393	0.390954	1.23313
6.305	-0.104633	1.22803	-2.06387	-1.45677	-0.373393	0.390954	1.23313
6.318	-0.10629	1.22627	-2.06389	-1.45447	-0.373393	0.390954	1.23313
6.331	-0.107916	1.22452	-2.06389	-1.4521	-0.373395	0.390954	1.23313
6.344	-0.109517	1.22284	-2.06389	-1.44978	-0.373395	0.390954	1.23313
6.357	-0.111116	1.22106	-2.06389	-1.44747	-0.373395	0.390952	1.23313
6.37	-0.112726	1.21942	-2.06389	-1.44511	-0.373395	0.390952	1.23313
6.383	-0.114331	1.21768	-2.06389	-1.44289	-0.373395	0.390952	1.23313
6.396	-0.115946	1.2161	-2.06389	-1.44056	-0.373395	0.390952	1.23313
6.409	-0.115946	1.2161	-2.06389	-1.44056	-0.373395	0.390952	1.23313
6.422	-0.117541	1.21447	-2.0639	-1.43837	-0.373395	0.390952	1.23313
6.435	-0.119167	1.21281	-2.06389	-1.43613	-0.373395	0.390952	1.23313
6.448	-0.120851	1.21128	-2.06391	-1.43387	-0.373395	0.390954	1.23313
6.461	-0.12246	1.20963	-2.0639	-1.43164	-0.373395	0.390954	1.23313
6.474	-0.124122	1.20808	-2.0639	-1.42934	-0.373395	0.390954	1.23313
6.487	-0.12579	1.20641	-2.0639	-1.42712	-0.373395	0.390952	1.23313
6.5	-0.127419	1.20479	-2.0639	-1.42476	-0.373397	0.390952	1.23313
6.513	-0.12906	1.20321	-2.0639	-1.42248	-0.373397	0.390954	1.23313
6.526	-0.130618	1.20154	-2.0639	-1.42015	-0.373397	0.390954	1.23313
6.539	-0.132201	1.19993	-2.0639	-1.4178	-0.373395	0.390954	1.23313
6.552	-0.132201	1.19993	-2.0639	-1.4178	-0.373395	0.390954	1.23313
6.565	-0.133735	1.19827	-2.0639	-1.4155	-0.373395	0.390954	1.23313
6.578	-0.135274	1.19672	-2.0639	-1.41308	-0.373395	0.390954	1.23313
6.591	-0.136836	1.19517	-2.0639	-1.41068	-0.373395	0.390954	1.23313
6.604	-0.138361	1.19353	-2.06389	-1.40834	-0.373395	0.390954	1.23313
6.617	-0.139939	1.19205	-2.0639	-1.40596	-0.373395	0.390955	1.23313
6.63	-0.141474	1.19044	-2.0639	-1.40366	-0.373395	0.390954	1.23313
6.643	-0.143025	1.18886	-2.06387	-1.40123	-0.373395	0.390954	1.23313
6.656	-0.144634	1.18725	-2.06388	-1.39894	-0.373395	0.390955	1.23313
6.669	-0.146145	1.18564	-2.06387	-1.39657	-0.373395	0.390954	1.23313
6.682	-0.146145	1.18564	-2.06387	-1.39657	-0.373395	0.390954	1.23313
6.695	-0.147706	1.18411	-2.06387	-1.39425	-0.373395	0.390955	1.23313
6.708	-0.149247	1.18252	-2.06387	-1.39195	-0.373395	0.390955	1.23313
6.721	-0.150855	1.18102	-2.06384	-1.38952	-0.373395	0.390955	1.23313
6.734	-0.152447	1.17952	-2.06384	-1.38716	-0.373395	0.390957	1.23313
6.747	-0.153978	1.17803	-2.06377	-1.38477	-0.373393	0.390957	1.23313
6.76	-0.155565	1.1766	-2.06366	-1.38245	-0.373391	0.39096	1.23313
6.773	-0.157115	1.17513	-2.06361	-1.38022	-0.373389	0.39096	1.23313
6.786	-0.158686	1.1737	-2.06349	-1.37794	-0.373387	0.390962	1.23313
6.799	-0.16022	1.17225	-2.06344	-1.37573	-0.373385	0.390962	1.23313
6.812	-0.161726	1.17083	-2.06337	-1.37345	-0.373373	0.390962	1.23313
6.825	-0.161726	1.17083	-2.06337	-1.37345	-0.373373	0.390962	1.23313
6.838	-0.163281	1.1694	-2.06326	-1.37123	-0.373367	0.390962	1.23313
6.851	-0.16482	1.16794	-2.0632	-1.36896	-0.373363	0.390962	1.23313
6.864	-0.166377	1.16653	-2.06307	-1.36666	-0.373359	0.390964	1.23313
6.877	-0.167918	1.16508	-2.06294	-1.36445	-0.373356	0.390966	1.23313
6.89	-0.169377	1.16367	-2.0628	-1.3622	-0.373354	0.390966	1.23313
6.903	-0.17086	1.16226	-2.06253	-1.36005	-0.373352	0.390971	1.23313
6.916	-0.172281	1.16082	-2.06216	-1.3578	-0.373348	0.391022	1.23313
6.929	-0.173625	1.1594	-2.06178	-1.35565	-0.373338	0.391119	1.23313
6.942	-0.174996	1.15805	-2.06138	-1.35342	-0.373318	0.391243	1.23313
6.955	-0.174996	1.15805	-2.06138	-1.35342	-0.373318	0.391243	1.23313
6.968	-0.17633	1.15672	-2.06114	-1.35126	-0.373303	0.391381	1.23313
6.981	-0.17771	1.15542	-2.06092	-1.34911	-0.373295	0.391572	1.23313
6.994	-0.17912	1.15415	-2.06067	-1.34682	-0.373289	0.391908	1.23313
7.007	-0.180533	1.15286	-2.06042	-1.34465	-0.373281	0.39222	1.23313
7.02	-0.181902	1.15161	-2.06008	-1.34242	-0.373273	0.392713	1.23313
7.033	-0.183237	1.15031	-2.05974	-1.34028	-0.373266	0.394047	1.23313
7.046	-0.184574	1.14906	-2.05934	-1.33804	-0.373262	0.395327	1.23313
7.059	-0.185894	1.14773	-2.05895	-1.33584	-0.373254	0.396181	1.23313
7.072	-0.187175	1.14645	-2.0585	-1.33347	-0.373234	0.397584	1.23313
7.085	-0.188412	1.14515	-2.05789	-1.3311	-0.373195	0.399401	1.23313
7.098	-0.188412	1.14515	-2.05789	-1.3311	-0.373195	0.399401	1.23313
7.111	-0.189641	1.1438	-2.05732	-1.32879	-0.37315	0.401046	1.23313
7.124	-0.190892	1.14258	-2.05682	-1.32628	-0.373103	0.403202	1.23313
7.137	-0.192231	1.14131	-2.05634	-1.32386	-0.373031	0.404915	1.23313
7.15	-0.193523	1.14004	-2.05585	-1.32145	-0.372923	0.406837	1.23313
7.163	-0.194785	1.13881	-2.05533	-1.31896	-0.372823	0.407841	1.23313
7.176	-0.196084	1.13753	-2.05483	-1.31651	-0.372698	0.408811	1.23313
7.189	-0.197352	1.13628	-2.05427	-1.31389	-0.372506	0.410193	1.23313
7.202	-0.198606	1.13496	-2.05364	-1.31126	-0.372176	0.410797	1.23313
7.215	-0.199838	1.13366	-2.05313	-1.30863	-0.371855	0.410844	1.23313
7.228	-0.199838	1.13366	-2.05313	-1.30863	-0.371855	0.410844	1.23313
7.241	-0.201109	1.13241	-2.05267	-1.30601	-0.371555	0.410841	1.23313
7.254	-0.202359	1.13115	-2.05224	-1.30333	-0.371207	0.410839	1.23313
7.267	-0.203661	1.12984	-2.05175	-1.30066	-0.370857	0.410839	1.23313
7.28	-0.205009	1.12856	-2.05128	-1.29789	-0.370528	0.410839	1.23313
7.293	-0.206323	1.12728	-2.05081	-1.29501	-0.370196	0.410839	1.23313
7.306	-0.207651	1.12597	-2.05024	-1.29215	-0.369841	0.410839	1.23313
7.319	-0.208914	1.12466	-2.04961	-1.28931	-0.369352	0.410839	1.23313
7.332	-0.210246	1.12336	-2.04902	-1.28642	-0.368671	0.410841	1.23313
7.345	-0.21166	1.12208	-2.0484	-1.28359	-0.367816	0.410844	1.23313
7.358	-0.213042	1.12078	-2.04783	-1.28078	-0.366977	0.410854	1.23313
7.371	-0.213042	1.12078	-2.04783	-1.28078	-0.366977	0.410854	1.23313
7.384	-0.214474	1.11943	-2.04723	-1.27801	-0.366194	0.410899	1.23313
7.397	-0.21597	1.11812	-2.04658	-1.2752	-0.365269	0.411003	1.23313
7.41	-0.217552	1.11675	-2.04589	-1.27237	-0.364177	0.411235	1.23313
7.423	-0.219124	1.11538	-2.04533	-1.26945	-0.36312	0.411662	1.23313
7.436	-0.220783	1.11405	-2.04472	-1.26653	-0.362034	0.412291	1.23313
7.449	-0.222483	1.11271	-2.0441	-1.26362	-0.361064	0.413926	1.23313
7.462	-0.224167	1.11138	-2.04348	-1.26069	-0.36043	0.415405	1.23313
7.475	-0.225914	1.11002	-2.04274	-1.25772	-0.359941	0.416939	1.23313
7.488	-0.227613	1.1086	-2.04195	-1.25465	-0.359328	0.419015	1.23313
7.501	-0.229292	1.1072	-2.04119	-1.25158	-0.358471	0.420802	1.23313
7.514	-0.229292	1.1072	-2.04119	-1.25158	-0.358471	0.420802	1.23313
7.527	-0.230993	1.10587	-2.0404	-1.24846	-0.357473	0.422917	1.23313
7.54	-0.232686	1.10446	-2.0397	-1.24536	-0.356397	0.424568	1.23313
7.553	-0.234464	1.10314	-2.03893	-1.24211	-0.355243	0.426385	1.23313
7.566	-0.236213	1.1017	-2.03813	-1.23886	-0.354292	0.427341	1.23313
7.579	-0.237989	1.10029	-2.03736	-1.23552	-0.353492	0.42809	1.23313
7.592	-0.239734	1.09895	-2.03663	-1.23213	-0.352703	0.4293	1.23313
7.605	-0.241539	1.09758	-2.03587	-1.22877	-0.351852	0.430189	1.23313
7.618	-0.243338	1.09624	-2.03515	-1.22543	-0.351155	0.430442	1.23313
7.631	-0.245179	1.0949	-2.03426	-1.22216	-0.350619	0.430454	1.23313
7.644	-0.245179	1.0949	-2.03426	-1.22216	-0.350619	0.430454	1.23313
7.657	-0.247026	1.09358	-2.03346	-1.21885	-0.350095	0.43045	1.23313
7.67	-0.24891	1.09232	-2.0327	-1.21549	-0.3496	0.43045	1.23313
7.683	-0.250844	1.09102	-2.03184	-1.21205	-0.349036	0.43045	1.23313
7.696	-0.25274	1.08971	-2.03105	-1.20871	-0.348576	0.430452	1.23313
7.709	-0.25468	1.08836	-2.03018	-1.20543	-0.348256	0.430452	1.23313
7.722	-0.256654	1.08696	-2.02937	-1.20225	-0.347878	0.430452	1.23313
7.735	-0.258665	1.08564	-2.02854	-1.19898	-0.34741	0.430452	1.23313
7.748	-0.260667	1.08424	-2.02769	-1.19567	-0.34688	0.430454	1.23313
7.761	-0.262712	1.08288	-2.02679	-1.1923	-0.346293	0.430457	1.23313
7.774	-0.264761	1.08149	-2.02592	-1.18894	-0.345561	0.430469	1.23313
7.787	-0.264761	1.08149	-2.02592	-1.18894	-0.345561	0.430469	1.23313
7.8	-0.266822	1.08012	-2.02507	-1.18558	-0.344857	0.430515	1.23313
7.813	-0.268991	1.07879	-2.02411	-1.18226	-0.344174	0.430656	1.23313
7.826	-0.271206	1.07744	-2.02312	-1.17886	-0.343266	0.430933	1.23313
7.839	-0.273424	1.07606	-2.02209	-1.17541	-0.342243	0.431384	1.23313
7.852	-0.275618	1.07475	-2.02115	-1.17203	-0.341472	0.43211	1.23313
7.865	-0.277883	1.07341	-2.02016	-1.16874	-0.340628	0.433825	1.23313
7.878	-0.280109	1.07207	-2.01914	-1.16546	-0.339486	0.435238	1.23313
7.891	-0.282402	1.07071	-2.01802	-1.16217	-0.338192	0.437019	1.23313
7.904	-0.284658	1.06939	-2.01699	-1.15896	-0.336717	0.439133	1.23313
7.917	-0.284658	1.06939	-2.01699	-1.15896	-0.336717	0.439133	1.23313
7.93	-0.286836	1.06815	-2.0159	-1.15566	-0.335312	0.441449	1.23313
7.943	-0.289066	1.06687	-2.01476	-1.1525	-0.334101	0.443544	1.23313
7.956	-0.291266	1.06571	-2.01368	-1.14929	-0.332632	0.445793	1.23313
7.969	-0.293495	1.06452	-2.01258	-1.14616	-0.331107	0.447217	1.23313
7.982	-0.295725	1.06335	-2.01142	-1.143	-0.329569	0.448696	1.23313
7.995	-0.297954	1.06221	-2.01027	-1.1399	-0.328517	0.450056	1.23313
8.008	-0.300165	1.06111	-2.0092	-1.13675	-0.327552	0.450597	1.23313
8.021	-0.302386	1.06011	-2.00803	-1.13351	-0.326634	0.450907	1.23313
8.034	-0.304594	1.05906	-2.00686	-1.13035	-0.325995	0.451007	1.23313
8.047	-0.306745	1.0581	-2.00579	-1.12716	-0.3255	0.451026	1.23313
8.06	-0.306745	1.0581	-2.00579	-1.12716	-0.3255	0.451026	1.23313
8.073	-0.308986	1.05714	-2.00471	-1.12403	-0.32511	0.451041	1.23313
8.086	-0.311146	1.05614	-2.00362	-1.12078	-0.324821	0.451072	1.23313
8.099	-0.313369	1.05519	-2.0025	-1.11742	-0.324672	0.451149	1.23313
8.112	-0.315606	1.05421	-2.00148	-1.11404	-0.324631	0.451536	1.23313
8.125	-0.317894	1.05329	-2.00038	-1.11058	-0.324578	0.453012	1.23313
8.138	-0.320153	1.05225	-1.99925	-1.10717	-0.324435	0.454517	1.23313
8.151	-0.322407	1.05127	-1.9981	-1.10364	-0.324247	0.455805	1.23313
8.164	-0.324719	1.05025	-1.99699	-1.10012	-0.32405	0.457944	1.23313
8.177	-0.326905	1.04925	-1.9959	-1.09645	-0.323733	0.459848	1.23313
8.19	-0.326905	1.04925	-1.9959	-1.09645	-0.323733	0.459848	1.23313
8.203	-0.329168	1.04817	-1.99474	-1.09286	-0.323369	0.462204	1.23313
8.216	-0.331397	1.04716	-1.99365	-1.0893	-0.323024	0.464188	1.23313
8.229	-0.333708	1.04616	-1.99253	-1.0858	-0.322684	0.466141	1.23313
8.242	-0.336087	1.04509	-1.99134	-1.08236	-0.322218	0.467397	1.23313
8.255	-0.338461	1.04406	-1.99018	-1.07885	-0.321678	0.468965	1.23313
8.268	-0.340918	1.04302	-1.98901	-1.07542	-0.320937	0.469892	1.23313
8.281	-0.343364	1.04204	-1.98775	-1.07205	-0.320119	0.470281	1.23313
8.294	-0.345785	1.04102	-1.98652	-1.06871	-0.319483	0.470632	1.23313
8.307	-0.348292	1.0401	-1.98529	-1.06542	-0.31891	0.470958	1.23313
8.32	-0.35076	1.03915	-1.98404	-1.06208	-0.318319	0.471707	1.23313
8.333	-0.35076	1.03915	-1.98404	-1.06208	-0.318319	0.471707	1.23313
8.346	-0.353216	1.03827	-1.98275	-1.05864	-0.317773	0.473202	1.23313
8.359	-0.355693	1.03737	-1.98153	-1.05518	-0.317307	0.474087	1.23313
8.372	-0.35815	1.03651	-1.98027	-1.05159	-0.317039	0.47467	1.23313
8.385	-0.360669	1.03565	-1.97896	-1.04813	-0.316814	0.475704	1.23313
8.398	-0.363138	1.03482	-1.97779	-1.04471	-0.316597	0.47761	1.23313
8.411	-0.365569	1.03405	-1.97657	-1.04121	-0.316309	0.479108	1.23313
8.424	-0.368001	1.0332	-1.97529	-1.03765	-0.315832	0.481155	1.23313
8.437	-0.370364	1.03235	-1.97412	-1.03407	-0.315098	0.482606	1.23313
8.45	-0.372757	1.03153	-1.97298	-1.0305	-0.314151	0.484353	1.23313
8.463	-0.372757	1.03153	-1.97298	-1.0305	-0.314151	0.484353	1.23313
8.476	-0.375187	1.03061	-1.97183	-1.02701	-0.313137	0.485769	1.23313
8.489	-0.377588	1.02978	-1.9707	-1.02347	-0.311995	0.486544	1.23313
8.502	-0.380119	1.02894	-1.96967	-1.01992	-0.310917	0.487634	1.23313
8.515	-0.38259	1.02813	-1.96863	-1.01631	-0.310191	0.489038	1.23313
8.528	-0.385021	1.02734	-1.96755	-1.01273	-0.309426	0.489662	1.23313
8.541	-0.387501	1.02656	-1.96651	-1.00923	-0.308498	0.489945	1.23313
8.554	-0.389953	1.0258	-1.96549	-1.00578	-0.307549	0.490153	1.23313
8.567	-0.392447	1.02502	-1.96444	-1.00237	-0.306776	0.490294	1.23313
8.58	-0.39496	1.02423	-1.96332	-0.998908	-0.30596	0.490475	1.23313
8.593	-0.397459	1.02354	-1.96231	-0.995452	-0.305109	0.490881	1.23313
8.606	-0.397459	1.02354	-1.96231	-0.995452	-0.305109	0.490881	1.23313
8.619	-0.400069	1.02285	-1.96129	-0.99207	-0.304434	0.49237	1.23313
8.632	-0.402633	1.02211	-1.96024	-0.988753	-0.303994	0.493817	1.23313
8.645	-0.405172	1.02139	-1.95913	-0.985357	-0.303636	0.495072	1.23313
8.658	-0.407755	1.02071	-1.95809	-0.981934	-0.303252	0.497131	1.23313
8.671	-0.410249	1.02004	-1.95705	-0.978446	-0.302773	0.498849	1.23313
8.684	-0.412717	1.01933	-1.95603	-0.974939	-0.302086	0.50109	1.23313
8.697	-0.415265	1.01868	-1.95499	-0.971479	-0.301223	0.502762	1.23313
8.71	-0.417799	1.01802	-1.95405	-0.96803	-0.300278	0.504761	1.23313
8.723	-0.42038	1.0173	-1.95304	-0.964589	-0.299057	0.506024	1.23313
8.736	-0.42038	1.0173	-1.95304	-0.964589	-0.299057	0.506024	1.23313
8.749	-0.422939	1.01656	-1.95205	-0.96105	-0.297791	0.507453	1.23313
8.762	-0.425448	1.01586	-1.95115	-0.957433	-0.296721	0.509002	1.23313
8.775	-0.428016	1.01517	-1.95034	-0.95382	-0.295451	0.509782	1.23313
8.788	-0.430569	1.01451	-1.94949	-0.950194	-0.294113	0.510481	1.23313
8.801	-0.433077	1.01376	-1.94873	-0.946596	-0.29278	0.512021	1.23313
8.814	-0.435674	1.01299	-1.94788	-0.943068	-0.291614	0.513406	1.23313
8.827	-0.43819	1.01223	-1.9471	-0.939497	-0.290742	0.5145	1.23313
8.84	-0.440718	1.01152	-1.94639	-0.93597	-0.289906	0.516449	1.23313
8.853	-0.443241	1.01077	-1.94568	-0.932473	-0.289039	0.51804	1.23313
8.866	-0.445702	1.01003	-1.94487	-0.929002	-0.288304	0.520099	1.23313
8.879	-0.445702	1.01003	-1.94487	-0.929002	-0.288304	0.520099	1.23313
8.892	-0.448156	1.00925	-1.94401	-0.925624	-0.287611	0.521746	1.23313
8.905	-0.450579	1.00848	-1.94324	-0.922201	-0.286844	0.523505	1.23313
8.918	-0.453013	1.00777	-1.94247	-0.918746	-0.286028	0.524979	1.23313
8.931	-0.455481	1.00702	-1.9416	-0.915358	-0.285308	0.525743	1.23313
8.944	-0.457933	1.00626	-1.94069	-0.912004	-0.284701	0.526609	1.23313
8.957	-0.460395	1.00552	-1.93969	-0.908657	-0.284032	0.527991	1.23313
8.97	-0.462865	1.0048	-1.93882	-0.905312	-0.283079	0.528765	1.23313
8.983	-0.465327	1.00411	-1.93789	-0.901926	-0.282134	0.529041	1.23313
8.996	-0.46778	1.00347	-1.93695	-0.898532	-0.281359	0.529303	1.23313
9.009	-0.470251	1.00285	-1.93598	-0.895156	-0.280522	0.529539	1.23313
9.022	-0.470251	1.00285	-1.93598	-0.895156	-0.280522	0.529539	1.23313
9.035	-0.472723	1.00226	-1.93501	-0.891786	-0.279596	0.52989	1.23313
9.048	-0.475281	1.00169	-1.93392	-0.888432	-0.278869	0.530998	1.23313
9.061	-0.477839	1.00115	-1.93275	-0.885011	-0.27818	0.532757	1.23313
9.074	-0.480362	1.00064	-1.93161	-0.881531	-0.277219	0.534103	1.23313
9.087	-0.482877	1.00024	-1.93049	-0.878071	-0.27593	0.536261	1.23313
9.1	-0.485313	0.999827	-1.92929	-0.874646	-0.27439	0.538158	1.23313
9.113	-0.487723	0.999423	-1.9281	-0.871269	-0.272576	0.540546	1.23313
9.126	-0.49016	0.999017	-1.92705	-0.867964	-0.270968	0.542456	1.23313
9.139	-0.492582	0.998606	-1.92599	-0.864691	-0.269083	0.544413	1.23313
9.152	-0.492582	0.998606	-1.92599	-0.864691	-0.269083	0.544413	1.23313
9.165	-0.495009	0.998181	-1.92487	-0.861404	-0.267054	0.545621	1.23313
9.178	-0.497461	0.997702	-1.92379	-0.85816	-0.265432	0.547193	1.23313
9.191	-0.499887	0.99728	-1.92281	-0.854912	-0.263939	0.548333	1.23313
9.204	-0.502329	0.99687	-1.92181	-0.8517	-0.262562	0.548708	1.23313
9.217	-0.50472	0.996443	-1.92088	-0.848537	-0.261396	0.548839	1.23313
9.23	-0.507093	0.996062	-1.91993	-0.845379	-0.260648	0.54888	1.23313
9.243	-0.509418	0.995675	-1.91922	-0.842196	-0.260447	0.548879	1.23313
9.256	-0.511701	0.995308	-1.91858	-0.838952	-0.260439	0.548875	1.23313
9.269	-0.514057	0.994851	-1.91797	-0.835753	-0.260423	0.548875	1.23313
9.282	-0.516393	0.994359	-1.91743	-0.832568	-0.26039	0.548875	1.23313
9.295	-0.516393	0.994359	-1.91743	-0.832568	-0.26039	0.548875	1.23313
9.308	-0.518751	0.993862	-1.9169	-0.829401	-0.260355	0.548875	1.23313
9.321	-0.521119	0.993223	-1.91628	-0.826212	-0.260257	0.548875	1.23313
9.334	-0.523383	0.992617	-1.91581	-0.822901	-0.260079	0.548875	1.23313
9.347	-0.525732	0.991976	-1.91544	-0.819708	-0.259768	0.548873	1.23313
9.36	-0.528009	0.9913	-1.91508	-0.816508	-0.259314	0.548875	1.23313
9.373	-0.530296	0.990619	-1.91464	-0.813342	-0.25885	0.548875	1.23313
9.386	-0.532636	0.989903	-1.9142	-0.810237	-0.258218	0.548875	1.23313
9.399	-0.534931	0.989176	-1.91382	-0.807064	-0.2575	0.548877	1.23313
9.412	-0.537329	0.98846	-1.91343	-0.80396	-0.256852	0.548882	1.23313
9.425	-0.537329	0.98846	-1.91343	-0.80396	-0.256852	0.548882	1.23313
9.438	-0.539681	0.987759	-1.913	-0.80086	-0.256089	0.54893	1.23313
9.451	-0.542038	0.987072	-1.91249	-0.797784	-0.255138	0.549151	1.23313
9.464	-0.54443	0.986399	-1.91197	-0.794773	-0.254275	0.549797	1.23313
9.477	-0.546819	0.985755	-1.9115	-0.791753	-0.253671	0.551647	1.23313
9.49	-0.549262	0.985086	-1.91095	-0.788754	-0.253068	0.553375	1.23313
9.503	-0.551668	0.984443	-1.91029	-0.785665	-0.252262	0.555601	1.23313
9.516	-0.554072	0.983881	-1.9096	-0.782572	-0.251348	0.557585	1.23313
9.529	-0.556519	0.983315	-1.90888	-0.779487	-0.250472	0.559922	1.23313
9.542	-0.558905	0.982808	-1.90814	-0.776385	-0.249476	0.561623	1.23313
9.555	-0.561331	0.982329	-1.9074	-0.77342	-0.248409	0.563569	1.23313
9.568	-0.561331	0.982329	-1.9074	-0.77342	-0.248409	0.563569	1.23313
9.581	-0.563717	0.981859	-1.90658	-0.770529	-0.247558	0.564609	1.23313
9.594	-0.566123	0.981416	-1.90571	-0.767645	-0.246799	0.565094	1.23313
9.607	-0.568502	0.980988	-1.90479	-0.764734	-0.245842	0.565348	1.23313
9.62	-0.570816	0.980579	-1.90397	-0.761896	-0.244782	0.565723	1.23313
9.633	-0.573229	0.980262	-1.90316	-0.759134	-0.243911	0.56664	1.23313
9.646	-0.575583	0.979972	-1.90231	-0.756307	-0.242993	0.567188	1.23313
9.659	-0.577899	0.979757	-1.90143	-0.753498	-0.241972	0.567208	1.23313
9.672	-0.580237	0.979555	-1.90046	-0.750803	-0.241213	0.56721	1.23313
9.685	-0.58246	0.979376	-1.89967	-0.748067	-0.240667	0.567211	1.23313
9.698	-0.58246	0.979376	-1.89967	-0.748067	-0.240667	0.567211	1.23313
9.711	-0.584734	0.979239	-1.89884	-0.745299	-0.240158	0.567215	1.23313
9.724	-0.586901	0.979064	-1.89806	-0.742548	-0.239638	0.567216	1.23313
9.737	-0.589068	0.978894	-1.89735	-0.739803	-0.239039	0.567218	1.23313
9.75	-0.591265	0.978656	-1.89656	-0.737139	-0.238399	0.567223	1.23313
9.763	-0.593403	0.978397	-1.89595	-0.7345	-0.237716	0.567228	1.23313
9.776	-0.595631	0.978105	-1.8954	-0.731909	-0.236971	0.567232	1.23313
9.789	-0.597749	0.977787	-1.89484	-0.729215	-0.23628	0.567234	1.23313
9.802	-0.599881	0.977508	-1.89429	-0.726562	-0.235758	0.567239	1.23313
9.815	-0.601912	0.977239	-1.89384	-0.723893	-0.235427	0.567242	1.23313
9.828	-0.603964	0.976979	-1.89341	-0.721229	-0.235067	0.567242	1.23313
9.841	-0.603964	0.976979	-1.89341	-0.721229	-0.235067	0.567242	1.23313
9.854	-0.605902	0.976699	-1.8929	-0.718624	-0.234756	0.567245	1.23313
9.867	-0.607888	0.976412	-1.8924	-0.716104	-0.234445	0.567245	1.23313
9.88	-0.609852	0.976121	-1.89205	-0.713603	-0.234034	0.567247	1.23313
9.893	-0.611914	0.975866	-1.8917	-0.711268	-0.233529	0.567249	1.23313
9.906	-0.613926	0.975578	-1.89134	-0.708934	-0.233053	0.56725	1.23313
9.919	-0.615961	0.975353	-1.89098	-0.706565	-0.232641	0.567252	1.23313
9.932	-0.617965	0.97509	-1.89058	-0.704302	-0.232255	0.567256	1.23313
9.945	-0.61991	0.974856	-1.89016	-0.70191	-0.231823	0.567259	1.23313
9.958	-0.621816	0.974571	-1.8897	-0.699663	-0.231273	0.567262	1.23313
9.971	-0.621816	0.974571	-1.8897	-0.699663	-0.231273	0.567262	1.23313
9.984	-0.623764	0.974297	-1.8891	-0.697386	-0.230735	0.567269	1.23313
9.997	-0.625617	0.973978	-1.88854	-0.695116	-0.230179	0.567278	1.23313
10.01	-0.627546	0.973694	-1.88802	-0.692895	-0.229602	0.567286	1.23313
10.023	-0.629415	0.973396	-1.88751	-0.69063	-0.229173	0.567298	1.23313
10.036	-0.631371	0.97314	-1.88696	-0.688513	-0.228872	0.567315	1.23313
10.049	-0.633228	0.972896	-1.88644	-0.686257	-0.228571	0.567366	1.23313
10.062	-0.635114	0.972677	-1.88592	-0.684105	-0.228146	0.567455	1.23313
10.075	-0.63695	0.972421	-1.88527	-0.681914	-0.227608	0.567576	1.23313
10.088	-0.638756	0.972179	-1.88462	-0.67976	-0.227045	0.567695	1.23313
10.101	-0.640519	0.971973	-1.88413	-0.677612	-0.226422	0.567777	1.23313
10.114	-0.640519	0.971973	-1.88413	-0.677612	-0.226422	0.567777	1.23313
10.127	-0.642315	0.971807	-1.88361	-0.67553	-0.225873	0.567905	1.23313
10.14	-0.644066	0.971587	-1.88309	-0.673521	-0.225366	0.56806	1.23313
10.153	-0.645819	0.971376	-1.88263	-0.671546	-0.224824	0.568295	1.23313
10.166	-0.647538	0.971154	-1.88222	-0.669599	-0.224207	0.568687	1.23313
10.179	-0.649204	0.970942	-1.88182	-0.667665	-0.223714	0.569275	1.23313
10.192	-0.650947	0.970678	-1.88125	-0.665788	-0.223368	0.570837	1.23313
10.205	-0.652545	0.970383	-1.8807	-0.663882	-0.223129	0.572469	1.23313
10.218	-0.654312	0.970122	-1.88031	-0.662097	-0.222914	0.574087	1.23313
10.231	-0.655915	0.969887	-1.88001	-0.660179	-0.222693	0.576112	1.23313
10.244	-0.655915	0.969887	-1.88001	-0.660179	-0.222693	0.576112	1.23313
10.257	-0.657579	0.969587	-1.87965	-0.658344	-0.222413	0.577601	1.23313
10.27	-0.659116	0.96934	-1.87925	-0.656426	-0.222124	0.579456	1.23313
10.283	-0.66066	0.969054	-1.87889	-0.654619	-0.221779	0.580446	1.23313
10.296	-0.662139	0.968833	-1.87862	-0.652793	-0.221454	0.58116	1.23313
10.309	-0.663613	0.968556	-1.8784	-0.650939	-0.221028	0.58203	1.23313
10.322	-0.664969	0.968297	-1.87822	-0.649095	-0.220625	0.582751	1.23313
10.335	-0.666263	0.968064	-1.87805	-0.647015	-0.220286	0.582805	1.23313
10.348	-0.667466	0.967835	-1.87787	-0.645059	-0.219948	0.582805	1.23313
10.361	-0.668648	0.967565	-1.8776	-0.643079	-0.219727	0.582805	1.23313
10.374	-0.669822	0.967327	-1.87721	-0.64116	-0.219666	0.582805	1.23313
10.387	-0.669822	0.967327	-1.87721	-0.64116	-0.219666	0.582805	1.23313
10.4	-0.670978	0.967068	-1.87683	-0.639229	-0.219637	0.582807	1.23313
10.413	-0.67218	0.966886	-1.87659	-0.637588	-0.219621	0.582808	1.23313
10.426	-0.673475	0.966739	-1.87642	-0.635884	-0.219611	0.582808	1.23313
10.439	-0.674746	0.966566	-1.8763	-0.634343	-0.219584	0.582808	1.23313
10.452	-0.675974	0.966395	-1.87617	-0.632914	-0.21949	0.58281	1.23313
10.465	-0.677314	0.966217	-1.87598	-0.631562	-0.21938	0.582812	1.23313
10.478	-0.678564	0.966046	-1.87578	-0.630274	-0.219269	0.582812	1.23313
10.491	-0.679781	0.965896	-1.8755	-0.628991	-0.219065	0.582814	1.23313
10.504	-0.681114	0.965763	-1.87515	-0.62772	-0.218721	0.582814	1.23313
10.517	-0.682321	0.965646	-1.87487	-0.626487	-0.218373	0.582817	1.23313
10.53	-0.682321	0.965646	-1.87487	-0.626487	-0.218373	0.582817	1.23313
10.543	-0.683514	0.965556	-1.8746	-0.625222	-0.218015	0.58282	1.23313
10.556	-0.6848	0.965487	-1.87433	-0.62389	-0.21768	0.582824	1.23313
10.569	-0.685919	0.965459	-1.87413	-0.622556	-0.217332	0.582827	1.23313
10.582	-0.687076	0.965459	-1.87384	-0.621276	-0.217115	0.582832	1.23313
10.595	-0.688252	0.965417	-1.87351	-0.6198	-0.217058	0.582837	1.23313
10.608	-0.6894	0.965379	-1.87317	-0.618432	-0.21704	0.582844	1.23313
10.621	-0.690512	0.965371	-1.8729	-0.617007	-0.21703	0.582855	1.23313
10.634	-0.691688	0.965376	-1.87263	-0.615712	-0.217023	0.582894	1.23313
10.647	-0.692824	0.965379	-1.87235	-0.614539	-0.217019	0.583064	1.23313
10.66	-0.692824	0.965379	-1.87235	-0.614539	-0.217019	0.583064	1.23313
10.673	-0.693941	0.965371	-1.87215	-0.613324	-0.217011	0.583397	1.23313
10.686	-0.695086	0.965356	-1.87199	-0.612235	-0.216993	0.583714	1.23313
10.699	-0.696154	0.965354	-1.87186	-0.61133	-0.216983	0.584155	1.23313
10.712	-0.697217	0.965354	-1.87171	-0.610459	-0.21697	0.584794	1.23313
10.725	-0.698287	0.965347	-1.87154	-0.609613	-0.216874	0.586056	1.23313
10.738	-0.699271	0.965321	-1.87137	-0.608758	-0.216655	0.587535	1.23313
10.751	-0.700303	0.965312	-1.87121	-0.608046	-0.216473	0.588397	1.23313
10.764	-0.701181	0.965312	-1.8711	-0.607282	-0.216342	0.589469	1.23313
10.777	-0.702091	0.965312	-1.87097	-0.606611	-0.216124	0.591339	1.23313
10.79	-0.702865	0.96531	-1.87087	-0.605834	-0.21589	0.592658	1.23313
10.803	-0.702865	0.96531	-1.87087	-0.605834	-0.21589	0.592658	1.23313
10.816	-0.70365	0.965307	-1.87077	-0.605104	-0.215655	0.594424	1.23313
10.829	-0.704405	0.965307	-1.87068	-0.604273	-0.215391	0.595868	1.23313
10.842	-0.705053	0.965307	-1.87059	-0.603504	-0.215052	0.596862	1.23313
10.855	-0.705689	0.965307	-1.8705	-0.602848	-0.214665	0.598513	1.23313
10.868	-0.706325	0.965301	-1.87045	-0.602141	-0.214162	0.599568	1.23313
10.881	-0.70693	0.965275	-1.87039	-0.601342	-0.213559	0.599856	1.23313
10.894	-0.707543	0.96527	-1.87032	-0.600592	-0.213047	0.599856	1.23313
10.907	-0.70812	0.965266	-1.87024	-0.599848	-0.212569	0.599853	1.23313
10.92	-0.708693	0.965261	-1.87011	-0.599096	-0.211947	0.599853	1.23313
10.933	-0.708693	0.965261	-1.87011	-0.599096	-0.211947	0.599853	1.23313
10.946	-0.709274	0.96526	-1.86987	-0.598359	-0.211205	0.599853	1.23313
10.959	-0.709901	0.96526	-1.86959	-0.5976	-0.210517	0.599854	1.23313
10.972	-0.710556	0.96526	-1.86934	-0.596894	-0.210129	0.599854	1.23313
10.985	-0.711182	0.96526	-1.86918	-0.59627	-0.209898	0.599856	1.23313
10.998	-0.711838	0.96526	-1.8691	-0.595691	-0.209707	0.599856	1.23313
11.011	-0.712466	0.965257	-1.86908	-0.595108	-0.209534	0.599858	1.23313
11.024	-0.713121	0.965243	-1.86908	-0.594555	-0.209345	0.59986	1.23313
11.037	-0.71377	0.965242	-1.86908	-0.593943	-0.209161	0.599863	1.23313
11.05	-0.714357	0.965234	-1.86908	-0.593308	-0.209002	0.599875	1.23313
11.063	-0.714926	0.965205	-1.86908	-0.592786	-0.208881	0.599895	1.23313
11.076	-0.714926	0.965205	-1.86908	-0.592786	-0.208881	0.599895	1.23313
11.089	-0.715438	0.965164	-1.86908	-0.592284	-0.208762	0.599902	1.23313
11.102	-0.715943	0.965105	-1.86908	-0.591725	-0.208652	0.599911	1.23313
11.115	-0.716412	0.965027	-1.86908	-0.591172	-0.208601	0.599941	1.23313
11.128	-0.716879	0.964913	-1.86908	-0.590672	-0.20857	0.600015	1.23313
11.141	-0.717317	0.964797	-1.86908	-0.590125	-0.208544	0.600171	1.23313
11.154	-0.717732	0.964663	-1.86908	-0.589511	-0.208488	0.600494	1.23313
11.167	-0.718096	0.964503	-1.86908	-0.588953	-0.208435	0.601293	1.23313
11.18	-0.718405	0.964346	-1.86908	-0.588467	-0.208413	0.602641	1.23313
11.193	-0.718646	0.964186	-1.86908	-0.58799	-0.208376	0.603294	1.23313
11.206	-0.718646	0.964186	-1.86908	-0.58799	-0.208376	0.603294	1.23313
11.219	-0.71891	0.964052	-1.86908	-0.587527	-0.208286	0.603469	1.23313
11.232	-0.719208	0.963906	-1.86908	-0.587076	-0.208159	0.603505	1.23313
11.245	-0.71953	0.963762	-1.86908	-0.58658	-0.208069	0.603522	1.23313
11.258	-0.719893	0.963631	-1.86908	-0.586112	-0.208034	0.603534	1.23313
11.271	-0.720263	0.963526	-1.86908	-0.58567	-0.208016	0.603538	1.23313
11.284	-0.720604	0.963464	-1.86908	-0.585187	-0.208008	0.603538	1.23313
11.297	-0.720879	0.963423	-1.86908	-0.584729	-0.208	0.603546	1.23313
11.31	-0.721138	0.963415	-1.86908	-0.584269	-0.207991	0.603555	1.23313
11.323	-0.721377	0.963418	-1.86908	-0.583788	-0.207985	0.603565	1.23313
11.336	-0.721605	0.963419	-1.86908	-0.583291	-0.207981	0.603575	1.23313
11.349	-0.721605	0.963419	-1.86908	-0.583291	-0.207981	0.603575	1.23313
11.362	-0.721855	0.963419	-1.86908	-0.582826	-0.207977	0.603599	1.23313
11.375	-0.72211	0.963416	-1.86908	-0.582383	-0.207975	0.603661	1.23313
11.388	-0.722363	0.96341	-1.86908	-0.581936	-0.207965	0.603759	1.23313
11.401	-0.722573	0.963404	-1.86908	-0.581487	-0.20795	0.603887	1.23313
11.414	-0.722743	0.963405	-1.86908	-0.581063	-0.207948	0.604076	1.23313
11.427	-0.72289	0.963405	-1.86908	-0.58073	-0.207946	0.604426	1.23313
11.44	-0.723044	0.963405	-1.86908	-0.580444	-0.207944	0.605169	1.23313
11.453	-0.723216	0.963406	-1.86908	-0.580134	-0.20794	0.606415	1.23313
11.466	-0.723377	0.963406	-1.86908	-0.579788	-0.207936	0.606998	1.23313
11.479	-0.723377	0.963406	-1.86908	-0.579788	-0.207936	0.606998	1.23313
11.492	-0.723529	0.963404	-1.86908	-0.579445	-0.207918	0.607056	1.23313
11.505	-0.723687	0.963398	-1.86908	-0.57913	-0.207863	0.607054	1.23313
11.518	-0.723847	0.963395	-1.86908	-0.578832	-0.207803	0.607056	1.23313
11.531	-0.724023	0.963395	-1.86908	-0.578556	-0.207748	0.607056	1.23313
11.544	-0.724193	0.963391	-1.86908	-0.578298	-0.207723	0.607056	1.23313
11.557	-0.724343	0.963365	-1.86908	-0.57806	-0.207711	0.607056	1.23313
11.57	-0.72448	0.963343	-1.86908	-0.57784	-0.207691	0.607056	1.23313
11.583	-0.724591	0.963317	-1.86908	-0.577634	-0.207619	0.607056	1.23313
11.596	-0.724711	0.963294	-1.86908	-0.577485	-0.207562	0.607056	1.23313
11.609	-0.724825	0.963264	-1.86908	-0.577335	-0.207535	0.607056	1.23313
11.622	-0.724825	0.963264	-1.86908	-0.577335	-0.207535	0.607056	1.23313
11.635	-0.724907	0.963228	-1.86908	-0.577154	-0.207525	0.607056	1.23313
11.648	-0.724977	0.963204	-1.86908	-0.576971	-0.207513	0.607056	1.23313
11.661	-0.725053	0.963179	-1.86908	-0.576824	-0.207503	0.607056	1.23313
11.674	-0.725133	0.963138	-1.86908	-0.576724	-0.207492	0.607056	1.23313
11.687	-0.725233	0.963088	-1.86908	-0.576673	-0.20747	0.607056	1.23313
11.7	-0.725331	0.963014	-1.86908	-0.576594	-0.207423	0.607056	1.23313
11.713	-0.725427	0.96295	-1.86908	-0.576481	-0.207392	0.607056	1.23313
11.726	-0.725515	0.962893	-1.86908	-0.576373	-0.207388	0.607056	1.23313
11.739	-0.725601	0.962824	-1.86908	-0.576297	-0.207382	0.607056	1.23313
11.752	-0.725601	0.962824	-1.86908	-0.576297	-0.207382	0.607056	1.23313
11.765	-0.725688	0.96275	-1.86908	-0.576222	-0.207376	0.607056	1.23313
11.778	-0.725759	0.962663	-1.86908	-0.576111	-0.207376	0.607056	1.23313
11.791	-0.7258	0.962566	-1.86908	-0.575966	-0.207376	0.607054	1.23313
11.804	-0.725835	0.962483	-1.86908	-0.575828	-0.207376	0.607054	1.23313
11.817	-0.725863	0.962417	-1.86908	-0.575716	-0.207376	0.607056	1.23313
11.83	-0.725885	0.962377	-1.86908	-0.575615	-0.207376	0.607056	1.23313
11.843	-0.7259	0.962362	-1.86908	-0.575507	-0.207376	0.607056	1.23313
11.856	-0.725919	0.962359	-1.86908	-0.575396	-0.207378	0.607056	1.23313
11.869	-0.72595	0.962359	-1.86908	-0.575273	-0.207378	0.607056	1.23313
11.882	-0.725986	0.962359	-1.86908	-0.575128	-0.207378	0.607056	1.23313
11.895	-0.725986	0.962359	-1.86908	-0.575128	-0.207378	0.607056	1.23313
11.908	-0.726034	0.962358	-1.86908	-0.574967	-0.207378	0.607056	1.23313
11.921	-0.726085	0.962358	-1.86908	-0.574784	-0.207376	0.607056	1.23313
11.934	-0.72613	0.962355	-1.86908	-0.574569	-0.207376	0.607056	1.23313
11.947	-0.726165	0.962354	-1.86908	-0.574372	-0.207374	0.607056	1.23313
11.96	-0.726204	0.962353	-1.86908	-0.574203	-0.207372	0.607057	1.23313
11.973	-0.726241	0.962352	-1.86908	-0.574022	-0.20737	0.607057	1.23313
11.986	-0.726298	0.962349	-1.86908	-0.573862	-0.207357	0.607057	1.23313
11.999	-0.726384	0.962349	-1.86908	-0.573681	-0.207343	0.607059	1.23313
12.012	-0.726466	0.962349	-1.86908	-0.573479	-0.207337	0.607059	1.23313
12.025	-0.726525	0.962349	-1.86907	-0.573328	-0.207331	0.607061	1.23313
12.038	-0.726525	0.962349	-1.86907	-0.573328	-0.207331	0.607061	1.23313
12.051	-0.726569	0.962345	-1.86907	-0.573249	-0.207312	0.607061	1.23313
12.064	-0.726621	0.962337	-1.86907	-0.573199	-0.207278	0.607061	1.23313
12.077	-0.726686	0.962335	-1.86907	-0.573171	-0.207222	0.607061	1.23313
12.09	-0.726751	0.962332	-1.86907	-0.573151	-0.207179	0.607061	1.23313
12.103	-0.726839	0.962329	-1.86907	-0.573122	-0.207155	0.607061	1.23313
12.116	-0.726933	0.962329	-1.86907	-0.573079	-0.207124	0.607061	1.23313
12.129	-0.727031	0.962327	-1.86907	-0.57305	-0.207059	0.607061	1.23313
12.142	-0.727131	0.962326	-1.86907	-0.573027	-0.207001	0.607061	1.23313
12.155	-0.727223	0.962325	-1.86907	-0.572997	-0.206991	0.607061	1.23313
12.168	-0.727223	0.962325	-1.86907	-0.572997	-0.206991	0.607061	1.23313
12.181	-0.72731	0.962323	-1.86907	-0.572948	-0.206977	0.607061	1.23313
12.194	-0.727389	0.962318	-1.86907	-0.572896	-0.206934	0.607061	1.23313
12.207	-0.727472	0.962316	-1.86907	-0.572836	-0.206877	0.607061	1.23313
12.22	-0.727552	0.962316	-1.86907	-0.572777	-0.206821	0.607061	1.23313
12.233	-0.727633	0.962314	-1.86907	-0.572744	-0.206785	0.607061	1.23313
12.246	-0.727723	0.962314	-1.86907	-0.572681	-0.20676	0.607061	1.23313
12.259	-0.727792	0.962313	-1.86907	-0.572616	-0.206729	0.607061	1.23313
12.272	-0.727848	0.962312	-1.86907	-0.572583	-0.20667	0.607061	1.23313
12.285	-0.727908	0.962311	-1.86907	-0.572567	-0.206627	0.607061	1.23313
12.298	-0.727961	0.962311	-1.86907	-0.572552	-0.206613	0.607061	1.23313
12.311	-0.727961	0.962311	-1.86907	-0.572552	-0.206613	0.607061	1.23313
12.324	-0.728005	0.962311	-1.86907	-0.572526	-0.206603	0.607061	1.23313
12.337	-0.728045	0.962309	-1.86907	-0.572497	-0.206586	0.607061	1.23313
12.35	-0.728076	0.962309	-1.86907	-0.572458	-0.206578	0.607061	1.23313
12.363	-0.728092	0.962309	-1.86907	-0.57243	-0.206578	0.607061	1.23313
12.376	-0.728101	0.962309	-1.86907	-0.572395	-0.206578	0.607061	1.23313
12.389	-0.728104	0.962307	-1.86907	-0.572337	-0.206576	0.607061	1.23313
12.402	-0.728105	0.962307	-1.86907	-0.572276	-0.206576	0.607059	1.23313
12.415	-0.728105	0.962307	-1.86907	-0.572222	-0.206576	0.607061	1.23313
12.428	-0.728105	0.962307	-1.86907	-0.572176	-0.206578	0.607061	1.23313
12.441	-0.728105	0.962307	-1.86907	-0.572176	-0.206578	0.607061	1.23313
12.454	-0.728105	0.962296	-1.86907	-0.572112	-0.206578	0.607061	1.23313
12.467	-0.728105	0.96228	-1.86907	-0.57202	-0.206578	0.607061	1.23313
12.48	-0.728106	0.96227	-1.86907	-0.571934	-0.206576	0.607061	1.23313
12.493	-0.728106	0.962263	-1.86907	-0.571854	-0.206576	0.607061	1.23313
12.506	-0.728106	0.962253	-1.86907	-0.571787	-0.206574	0.607061	1.23313
12.519	-0.728106	0.962239	-1.86907	-0.571752	-0.206574	0.607061	1.23313
12.532	-0.728106	0.962238	-1.86907	-0.571712	-0.206574	0.607061	1.23313
12.545	-0.728106	0.962239	-1.86907	-0.571662	-0.206574	0.607061	1.23313
12.558	-0.728106	0.962239	-1.86907	-0.571587	-0.206574	0.607061	1.23313
12.571	-0.728106	0.962239	-1.86907	-0.571504	-0.206574	0.607061	1.23313
12.584	-0.728106	0.962239	-1.86907	-0.571504	-0.206574	0.607061	1.23313
12.597	-0.728106	0.962239	-1.86907	-0.571386	-0.206574	0.607063	1.23313
12.61	-0.728106	0.962239	-1.86907	-0.57123	-0.206574	0.607061	1.23313
12.623	-0.728108	0.962239	-1.86907	-0.571043	-0.206574	0.607063	1.23313
12.636	-0.728108	0.962239	-1.86907	-0.570839	-0.206574	0.607063	1.23313
12.649	-0.728108	0.962239	-1.86907	-0.570661	-0.206574	0.607063	1.23313
12.662	-0.728108	0.962239	-1.86907	-0.570477	-0.206576	0.607063	1.23313
12.675	-0.728108	0.962239	-1.86907	-0.570216	-0.206576	0.607063	1.23313
12.688	-0.728108	0.96224	-1.86907	-0.57	-0.206576	0.607063	1.23313
12.701	-0.728108	0.962239	-1.86907	-0.569855	-0.206576	0.607063	1.23313
12.714	-0.728108	0.962239	-1.86907	-0.569855	-0.206576	0.607063	1.23313
12.727	-0.728108	0.962239	-1.86907	-0.569718	-0.206576	0.607066	1.23313
12.74	-0.728108	0.96224	-1.86907	-0.569594	-0.206576	0.607071	1.23313
12.753	-0.728108	0.96224	-1.86907	-0.569488	-0.206578	0.607073	1.23313
12.766	-0.728108	0.962242	-1.86907	-0.569364	-0.206578	0.607078	1.23313
12.779	-0.728108	0.962242	-1.86907	-0.56921	-0.206578	0.607083	1.23313
12.792	-0.728108	0.962242	-1.86908	-0.569031	-0.20658	0.607088	1.23313
12.805	-0.728108	0.962243	-1.86908	-0.56882	-0.20658	0.607093	1.23313
12.818	-0.728108	0.962244	-1.86908	-0.568579	-0.20658	0.607098	1.23313
12.831	-0.728108	0.962244	-1.86908	-0.568381	-0.206582	0.6071	1.23313
12.844	-0.728108	0.962244	-1.86908	-0.568236	-0.206582	0.607102	1.23313
12.857	-0.728108	0.962244	-1.86908	-0.568236	-0.206582	0.607102	1.23313
12.87	-0.728108	0.962244	-1.86908	-0.568089	-0.206582	0.607103	1.23313
12.883	-0.728108	0.962245	-1.86908	-0.567949	-0.206582	0.607107	1.23313
12.896	-0.728108	0.962245	-1.86908	-0.567855	-0.206582	0.607107	1.23313
12.909	-0.728108	0.962245	-1.86908	-0.567779	-0.206582	0.607107	1.23313
12.922	-0.728108	0.962245	-1.86908	-0.567698	-0.206582	0.607107	1.23313
12.935	-0.728108	0.962245	-1.86908	-0.567614	-0.206582	0.607109	1.23313
12.948	-0.728108	0.962245	-1.86908	-0.567565	-0.206584	0.607109	1.23313
12.961	-0.728108	0.962247	-1.86908	-0.567524	-0.206584	0.607109	1.23313
12.974	-0.728108	0.962249	-1.86908	-0.567497	-0.206584	0.607109	1.23313
12.987	-0.728108	0.962249	-1.86908	-0.567497	-0.206584	0.607109	1.23313
13	-0.728108	0.96225	-1.86908	-0.567494	-0.206584	0.60711	1.23313
13.013	-0.728108	0.96225	-1.86908	-0.567492	-0.206584	0.60711	1.23313
13.026	-0.728109	0.96225	-1.86908	-0.56749	-0.206584	0.60711	1.23313
13.039	-0.728109	0.96225	-1.86908	-0.56749	-0.206586	0.60711	1.23313
13.052	-0.728109	0.96225	-1.86908	-0.567491	-0.206586	0.60711	1.23313
13.065	-0.728109	0.96225	-1.86908	-0.567492	-0.206586	0.607109	1.23313
13.078	-0.728109	0.96225	-1.86908	-0.567494	-0.206586	0.607109	1.23313
13.091	-0.728109	0.96225	-1.86908	-0.567494	-0.206586	0.607109	1.23313
13.104	-0.72811	0.96225	-1.86908	-0.567494	-0.206586	0.607109	1.23313
13.117	-0.72811	0.96225	-1.86908	-0.567494	-0.206586	0.607109	1.23313
13.13	-0.72811	0.96225	-1.86908	-0.567494	-0.206586	0.607109	1.23313
13.143	-0.72811	0.96225	-1.86908	-0.567492	-0.206586	0.607109	1.23313
13.156	-0.72811	0.96225	-1.86908	-0.567492	-0.206586	0.607109	1.23313
13.169	-0.72811	0.96225	-1.86908	-0.567492	-0.206586	0.607109	1.23313
13.182	-0.72811	0.96225	-1.86908	-0.567491	-0.206586	0.607109	1.23313
13.195	-0.72811	0.96225	-1.86908	-0.567487	-0.206586	0.607109	1.23313
13.208	-0.72811	0.96225	-1.86908	-0.567486	-0.206586	0.607109	1.23313
13.221	-0.72811	0.96225	-1.86908	-0.567488	-0.206586	0.607109	1.23313
13.234	-0.728112	0.96225	-1.86908	-0.567494	-0.206586	0.607109	1.23313
13.247	-0.728112	0.962249	-1.86908	-0.567496	-0.206586	0.607109	1.23313
13.26	-0.728112	0.962249	-1.86908	-0.567496	-0.206586	0.607109	1.23313
13.273	-0.728113	0.962249	-1.86908	-0.567499	-0.206586	0.607109	1.23313
13.286	-0.728115	0.962249	-1.86908	-0.5675	-0.206586	0.607109	1.23313
13.299	-0.728122	0.962249	-1.86908	-0.567501	-0.206586	0.607109	1.23313
13.312	-0.728133	0.96225	-1.86908	-0.567502	-0.206586	0.607109	1.23313
13.325	-0.728133	0.962249	-1.86908	-0.567502	-0.206586	0.607109	1.23313
13.338	-0.728133	0.962249	-1.86908	-0.567504	-0.206586	0.607109	1.23313
13.351	-0.728133	0.962249	-1.86908	-0.567504	-0.206586	0.607109	1.23313
13.364	-0.728133	0.96225	-1.86908	-0.567504	-0.206586	0.607109	1.23313
13.377	-0.728133	0.96225	-1.86908	-0.567504	-0.206586	0.607109	1.23313
13.39	-0.728133	0.96225	-1.86908	-0.567504	-0.206586	0.607109	1.23313
13.403	-0.728133	0.96225	-1.86908	-0.567504	-0.206586	0.607109	1.23313
13.416	-0.728133	0.96225	-1.86908	-0.567505	-0.206586	0.607109	1.23313
13.429	-0.728135	0.962252	-1.86908	-0.567504	-0.206586	0.607109	1.23313
13.442	-0.728135	0.962252	-1.86908	-0.567491	-0.206586	0.607109	1.23313
13.455	-0.728135	0.962252	-1.86908	-0.567474	-0.206586	0.607109	1.23313
13.468	-0.728135	0.962252	-1.86908	-0.567476	-0.206586	0.607109	1.23313
13.481	-0.728135	0.962253	-1.86908	-0.567476	-0.206586	0.607109	1.23313
13.494	-0.728135	0.962256	-1.86908	-0.567421	-0.206588	0.607109	1.23313
13.507	-0.728135	0.962256	-1.86908	-0.567334	-0.206586	0.607109	1.23313
13.52	-0.728135	0.962256	-1.86908	-0.567325	-0.206588	0.607109	1.23313
13.533	-0.728135	0.962256	-1.86908	-0.567325	-0.206588	0.607109	1.23313
13.546	-0.728135	0.962257	-1.86908	-0.567269	-0.206588	0.607109	1.23313
13.559	-0.728135	0.962257	-1.86908	-0.567155	-0.206588	0.607109	1.23313
13.572	-0.728135	0.962257	-1.86908	-0.567133	-0.206588	0.607109	1.23313
13.585	-0.728135	0.962258	-1.86908	-0.567115	-0.206588	0.607109	1.23313
13.598	-0.728135	0.962258	-1.86908	-0.567032	-0.206588	0.607109	1.23313
13.611	-0.728135	0.962258	-1.86908	-0.566986	-0.206588	0.607109	1.23313
13.624	-0.728135	0.962259	-1.86908	-0.566981	-0.206588	0.607109	1.23313
13.637	-0.728135	0.962259	-1.86908	-0.566961	-0.206588	0.607109	1.23313
13.65	-0.728135	0.962259	-1.86908	-0.566936	-0.206588	0.607109	1.23313
13.663	-0.728135	0.962259	-1.86908	-0.566936	-0.206588	0.607109	1.23313
13.676	-0.728135	0.962259	-1.86908	-0.566936	-0.206588	0.607109	1.23313
13.689	-0.728135	0.962259	-1.86908	-0.566935	-0.20659	0.607109	1.23313
13.702	-0.728135	0.962259	-1.86908	-0.566894	-0.206588	0.607109	1.23313
13.715	-0.728135	0.962259	-1.86908	-0.566811	-0.206588	0.607109	1.23313
13.728	-0.728135	0.962259	-1.86908	-0.566806	-0.20659	0.607109	1.23313
13.741	-0.728135	0.962259	-1.86908	-0.566806	-0.20659	0.607109	1.23313
13.754	-0.728135	0.962259	-1.86908	-0.566806	-0.20659	0.607109	1.23313
13.767	-0.728135	0.962259	-1.86908	-0.566806	-0.20659	0.607109	1.23313
13.78	-0.728135	0.962259	-1.86908	-0.566806	-0.20659	0.607109	1.23313
13.793	-0.728135	0.962259	-1.86908	-0.566806	-0.20659	0.607109	1.23313
13.806	-0.728135	0.962258	-1.86908	-0.566802	-0.20659	0.607109	1.23313
13.819	-0.728135	0.962258	-1.86908	-0.566802	-0.20659	0.607109	1.23313
13.832	-0.728135	0.962259	-1.86908	-0.566803	-0.20659	0.607109	1.23313
13.845	-0.728135	0.962259	-1.86908	-0.566802	-0.20659	0.607109	1.23313
13.858	-0.728135	0.962259	-1.86908	-0.566792	-0.20659	0.607109	1.23313
13.871	-0.728135	0.962259	-1.86908	-0.566713	-0.20659	0.607109	1.23313
13.884	-0.728135	0.962258	-1.86908	-0.566688	-0.20659	0.607109	1.23313
13.897	-0.728135	0.962259	-1.86908	-0.566687	-0.20659	0.607109	1.23313
13.91	-0.728135	0.962259	-1.86908	-0.566665	-0.20659	0.607109	1.23313
13.923	-0.728135	0.962259	-1.86908	-0.566611	-0.20659	0.607109	1.23313
13.936	-0.728135	0.962259	-1.86908	-0.566596	-0.20659	0.607109	1.23313
13.949	-0.728135	0.962259	-1.86908	-0.566596	-0.20659	0.607109	1.23313
13.962	-0.728135	0.962259	-1.86908	-0.566562	-0.20659	0.607109	1.23313
13.975	-0.728135	0.962259	-1.86908	-0.566496	-0.20659	0.607109	1.23313
13.988	-0.728135	0.962259	-1.86908	-0.566466	-0.20659	0.607109	1.23313
14.001	-0.728135	0.962259	-1.86908	-0.566457	-0.20659	0.607109	1.23313
14.014	-0.728135	0.962259	-1.86908	-0.566434	-0.20659	0.607109	1.23313
14.027	-0.728135	0.962259	-1.86908	-0.566366	-0.20659	0.607109	1.23313
14.04	-0.728135	0.962259	-1.86908	-0.566315	-0.20659	0.607109	1.23313
14.053	-0.728135	0.962259	-1.86908	-0.566297	-0.20659	0.607109	1.23313
14.066	-0.728135	0.962259	-1.86908	-0.566275	-0.20659	0.607109	1.23313
14.079	-0.728135	0.962259	-1.86908	-0.566255	-0.20659	0.607109	1.23313
14.092	-0.728135	0.962259	-1.86908	-0.566255	-0.20659	0.607109	1.23313
14.105	-0.728135	0.962259	-1.86908	-0.566232	-0.20659	0.607109	1.23313
14.118	-0.728135	0.962259	-1.86908	-0.566191	-0.20659	0.607109	1.23313
14.131	-0.728135	0.962259	-1.86908	-0.566119	-0.20659	0.607109	1.23313
14.144	-0.728135	0.962259	-1.86908	-0.566032	-0.20659	0.607109	1.23313
14.157	-0.728135	0.962261	-1.86908	-0.565943	-0.20659	0.607109	1.23313
14.17	-0.728135	0.962262	-1.86908	-0.565839	-0.206592	0.607109	1.23313
14.183	-0.728135	0.962263	-1.86908	-0.565741	-0.206592	0.60711	1.23313
14.196	-0.728135	0.962263	-1.86908	-0.565662	-0.206592	0.60711	1.23313
14.209	-0.728135	0.962263	-1.86908	-0.565609	-0.206592	0.60711	1.23313
14.222	-0.728135	0.962263	-1.86908	-0.565609	-0.206592	0.60711	1.23313
14.235	-0.728135	0.962263	-1.86908	-0.565551	-0.206592	0.60711	1.23313
14.248	-0.728135	0.962263	-1.86908	-0.565488	-0.206592	0.60711	1.23313
14.261	-0.728135	0.962263	-1.86908	-0.565438	-0.206592	0.607109	1.23313
14.274	-0.728135	0.962265	-1.86908	-0.565393	-0.206592	0.607109	1.23313
14.287	-0.728135	0.962265	-1.86908	-0.565336	-0.206592	0.607109	1.23313
14.3	-0.728135	0.962263	-1.86908	-0.565278	-0.206594	0.607109	1.23313
14.313	-0.728135	0.962265	-1.86908	-0.565227	-0.206592	0.607109	1.23313
14.326	-0.728135	0.962265	-1.86908	-0.565134	-0.206594	0.607109	1.23313
14.339	-0.728135	0.962265	-1.86908	-0.565006	-0.206594	0.60711	1.23313
14.352	-0.728135	0.962265	-1.86908	-0.5649	-0.206594	0.60711	1.23313
14.365	-0.728135	0.962265	-1.86908	-0.5649	-0.206594	0.60711	1.23313
14.378	-0.728135	0.962265	-1.86908	-0.564822	-0.206594	0.607112	1.23313
14.391	-0.728135	0.962265	-1.86908	-0.564752	-0.206594	0.607115	1.23313
14.404	-0.728135	0.962265	-1.86908	-0.564698	-0.206594	0.607119	1.23313
14.417	-0.728135	0.962266	-1.86908	-0.564666	-0.206594	0.607119	1.23313
14.43	-0.728135	0.962267	-1.86908	-0.564657	-0.206594	0.607119	1.23313
14.443	-0.728135	0.962266	-1.86908	-0.564654	-0.206594	0.607119	1.23313
14.456	-0.728135	0.962267	-1.86908	-0.564649	-0.206596	0.607119	1.23313
14.469	-0.728135	0.962267	-1.86908	-0.564624	-0.206596	0.607119	1.23313
14.482	-0.728135	0.962268	-1.86908	-0.564594	-0.206596	0.607119	1.23313
14.495	-0.728135	0.962268	-1.86908	-0.564594	-0.206596	0.607119	1.23313
14.508	-0.728135	0.962268	-1.86908	-0.564568	-0.206596	0.607119	1.23313
14.521	-0.728135	0.962268	-1.86908	-0.564515	-0.206596	0.607119	1.23313
14.534	-0.728135	0.962268	-1.86908	-0.564478	-0.206596	0.607119	1.23313
14.547	-0.728135	0.962268	-1.86908	-0.56444	-0.206596	0.607119	1.23313
14.56	-0.728135	0.962268	-1.86908	-0.564378	-0.206596	0.60712	1.23313
14.573	-0.728135	0.962268	-1.86908	-0.564307	-0.206596	0.607124	1.23313
14.586	-0.728135	0.962268	-1.86908	-0.564259	-0.206596	0.607127	1.23313
14.599	-0.728135	0.962268	-1.86908	-0.564211	-0.206596	0.607129	1.23313
14.612	-0.728135	0.96227	-1.86908	-0.564135	-0.206596	0.607129	1.23313
14.625	-0.728135	0.962268	-1.86908	-0.564034	-0.206596	0.607129	1.23313
14.638	-0.728135	0.962268	-1.86908	-0.564034	-0.206596	0.607129	1.23313
14.651	-0.728135	0.962268	-1.86908	-0.563933	-0.206596	0.607131	1.23313
14.664	-0.728135	0.962268	-1.86908	-0.563836	-0.206596	0.607131	1.23313
14.677	-0.728135	0.962268	-1.86908	-0.563754	-0.206596	0.607131	1.23313
14.69	-0.728135	0.962268	-1.86908	-0.563708	-0.206596	0.607131	1.23313
14.703	-0.728135	0.962267	-1.86908	-0.563652	-0.206596	0.607131	1.23313
14.716	-0.728135	0.962267	-1.86908	-0.563563	-0.206596	0.607131	1.23313
14.729	-0.728135	0.962268	-1.86908	-0.563504	-0.206596	0.607131	1.23313
14.742	-0.728135	0.962267	-1.86908	-0.563466	-0.206596	0.607131	1.23313
14.755	-0.728135	0.962267	-1.86908	-0.563426	-0.206596	0.607132	1.23313
