0.013	0.228293	1.3352	-1.87087	-1.47245	-0.207014	0.561374	1.23314
0.026	0.228293	1.3352	-1.87087	-1.47245	-0.207014	0.561374	1.23314
0.039	0.228406	1.33523	-1.87087	-1.47245	-0.207014	0.561374	1.23314
0.052	0.22844	1.33522	-1.87087	-1.47245	-0.207016	0.561374	1.23314
0.065	0.228445	1.33522	-1.87087	-1.47246	-0.207016	0.561374	1.23314
0.078	0.228507	1.33523	-1.87087	-1.47249	-0.207016	0.561375	1.23314
0.091	0.228507	1.33523	-1.87087	-1.47249	-0.207016	0.561375	1.23314
0.104	0.228621	1.33524	-1.87087	-1.4726	-0.207018	0.561375	1.23314
0.117	0.228778	1.33524	-1.87087	-1.47272	-0.20702	0.561377	1.23314
0.13	0.228885	1.33524	-1.87087	-1.47282	-0.207024	0.561377	1.23314
0.143	0.228888	1.33524	-1.87087	-1.47283	-0.207026	0.561377	1.23314
0.156	0.228876	1.33524	-1.87087	-1.47283	-0.20703	0.561377	1.23314
0.169	0.22887	1.33524	-1.87087	-1.47285	-0.20703	0.561377	1.23314
0.182	0.228867	1.33524	-1.87087	-1.47285	-0.207034	0.561375	1.23314
0.195	0.228862	1.33524	-1.87087	-1.47285	-0.207034	0.561375	1.23314
0.208	0.228856	1.33524	-1.87087	-1.47286	-0.207034	0.561375	1.23314
0.221	0.228855	1.33524	-1.87087	-1.47286	-0.207036	0.561375	1.23314
0.234	0.228855	1.33524	-1.87087	-1.47286	-0.207036	0.561375	1.23314
0.247	0.228853	1.33524	-1.87087	-1.47286	-0.207036	0.561375	1.23314
0.26	0.228808	1.33524	-1.87087	-1.47286	-0.207036	0.561374	1.23314
0.273	0.228751	1.33524	-1.87087	-1.47284	-0.207036	0.561372	1.23314
0.286	0.228746	1.33524	-1.87087	-1.47284	-0.207038	0.561372	1.23314
0.299	0.228743	1.33524	-1.87087	-1.47286	-0.207038	0.56137	1.23314
0.312	0.228743	1.33524	-1.87087	-1.47285	-0.20704	0.561365	1.23314
0.325	0.228743	1.33524	-1.87087	-1.47286	-0.207044	0.561362	1.23314
0.338	0.228743	1.33524	-1.87087	-1.47287	-0.207046	0.561357	1.23314
0.351	0.228743	1.33524	-1.87087	-1.47287	-0.207046	0.561351	1.23314
0.364	0.228743	1.33524	-1.87087	-1.47287	-0.207046	0.561351	1.23314
0.377	0.228743	1.33524	-1.87087	-1.47287	-0.207048	0.561348	1.23314
0.39	0.228743	1.33524	-1.87087	-1.47288	-0.207051	0.561341	1.23314
0.403	0.228743	1.33524	-1.87087	-1.47288	-0.207051	0.561334	1.23314
0.416	0.228742	1.33524	-1.87087	-1.47288	-0.207051	0.561326	1.23314
0.429	0.228743	1.33524	-1.87087	-1.47289	-0.207051	0.561317	1.23314
0.442	0.228743	1.33524	-1.87087	-1.47289	-0.207051	0.561309	1.23314
0.455	0.228743	1.33524	-1.87087	-1.47289	-0.207051	0.561299	1.23314
0.468	0.228748	1.33524	-1.87087	-1.47292	-0.207053	0.561285	1.23314
0.481	0.228762	1.33524	-1.87087	-1.47292	-0.207053	0.56126	1.23314
0.494	0.228762	1.33524	-1.87087	-1.47294	-0.207053	0.561222	1.23314
0.507	0.228762	1.33524	-1.87087	-1.47294	-0.207053	0.561222	1.23314
0.52	0.228762	1.33524	-1.87087	-1.47297	-0.207055	0.561185	1.23314
0.533	0.228762	1.33524	-1.87087	-1.47298	-0.207057	0.561156	1.23314
0.546	0.228762	1.33524	-1.87087	-1.473	-0.207059	0.56114	1.23314
0.559	0.228764	1.33524	-1.87087	-1.47303	-0.207059	0.561132	1.23314
0.572	0.228768	1.33524	-1.87087	-1.47304	-0.207061	0.561125	1.23314
0.585	0.228768	1.33524	-1.87087	-1.47306	-0.207061	0.561121	1.23314
0.598	0.228663	1.33524	-1.87087	-1.47309	-0.207061	0.56112	1.23314
0.611	0.228498	1.33525	-1.87088	-1.47308	-0.207063	0.561118	1.23314
0.624	0.228491	1.33524	-1.87087	-1.4732	-0.207063	0.561118	1.23314
0.637	0.228491	1.33524	-1.87087	-1.4732	-0.207063	0.561118	1.23314
0.65	0.228494	1.33525	-1.87086	-1.47341	-0.207063	0.561118	1.23314
0.663	0.228509	1.33525	-1.87087	-1.47347	-0.207063	0.561116	1.23314
0.676	0.228504	1.33525	-1.87087	-1.4735	-0.207063	0.561116	1.23314
0.689	0.228504	1.33526	-1.87087	-1.47365	-0.207063	0.561113	1.23314
0.702	0.228507	1.33528	-1.87087	-1.47369	-0.207065	0.56111	1.23314
0.715	0.228507	1.33527	-1.87087	-1.47377	-0.207065	0.561104	1.23314
0.728	0.228507	1.33527	-1.87087	-1.47386	-0.207067	0.561101	1.23314
0.741	0.228507	1.33527	-1.87087	-1.47391	-0.207069	0.561098	1.23314
0.754	0.228506	1.33527	-1.87087	-1.47399	-0.207071	0.561094	1.23314
0.767	0.228506	1.33527	-1.87087	-1.47406	-0.207071	0.561093	1.23314
0.78	0.228506	1.33527	-1.87087	-1.47406	-0.207071	0.561093	1.23314
0.793	0.228506	1.33527	-1.87087	-1.47411	-0.207071	0.561091	1.23314
0.806	0.228504	1.33527	-1.87087	-1.4742	-0.207071	0.561091	1.23314
0.819	0.228504	1.33527	-1.87087	-1.47426	-0.207071	0.561089	1.23314
0.832	0.228504	1.33527	-1.87087	-1.47433	-0.207073	0.561089	1.23314
0.845	0.228504	1.33527	-1.87087	-1.4744	-0.207073	0.561089	1.23314
0.858	0.228504	1.33527	-1.87087	-1.47445	-0.207073	0.561089	1.23314
0.871	0.228504	1.33527	-1.87087	-1.4745	-0.207073	0.561089	1.23314
0.884	0.228504	1.33527	-1.87087	-1.47455	-0.207073	0.561087	1.23314
0.897	0.228504	1.33527	-1.87087	-1.47458	-0.207075	0.561086	1.23314
0.91	0.228504	1.33527	-1.87087	-1.47458	-0.207075	0.561086	1.23314
0.923	0.228504	1.33527	-1.87087	-1.47463	-0.207075	0.561084	1.23314
0.936	0.228504	1.33527	-1.87087	-1.47466	-0.207077	0.561082	1.23314
0.949	0.228494	1.33527	-1.87087	-1.4747	-0.207079	0.561079	1.23314
0.962	0.228477	1.33527	-1.87087	-1.47473	-0.207079	0.561074	1.23314
0.975	0.228481	1.33527	-1.87087	-1.47476	-0.207081	0.561072	1.23314
0.988	0.228481	1.33527	-1.87087	-1.47479	-0.207083	0.561069	1.23314
1.001	0.228481	1.33527	-1.87087	-1.47482	-0.207083	0.561065	1.23314
1.014	0.228481	1.33527	-1.87087	-1.47484	-0.207083	0.561064	1.23314
1.027	0.228481	1.33527	-1.87087	-1.47486	-0.207083	0.561064	1.23314
1.04	0.228481	1.33527	-1.87087	-1.47487	-0.207083	0.561064	1.23314
1.053	0.228481	1.33527	-1.87087	-1.47487	-0.207083	0.561064	1.23314
1.066	0.228481	1.33527	-1.87087	-1.47489	-0.207083	0.561062	1.23314
1.079	0.22848	1.33527	-1.87087	-1.4749	-0.207085	0.56106	1.23314
1.092	0.228477	1.33527	-1.87087	-1.47491	-0.207085	0.561058	1.23314
1.105	0.228479	1.33527	-1.87087	-1.47493	-0.207085	0.561055	1.23314
1.118	0.22848	1.33527	-1.87087	-1.47494	-0.207087	0.561052	1.23314
1.131	0.22848	1.33527	-1.87087	-1.47496	-0.207087	0.561046	1.23314
1.144	0.22848	1.33527	-1.87087	-1.47497	-0.207089	0.561041	1.23314
1.157	0.22848	1.33527	-1.87087	-1.47499	-0.207091	0.561036	1.23314
1.17	0.22848	1.33527	-1.87087	-1.475	-0.207091	0.561031	1.23314
1.183	0.22848	1.33527	-1.87087	-1.47501	-0.207091	0.561028	1.23314
1.196	0.22848	1.33527	-1.87087	-1.47501	-0.207091	0.561028	1.23314
1.209	0.228481	1.33527	-1.87087	-1.47501	-0.207093	0.561024	1.23314
1.222	0.22848	1.33527	-1.87087	-1.47502	-0.207093	0.561023	1.23314
1.235	0.22848	1.33527	-1.87087	-1.47502	-0.207093	0.561023	1.23314
1.248	0.228481	1.33527	-1.87087	-1.47503	-0.207093	0.561021	1.23314
1.261	0.228481	1.33527	-1.87087	-1.47503	-0.207093	0.561021	1.23314
1.274	0.228481	1.33527	-1.87087	-1.47503	-0.207093	0.561019	1.23314
1.287	0.228481	1.33527	-1.87087	-1.47503	-0.207093	0.561016	1.23314
1.3	0.228482	1.33527	-1.87087	-1.47504	-0.207093	0.561012	1.23314
1.313	0.228482	1.33527	-1.87087	-1.47504	-0.207096	0.561009	1.23314
1.326	0.228482	1.33527	-1.87087	-1.47504	-0.207096	0.561009	1.23314
1.339	0.228482	1.33527	-1.87087	-1.47504	-0.207096	0.561004	1.23314
1.352	0.228482	1.33527	-1.87087	-1.47504	-0.207098	0.560999	1.23314
1.365	0.228482	1.33527	-1.87087	-1.47505	-0.2071	0.560992	1.23314
1.378	0.228482	1.33527	-1.87087	-1.47505	-0.2071	0.560985	1.23314
1.391	0.228482	1.33527	-1.87087	-1.47505	-0.207102	0.56098	1.23314
1.404	0.228484	1.33527	-1.87087	-1.47505	-0.207102	0.560975	1.23314
1.417	0.228484	1.33527	-1.87087	-1.47505	-0.207104	0.560973	1.23314
1.43	0.228484	1.33527	-1.87087	-1.47505	-0.207104	0.560971	1.23314
1.443	0.228484	1.33527	-1.87087	-1.47505	-0.207104	0.56097	1.23314
1.456	0.228484	1.33527	-1.87087	-1.47505	-0.207104	0.560968	1.23314
1.469	0.228484	1.33527	-1.87087	-1.47505	-0.207104	0.560968	1.23314
1.482	0.228484	1.33527	-1.87087	-1.47505	-0.207104	0.560966	1.23314
1.495	0.228482	1.33527	-1.87087	-1.47505	-0.207104	0.560965	1.23314
1.508	0.228484	1.33527	-1.87087	-1.47505	-0.207104	0.560961	1.23315
1.521	0.228484	1.33527	-1.87087	-1.47505	-0.207106	0.560956	1.23314
1.534	0.228484	1.33527	-1.87087	-1.47505	-0.207108	0.560953	1.23314
1.547	0.228484	1.33527	-1.87087	-1.47505	-0.20711	0.560946	1.23314
1.56	0.228484	1.33527	-1.87087	-1.47506	-0.20711	0.560941	1.23314
1.573	0.228484	1.33527	-1.87087	-1.47506	-0.20711	0.560936	1.23314
1.586	0.228484	1.33527	-1.87087	-1.47506	-0.207112	0.56093	1.23314
1.599	0.228484	1.33527	-1.87087	-1.47506	-0.207112	0.56093	1.23314
1.612	0.228484	1.33527	-1.87087	-1.47506	-0.207112	0.560927	1.23314
1.625	0.22848	1.33527	-1.87087	-1.47506	-0.207112	0.560924	1.23314
1.638	0.228476	1.33527	-1.87087	-1.47506	-0.207112	0.560922	1.23314
1.651	0.228477	1.33527	-1.87087	-1.47506	-0.207112	0.560919	1.23314
1.664	0.228477	1.33527	-1.87087	-1.47506	-0.207112	0.560917	1.23314
1.677	0.228477	1.33527	-1.87087	-1.47506	-0.207112	0.560914	1.23314
1.69	0.228477	1.33527	-1.87087	-1.47506	-0.207112	0.560908	1.23314
1.703	0.228477	1.33527	-1.87087	-1.47506	-0.207114	0.560902	1.23314
1.716	0.228477	1.33527	-1.87087	-1.47506	-0.207114	0.560891	1.23314
1.729	0.228477	1.33527	-1.87087	-1.47506	-0.207116	0.560879	1.23314
1.742	0.228477	1.33527	-1.87087	-1.47506	-0.207116	0.560879	1.23314
1.755	0.228477	1.33527	-1.87087	-1.47506	-0.207116	0.560866	1.23314
1.768	0.228461	1.33527	-1.87087	-1.47506	-0.207118	0.560849	1.23314
1.781	0.228406	1.33527	-1.87087	-1.47506	-0.207118	0.560821	1.23314
1.794	0.228405	1.33527	-1.87087	-1.47507	-0.20712	0.560767	1.23314
1.807	0.228398	1.33527	-1.87087	-1.47507	-0.20712	0.560695	1.23314
1.82	0.228398	1.33527	-1.87087	-1.47507	-0.20712	0.560602	1.23314
1.833	0.228399	1.33527	-1.87087	-1.47507	-0.20712	0.560506	1.23314
1.846	0.228398	1.33527	-1.87087	-1.47507	-0.20712	0.560392	1.23314
1.859	0.228398	1.33527	-1.87087	-1.47507	-0.20712	0.560194	1.23314
1.872	0.228398	1.33527	-1.87087	-1.47507	-0.20712	0.560194	1.23314
1.885	0.228397	1.33527	-1.87087	-1.47507	-0.20712	0.559916	1.23314
1.898	0.228393	1.33527	-1.87087	-1.47507	-0.20712	0.559855	1.23314
1.911	0.22835	1.33527	-1.87087	-1.47507	-0.207122	0.559847	1.23314
1.924	0.228259	1.33527	-1.87087	-1.47507	-0.207122	0.559841	1.23315
1.937	0.228212	1.33527	-1.87087	-1.4751	-0.207124	0.559836	1.23314
1.95	0.228171	1.33527	-1.87087	-1.47512	-0.207124	0.559831	1.23315
1.963	0.228173	1.33527	-1.87087	-1.47513	-0.207126	0.559828	1.23315
1.976	0.228174	1.33527	-1.87087	-1.47514	-0.207126	0.559826	1.23314
1.989	0.228174	1.33527	-1.87087	-1.47515	-0.207126	0.559826	1.23314
2.002	0.228174	1.33527	-1.87087	-1.47516	-0.207126	0.559824	1.23314
2.015	0.228174	1.33527	-1.87087	-1.47516	-0.207126	0.559824	1.23314
2.028	0.228174	1.33527	-1.87087	-1.47516	-0.207126	0.559824	1.23314
2.041	0.228141	1.33527	-1.87087	-1.47517	-0.207126	0.559824	1.23314
2.054	0.228053	1.33527	-1.87087	-1.47517	-0.207126	0.559824	1.23314
2.067	0.228027	1.33527	-1.87087	-1.4752	-0.207126	0.559823	1.23314
2.08	0.227993	1.33527	-1.87087	-1.47523	-0.207126	0.559821	1.23314
2.093	0.228001	1.33527	-1.87087	-1.47523	-0.207126	0.559818	1.23315
2.106	0.228004	1.33527	-1.87087	-1.47524	-0.207126	0.559814	1.23315
2.119	0.228004	1.33527	-1.87087	-1.47525	-0.207128	0.559812	1.23315
2.132	0.228007	1.33527	-1.87087	-1.47525	-0.207128	0.559811	1.23315
2.145	0.228007	1.33527	-1.87087	-1.47525	-0.207128	0.559811	1.23315
2.158	0.228007	1.33527	-1.87087	-1.47526	-0.20713	0.559807	1.23314
2.171	0.228008	1.33527	-1.87087	-1.47527	-0.20713	0.559807	1.23315
2.184	0.227989	1.33527	-1.87087	-1.47527	-0.20713	0.559806	1.23315
2.197	0.227951	1.33527	-1.87087	-1.47527	-0.207132	0.559806	1.23315
2.21	0.227964	1.33527	-1.87087	-1.47529	-0.207132	0.559806	1.23315
2.223	0.227969	1.33527	-1.87087	-1.4753	-0.207132	0.559804	1.23315
2.236	0.227971	1.33527	-1.87087	-1.4753	-0.207132	0.559804	1.23315
2.249	0.227971	1.33527	-1.87087	-1.47531	-0.207132	0.559804	1.23315
2.262	0.227971	1.33527	-1.87087	-1.47535	-0.207132	0.559802	1.23315
2.275	0.227972	1.33527	-1.87087	-1.47539	-0.207132	0.559802	1.23315
2.288	0.227972	1.33527	-1.87087	-1.47539	-0.207132	0.559802	1.23315
2.301	0.227972	1.33527	-1.87087	-1.47546	-0.207132	0.559801	1.23314
2.314	0.227965	1.33527	-1.87087	-1.4755	-0.207132	0.559801	1.23314
2.327	0.227949	1.33527	-1.87087	-1.47552	-0.207134	0.559797	1.23315
2.34	0.227957	1.33527	-1.87087	-1.47556	-0.207136	0.559795	1.23315
2.353	0.227961	1.33527	-1.8709	-1.47565	-0.207143	0.559794	1.23315
2.366	0.227961	1.33527	-1.87096	-1.47578	-0.207149	0.559794	1.23315
2.379	0.227953	1.33527	-1.87105	-1.47594	-0.207151	0.559794	1.23315
2.392	0.227948	1.33527	-1.87119	-1.47604	-0.207153	0.559794	1.23315
2.405	0.22792	1.33526	-1.87136	-1.47613	-0.207159	0.559794	1.23315
2.418	0.22786	1.33526	-1.87153	-1.47623	-0.207163	0.559794	1.23315
2.431	0.22786	1.33526	-1.87153	-1.47623	-0.207163	0.559794	1.23315
2.444	0.227763	1.33526	-1.87172	-1.47632	-0.207167	0.559794	1.23315
2.457	0.227598	1.33526	-1.87191	-1.47637	-0.207173	0.559794	1.23315
2.47	0.227351	1.33526	-1.87214	-1.47638	-0.207181	0.559794	1.23315
2.483	0.227057	1.33526	-1.87243	-1.47639	-0.207194	0.559794	1.23315
2.496	0.226708	1.33526	-1.87268	-1.47639	-0.207218	0.559794	1.23315
2.509	0.22635	1.33525	-1.87291	-1.47639	-0.207259	0.559794	1.23315
2.522	0.225955	1.33525	-1.87312	-1.47639	-0.207284	0.559794	1.23315
2.535	0.225527	1.33525	-1.8733	-1.47639	-0.207302	0.559794	1.23315
2.548	0.225099	1.33525	-1.87348	-1.47639	-0.207318	0.559794	1.23315
2.561	0.225099	1.33525	-1.87348	-1.47639	-0.207318	0.559794	1.23315
2.574	0.224632	1.33525	-1.87367	-1.47639	-0.207329	0.559795	1.23315
2.587	0.224168	1.33525	-1.87387	-1.47639	-0.207333	0.559795	1.23315
2.6	0.223696	1.33525	-1.87408	-1.47639	-0.207337	0.559795	1.23315
2.613	0.223186	1.33525	-1.87433	-1.47638	-0.207339	0.559795	1.23315
2.626	0.222637	1.33525	-1.87458	-1.47638	-0.207341	0.559795	1.23315
2.639	0.22207	1.33525	-1.87488	-1.47638	-0.207345	0.559795	1.23315
2.652	0.221499	1.33524	-1.8752	-1.47638	-0.207349	0.559795	1.23315
2.665	0.220888	1.33524	-1.87556	-1.47638	-0.207357	0.559795	1.23315
2.678	0.220308	1.33524	-1.87598	-1.47638	-0.207368	0.559795	1.23315
2.691	0.219706	1.33524	-1.87643	-1.47639	-0.207376	0.559795	1.23315
2.704	0.219706	1.33524	-1.87643	-1.47639	-0.207376	0.559795	1.23315
2.717	0.219092	1.33523	-1.87686	-1.47639	-0.207384	0.559795	1.23315
2.73	0.218435	1.33523	-1.87725	-1.47639	-0.207392	0.559795	1.23315
2.743	0.217745	1.33522	-1.87768	-1.47639	-0.207402	0.559795	1.23315
2.756	0.217025	1.33522	-1.87808	-1.47639	-0.207413	0.559795	1.23315
2.769	0.216299	1.33522	-1.87854	-1.47638	-0.207423	0.559795	1.23315
2.782	0.215588	1.3352	-1.87901	-1.47638	-0.207437	0.559795	1.23315
2.795	0.214789	1.3352	-1.87945	-1.47638	-0.207447	0.559795	1.23315
2.808	0.214007	1.3352	-1.87995	-1.47638	-0.20746	0.559795	1.23315
2.821	0.213186	1.33519	-1.88048	-1.47638	-0.207466	0.559795	1.23315
2.834	0.213186	1.33519	-1.88048	-1.47638	-0.207466	0.559795	1.23315
2.847	0.212374	1.33519	-1.88099	-1.47638	-0.207478	0.559795	1.23315
2.86	0.211567	1.33517	-1.88145	-1.47638	-0.20749	0.559795	1.23315
2.873	0.210673	1.33516	-1.88192	-1.47638	-0.207507	0.559794	1.23315
2.886	0.209801	1.33516	-1.88241	-1.47638	-0.207521	0.559794	1.23315
2.899	0.208849	1.33515	-1.88287	-1.47638	-0.207543	0.559794	1.23315
2.912	0.207978	1.33514	-1.88336	-1.47638	-0.207574	0.559794	1.23315
2.925	0.207057	1.33514	-1.88383	-1.47637	-0.207599	0.559794	1.23315
2.938	0.206141	1.33514	-1.88437	-1.47637	-0.207611	0.559794	1.23315
2.951	0.205169	1.33514	-1.88487	-1.47637	-0.207617	0.559794	1.23315
2.964	0.204257	1.33512	-1.88531	-1.47637	-0.207621	0.559794	1.23315
2.977	0.204257	1.33512	-1.88531	-1.47637	-0.207621	0.559794	1.23315
2.99	0.203315	1.33509	-1.88572	-1.47637	-0.207621	0.559794	1.23315
3.003	0.202259	1.33509	-1.88613	-1.47636	-0.207621	0.559794	1.23315
3.016	0.201134	1.33509	-1.88656	-1.47635	-0.207621	0.559794	1.23315
3.029	0.200062	1.33508	-1.88699	-1.47635	-0.207623	0.559794	1.23315
3.042	0.198889	1.33506	-1.88737	-1.47635	-0.207625	0.559794	1.23315
3.055	0.197821	1.33504	-1.88781	-1.47634	-0.207627	0.559794	1.23315
3.068	0.196631	1.33501	-1.88826	-1.47633	-0.207629	0.559794	1.23315
3.081	0.195451	1.33498	-1.8887	-1.47632	-0.207633	0.559794	1.23315
3.094	0.194211	1.33493	-1.88911	-1.4763	-0.20764	0.559794	1.23315
3.107	0.194211	1.33493	-1.88911	-1.4763	-0.20764	0.559794	1.23315
3.12	0.192977	1.33484	-1.88952	-1.4763	-0.207642	0.559792	1.23315
3.133	0.191647	1.33475	-1.88992	-1.4763	-0.207644	0.559792	1.23315
3.146	0.190193	1.33467	-1.89039	-1.47622	-0.207646	0.55979	1.23315
3.159	0.188784	1.33456	-1.89087	-1.47621	-0.207648	0.559789	1.23315
3.172	0.187349	1.33447	-1.8913	-1.47621	-0.207648	0.559789	1.23315
3.185	0.186009	1.33437	-1.89183	-1.47621	-0.207648	0.559789	1.23315
3.198	0.184635	1.33427	-1.89234	-1.47621	-0.207648	0.559789	1.23315
3.211	0.183238	1.33411	-1.89279	-1.4762	-0.207648	0.559789	1.23315
3.224	0.181899	1.33392	-1.89326	-1.47619	-0.207648	0.559789	1.23315
3.237	0.180537	1.33375	-1.89376	-1.47619	-0.20765	0.559787	1.23315
3.25	0.180537	1.33375	-1.89376	-1.47619	-0.20765	0.559787	1.23315
3.263	0.179161	1.33354	-1.89427	-1.47619	-0.20765	0.559785	1.23315
3.276	0.17777	1.33336	-1.89481	-1.47615	-0.20765	0.559782	1.23315
3.289	0.176242	1.33318	-1.89536	-1.47604	-0.207652	0.559773	1.23315
3.302	0.174718	1.33299	-1.89599	-1.47603	-0.207652	0.559761	1.23315
3.315	0.173262	1.33283	-1.8966	-1.47603	-0.207652	0.559746	1.23315
3.328	0.171891	1.33258	-1.89718	-1.47602	-0.207652	0.559727	1.23315
3.341	0.170487	1.33233	-1.89773	-1.476	-0.207652	0.5597	1.23315
3.354	0.169125	1.33209	-1.89833	-1.47594	-0.207654	0.559676	1.23315
3.367	0.167765	1.33181	-1.8989	-1.47585	-0.207654	0.559659	1.23315
3.38	0.167765	1.33181	-1.8989	-1.47585	-0.207654	0.559659	1.23315
3.393	0.166465	1.3315	-1.89948	-1.47568	-0.207654	0.559649	1.23315
3.406	0.165109	1.33113	-1.90008	-1.47542	-0.207654	0.559632	1.23315
3.419	0.163651	1.33085	-1.9007	-1.47505	-0.207654	0.559587	1.23315
3.432	0.162337	1.33054	-1.90138	-1.47471	-0.207654	0.55955	1.23315
3.445	0.161026	1.33031	-1.902	-1.47441	-0.207656	0.559518	1.23315
3.458	0.159795	1.33007	-1.90265	-1.47413	-0.207656	0.559499	1.23315
3.471	0.158602	1.32986	-1.90331	-1.47369	-0.207656	0.559497	1.23315
3.484	0.157372	1.3296	-1.90399	-1.47319	-0.207656	0.559497	1.23315
3.497	0.156222	1.32936	-1.90466	-1.47267	-0.207658	0.559495	1.23315
3.51	0.155085	1.32909	-1.90528	-1.47213	-0.207658	0.559495	1.23315
3.523	0.155085	1.32909	-1.90528	-1.47213	-0.207658	0.559495	1.23315
3.536	0.154006	1.32882	-1.90596	-1.47162	-0.207662	0.559495	1.23315
3.549	0.152882	1.32859	-1.90664	-1.47108	-0.207662	0.559494	1.23315
3.562	0.151711	1.32836	-1.90734	-1.47047	-0.207664	0.559494	1.23315
3.575	0.150613	1.32812	-1.90808	-1.46989	-0.207666	0.559494	1.23315
3.588	0.149575	1.3279	-1.90873	-1.46941	-0.207666	0.559494	1.23315
3.601	0.148658	1.32763	-1.90942	-1.46899	-0.207666	0.559494	1.23315
3.614	0.147699	1.32736	-1.91007	-1.46856	-0.207666	0.559494	1.23315
3.627	0.146798	1.32706	-1.91075	-1.46815	-0.207668	0.559494	1.23315
3.64	0.145896	1.32675	-1.91143	-1.46777	-0.207668	0.559494	1.23315
3.653	0.145896	1.32675	-1.91143	-1.46777	-0.207668	0.559494	1.23315
3.666	0.145051	1.32645	-1.9122	-1.46748	-0.20767	0.559494	1.23315
3.679	0.144148	1.32615	-1.91291	-1.46715	-0.207672	0.559494	1.23315
3.692	0.14322	1.32586	-1.91368	-1.46672	-0.207678	0.559494	1.23315
3.705	0.142183	1.32559	-1.91448	-1.46621	-0.207693	0.559494	1.23315
3.718	0.141249	1.32528	-1.9154	-1.46573	-0.207713	0.559494	1.23315
3.731	0.140247	1.32499	-1.91622	-1.4653	-0.207756	0.559494	1.23315
3.744	0.139306	1.32462	-1.91706	-1.4648	-0.20783	0.559494	1.23315
3.757	0.138306	1.32424	-1.91791	-1.46429	-0.207889	0.559494	1.23315
3.77	0.137295	1.32388	-1.91873	-1.46375	-0.207961	0.559494	1.23315
3.783	0.136304	1.32347	-1.91962	-1.4632	-0.208028	0.559495	1.23315
3.796	0.136304	1.32347	-1.91962	-1.4632	-0.208028	0.559495	1.23315
3.809	0.135232	1.32308	-1.92046	-1.46252	-0.208083	0.559495	1.23315
3.822	0.134136	1.32263	-1.92125	-1.46178	-0.20813	0.559495	1.23315
3.835	0.132979	1.32222	-1.92209	-1.46094	-0.208192	0.559495	1.23315
3.848	0.131832	1.32183	-1.92294	-1.46022	-0.208272	0.559495	1.23315
3.861	0.130727	1.32146	-1.92378	-1.45953	-0.20836	0.559495	1.23315
3.874	0.129679	1.3211	-1.92454	-1.45885	-0.208472	0.559495	1.23315
3.887	0.128613	1.32067	-1.92519	-1.45814	-0.208578	0.559495	1.23315
3.9	0.127511	1.32026	-1.92584	-1.45731	-0.208636	0.559495	1.23315
3.913	0.126397	1.31985	-1.9265	-1.45647	-0.208691	0.559495	1.23315
3.926	0.125348	1.31946	-1.92715	-1.45569	-0.208756	0.559497	1.23315
3.939	0.125348	1.31946	-1.92715	-1.45569	-0.208756	0.559497	1.23315
3.952	0.124203	1.31908	-1.9278	-1.4549	-0.208812	0.559497	1.23315
3.965	0.123035	1.31868	-1.92843	-1.45399	-0.208881	0.559497	1.23315
3.978	0.121757	1.3183	-1.92902	-1.45291	-0.208979	0.559497	1.23315
3.991	0.120486	1.3179	-1.92964	-1.45196	-0.2091	0.559497	1.23315
4.004	0.119267	1.31757	-1.93027	-1.451	-0.209219	0.559495	1.23315
4.017	0.118012	1.31717	-1.93093	-1.45005	-0.209327	0.559495	1.23315
4.03	0.116733	1.31678	-1.93152	-1.44904	-0.209411	0.559497	1.23315
4.043	0.115435	1.31635	-1.93208	-1.44804	-0.209464	0.559497	1.23315
4.056	0.114135	1.31583	-1.93257	-1.44709	-0.209486	0.559497	1.23315
4.069	0.114135	1.31583	-1.93257	-1.44709	-0.209486	0.559497	1.23315
4.082	0.112822	1.31536	-1.93306	-1.44608	-0.209507	0.559497	1.23315
4.095	0.111378	1.31488	-1.9336	-1.44504	-0.209521	0.559497	1.23315
4.108	0.109899	1.31444	-1.93421	-1.44399	-0.209534	0.559497	1.23315
4.121	0.108424	1.31399	-1.93481	-1.44306	-0.209548	0.559497	1.23315
4.134	0.106955	1.3136	-1.93545	-1.44209	-0.209562	0.559497	1.23315
4.147	0.105552	1.31316	-1.93607	-1.44112	-0.209576	0.559497	1.23315
4.16	0.104088	1.31272	-1.93656	-1.44022	-0.209589	0.559497	1.23315
4.173	0.102697	1.31225	-1.93712	-1.43934	-0.209603	0.559497	1.23315
4.186	0.101332	1.31174	-1.93766	-1.43845	-0.209613	0.559499	1.23315
4.199	0.0999004	1.31122	-1.93814	-1.43744	-0.209624	0.559499	1.23315
4.212	0.0999004	1.31122	-1.93814	-1.43744	-0.209624	0.559499	1.23315
4.225	0.0984892	1.31066	-1.93875	-1.4365	-0.20963	0.559499	1.23315
4.238	0.0970575	1.31022	-1.93943	-1.43557	-0.209636	0.559499	1.23315
4.251	0.0955312	1.30978	-1.94013	-1.43453	-0.20964	0.559499	1.23315
4.264	0.094056	1.30927	-1.94077	-1.4334	-0.209642	0.559499	1.23315
4.277	0.0926076	1.30882	-1.94141	-1.43232	-0.209644	0.559499	1.23315
4.29	0.0912731	1.30836	-1.94211	-1.43124	-0.209648	0.559499	1.23315
4.303	0.0899858	1.3079	-1.94278	-1.43004	-0.209652	0.559499	1.23315
4.316	0.0886768	1.3074	-1.94348	-1.42878	-0.209662	0.559499	1.23315
4.329	0.0874522	1.30695	-1.94412	-1.4275	-0.209673	0.559499	1.23315
4.342	0.0874522	1.30695	-1.94412	-1.4275	-0.209673	0.559499	1.23315
4.355	0.0862774	1.30647	-1.94479	-1.42619	-0.209683	0.559499	1.23315
4.368	0.0850208	1.30601	-1.94548	-1.42485	-0.209703	0.559501	1.23315
4.381	0.0838077	1.30559	-1.94626	-1.42352	-0.209752	0.559501	1.23315
4.394	0.082615	1.30514	-1.94704	-1.42217	-0.209806	0.559501	1.23315
4.407	0.081416	1.3047	-1.94772	-1.42086	-0.209875	0.559501	1.23315
4.42	0.0803256	1.30427	-1.94841	-1.41955	-0.209981	0.559501	1.23315
4.433	0.0791853	1.30381	-1.94909	-1.41822	-0.210104	0.559501	1.23315
4.446	0.078045	1.30335	-1.94974	-1.41683	-0.210266	0.559501	1.23315
4.459	0.0768843	1.3029	-1.95043	-1.41547	-0.210446	0.559501	1.23315
4.472	0.0757224	1.30245	-1.95115	-1.41398	-0.210624	0.559501	1.23315
4.485	0.0757224	1.30245	-1.95115	-1.41398	-0.210624	0.559501	1.23315
4.498	0.0745194	1.30196	-1.95182	-1.41247	-0.210879	0.559501	1.23315
4.511	0.0732987	1.30147	-1.95243	-1.41096	-0.211335	0.559501	1.23315
4.524	0.0719807	1.30098	-1.95308	-1.40931	-0.211974	0.559501	1.23315
4.537	0.0706845	1.30045	-1.95373	-1.40776	-0.212763	0.559501	1.23315
4.55	0.0693678	1.29991	-1.95439	-1.40621	-0.213589	0.559501	1.23315
4.563	0.0680729	1.29936	-1.95513	-1.40465	-0.214279	0.559501	1.23315
4.576	0.0667729	1.29879	-1.95577	-1.40315	-0.215011	0.559501	1.23315
4.589	0.065423	1.29818	-1.95636	-1.40164	-0.215694	0.559501	1.23315
4.602	0.064105	1.29759	-1.95703	-1.40012	-0.216252	0.559501	1.23315
4.615	0.064105	1.29759	-1.95703	-1.40012	-0.216252	0.559501	1.23315
4.628	0.0627526	1.29699	-1.95765	-1.39858	-0.216551	0.559501	1.23315
4.641	0.0613375	1.29629	-1.95822	-1.39703	-0.216729	0.559501	1.23315
4.654	0.0599633	1.29571	-1.95886	-1.39544	-0.216897	0.559501	1.23315
4.667	0.0585392	1.29511	-1.95954	-1.39385	-0.21706	0.559501	1.23315
4.68	0.0570755	1.2945	-1.96005	-1.39233	-0.217255	0.559501	1.23315
4.693	0.055741	1.29392	-1.96062	-1.39068	-0.217463	0.559501	1.23315
4.706	0.0543285	1.29333	-1.96118	-1.38906	-0.217655	0.559501	1.23315
4.719	0.0529261	1.29277	-1.96169	-1.38742	-0.21795	0.559501	1.23315
4.732	0.0515264	1.29212	-1.96218	-1.38568	-0.218359	0.559501	1.23315
4.745	0.0501471	1.29152	-1.96263	-1.384	-0.218817	0.559501	1.23315
4.758	0.0501471	1.29152	-1.96263	-1.384	-0.218817	0.559501	1.23315
4.771	0.0487269	1.29097	-1.9632	-1.38226	-0.219263	0.559501	1.23315
4.784	0.0472747	1.29041	-1.9637	-1.38051	-0.219664	0.559502	1.23315
4.797	0.0458008	1.28986	-1.96409	-1.37869	-0.21996	0.559502	1.23315
4.81	0.0443371	1.28932	-1.96453	-1.37685	-0.220155	0.559502	1.23315
4.823	0.0428965	1.28879	-1.96496	-1.37499	-0.220316	0.559502	1.23315
4.836	0.041374	1.28822	-1.96537	-1.37307	-0.220476	0.559502	1.23315
4.849	0.0399154	1.28764	-1.96578	-1.37106	-0.220627	0.559502	1.23315
4.862	0.0383751	1.28707	-1.96618	-1.36911	-0.220746	0.559502	1.23315
4.875	0.0368104	1.2865	-1.96662	-1.36715	-0.22086	0.559502	1.23315
4.888	0.0368104	1.2865	-1.96662	-1.36715	-0.22086	0.559502	1.23315
4.901	0.0352266	1.28589	-1.96711	-1.36523	-0.220932	0.559502	1.23315
4.914	0.0335724	1.28527	-1.96744	-1.3633	-0.220987	0.559502	1.23315
4.927	0.0318403	1.2846	-1.96782	-1.36129	-0.221006	0.559502	1.23315
4.94	0.0301286	1.28391	-1.96818	-1.35937	-0.221016	0.559502	1.23315
4.953	0.0283761	1.28324	-1.96848	-1.35746	-0.22103	0.559502	1.23315
4.966	0.0267232	1.28258	-1.96886	-1.3556	-0.221044	0.559502	1.23315
4.979	0.0249118	1.28188	-1.96915	-1.35369	-0.221065	0.559502	1.23315
4.992	0.0231835	1.28114	-1.96945	-1.35178	-0.22109	0.559502	1.23315
5.005	0.0213057	1.28039	-1.96967	-1.34981	-0.221112	0.559501	1.23315
5.018	0.0194994	1.27964	-1.96994	-1.34787	-0.221147	0.559501	1.23315
5.031	0.0194994	1.27964	-1.96994	-1.34787	-0.221147	0.559501	1.23315
5.044	0.01755	1.27889	-1.97014	-1.34595	-0.221184	0.559501	1.23315
5.057	0.0156069	1.2782	-1.97039	-1.34403	-0.221233	0.559502	1.23315
5.07	0.0134939	1.27749	-1.97067	-1.34206	-0.221265	0.559502	1.23315
5.083	0.0114908	1.27678	-1.97086	-1.34014	-0.221302	0.559502	1.23315
5.096	0.00944419	1.27604	-1.97091	-1.33825	-0.221331	0.559502	1.23315
5.109	0.00751904	1.27532	-1.97099	-1.33642	-0.221362	0.559502	1.23315
5.122	0.00546222	1.2746	-1.97102	-1.33451	-0.221384	0.559502	1.23315
5.135	0.00345655	1.27393	-1.97104	-1.33264	-0.221425	0.559502	1.23315
5.148	0.00141124	1.27324	-1.97106	-1.33074	-0.221452	0.559502	1.23315
5.161	0.00141124	1.27324	-1.97106	-1.33074	-0.221452	0.559502	1.23315
5.174	-0.000573969	1.27254	-1.97107	-1.32896	-0.221472	0.559502	1.23315
5.187	-0.00262438	1.27185	-1.97107	-1.32717	-0.221484	0.559502	1.23315
5.2	-0.00467354	1.27116	-1.9711	-1.32548	-0.221494	0.559502	1.23315
5.213	-0.00683005	1.27052	-1.97112	-1.32367	-0.221501	0.559502	1.23315
5.226	-0.00889453	1.26985	-1.97115	-1.32198	-0.221511	0.559502	1.23315
5.239	-0.0109475	1.26924	-1.97115	-1.32031	-0.221519	0.559504	1.23315
5.252	-0.0129315	1.26856	-1.97115	-1.31865	-0.221523	0.559504	1.23315
5.265	-0.014918	1.26792	-1.97115	-1.31702	-0.221529	0.559506	1.23315
5.278	-0.0168904	1.26733	-1.97115	-1.31532	-0.221533	0.559506	1.23315
5.291	-0.0188309	1.26673	-1.97116	-1.31366	-0.221539	0.559506	1.23315
5.304	-0.0188309	1.26673	-1.97116	-1.31366	-0.221539	0.559506	1.23315
5.317	-0.0207394	1.26612	-1.97116	-1.31202	-0.221542	0.559506	1.23315
5.33	-0.0227157	1.26552	-1.97116	-1.31037	-0.221544	0.559506	1.23315
5.343	-0.0246639	1.26491	-1.97119	-1.3087	-0.221546	0.559506	1.23315
5.356	-0.0266465	1.26431	-1.97119	-1.30701	-0.221548	0.559506	1.23315
5.369	-0.0285282	1.26372	-1.97119	-1.30544	-0.221548	0.559506	1.23315
5.382	-0.0303907	1.26316	-1.9712	-1.30375	-0.221548	0.559506	1.23315
5.395	-0.0322059	1.26255	-1.97121	-1.30211	-0.22155	0.559506	1.23315
5.408	-0.0340633	1.262	-1.97121	-1.30039	-0.22155	0.559506	1.23315
5.421	-0.0358542	1.26139	-1.97121	-1.29867	-0.221552	0.559506	1.23315
5.434	-0.0358542	1.26139	-1.97121	-1.29867	-0.221552	0.559506	1.23315
5.447	-0.0376401	1.26081	-1.97121	-1.29695	-0.221554	0.559507	1.23315
5.46	-0.0394182	1.26017	-1.97123	-1.29518	-0.221556	0.559507	1.23315
5.473	-0.0412884	1.25956	-1.97122	-1.29348	-0.221558	0.559509	1.23315
5.486	-0.0432352	1.259	-1.97123	-1.29156	-0.22156	0.559509	1.23315
5.499	-0.0451757	1.25838	-1.97124	-1.28983	-0.221564	0.559509	1.23315
5.512	-0.0471111	1.25783	-1.97124	-1.288	-0.221566	0.559511	1.23315
5.525	-0.049035	1.2572	-1.97124	-1.28631	-0.221568	0.559511	1.23315
5.538	-0.0509026	1.25662	-1.97124	-1.28452	-0.22157	0.559511	1.23315
5.551	-0.0528316	1.256	-1.97124	-1.28285	-0.221572	0.559511	1.23315
5.564	-0.0546877	1.25542	-1.97124	-1.28112	-0.221574	0.559511	1.23315
5.577	-0.0546877	1.25542	-1.97124	-1.28112	-0.221574	0.559511	1.23315
5.59	-0.0565502	1.25485	-1.97124	-1.27945	-0.221574	0.559511	1.23315
5.603	-0.0583999	1.25435	-1.97125	-1.27781	-0.221576	0.559511	1.23315
5.616	-0.0603072	1.25379	-1.97125	-1.27611	-0.221576	0.559511	1.23315
5.629	-0.0621927	1.25324	-1.97124	-1.27446	-0.221578	0.559511	1.23315
5.642	-0.0640245	1.25265	-1.97124	-1.27286	-0.221578	0.559511	1.23315
5.655	-0.0658896	1.25213	-1.97125	-1.27124	-0.22158	0.559511	1.23315
5.668	-0.0676537	1.25158	-1.97125	-1.26972	-0.221584	0.559511	1.23315
5.681	-0.0694638	1.2511	-1.97124	-1.2681	-0.221589	0.559511	1.23315
5.694	-0.0711703	1.25061	-1.97124	-1.26659	-0.221593	0.559512	1.23315
5.707	-0.0729178	1.25014	-1.97124	-1.26504	-0.221597	0.559512	1.23315
5.72	-0.0729178	1.25014	-1.97124	-1.26504	-0.221597	0.559512	1.23315
5.733	-0.0746256	1.24965	-1.97124	-1.26346	-0.221601	0.559512	1.23315
5.746	-0.0763973	1.24919	-1.97124	-1.26191	-0.221605	0.559512	1.23315
5.759	-0.0782049	1.24876	-1.97124	-1.26018	-0.221611	0.559512	1.23315
5.772	-0.0799779	1.24826	-1.97124	-1.25862	-0.221613	0.559512	1.23315
5.785	-0.0817727	1.24788	-1.97124	-1.25694	-0.221615	0.559512	1.23315
5.798	-0.0834997	1.24738	-1.97124	-1.25535	-0.221615	0.559512	1.23315
5.811	-0.0852471	1.24699	-1.97124	-1.2537	-0.221615	0.559512	1.23315
5.824	-0.0869741	1.24654	-1.97124	-1.25205	-0.221617	0.559512	1.23315
5.837	-0.0886628	1.24617	-1.97124	-1.25041	-0.221617	0.559512	1.23315
5.85	-0.0886628	1.24617	-1.97124	-1.25041	-0.221617	0.559512	1.23315
5.863	-0.0903323	1.24578	-1.97124	-1.24875	-0.221619	0.559512	1.23315
5.876	-0.092058	1.24539	-1.97123	-1.24721	-0.221621	0.559512	1.23314
5.889	-0.0937812	1.24505	-1.97124	-1.24558	-0.221623	0.559514	1.23314
5.902	-0.0954865	1.24464	-1.97123	-1.24405	-0.221625	0.559514	1.23314
5.915	-0.0971713	1.24431	-1.97123	-1.24256	-0.221629	0.559516	1.23314
5.928	-0.0988599	1.24393	-1.97123	-1.24106	-0.221632	0.559516	1.23314
5.941	-0.100629	1.24357	-1.97123	-1.2396	-0.221634	0.559518	1.23314
5.954	-0.102304	1.24319	-1.97123	-1.23813	-0.221636	0.559519	1.23314
5.967	-0.10405	1.24279	-1.97123	-1.23662	-0.221638	0.559519	1.23314
5.98	-0.105727	1.2424	-1.97123	-1.23518	-0.221638	0.559521	1.23314
5.993	-0.105727	1.2424	-1.97123	-1.23518	-0.221638	0.559521	1.23314
6.006	-0.107388	1.24198	-1.97123	-1.23373	-0.221638	0.559521	1.23314
6.019	-0.109107	1.24159	-1.97123	-1.23223	-0.22164	0.559521	1.23314
6.032	-0.110798	1.24122	-1.97123	-1.2308	-0.22164	0.559521	1.23314
6.045	-0.112514	1.24082	-1.97123	-1.2293	-0.22164	0.559523	1.23314
6.058	-0.114227	1.24044	-1.97123	-1.22787	-0.22164	0.559523	1.23314
6.071	-0.115918	1.24002	-1.97123	-1.22645	-0.22164	0.559524	1.23314
6.084	-0.117623	1.23962	-1.97123	-1.22494	-0.22164	0.559526	1.23314
6.097	-0.119367	1.23922	-1.97123	-1.22352	-0.221642	0.559528	1.23314
6.11	-0.121078	1.23887	-1.97123	-1.222	-0.221644	0.559531	1.23314
6.123	-0.121078	1.23887	-1.97123	-1.222	-0.221644	0.559531	1.23314
6.136	-0.122813	1.23845	-1.97123	-1.22051	-0.221646	0.559533	1.23314
6.149	-0.124568	1.23811	-1.97123	-1.21899	-0.221648	0.559533	1.23314
6.162	-0.126298	1.2377	-1.97123	-1.21738	-0.22165	0.559535	1.23314
6.175	-0.128012	1.23727	-1.97123	-1.2158	-0.221652	0.559535	1.23314
6.188	-0.129658	1.23692	-1.97123	-1.21422	-0.221652	0.559535	1.23314
6.201	-0.131337	1.2365	-1.97123	-1.21265	-0.221652	0.559535	1.23314
6.214	-0.132954	1.23616	-1.97123	-1.21106	-0.221654	0.559535	1.23314
6.227	-0.134551	1.2358	-1.97122	-1.20947	-0.221654	0.559536	1.23314
6.24	-0.136175	1.23549	-1.97123	-1.20791	-0.221654	0.559536	1.23314
6.253	-0.13774	1.23514	-1.97123	-1.20643	-0.221654	0.559538	1.23314
6.266	-0.13774	1.23514	-1.97123	-1.20643	-0.221654	0.559538	1.23314
6.279	-0.139397	1.23478	-1.97123	-1.20496	-0.221654	0.559538	1.23314
6.292	-0.140973	1.23445	-1.97123	-1.20354	-0.221654	0.559543	1.23314
6.305	-0.142621	1.23414	-1.97122	-1.2021	-0.221656	0.559548	1.23314
6.318	-0.144304	1.2338	-1.97122	-1.2007	-0.221656	0.559552	1.23314
6.331	-0.145894	1.23342	-1.97122	-1.19935	-0.221658	0.559557	1.23314
6.344	-0.147546	1.23304	-1.97122	-1.19788	-0.221658	0.559562	1.23314
6.357	-0.149182	1.23267	-1.97122	-1.19643	-0.221658	0.559567	1.23314
6.37	-0.15083	1.23229	-1.97121	-1.19504	-0.221658	0.559572	1.23314
6.383	-0.152488	1.23196	-1.97121	-1.19352	-0.221658	0.559576	1.23314
6.396	-0.152488	1.23196	-1.97121	-1.19352	-0.221658	0.559576	1.23314
6.409	-0.154082	1.23162	-1.97121	-1.19212	-0.221658	0.559579	1.23314
6.422	-0.155712	1.23131	-1.97121	-1.19063	-0.22166	0.559582	1.23314
6.435	-0.157374	1.23097	-1.97121	-1.18912	-0.22166	0.559586	1.23314
6.448	-0.159057	1.23065	-1.97121	-1.18771	-0.22166	0.559594	1.23314
6.461	-0.160699	1.23037	-1.97121	-1.18622	-0.22166	0.55961	1.23314
6.474	-0.162355	1.23002	-1.97121	-1.18482	-0.22166	0.559622	1.23314
6.487	-0.164022	1.22974	-1.97121	-1.18339	-0.22166	0.559652	1.23314
6.5	-0.165678	1.22938	-1.97121	-1.18191	-0.22166	0.559702	1.23314
6.513	-0.167348	1.22902	-1.97121	-1.18045	-0.221658	0.559746	1.23314
6.526	-0.16893	1.22864	-1.97121	-1.17897	-0.221658	0.559797	1.23314
6.539	-0.16893	1.22864	-1.97121	-1.17897	-0.221658	0.559797	1.23314
6.552	-0.170609	1.22826	-1.97121	-1.17745	-0.22166	0.55986	1.23314
6.565	-0.172244	1.22791	-1.97121	-1.17596	-0.22166	0.559932	1.23314
6.578	-0.173909	1.22758	-1.97121	-1.1744	-0.22166	0.560041	1.23314
6.591	-0.175601	1.22725	-1.97121	-1.17289	-0.221662	0.560158	1.23314
6.604	-0.177231	1.22687	-1.97121	-1.17145	-0.221662	0.560295	1.23314
6.617	-0.178972	1.22647	-1.97121	-1.16997	-0.221662	0.560501	1.23314
6.63	-0.180634	1.22607	-1.97121	-1.16855	-0.221662	0.560798	1.23314
6.643	-0.182329	1.22566	-1.9712	-1.16713	-0.22166	0.56113	1.23314
6.656	-0.184062	1.22528	-1.9712	-1.16566	-0.22166	0.561645	1.23314
6.669	-0.184062	1.22528	-1.9712	-1.16566	-0.22166	0.561645	1.23314
6.682	-0.185696	1.22487	-1.9712	-1.16427	-0.22166	0.562773	1.23314
6.695	-0.187355	1.22449	-1.9712	-1.16283	-0.22166	0.563709	1.23314
6.708	-0.189015	1.2241	-1.9712	-1.1614	-0.221662	0.563975	1.23314
6.721	-0.19069	1.22375	-1.9712	-1.16001	-0.221662	0.563992	1.23314
6.734	-0.192338	1.22342	-1.9712	-1.15851	-0.221662	0.563988	1.23314
6.747	-0.194003	1.22308	-1.9712	-1.15708	-0.221662	0.563987	1.23314
6.76	-0.195594	1.22279	-1.97119	-1.15555	-0.221662	0.563987	1.23314
6.773	-0.197252	1.22246	-1.97119	-1.15405	-0.221662	0.563987	1.23314
6.786	-0.198914	1.22215	-1.97119	-1.15254	-0.221662	0.563987	1.23314
6.799	-0.200533	1.22182	-1.97119	-1.15097	-0.221662	0.563988	1.23314
6.812	-0.200533	1.22182	-1.97119	-1.15097	-0.221662	0.563988	1.23314
6.825	-0.202227	1.22151	-1.97119	-1.1494	-0.221662	0.563988	1.23314
6.838	-0.203886	1.22124	-1.97119	-1.1478	-0.22166	0.563992	1.23314
6.851	-0.205607	1.22098	-1.97119	-1.14614	-0.22166	0.563998	1.23314
6.864	-0.207265	1.22071	-1.97119	-1.14449	-0.22166	0.564019	1.23314
6.877	-0.208883	1.22045	-1.97118	-1.14282	-0.22166	0.564101	1.23314
6.89	-0.210575	1.22019	-1.97117	-1.14119	-0.221662	0.564345	1.23314
6.903	-0.212217	1.21994	-1.97117	-1.13942	-0.22166	0.56475	1.23314
6.916	-0.21396	1.21969	-1.97115	-1.13764	-0.22166	0.565406	1.23314
6.929	-0.215614	1.21949	-1.97115	-1.13576	-0.22166	0.566859	1.23314
6.942	-0.215614	1.21949	-1.97115	-1.13576	-0.22166	0.566859	1.23314
6.955	-0.217337	1.21921	-1.97114	-1.13394	-0.22166	0.568154	1.23314
6.968	-0.219033	1.21899	-1.97113	-1.13206	-0.22166	0.569042	1.23314
6.981	-0.220815	1.21869	-1.97113	-1.13019	-0.22166	0.570619	1.23314
6.994	-0.222632	1.21846	-1.97112	-1.12831	-0.22166	0.572337	1.23314
7.007	-0.224457	1.21812	-1.97112	-1.12642	-0.22166	0.573893	1.23314
7.02	-0.226249	1.21784	-1.97111	-1.12454	-0.22166	0.575996	1.23314
7.033	-0.228036	1.21751	-1.9711	-1.12264	-0.22166	0.577763	1.23314
7.046	-0.229832	1.21721	-1.9711	-1.1208	-0.22166	0.579865	1.23314
7.059	-0.23158	1.21688	-1.97109	-1.11884	-0.22166	0.581365	1.23314
7.072	-0.233339	1.21659	-1.97109	-1.117	-0.22166	0.583069	1.23314
7.085	-0.233339	1.21659	-1.97109	-1.117	-0.22166	0.583069	1.23314
7.098	-0.235056	1.21629	-1.97109	-1.11501	-0.22166	0.583928	1.23314
7.111	-0.236817	1.21598	-1.97108	-1.11312	-0.22166	0.584249	1.23314
7.124	-0.238621	1.21571	-1.97108	-1.11102	-0.22166	0.584342	1.23314
7.137	-0.240417	1.21537	-1.97108	-1.10902	-0.22166	0.584346	1.23314
7.15	-0.242278	1.21509	-1.97106	-1.10684	-0.22166	0.584349	1.23314
7.163	-0.24413	1.21477	-1.97105	-1.10477	-0.22166	0.584354	1.23314
7.176	-0.246034	1.21449	-1.97102	-1.10258	-0.22166	0.584365	1.23314
7.189	-0.247905	1.21417	-1.97101	-1.10044	-0.22166	0.584373	1.23314
7.202	-0.249898	1.21384	-1.97095	-1.09823	-0.22166	0.584395	1.23314
7.215	-0.249898	1.21384	-1.97095	-1.09823	-0.22166	0.584395	1.23314
7.228	-0.251832	1.21347	-1.97089	-1.09596	-0.221658	0.584445	1.23314
7.241	-0.25387	1.21311	-1.97079	-1.09373	-0.221658	0.584537	1.23314
7.254	-0.255874	1.21274	-1.97079	-1.09148	-0.221658	0.584762	1.23314
7.267	-0.258035	1.21239	-1.97079	-1.08932	-0.221658	0.585336	1.23314
7.28	-0.260141	1.212	-1.97079	-1.08714	-0.221656	0.586649	1.23314
7.293	-0.262302	1.21158	-1.97078	-1.0851	-0.221656	0.587562	1.23314
7.306	-0.264474	1.21117	-1.97075	-1.08306	-0.221656	0.587954	1.23314
7.319	-0.26662	1.21076	-1.97073	-1.08104	-0.221656	0.588222	1.23314
7.332	-0.268828	1.21029	-1.97064	-1.07903	-0.221656	0.588322	1.23314
7.345	-0.270969	1.20988	-1.97056	-1.07702	-0.221656	0.588329	1.23314
7.358	-0.270969	1.20988	-1.97056	-1.07702	-0.221656	0.588329	1.23314
7.371	-0.273178	1.20934	-1.97045	-1.07506	-0.221656	0.588334	1.23314
7.384	-0.275316	1.20886	-1.97034	-1.07313	-0.221654	0.588334	1.23314
7.397	-0.277613	1.2083	-1.97023	-1.07124	-0.221654	0.588334	1.23314
7.41	-0.279793	1.20776	-1.97017	-1.06937	-0.221654	0.588334	1.23314
7.423	-0.2821	1.20721	-1.97002	-1.0675	-0.221654	0.588334	1.23314
7.436	-0.284314	1.20666	-1.96986	-1.06566	-0.221652	0.588334	1.23314
7.449	-0.286532	1.20612	-1.96969	-1.0637	-0.221652	0.588334	1.23314
7.462	-0.288731	1.20557	-1.96951	-1.06179	-0.221652	0.588336	1.23314
7.475	-0.290893	1.20502	-1.96931	-1.05972	-0.221652	0.588341	1.23314
7.488	-0.293038	1.20446	-1.96915	-1.05779	-0.221652	0.588344	1.23314
7.501	-0.293038	1.20446	-1.96915	-1.05779	-0.221652	0.588344	1.23314
7.514	-0.295161	1.20388	-1.96897	-1.05575	-0.22165	0.588356	1.23314
7.527	-0.297337	1.20331	-1.96874	-1.05381	-0.22165	0.588382	1.23314
7.54	-0.299507	1.20267	-1.96844	-1.05175	-0.22165	0.58843	1.23314
7.553	-0.301673	1.20203	-1.96805	-1.04977	-0.221648	0.588501	1.23314
7.566	-0.303796	1.20133	-1.96756	-1.04772	-0.221648	0.588733	1.23314
7.579	-0.305854	1.20067	-1.96716	-1.04568	-0.221648	0.589568	1.23314
7.592	-0.307939	1.20005	-1.96683	-1.04365	-0.221646	0.591354	1.23314
7.605	-0.309962	1.19948	-1.96659	-1.04161	-0.221644	0.592744	1.23314
7.618	-0.312015	1.19886	-1.96629	-1.03951	-0.221636	0.594806	1.23314
7.631	-0.312015	1.19886	-1.96629	-1.03951	-0.221636	0.594806	1.23314
7.644	-0.313964	1.19824	-1.96594	-1.03737	-0.221629	0.596623	1.23314
7.657	-0.31602	1.19758	-1.96552	-1.03528	-0.221623	0.59881	1.23314
7.67	-0.318001	1.19698	-1.96518	-1.03316	-0.221615	0.600414	1.23314
7.683	-0.320037	1.19631	-1.96484	-1.03118	-0.221603	0.602103	1.23314
7.696	-0.322006	1.19574	-1.96444	-1.02919	-0.221593	0.603362	1.23314
7.709	-0.323989	1.19504	-1.96394	-1.02736	-0.22158	0.603785	1.23314
7.722	-0.325843	1.19435	-1.96337	-1.02545	-0.22156	0.603833	1.23314
7.735	-0.327781	1.19363	-1.96289	-1.02365	-0.221476	0.603829	1.23314
7.748	-0.329654	1.19305	-1.96253	-1.02183	-0.22146	0.603827	1.23314
7.761	-0.331552	1.19237	-1.96224	-1.02013	-0.221456	0.603827	1.23314
7.774	-0.331552	1.19237	-1.96224	-1.02013	-0.221456	0.603827	1.23314
7.787	-0.333375	1.19177	-1.96194	-1.01842	-0.221456	0.603827	1.23314
7.8	-0.335287	1.19113	-1.96163	-1.0168	-0.221454	0.603827	1.23314
7.813	-0.337168	1.19051	-1.96136	-1.01521	-0.221454	0.603827	1.23314
7.826	-0.339085	1.18984	-1.96105	-1.01364	-0.221454	0.603829	1.23314
7.839	-0.341058	1.18917	-1.96069	-1.01205	-0.221447	0.603829	1.23314
7.852	-0.342956	1.1885	-1.96032	-1.01052	-0.221435	0.603829	1.23314
7.865	-0.344864	1.18774	-1.95979	-1.00891	-0.221431	0.603829	1.23314
7.878	-0.346703	1.187	-1.95927	-1.0074	-0.221429	0.603829	1.23314
7.891	-0.34861	1.18631	-1.95894	-1.00591	-0.221427	0.603829	1.23314
7.904	-0.34861	1.18631	-1.95894	-1.00591	-0.221427	0.603829	1.23314
7.917	-0.350498	1.18558	-1.95871	-1.00442	-0.221425	0.603827	1.23314
7.93	-0.35239	1.1849	-1.95847	-1.00296	-0.221427	0.603829	1.23314
7.943	-0.354367	1.18421	-1.95822	-1.00148	-0.221425	0.603829	1.23314
7.956	-0.356354	1.18352	-1.95793	-1.00004	-0.221425	0.603829	1.23314
7.969	-0.358302	1.1828	-1.95759	-0.998629	-0.221425	0.603829	1.23314
7.982	-0.360321	1.1821	-1.95725	-0.997165	-0.221423	0.603827	1.23314
7.995	-0.362293	1.18138	-1.95695	-0.995799	-0.221421	0.603827	1.23314
8.008	-0.364262	1.1807	-1.95664	-0.994338	-0.221419	0.603827	1.23314
8.021	-0.366221	1.18	-1.95632	-0.992877	-0.221409	0.603826	1.23314
8.034	-0.368171	1.17927	-1.95586	-0.991451	-0.221396	0.603826	1.23314
8.047	-0.368171	1.17927	-1.95586	-0.991451	-0.221396	0.603826	1.23314
8.06	-0.370101	1.1785	-1.95535	-0.989966	-0.221388	0.603826	1.23314
8.073	-0.372085	1.17782	-1.95494	-0.988456	-0.221384	0.603826	1.23314
8.086	-0.374074	1.17713	-1.95463	-0.987032	-0.221382	0.603826	1.23314
8.099	-0.376106	1.17645	-1.9543	-0.98551	-0.221378	0.603826	1.23314
8.112	-0.378104	1.17577	-1.95396	-0.984074	-0.221376	0.603826	1.23314
8.125	-0.380127	1.17512	-1.95359	-0.982606	-0.221374	0.603826	1.23314
8.138	-0.382124	1.17442	-1.95323	-0.981083	-0.221372	0.603826	1.23314
8.151	-0.384056	1.17378	-1.95283	-0.979551	-0.221372	0.603826	1.23314
8.164	-0.386003	1.17313	-1.95248	-0.978047	-0.221372	0.603826	1.23314
8.177	-0.386003	1.17313	-1.95248	-0.978047	-0.221372	0.603826	1.23314
8.19	-0.387953	1.1725	-1.9521	-0.976558	-0.221372	0.603826	1.23314
8.203	-0.389847	1.17187	-1.95163	-0.975091	-0.22137	0.603826	1.23314
8.216	-0.391804	1.17128	-1.95125	-0.973491	-0.221366	0.603826	1.23314
8.229	-0.393743	1.17068	-1.95093	-0.972062	-0.221364	0.603826	1.23314
8.242	-0.395736	1.1701	-1.95057	-0.970606	-0.221359	0.603826	1.23314
8.255	-0.397705	1.16945	-1.95017	-0.969161	-0.221345	0.603826	1.23314
8.268	-0.399704	1.16887	-1.94975	-0.967763	-0.221333	0.603826	1.23314
8.281	-0.40166	1.16826	-1.94934	-0.966311	-0.221321	0.603826	1.23314
8.294	-0.403615	1.1677	-1.94889	-0.964823	-0.221302	0.603826	1.23314
8.307	-0.405478	1.16711	-1.94842	-0.963381	-0.221292	0.603826	1.23314
8.32	-0.405478	1.16711	-1.94842	-0.963381	-0.221292	0.603826	1.23314
8.333	-0.407388	1.1665	-1.94789	-0.961831	-0.221284	0.603826	1.23314
8.346	-0.409242	1.1659	-1.94744	-0.960327	-0.22128	0.603826	1.23314
8.359	-0.411136	1.16537	-1.94705	-0.958743	-0.221272	0.603826	1.23314
8.372	-0.413038	1.16483	-1.9467	-0.957235	-0.221259	0.603826	1.23314
8.385	-0.414916	1.16429	-1.94633	-0.9558	-0.221251	0.603826	1.23314
8.398	-0.416775	1.16371	-1.94594	-0.954274	-0.221208	0.603826	1.23314
8.411	-0.418658	1.16312	-1.94551	-0.952783	-0.221106	0.603824	1.23314
8.424	-0.420467	1.16257	-1.94511	-0.951316	-0.221049	0.603826	1.23314
8.437	-0.422327	1.16199	-1.94471	-0.949842	-0.221034	0.603826	1.23314
8.45	-0.422327	1.16199	-1.94471	-0.949842	-0.221034	0.603826	1.23314
8.463	-0.42412	1.16142	-1.94424	-0.948375	-0.221034	0.603826	1.23314
8.476	-0.425962	1.16082	-1.94374	-0.946973	-0.221032	0.603824	1.23314
8.489	-0.427845	1.16025	-1.94337	-0.9455	-0.22103	0.603824	1.23314
8.502	-0.42971	1.15971	-1.94302	-0.944075	-0.221024	0.603824	1.23314
8.515	-0.431579	1.15913	-1.94263	-0.942524	-0.221016	0.603824	1.23314
8.528	-0.433463	1.15854	-1.94214	-0.941054	-0.221008	0.603824	1.23314
8.541	-0.435349	1.15798	-1.94168	-0.939513	-0.221	0.603824	1.23314
8.554	-0.437255	1.15738	-1.94126	-0.937929	-0.220987	0.603824	1.23314
8.567	-0.43917	1.15686	-1.94082	-0.936374	-0.220985	0.603824	1.23314
8.58	-0.441023	1.15633	-1.94031	-0.934785	-0.220985	0.603824	1.23314
8.593	-0.441023	1.15633	-1.94031	-0.934785	-0.220985	0.603824	1.23314
8.606	-0.442914	1.15575	-1.93977	-0.933228	-0.220985	0.603824	1.23314
8.619	-0.444757	1.15522	-1.93934	-0.931669	-0.220985	0.603824	1.23314
8.632	-0.446717	1.1547	-1.93889	-0.929987	-0.220985	0.603824	1.23314
8.645	-0.448564	1.15418	-1.93839	-0.928373	-0.220987	0.603824	1.23314
8.658	-0.450488	1.15366	-1.93788	-0.926731	-0.220985	0.603824	1.23314
8.671	-0.452366	1.15315	-1.93744	-0.925179	-0.220985	0.603824	1.23314
8.684	-0.454283	1.1527	-1.93697	-0.923606	-0.220985	0.603824	1.23314
8.697	-0.456192	1.15221	-1.93648	-0.921961	-0.220983	0.603824	1.23314
8.71	-0.458107	1.15171	-1.93591	-0.920346	-0.220979	0.603824	1.23314
8.723	-0.458107	1.15171	-1.93591	-0.920346	-0.220979	0.603824	1.23314
8.736	-0.460013	1.15119	-1.93542	-0.91862	-0.220955	0.603824	1.23314
8.749	-0.461935	1.15071	-1.93501	-0.916948	-0.22092	0.603824	1.23314
8.762	-0.463794	1.15017	-1.93456	-0.915157	-0.220891	0.603824	1.23314
8.775	-0.465754	1.14966	-1.93405	-0.913448	-0.220869	0.603824	1.23314
8.788	-0.467612	1.14911	-1.93362	-0.911733	-0.22086	0.603824	1.23314
8.801	-0.469549	1.14857	-1.93317	-0.910053	-0.220854	0.603824	1.23314
8.814	-0.471365	1.14803	-1.93275	-0.908396	-0.22085	0.603824	1.23314
8.827	-0.473292	1.14747	-1.93227	-0.906736	-0.220828	0.603824	1.23314
8.84	-0.475145	1.1469	-1.93184	-0.90508	-0.220813	0.603824	1.23314
8.853	-0.477045	1.14638	-1.93148	-0.903406	-0.220807	0.603824	1.23314
8.866	-0.477045	1.14638	-1.93148	-0.903406	-0.220807	0.603824	1.23314
8.879	-0.478944	1.14586	-1.93116	-0.901753	-0.220801	0.603826	1.23314
8.892	-0.480817	1.14537	-1.93084	-0.900126	-0.220797	0.603826	1.23314
8.905	-0.482714	1.14486	-1.93052	-0.898394	-0.220797	0.603824	1.23314
8.918	-0.48456	1.14437	-1.93017	-0.896803	-0.220795	0.603826	1.23314
8.931	-0.486439	1.14386	-1.92978	-0.895147	-0.220795	0.603824	1.23314
8.944	-0.488274	1.14334	-1.92942	-0.893605	-0.220795	0.603826	1.23314
8.957	-0.490107	1.14285	-1.92905	-0.891994	-0.220795	0.603824	1.23314
8.97	-0.491951	1.14231	-1.92858	-0.890458	-0.220795	0.603824	1.23314
8.983	-0.493802	1.14177	-1.92808	-0.888963	-0.220795	0.603824	1.23314
8.996	-0.493802	1.14177	-1.92808	-0.888963	-0.220795	0.603824	1.23314
9.009	-0.495643	1.14125	-1.92769	-0.8874	-0.220795	0.603824	1.23314
9.022	-0.497568	1.14081	-1.92737	-0.885909	-0.220793	0.603824	1.23314
9.035	-0.499445	1.14034	-1.92705	-0.884359	-0.220793	0.603824	1.23314
9.048	-0.501413	1.13989	-1.92666	-0.882675	-0.220793	0.603826	1.23314
9.061	-0.503312	1.13938	-1.92623	-0.881023	-0.220791	0.603826	1.23314
9.074	-0.505302	1.1389	-1.92568	-0.879316	-0.220781	0.603824	1.23314
9.087	-0.507254	1.13838	-1.92514	-0.877704	-0.22074	0.603824	1.23314
9.1	-0.509267	1.13789	-1.92446	-0.876017	-0.220625	0.603824	1.23314
9.113	-0.511265	1.13737	-1.9238	-0.874338	-0.220478	0.603824	1.23314
9.126	-0.513349	1.13693	-1.92324	-0.872735	-0.220343	0.603824	1.23314
9.139	-0.513349	1.13693	-1.92324	-0.872735	-0.220343	0.603824	1.23314
9.152	-0.515439	1.13646	-1.92272	-0.871038	-0.220233	0.603824	1.23314
9.165	-0.517564	1.13599	-1.92219	-0.869378	-0.220202	0.603824	1.23314
9.178	-0.519706	1.13551	-1.92168	-0.867607	-0.220161	0.603824	1.23314
9.191	-0.521812	1.13497	-1.92114	-0.8659	-0.220126	0.603824	1.23314
9.204	-0.523889	1.13442	-1.92041	-0.864113	-0.220118	0.603824	1.23314
9.217	-0.525951	1.13384	-1.91979	-0.862362	-0.22011	0.603824	1.23314
9.23	-0.528004	1.13334	-1.91935	-0.860608	-0.220091	0.603824	1.23314
9.243	-0.530068	1.13283	-1.91889	-0.858799	-0.220063	0.603824	1.23314
9.256	-0.532107	1.1323	-1.91844	-0.857055	-0.220022	0.603824	1.23314
9.269	-0.534172	1.13174	-1.91802	-0.855224	-0.21995	0.603824	1.23314
9.282	-0.534172	1.13174	-1.91802	-0.855224	-0.21995	0.603824	1.23314
9.295	-0.536267	1.13116	-1.91764	-0.853491	-0.219899	0.603824	1.23314
9.308	-0.538384	1.13054	-1.91722	-0.851606	-0.219871	0.603824	1.23314
9.321	-0.540561	1.12993	-1.91676	-0.849811	-0.219856	0.603824	1.23314
9.334	-0.542648	1.12924	-1.91627	-0.84789	-0.219848	0.603824	1.23314
9.347	-0.544829	1.12859	-1.91585	-0.846089	-0.219832	0.603822	1.23314
9.36	-0.546947	1.12795	-1.91552	-0.844103	-0.219815	0.603822	1.23314
9.373	-0.549139	1.12726	-1.91523	-0.842187	-0.219801	0.603822	1.23314
9.386	-0.55129	1.12658	-1.91491	-0.840173	-0.219781	0.603822	1.23314
9.399	-0.553529	1.12591	-1.91452	-0.838272	-0.219764	0.603822	1.23314
9.412	-0.553529	1.12591	-1.91452	-0.838272	-0.219764	0.603822	1.23314
9.425	-0.555776	1.12524	-1.91416	-0.836293	-0.219742	0.603822	1.23314
9.438	-0.558035	1.12455	-1.91382	-0.834351	-0.219719	0.603822	1.23314
9.451	-0.560325	1.12386	-1.91344	-0.832287	-0.219711	0.603822	1.23314
9.464	-0.562566	1.12319	-1.91307	-0.830312	-0.219709	0.603822	1.23314
9.477	-0.56486	1.1225	-1.91262	-0.828278	-0.219707	0.603822	1.23314
9.49	-0.567072	1.12181	-1.91218	-0.826266	-0.219703	0.603822	1.23314
9.503	-0.569288	1.12121	-1.9118	-0.824107	-0.219688	0.603821	1.23314
9.516	-0.571561	1.12057	-1.91143	-0.822161	-0.219668	0.603821	1.23314
9.529	-0.57379	1.11998	-1.91097	-0.820049	-0.219646	0.603821	1.23314
9.542	-0.57609	1.11935	-1.9104	-0.818053	-0.219637	0.603819	1.23314
9.555	-0.57609	1.11935	-1.9104	-0.818053	-0.219637	0.603819	1.23314
9.568	-0.578332	1.11878	-1.90979	-0.815853	-0.219625	0.603819	1.23314
9.581	-0.580605	1.11819	-1.90919	-0.813717	-0.219613	0.603819	1.23314
9.594	-0.582852	1.11765	-1.90853	-0.811458	-0.219594	0.603819	1.23314
9.607	-0.585068	1.11717	-1.90795	-0.809263	-0.219547	0.603819	1.23314
9.62	-0.587308	1.11669	-1.90741	-0.807141	-0.219451	0.603819	1.23314
9.633	-0.589403	1.11626	-1.90687	-0.804933	-0.219328	0.603819	1.23314
9.646	-0.591594	1.11575	-1.90628	-0.802845	-0.219191	0.603819	1.23314
9.659	-0.593652	1.11526	-1.90567	-0.800578	-0.219079	0.603819	1.23314
9.672	-0.595793	1.11478	-1.90496	-0.798502	-0.218991	0.603819	1.23314
9.685	-0.595793	1.11478	-1.90496	-0.798502	-0.218991	0.603819	1.23314
9.698	-0.597778	1.11431	-1.90434	-0.796344	-0.218903	0.603819	1.23314
9.711	-0.599825	1.11392	-1.90386	-0.794379	-0.218778	0.603819	1.23314
9.724	-0.601786	1.11351	-1.90341	-0.79228	-0.218637	0.603819	1.23314
9.737	-0.603749	1.11312	-1.90294	-0.790362	-0.218478	0.603819	1.23314
9.75	-0.605663	1.1127	-1.90246	-0.788375	-0.218277	0.603821	1.23314
9.763	-0.607589	1.11231	-1.90201	-0.786479	-0.218026	0.603821	1.23314
9.776	-0.609477	1.11191	-1.90152	-0.784516	-0.21775	0.603821	1.23314
9.789	-0.611418	1.11152	-1.9009	-0.782728	-0.217424	0.603821	1.23314
9.802	-0.613293	1.11105	-1.90025	-0.780816	-0.217115	0.603821	1.23314
9.815	-0.615271	1.11069	-1.89973	-0.779026	-0.21686	0.603821	1.23314
9.828	-0.615271	1.11069	-1.89973	-0.779026	-0.21686	0.603821	1.23314
9.841	-0.617184	1.11033	-1.89928	-0.777083	-0.216674	0.603819	1.23314
9.854	-0.619097	1.11	-1.89885	-0.775266	-0.216594	0.603819	1.23314
9.867	-0.620966	1.1097	-1.89842	-0.773295	-0.216578	0.603819	1.23314
9.88	-0.62288	1.10939	-1.89805	-0.771528	-0.216553	0.603821	1.23314
9.893	-0.624693	1.10908	-1.89769	-0.769613	-0.216516	0.603821	1.23314
9.906	-0.626568	1.10872	-1.89728	-0.767838	-0.216481	0.603819	1.23314
9.919	-0.628304	1.10838	-1.89675	-0.765872	-0.216457	0.603819	1.23314
9.932	-0.630143	1.10799	-1.89628	-0.764083	-0.216424	0.603819	1.23314
9.945	-0.631873	1.10771	-1.89598	-0.762135	-0.216375	0.603819	1.23314
9.958	-0.631873	1.10771	-1.89598	-0.762135	-0.216375	0.603819	1.23314
9.971	-0.633698	1.10739	-1.89571	-0.760291	-0.216254	0.603819	1.23314
9.984	-0.63544	1.10708	-1.89544	-0.758304	-0.216128	0.603819	1.23314
9.997	-0.637231	1.10671	-1.89516	-0.756383	-0.216003	0.603819	1.23314
10.01	-0.63895	1.10638	-1.89491	-0.754369	-0.215833	0.603819	1.23314
10.023	-0.640694	1.10598	-1.89472	-0.752415	-0.215536	0.603819	1.23314
10.036	-0.642427	1.10562	-1.89453	-0.750456	-0.215187	0.603819	1.23314
10.049	-0.644189	1.10522	-1.89435	-0.748485	-0.214851	0.603819	1.23314
10.062	-0.645912	1.1048	-1.89419	-0.74655	-0.214477	0.603821	1.23314
10.075	-0.647632	1.10433	-1.89405	-0.744585	-0.214007	0.603819	1.23314
10.088	-0.649307	1.1039	-1.89393	-0.742694	-0.213618	0.603821	1.23314
10.101	-0.649307	1.1039	-1.89393	-0.742694	-0.213618	0.603821	1.23314
10.114	-0.651069	1.10344	-1.89382	-0.740809	-0.213358	0.603821	1.23314
10.127	-0.652756	1.10301	-1.89373	-0.738958	-0.213133	0.603819	1.23314
10.14	-0.654589	1.10255	-1.89353	-0.737108	-0.212884	0.603819	1.23314
10.153	-0.656284	1.1021	-1.89327	-0.735324	-0.212614	0.603821	1.23314
10.166	-0.658106	1.10166	-1.89289	-0.733562	-0.21227	0.603819	1.23314
10.179	-0.659835	1.10121	-1.89256	-0.73188	-0.211847	0.603819	1.23314
10.192	-0.661663	1.10083	-1.89232	-0.730162	-0.211321	0.603819	1.23314
10.205	-0.663438	1.10044	-1.89215	-0.728499	-0.210773	0.603819	1.23314
10.218	-0.665174	1.10005	-1.89198	-0.726762	-0.210333	0.603819	1.23314
10.231	-0.665174	1.10005	-1.89198	-0.726762	-0.210333	0.603819	1.23314
10.244	-0.666899	1.09967	-1.89178	-0.724968	-0.210057	0.603821	1.23314
10.257	-0.66855	1.09931	-1.89161	-0.723182	-0.209806	0.603821	1.23314
10.27	-0.670298	1.09895	-1.89142	-0.721363	-0.20955	0.603821	1.23314
10.283	-0.671915	1.09862	-1.89129	-0.71951	-0.209296	0.603819	1.23314
10.296	-0.673605	1.09826	-1.89115	-0.717632	-0.209006	0.603819	1.23314
10.309	-0.675155	1.09793	-1.89105	-0.715737	-0.208773	0.603819	1.23314
10.322	-0.676747	1.09761	-1.89096	-0.713881	-0.208619	0.603819	1.23314
10.335	-0.678223	1.09732	-1.8909	-0.712069	-0.208542	0.603819	1.23314
10.348	-0.679649	1.09701	-1.89082	-0.710191	-0.208441	0.603819	1.23314
10.361	-0.681108	1.09673	-1.8907	-0.708488	-0.208376	0.603819	1.23314
10.374	-0.681108	1.09673	-1.8907	-0.708488	-0.208376	0.603819	1.23314
10.387	-0.682479	1.09644	-1.89061	-0.706673	-0.208325	0.603819	1.23314
10.4	-0.683791	1.09611	-1.89051	-0.704983	-0.208249	0.603819	1.23314
10.413	-0.685182	1.0958	-1.89033	-0.703177	-0.208198	0.603819	1.23314
10.426	-0.686484	1.09545	-1.89015	-0.701393	-0.208161	0.603819	1.23314
10.439	-0.687723	1.09515	-1.89	-0.699668	-0.20809	0.603819	1.23314
10.452	-0.689079	1.09484	-1.88982	-0.697992	-0.207952	0.603819	1.23314
10.465	-0.690291	1.09458	-1.88956	-0.696251	-0.207834	0.603819	1.23314
10.478	-0.691582	1.0943	-1.8892	-0.694552	-0.207715	0.603819	1.23314
10.491	-0.692855	1.09406	-1.88887	-0.693042	-0.207588	0.603819	1.23314
10.504	-0.692855	1.09406	-1.88887	-0.693042	-0.207588	0.603819	1.23314
10.517	-0.694121	1.09386	-1.88861	-0.691456	-0.207458	0.603819	1.23314
10.53	-0.695435	1.0937	-1.88837	-0.689988	-0.207296	0.603819	1.23314
10.543	-0.696747	1.09359	-1.88812	-0.688621	-0.207132	0.603819	1.23314
10.556	-0.698063	1.0935	-1.88785	-0.687172	-0.206944	0.603819	1.23314
10.569	-0.699301	1.09341	-1.88752	-0.685894	-0.206711	0.603819	1.23314
10.582	-0.700575	1.09334	-1.88713	-0.68469	-0.206435	0.603819	1.23314
10.595	-0.701796	1.09328	-1.88675	-0.68335	-0.206097	0.603819	1.23314
10.608	-0.702991	1.09323	-1.88637	-0.682109	-0.205715	0.603819	1.23314
10.621	-0.704146	1.09322	-1.88598	-0.680943	-0.20529	0.603821	1.23314
10.634	-0.705249	1.09319	-1.88556	-0.679583	-0.20484	0.603819	1.23314
10.647	-0.705249	1.09319	-1.88556	-0.679583	-0.20484	0.603819	1.23314
10.66	-0.70637	1.09309	-1.88503	-0.678353	-0.20449	0.603821	1.23314
10.673	-0.707353	1.09302	-1.88467	-0.677229	-0.2043	0.603821	1.23314
10.686	-0.70848	1.09296	-1.88442	-0.676099	-0.204197	0.603821	1.23314
10.699	-0.709536	1.09289	-1.88426	-0.674926	-0.204118	0.603821	1.23314
10.712	-0.710606	1.09282	-1.88412	-0.673993	-0.204032	0.603821	1.23314
10.725	-0.711615	1.09275	-1.88402	-0.673163	-0.203946	0.603822	1.23314
10.738	-0.712655	1.09267	-1.88399	-0.672264	-0.203911	0.603822	1.23314
10.751	-0.713688	1.09255	-1.88399	-0.671341	-0.203903	0.603821	1.23314
10.764	-0.714616	1.09243	-1.88399	-0.670554	-0.203901	0.603821	1.23314
10.777	-0.715498	1.0923	-1.884	-0.669856	-0.203899	0.603821	1.23314
10.79	-0.715498	1.0923	-1.884	-0.669856	-0.203899	0.603821	1.23314
10.803	-0.71635	1.09216	-1.884	-0.669081	-0.203899	0.603821	1.23314
10.816	-0.717182	1.09195	-1.884	-0.668225	-0.203899	0.603821	1.23314
10.829	-0.71802	1.09169	-1.884	-0.667333	-0.203899	0.603821	1.23314
10.842	-0.718727	1.09138	-1.884	-0.666564	-0.203899	0.603821	1.23314
10.855	-0.719439	1.09109	-1.88401	-0.66591	-0.203899	0.603821	1.23314
10.868	-0.720146	1.09078	-1.88401	-0.665266	-0.203899	0.603822	1.23314
10.881	-0.720829	1.09044	-1.88401	-0.664743	-0.203899	0.603822	1.23314
10.894	-0.721546	1.09012	-1.88401	-0.664344	-0.203899	0.603822	1.23314
10.907	-0.722199	1.08977	-1.88401	-0.663957	-0.203899	0.603821	1.23314
10.92	-0.722199	1.08977	-1.88401	-0.663957	-0.203899	0.603821	1.23314
10.933	-0.722873	1.08945	-1.88401	-0.663627	-0.203899	0.603821	1.23314
10.946	-0.723594	1.08918	-1.88402	-0.663374	-0.203899	0.603821	1.23314
10.959	-0.724243	1.08895	-1.88402	-0.663085	-0.203899	0.603821	1.23314
10.972	-0.724889	1.08876	-1.88402	-0.662947	-0.203899	0.603821	1.23314
10.985	-0.725527	1.08863	-1.88402	-0.662852	-0.203899	0.603821	1.23314
10.998	-0.726106	1.08853	-1.88402	-0.662712	-0.203899	0.603821	1.23314
11.011	-0.726636	1.08847	-1.88402	-0.662637	-0.203897	0.603821	1.23314
11.024	-0.727134	1.08845	-1.88402	-0.662608	-0.203888	0.603821	1.23314
11.037	-0.727585	1.08846	-1.88402	-0.662536	-0.203874	0.603819	1.23314
11.05	-0.727998	1.08846	-1.88401	-0.662426	-0.20385	0.603819	1.23314
11.063	-0.727998	1.08846	-1.88401	-0.662426	-0.20385	0.603819	1.23314
11.076	-0.728349	1.08846	-1.88401	-0.66236	-0.203745	0.603819	1.23314
11.089	-0.72865	1.08846	-1.884	-0.662338	-0.203576	0.603819	1.23314
11.102	-0.728918	1.08846	-1.88401	-0.662315	-0.203471	0.603817	1.23314
11.115	-0.729134	1.08846	-1.88401	-0.662282	-0.203408	0.603817	1.23314
11.128	-0.729313	1.08846	-1.88401	-0.662273	-0.203332	0.603817	1.23314
11.141	-0.729493	1.08846	-1.88401	-0.662277	-0.203228	0.603817	1.23314
11.154	-0.729699	1.08846	-1.88401	-0.662281	-0.203117	0.603817	1.23314
11.167	-0.729873	1.08846	-1.88401	-0.662285	-0.203025	0.603817	1.23314
11.18	-0.730033	1.08846	-1.88401	-0.66229	-0.202927	0.603817	1.23314
11.193	-0.730033	1.08846	-1.88401	-0.66229	-0.202927	0.603817	1.23314
11.206	-0.73017	1.08846	-1.88401	-0.662294	-0.202825	0.603817	1.23314
11.219	-0.730301	1.08845	-1.88401	-0.662295	-0.202745	0.603817	1.23314
11.232	-0.73041	1.08845	-1.88401	-0.662292	-0.202712	0.603817	1.23314
11.245	-0.730447	1.08846	-1.88401	-0.662277	-0.2027	0.603817	1.23314
11.258	-0.730456	1.08846	-1.88401	-0.662245	-0.202692	0.603817	1.23314
11.271	-0.730456	1.08846	-1.88401	-0.662166	-0.202684	0.603817	1.23314
11.284	-0.730455	1.08846	-1.88401	-0.662054	-0.202682	0.603817	1.23314
11.297	-0.730452	1.08846	-1.88401	-0.66192	-0.20268	0.603817	1.23314
11.31	-0.730452	1.08846	-1.88401	-0.661763	-0.202676	0.603817	1.23314
11.323	-0.730452	1.08846	-1.88401	-0.661603	-0.202674	0.603819	1.23314
11.336	-0.730452	1.08846	-1.88401	-0.661603	-0.202674	0.603819	1.23314
11.349	-0.730451	1.08846	-1.88401	-0.661441	-0.202674	0.603819	1.23314
11.362	-0.730452	1.08846	-1.88401	-0.661296	-0.202674	0.603819	1.23314
11.375	-0.730456	1.08846	-1.88401	-0.661194	-0.202674	0.603819	1.23314
11.388	-0.730461	1.08846	-1.88401	-0.661111	-0.202674	0.603819	1.23314
11.401	-0.730469	1.08846	-1.88401	-0.661047	-0.202674	0.603819	1.23314
11.414	-0.730484	1.08846	-1.88401	-0.661025	-0.202672	0.603817	1.23314
11.427	-0.730521	1.08846	-1.88401	-0.66101	-0.202669	0.603819	1.23314
11.44	-0.73057	1.08846	-1.88401	-0.660986	-0.202669	0.603819	1.23314
11.453	-0.730642	1.08846	-1.88401	-0.66097	-0.202669	0.603819	1.23314
11.466	-0.730642	1.08846	-1.88401	-0.66097	-0.202669	0.603819	1.23314
11.479	-0.730724	1.08846	-1.88401	-0.660951	-0.202669	0.603819	1.23314
11.492	-0.73081	1.08846	-1.88401	-0.660892	-0.202669	0.603819	1.23314
11.505	-0.730908	1.08846	-1.88401	-0.660763	-0.202669	0.603819	1.23314
11.518	-0.730994	1.08846	-1.88401	-0.660605	-0.202669	0.603819	1.23314
11.531	-0.731075	1.08846	-1.88401	-0.660437	-0.202667	0.603819	1.23314
11.544	-0.731158	1.08846	-1.88401	-0.66026	-0.202665	0.603819	1.23314
11.557	-0.73126	1.08846	-1.88401	-0.660064	-0.202653	0.603819	1.23314
11.57	-0.731376	1.08846	-1.88401	-0.659863	-0.202637	0.603819	1.23314
11.583	-0.731486	1.08846	-1.88401	-0.659665	-0.202624	0.603819	1.23314
11.596	-0.731588	1.08846	-1.88401	-0.659507	-0.202616	0.603819	1.23314
11.609	-0.731588	1.08846	-1.88401	-0.659507	-0.202616	0.603819	1.23314
11.622	-0.7317	1.08846	-1.88401	-0.659399	-0.202612	0.603819	1.23314
11.635	-0.731829	1.08846	-1.88401	-0.659297	-0.202606	0.603821	1.23314
11.648	-0.731976	1.08846	-1.884	-0.659167	-0.202596	0.603821	1.23314
11.661	-0.73213	1.08846	-1.884	-0.659038	-0.202584	0.603821	1.23314
11.674	-0.732289	1.08846	-1.884	-0.658921	-0.202569	0.603819	1.23314
11.687	-0.732423	1.08846	-1.884	-0.658792	-0.202551	0.603821	1.23314
11.7	-0.732552	1.08846	-1.884	-0.658663	-0.20253	0.603821	1.23314
11.713	-0.732683	1.08846	-1.884	-0.658549	-0.202504	0.603821	1.23314
11.726	-0.732835	1.08846	-1.884	-0.658433	-0.202485	0.603821	1.23314
11.739	-0.732835	1.08846	-1.884	-0.658433	-0.202485	0.603821	1.23314
11.752	-0.732996	1.08846	-1.88399	-0.658291	-0.202459	0.603821	1.23314
11.765	-0.733166	1.08846	-1.88398	-0.658129	-0.202424	0.603827	1.23314
11.778	-0.733345	1.08846	-1.88396	-0.657973	-0.202387	0.603879	1.23314
11.791	-0.733544	1.08846	-1.88394	-0.657809	-0.202363	0.60407	1.23314
11.804	-0.733739	1.08846	-1.88392	-0.65764	-0.202352	0.604448	1.23314
11.817	-0.733938	1.08846	-1.88389	-0.657437	-0.202342	0.605288	1.23314
11.83	-0.734136	1.08846	-1.88385	-0.657171	-0.202332	0.606553	1.23314
11.843	-0.734328	1.08846	-1.8838	-0.656833	-0.20232	0.607074	1.23314
11.856	-0.73452	1.08846	-1.88371	-0.656467	-0.202312	0.607097	1.23314
11.869	-0.734704	1.08846	-1.88364	-0.656152	-0.202305	0.607097	1.23314
11.882	-0.734704	1.08846	-1.88364	-0.656152	-0.202305	0.607097	1.23314
11.895	-0.734898	1.08846	-1.88362	-0.655897	-0.202303	0.607097	1.23314
11.908	-0.735099	1.08846	-1.88362	-0.655639	-0.202297	0.607097	1.23314
11.921	-0.735283	1.08846	-1.88362	-0.655346	-0.202291	0.607097	1.23314
11.934	-0.735444	1.08846	-1.88362	-0.655066	-0.202273	0.607097	1.23314
11.947	-0.735564	1.08845	-1.88362	-0.654798	-0.202215	0.607097	1.23314
11.96	-0.735656	1.08845	-1.88362	-0.65452	-0.202109	0.607098	1.23314
11.973	-0.73573	1.08845	-1.88362	-0.654239	-0.20199	0.607098	1.23314
11.986	-0.73578	1.08845	-1.88362	-0.653969	-0.201862	0.607098	1.23314
11.999	-0.735813	1.08845	-1.88362	-0.653713	-0.201665	0.607098	1.23314
12.012	-0.735813	1.08845	-1.88362	-0.653713	-0.201665	0.607098	1.23314
12.025	-0.735844	1.08844	-1.88362	-0.653457	-0.20144	0.607103	1.23314
12.038	-0.73587	1.08844	-1.88362	-0.653196	-0.201193	0.607117	1.23314
12.051	-0.735908	1.08844	-1.88362	-0.65295	-0.20096	0.607125	1.23314
12.064	-0.735946	1.08842	-1.88362	-0.65272	-0.200761	0.607134	1.23314
12.077	-0.735973	1.08841	-1.88362	-0.652498	-0.200606	0.607161	1.23314
12.09	-0.736005	1.08841	-1.88362	-0.652275	-0.200534	0.607277	1.23314
12.103	-0.73605	1.08841	-1.88362	-0.652066	-0.200518	0.607541	1.23314
12.116	-0.736105	1.0884	-1.88362	-0.651911	-0.200506	0.608058	1.23314
12.129	-0.73616	1.08838	-1.88362	-0.651797	-0.200489	0.609021	1.23314
12.142	-0.736219	1.08838	-1.88362	-0.651671	-0.200477	0.610984	1.23314
12.155	-0.736219	1.08838	-1.88362	-0.651671	-0.200477	0.610984	1.23314
12.168	-0.736293	1.08838	-1.88362	-0.651547	-0.200475	0.612482	1.23314
12.181	-0.736395	1.08838	-1.88362	-0.651392	-0.200473	0.614511	1.23314
12.194	-0.736496	1.08838	-1.88362	-0.651157	-0.200465	0.615929	1.23314
12.207	-0.73657	1.08838	-1.88362	-0.650874	-0.200444	0.617156	1.23314
12.22	-0.73663	1.08838	-1.88362	-0.650583	-0.200424	0.618581	1.23314
12.233	-0.736688	1.08837	-1.88362	-0.650309	-0.200411	0.619021	1.23314
12.246	-0.736748	1.08837	-1.88362	-0.650029	-0.200401	0.619016	1.23314
12.259	-0.736803	1.08837	-1.88362	-0.649769	-0.200389	0.619014	1.23314
12.272	-0.736846	1.08837	-1.88362	-0.64954	-0.200385	0.619012	1.23314
12.285	-0.736896	1.08837	-1.88362	-0.649314	-0.200383	0.619012	1.23314
12.298	-0.736896	1.08837	-1.88362	-0.649314	-0.200383	0.619012	1.23314
12.311	-0.736934	1.08837	-1.88362	-0.649058	-0.200377	0.61901	1.23314
12.324	-0.736965	1.08837	-1.88362	-0.648787	-0.200373	0.619012	1.23314
12.337	-0.736989	1.08837	-1.88362	-0.648527	-0.200373	0.61901	1.23314
12.35	-0.736998	1.08837	-1.88362	-0.64829	-0.200375	0.619012	1.23314
12.363	-0.73701	1.08837	-1.88362	-0.648091	-0.200375	0.619012	1.23314
12.376	-0.737026	1.08837	-1.88362	-0.647955	-0.200375	0.619012	1.23314
12.389	-0.737057	1.08837	-1.88362	-0.64788	-0.200375	0.619012	1.23314
12.402	-0.737105	1.08837	-1.88362	-0.647855	-0.200375	0.619012	1.23314
12.415	-0.737161	1.08837	-1.88362	-0.647813	-0.200375	0.619012	1.23314
12.428	-0.737161	1.08837	-1.88362	-0.647813	-0.200375	0.619012	1.23314
12.441	-0.737221	1.08837	-1.88362	-0.647763	-0.200375	0.619012	1.23314
12.454	-0.737295	1.08837	-1.88362	-0.647714	-0.200375	0.619012	1.23314
12.467	-0.737384	1.08837	-1.88362	-0.647668	-0.200375	0.619012	1.23314
12.48	-0.737464	1.08837	-1.88362	-0.647639	-0.200375	0.61901	1.23314
12.493	-0.737533	1.08837	-1.88362	-0.647615	-0.200375	0.61901	1.23314
12.506	-0.737594	1.08837	-1.88362	-0.647586	-0.200375	0.619012	1.23314
12.519	-0.737651	1.08837	-1.88362	-0.647535	-0.200375	0.619012	1.23314
12.532	-0.737695	1.08837	-1.88362	-0.647457	-0.200375	0.619012	1.23314
12.545	-0.737728	1.08837	-1.88362	-0.647373	-0.200375	0.619012	1.23314
12.558	-0.737758	1.08837	-1.88362	-0.647294	-0.200375	0.619012	1.23314
12.571	-0.737758	1.08837	-1.88362	-0.647294	-0.200375	0.619012	1.23314
12.584	-0.737779	1.08836	-1.88362	-0.647217	-0.200375	0.619012	1.23314
12.597	-0.737791	1.08836	-1.88362	-0.64713	-0.200375	0.619012	1.23314
12.61	-0.737805	1.08836	-1.88362	-0.647065	-0.200375	0.619012	1.23314
12.623	-0.737824	1.08836	-1.88362	-0.647044	-0.200375	0.619012	1.23314
12.636	-0.737852	1.08836	-1.88362	-0.647043	-0.200375	0.619012	1.23314
12.649	-0.737893	1.08837	-1.88362	-0.647043	-0.200375	0.619012	1.23314
12.662	-0.737938	1.08836	-1.88362	-0.647043	-0.200375	0.619012	1.23314
12.675	-0.737966	1.08836	-1.88362	-0.647043	-0.200375	0.619012	1.23314
12.688	-0.737976	1.08836	-1.88362	-0.647043	-0.200375	0.619012	1.23314
12.701	-0.737976	1.08836	-1.88362	-0.647043	-0.200375	0.619012	1.23314
12.714	-0.737976	1.08836	-1.88362	-0.647042	-0.200375	0.619012	1.23314
12.727	-0.737976	1.08836	-1.88362	-0.647035	-0.200375	0.619012	1.23314
12.74	-0.737976	1.08836	-1.88362	-0.64702	-0.200377	0.619012	1.23314
12.753	-0.737976	1.08836	-1.88362	-0.646991	-0.200375	0.619012	1.23314
12.766	-0.737974	1.08837	-1.88362	-0.646946	-0.200375	0.619012	1.23314
12.779	-0.737972	1.08837	-1.88362	-0.646859	-0.200375	0.619012	1.23314
12.792	-0.737972	1.08837	-1.88362	-0.646738	-0.200375	0.619012	1.23314
12.805	-0.737972	1.08837	-1.88362	-0.646625	-0.200377	0.619012	1.23314
12.818	-0.737972	1.08837	-1.88362	-0.646522	-0.200377	0.619012	1.23314
12.831	-0.737972	1.08837	-1.88362	-0.646458	-0.200377	0.619012	1.23314
12.844	-0.737972	1.08837	-1.88362	-0.646458	-0.200377	0.619012	1.23314
12.857	-0.737974	1.08837	-1.88362	-0.646441	-0.200377	0.619012	1.23314
12.87	-0.73798	1.08837	-1.88362	-0.646445	-0.200377	0.619012	1.23314
12.883	-0.738021	1.08837	-1.88362	-0.646453	-0.200377	0.619012	1.23314
12.896	-0.73807	1.08837	-1.88362	-0.646458	-0.200377	0.619012	1.23314
12.909	-0.73816	1.08836	-1.88362	-0.646462	-0.200377	0.619012	1.23314
12.922	-0.738277	1.08836	-1.88362	-0.646464	-0.200377	0.61901	1.23314
12.935	-0.738408	1.08836	-1.88362	-0.646465	-0.200377	0.61901	1.23314
12.948	-0.738532	1.08836	-1.88362	-0.646465	-0.200377	0.61901	1.23314
12.961	-0.738668	1.08836	-1.88362	-0.646467	-0.200377	0.61901	1.23314
12.974	-0.738668	1.08836	-1.88362	-0.646467	-0.200377	0.61901	1.23314
12.987	-0.738808	1.08836	-1.88362	-0.646467	-0.200377	0.61901	1.23314
13	-0.738943	1.08836	-1.88362	-0.646467	-0.200377	0.61901	1.23314
13.013	-0.739064	1.08836	-1.88362	-0.646467	-0.200377	0.61901	1.23314
13.026	-0.739161	1.08836	-1.88362	-0.646467	-0.200377	0.61901	1.23314
13.039	-0.739266	1.08836	-1.88362	-0.646468	-0.200377	0.61901	1.23314
13.052	-0.739338	1.08836	-1.88362	-0.646468	-0.200377	0.61901	1.23314
13.065	-0.739358	1.08836	-1.88362	-0.646467	-0.200377	0.61901	1.23314
13.078	-0.739359	1.08836	-1.88362	-0.646467	-0.200377	0.619009	1.23314
13.091	-0.739358	1.08836	-1.88362	-0.646467	-0.200377	0.619009	1.23314
13.104	-0.739359	1.08836	-1.88362	-0.646467	-0.200377	0.619009	1.23314
13.117	-0.739359	1.08836	-1.88362	-0.646467	-0.200377	0.619009	1.23314
13.13	-0.739359	1.08836	-1.88362	-0.646467	-0.200377	0.619009	1.23314
13.143	-0.739365	1.08836	-1.88362	-0.646467	-0.200377	0.619009	1.23314
13.156	-0.739367	1.08836	-1.88362	-0.646467	-0.200377	0.619009	1.23314
13.169	-0.739367	1.08836	-1.88362	-0.646467	-0.200377	0.619009	1.23314
13.182	-0.739373	1.08836	-1.88362	-0.646468	-0.200377	0.619009	1.23314
13.195	-0.73945	1.08836	-1.88362	-0.646469	-0.200377	0.619009	1.23314
13.208	-0.739526	1.08836	-1.88362	-0.646471	-0.200377	0.619009	1.23314
13.221	-0.739605	1.08836	-1.88362	-0.646471	-0.200377	0.619009	1.23314
13.234	-0.739683	1.08836	-1.88362	-0.646471	-0.200377	0.619007	1.23314
13.247	-0.739683	1.08836	-1.88362	-0.646471	-0.200377	0.619007	1.23314
13.26	-0.73973	1.08836	-1.88362	-0.646471	-0.200377	0.619007	1.23314
13.273	-0.739742	1.08836	-1.88362	-0.646469	-0.200377	0.619007	1.23314
13.286	-0.73974	1.08836	-1.88362	-0.646469	-0.200377	0.619007	1.23314
13.299	-0.73974	1.08836	-1.88362	-0.646469	-0.200377	0.619009	1.23314
13.312	-0.73974	1.08836	-1.88362	-0.646463	-0.200377	0.619007	1.23314
13.325	-0.73974	1.08836	-1.88362	-0.646412	-0.200377	0.619009	1.23314
13.338	-0.73974	1.08836	-1.88362	-0.646356	-0.200377	0.619009	1.23314
13.351	-0.73974	1.08836	-1.88362	-0.646349	-0.200377	0.619009	1.23314
13.364	-0.73974	1.08836	-1.88362	-0.64635	-0.200377	0.619007	1.23314
13.377	-0.73974	1.08836	-1.88362	-0.646356	-0.200377	0.619007	1.23314
13.39	-0.73974	1.08836	-1.88362	-0.646356	-0.200377	0.619007	1.23314
13.403	-0.739742	1.08836	-1.88362	-0.646362	-0.200377	0.619007	1.23314
13.416	-0.739747	1.08836	-1.88362	-0.646364	-0.200377	0.619007	1.23314
13.429	-0.739748	1.08836	-1.88362	-0.646364	-0.200377	0.619007	1.23314
13.442	-0.739748	1.08836	-1.88362	-0.646364	-0.200377	0.619007	1.23314
13.455	-0.739748	1.08836	-1.88362	-0.646364	-0.200377	0.619007	1.23314
13.468	-0.739748	1.08836	-1.88362	-0.646364	-0.200377	0.619009	1.23314
13.481	-0.739748	1.08836	-1.88362	-0.646364	-0.200377	0.619009	1.23314
13.494	-0.739748	1.08836	-1.88362	-0.646364	-0.200377	0.619009	1.23314
13.507	-0.739748	1.08836	-1.88362	-0.646364	-0.200377	0.619009	1.23314
13.52	-0.739748	1.08836	-1.88362	-0.646364	-0.200377	0.619009	1.23314
13.533	-0.739748	1.08836	-1.88362	-0.646359	-0.200377	0.619009	1.23314
13.546	-0.739748	1.08836	-1.88362	-0.646353	-0.200377	0.619009	1.23314
13.559	-0.739748	1.08836	-1.88362	-0.646353	-0.200377	0.619007	1.23314
13.572	-0.739748	1.08836	-1.88362	-0.646357	-0.200377	0.619007	1.23314
13.585	-0.739748	1.08836	-1.88362	-0.646361	-0.200377	0.619009	1.23314
13.598	-0.739748	1.08836	-1.88362	-0.646362	-0.200377	0.619009	1.23314
13.611	-0.739748	1.08835	-1.88363	-0.646363	-0.200377	0.619009	1.23314
13.624	-0.739748	1.08835	-1.88363	-0.646363	-0.200377	0.619009	1.23314
13.637	-0.739749	1.08835	-1.88363	-0.646364	-0.200377	0.619009	1.23314
13.65	-0.739772	1.08835	-1.88363	-0.646367	-0.200377	0.619009	1.23314
13.663	-0.739772	1.08835	-1.88363	-0.646367	-0.200377	0.619009	1.23314
13.676	-0.739803	1.08833	-1.88363	-0.646368	-0.200377	0.619009	1.23314
13.689	-0.739811	1.08833	-1.88363	-0.646368	-0.200377	0.619009	1.23314
13.702	-0.73983	1.08834	-1.88363	-0.646368	-0.200377	0.619009	1.23314
13.715	-0.739849	1.08833	-1.88363	-0.64637	-0.200377	0.619009	1.23314
13.728	-0.739859	1.08832	-1.88363	-0.64637	-0.200377	0.619009	1.23314
13.741	-0.739866	1.08832	-1.88363	-0.64637	-0.200377	0.619009	1.23314
13.754	-0.739868	1.08832	-1.88363	-0.64637	-0.200377	0.619009	1.23314
13.767	-0.739868	1.08832	-1.88363	-0.64637	-0.200377	0.619009	1.23314
13.78	-0.739868	1.08832	-1.88363	-0.646371	-0.200377	0.619009	1.23314
13.793	-0.739868	1.08832	-1.88363	-0.646371	-0.200377	0.619009	1.23314
13.806	-0.739872	1.08832	-1.88363	-0.646371	-0.200377	0.619009	1.23314
13.819	-0.73989	1.08832	-1.88363	-0.646371	-0.200377	0.619009	1.23314
13.832	-0.739896	1.08832	-1.88363	-0.646371	-0.200377	0.619009	1.23314
13.845	-0.739901	1.08832	-1.88363	-0.646372	-0.200377	0.619009	1.23314
13.858	-0.739906	1.08832	-1.88363	-0.646372	-0.200377	0.619007	1.23314
13.871	-0.73991	1.08832	-1.88363	-0.646372	-0.200377	0.619007	1.23314
13.884	-0.739912	1.08832	-1.88363	-0.646372	-0.200377	0.619007	1.23314
13.897	-0.739915	1.08832	-1.88363	-0.646372	-0.200377	0.619009	1.23314
13.91	-0.739927	1.08832	-1.88363	-0.646372	-0.200377	0.619009	1.23314
13.923	-0.73993	1.08832	-1.88363	-0.646372	-0.200377	0.619009	1.23314
13.936	-0.73993	1.08832	-1.88363	-0.646372	-0.200377	0.619009	1.23314
13.949	-0.73993	1.08832	-1.88363	-0.646372	-0.200377	0.619009	1.23314
13.962	-0.739932	1.08832	-1.88363	-0.646372	-0.200377	0.619009	1.23314
13.975	-0.739933	1.08832	-1.88363	-0.646372	-0.200377	0.619009	1.23314
13.988	-0.739932	1.08832	-1.88363	-0.646372	-0.200377	0.619009	1.23314
14.001	-0.739932	1.08832	-1.88363	-0.646372	-0.200377	0.619009	1.23314
14.014	-0.739932	1.08832	-1.88363	-0.646372	-0.200377	0.619009	1.23314
14.027	-0.739932	1.08832	-1.88363	-0.646372	-0.200377	0.619009	1.23314
14.04	-0.739932	1.08832	-1.88363	-0.646372	-0.200377	0.619009	1.23314
14.053	-0.739932	1.08832	-1.88363	-0.646371	-0.200377	0.619009	1.23314
14.066	-0.739932	1.08832	-1.88363	-0.646364	-0.200377	0.619009	1.23314
14.079	-0.739932	1.08832	-1.88363	-0.646364	-0.200377	0.619009	1.23314
14.092	-0.739932	1.08832	-1.88363	-0.646362	-0.200377	0.619009	1.23314
14.105	-0.739932	1.08832	-1.88363	-0.646361	-0.200377	0.619009	1.23314
14.118	-0.739932	1.08832	-1.88363	-0.646346	-0.200377	0.619009	1.23314
14.131	-0.739932	1.08832	-1.88363	-0.646318	-0.200377	0.619009	1.23314
14.144	-0.739932	1.08832	-1.88363	-0.646309	-0.200377	0.619009	1.23314
14.157	-0.739932	1.08832	-1.88363	-0.646311	-0.200377	0.619009	1.23314
14.17	-0.739932	1.08832	-1.88363	-0.64632	-0.200377	0.619009	1.23314
14.183	-0.739932	1.08832	-1.88363	-0.646329	-0.200377	0.619009	1.23314
14.196	-0.739933	1.08832	-1.88363	-0.646336	-0.200377	0.619009	1.23314
14.209	-0.739933	1.08832	-1.88363	-0.646336	-0.200377	0.619009	1.23314
14.222	-0.739935	1.08832	-1.88363	-0.646341	-0.200377	0.619009	1.23314
14.235	-0.739949	1.08832	-1.88363	-0.646345	-0.200377	0.619009	1.23314
14.248	-0.739981	1.08832	-1.88363	-0.646346	-0.200377	0.619009	1.23314
14.261	-0.740004	1.08832	-1.88363	-0.646348	-0.200377	0.619009	1.23314
14.274	-0.740034	1.08832	-1.88363	-0.646349	-0.200377	0.619009	1.23314
14.287	-0.740062	1.08832	-1.88363	-0.64635	-0.200377	0.619007	1.23314
14.3	-0.740088	1.08832	-1.88363	-0.646352	-0.200377	0.619007	1.23314
14.313	-0.74011	1.08832	-1.88363	-0.646352	-0.200377	0.619007	1.23314
14.326	-0.740129	1.08832	-1.88363	-0.646353	-0.200377	0.619007	1.23314
14.339	-0.740146	1.08832	-1.88363	-0.646353	-0.200377	0.619007	1.23314
14.352	-0.740146	1.08832	-1.88363	-0.646353	-0.200377	0.619007	1.23314
14.365	-0.740155	1.08832	-1.88363	-0.646353	-0.200377	0.619009	1.23314
14.378	-0.740166	1.08832	-1.88363	-0.646353	-0.200377	0.619009	1.23314
14.391	-0.740183	1.08832	-1.88363	-0.646353	-0.200377	0.619009	1.23314
14.404	-0.740185	1.08832	-1.88363	-0.646353	-0.200377	0.619009	1.23314
14.417	-0.740184	1.08832	-1.88363	-0.646353	-0.200377	0.619009	1.23314
14.43	-0.740184	1.08832	-1.88363	-0.646354	-0.200377	0.619009	1.23314
14.443	-0.740186	1.08832	-1.88363	-0.646354	-0.200377	0.619009	1.23314
14.456	-0.740192	1.08832	-1.88363	-0.646354	-0.200377	0.619009	1.23314
14.469	-0.740192	1.08832	-1.88363	-0.646354	-0.200377	0.619009	1.23314
14.482	-0.740192	1.08832	-1.88363	-0.646354	-0.200377	0.619009	1.23314
14.495	-0.740192	1.08832	-1.88363	-0.646354	-0.200377	0.619009	1.23314
14.508	-0.740204	1.08831	-1.88363	-0.646354	-0.200377	0.619009	1.23314
14.521	-0.740218	1.08831	-1.88363	-0.646354	-0.200377	0.619009	1.23314
14.534	-0.740218	1.08831	-1.88363	-0.646356	-0.200377	0.619009	1.23314
14.547	-0.740217	1.08831	-1.88363	-0.646356	-0.200377	0.619009	1.23314
14.56	-0.740217	1.08831	-1.88363	-0.646354	-0.200377	0.619009	1.23314
14.573	-0.740217	1.08831	-1.88363	-0.646356	-0.200377	0.619009	1.23314
14.586	-0.740217	1.08831	-1.88363	-0.646356	-0.200377	0.619009	1.23314
14.599	-0.740217	1.08831	-1.88363	-0.646356	-0.200377	0.619009	1.23314
14.612	-0.740217	1.08831	-1.88363	-0.646356	-0.200377	0.619009	1.23314
14.625	-0.740217	1.08831	-1.88363	-0.646356	-0.200377	0.619009	1.23314
14.638	-0.740217	1.08831	-1.88363	-0.646356	-0.200377	0.619009	1.23314
14.651	-0.740218	1.08831	-1.88363	-0.646356	-0.200377	0.619009	1.23314
14.664	-0.740227	1.08831	-1.88363	-0.646356	-0.200377	0.619009	1.23314
14.677	-0.740227	1.08831	-1.88363	-0.646356	-0.200377	0.619009	1.23314
14.69	-0.740226	1.08831	-1.88363	-0.646356	-0.200377	0.619009	1.23314
14.703	-0.740227	1.08831	-1.88363	-0.646357	-0.200377	0.619009	1.23314
14.716	-0.740238	1.0883	-1.88363	-0.646357	-0.200377	0.619009	1.23314
14.729	-0.740242	1.08829	-1.88363	-0.646357	-0.200377	0.619009	1.23314
14.742	-0.74024	1.08828	-1.88363	-0.646357	-0.200377	0.619009	1.23314
14.755	-0.74024	1.08828	-1.88363	-0.646357	-0.200377	0.619009	1.23314
