1.71	0.362899	1.47296	-1.97496	-1.59064	-0.307665	0.562255	1.32106
1.728	0.362899	1.47296	-1.97496	-1.59064	-0.307665	0.562255	1.32106
1.746	0.361867	1.47296	-1.97496	-1.59058	-0.307665	0.562255	1.32106
1.764	0.360933	1.47296	-1.97496	-1.59052	-0.307665	0.562255	1.32106
1.782	0.360009	1.47296	-1.97496	-1.59046	-0.307665	0.562255	1.32106
1.8	0.359155	1.47296	-1.97496	-1.59035	-0.307665	0.562255	1.32106
1.818	0.358321	1.47296	-1.97496	-1.59027	-0.307665	0.562255	1.32106
1.836	0.357572	1.47296	-1.97496	-1.59019	-0.307665	0.562255	1.32106
1.854	0.356893	1.47295	-1.97496	-1.59017	-0.307665	0.562255	1.32106
1.872	0.356162	1.47296	-1.97496	-1.59015	-0.307665	0.562255	1.32106
1.89	0.355509	1.47295	-1.97496	-1.59009	-0.307665	0.562257	1.32106
1.908	0.355509	1.47295	-1.97496	-1.59009	-0.307665	0.562257	1.32106
1.926	0.354825	1.47295	-1.97496	-1.59009	-0.307665	0.562263	1.32106
1.944	0.354117	1.47295	-1.97496	-1.59009	-0.307665	0.562274	1.32106
1.962	0.353416	1.47295	-1.97496	-1.59009	-0.307665	0.562286	1.32106
1.98	0.352629	1.47295	-1.97496	-1.59009	-0.307665	0.562313	1.32106
1.998	0.35179	1.47295	-1.97496	-1.59009	-0.307665	0.562389	1.32106
2.016	0.350897	1.47295	-1.97496	-1.59009	-0.307665	0.5625	1.32106
2.034	0.349855	1.47295	-1.97496	-1.59009	-0.307665	0.562609	1.32106
2.052	0.348828	1.47294	-1.97496	-1.59009	-0.307665	0.562689	1.32106
2.07	0.347618	1.47293	-1.97496	-1.59009	-0.307665	0.562698	1.32106
2.088	0.346319	1.47293	-1.97496	-1.59008	-0.307665	0.562703	1.32106
2.106	0.346319	1.47293	-1.97496	-1.59008	-0.307665	0.562703	1.32106
2.124	0.344973	1.47293	-1.97496	-1.59005	-0.307665	0.562708	1.32106
2.142	0.343511	1.47292	-1.97496	-1.59002	-0.307665	0.562713	1.32106
2.16	0.342047	1.47292	-1.97496	-1.58999	-0.307665	0.562717	1.32106
2.178	0.340503	1.47292	-1.97496	-1.58999	-0.307665	0.56272	1.32106
2.196	0.338911	1.47292	-1.97496	-1.58997	-0.307665	0.562724	1.32106
2.214	0.337292	1.47292	-1.97496	-1.58997	-0.307665	0.562725	1.32106
2.232	0.335632	1.47292	-1.97496	-1.58997	-0.307665	0.562727	1.32106
2.25	0.333972	1.47291	-1.97496	-1.58997	-0.307665	0.562729	1.32106
2.268	0.332268	1.47291	-1.97496	-1.58997	-0.307665	0.56273	1.32106
2.286	0.330573	1.47291	-1.97496	-1.58997	-0.307665	0.562729	1.32106
2.304	0.330573	1.47291	-1.97496	-1.58997	-0.307665	0.562729	1.32106
2.322	0.328899	1.47291	-1.97496	-1.58997	-0.307665	0.56273	1.32106
2.34	0.327195	1.47291	-1.97496	-1.58997	-0.307665	0.56273	1.32106
2.358	0.325526	1.47291	-1.97496	-1.58996	-0.307665	0.56273	1.32106
2.376	0.323822	1.47291	-1.97495	-1.58993	-0.307665	0.562729	1.32106
2.394	0.322147	1.47291	-1.97495	-1.58984	-0.307665	0.562729	1.32106
2.412	0.320478	1.47291	-1.97495	-1.58974	-0.307665	0.562729	1.32106
2.43	0.318834	1.47291	-1.97495	-1.58964	-0.307665	0.562729	1.32106
2.448	0.317263	1.47291	-1.97495	-1.58949	-0.307665	0.562727	1.32106
2.466	0.315642	1.47291	-1.97495	-1.58928	-0.307665	0.562727	1.32106
2.484	0.314052	1.4729	-1.97495	-1.589	-0.307665	0.562727	1.32106
2.502	0.312428	1.4729	-1.97495	-1.58864	-0.307665	0.562725	1.32106
2.52	0.312428	1.4729	-1.97495	-1.58864	-0.307665	0.562725	1.32106
2.538	0.310878	1.4729	-1.97495	-1.58816	-0.307665	0.562724	1.32106
2.556	0.309341	1.4729	-1.97495	-1.58759	-0.307665	0.562724	1.32106
2.574	0.307834	1.4729	-1.97495	-1.58688	-0.307665	0.562724	1.32106
2.592	0.30637	1.4729	-1.97495	-1.58609	-0.307665	0.562724	1.32106
2.61	0.304967	1.4729	-1.97495	-1.58526	-0.307665	0.562724	1.32106
2.628	0.30365	1.4729	-1.97494	-1.58436	-0.307665	0.562724	1.32106
2.646	0.302332	1.47291	-1.97494	-1.58338	-0.307665	0.562724	1.32107
2.664	0.301027	1.47291	-1.97493	-1.58233	-0.307665	0.562724	1.32106
2.682	0.299799	1.47291	-1.97493	-1.58126	-0.307665	0.562724	1.32107
2.7	0.298579	1.47291	-1.97493	-1.58027	-0.307665	0.562724	1.32107
2.718	0.298579	1.47291	-1.97493	-1.58027	-0.307665	0.562724	1.32107
2.736	0.297383	1.4729	-1.97493	-1.5793	-0.307665	0.562724	1.32106
2.754	0.296204	1.47291	-1.97493	-1.57832	-0.307665	0.562724	1.32107
2.772	0.295016	1.47291	-1.97492	-1.57752	-0.307665	0.562724	1.32107
2.79	0.293916	1.4729	-1.97489	-1.57688	-0.307665	0.562724	1.32107
2.808	0.292741	1.47291	-1.97486	-1.57643	-0.307665	0.562724	1.32107
2.826	0.291576	1.4729	-1.97485	-1.57601	-0.307665	0.562724	1.32107
2.844	0.290379	1.4729	-1.97484	-1.57569	-0.307665	0.562724	1.32107
2.862	0.289121	1.4729	-1.97482	-1.57546	-0.307663	0.562724	1.32107
2.88	0.287844	1.4729	-1.97481	-1.57527	-0.307663	0.562724	1.32107
2.898	0.286526	1.4729	-1.9748	-1.57512	-0.307663	0.562724	1.32107
2.916	0.285169	1.4729	-1.97477	-1.57497	-0.307665	0.562724	1.32107
2.934	0.285169	1.4729	-1.97477	-1.57497	-0.307665	0.562724	1.32107
2.952	0.28383	1.4729	-1.97476	-1.5748	-0.307665	0.562722	1.32107
2.97	0.282439	1.4729	-1.97475	-1.57469	-0.307665	0.562722	1.32107
2.988	0.280973	1.4729	-1.97473	-1.57461	-0.307663	0.562722	1.32107
3.006	0.279489	1.4729	-1.97474	-1.57452	-0.307665	0.56272	1.32107
3.024	0.277999	1.4729	-1.97473	-1.57442	-0.307665	0.56272	1.32107
3.042	0.27643	1.4729	-1.97472	-1.5743	-0.307665	0.56272	1.32107
3.06	0.274827	1.4729	-1.97468	-1.57421	-0.307665	0.56272	1.32107
3.078	0.27318	1.4729	-1.97463	-1.57413	-0.307665	0.56272	1.32107
3.096	0.271503	1.4729	-1.97459	-1.57402	-0.307663	0.56272	1.32107
3.114	0.269786	1.4729	-1.97455	-1.57392	-0.307665	0.56272	1.32107
3.132	0.269786	1.4729	-1.97455	-1.57392	-0.307665	0.56272	1.32107
3.15	0.26803	1.4729	-1.97448	-1.57381	-0.307663	0.56272	1.32107
3.168	0.266289	1.4729	-1.9744	-1.57372	-0.307665	0.562719	1.32107
3.186	0.264534	1.4729	-1.97427	-1.57359	-0.307665	0.562719	1.32107
3.204	0.262827	1.4729	-1.97415	-1.57349	-0.307665	0.562719	1.32107
3.222	0.26104	1.4729	-1.97396	-1.57341	-0.307665	0.562719	1.32107
3.24	0.259304	1.4729	-1.97376	-1.57334	-0.307665	0.562717	1.32107
3.258	0.257557	1.4729	-1.97356	-1.57328	-0.307665	0.562717	1.32107
3.276	0.255824	1.4729	-1.97337	-1.5732	-0.307663	0.562717	1.32107
3.294	0.254102	1.4729	-1.97314	-1.57315	-0.307665	0.562717	1.32107
3.312	0.252341	1.4729	-1.97287	-1.5731	-0.307665	0.562717	1.32107
3.33	0.252341	1.4729	-1.97287	-1.5731	-0.307665	0.562717	1.32107
3.348	0.250611	1.4729	-1.9726	-1.57304	-0.307665	0.562717	1.32107
3.366	0.248808	1.4729	-1.97231	-1.57295	-0.307665	0.562717	1.32107
3.384	0.247065	1.4729	-1.97207	-1.57282	-0.307665	0.562717	1.32107
3.402	0.245313	1.4729	-1.97176	-1.5727	-0.307665	0.562717	1.32107
3.42	0.243657	1.4729	-1.97142	-1.57256	-0.307665	0.562717	1.32107
3.438	0.241999	1.4729	-1.97108	-1.57248	-0.307663	0.562715	1.32107
3.456	0.240376	1.4729	-1.97083	-1.57237	-0.307665	0.562715	1.32107
3.474	0.238786	1.4729	-1.97065	-1.57226	-0.307665	0.562715	1.32107
3.492	0.237121	1.4729	-1.9705	-1.57214	-0.307663	0.562715	1.32107
3.51	0.235458	1.4729	-1.97041	-1.57199	-0.307663	0.562715	1.32107
3.528	0.233757	1.4729	-1.97034	-1.57179	-0.307665	0.562715	1.32107
3.546	0.233757	1.4729	-1.97034	-1.57179	-0.307665	0.562715	1.32107
3.564	0.232066	1.4729	-1.97034	-1.57155	-0.307665	0.562715	1.32107
3.582	0.230341	1.4729	-1.97034	-1.57131	-0.307665	0.562715	1.32107
3.6	0.228572	1.4729	-1.97034	-1.57108	-0.307663	0.562713	1.32107
3.618	0.226846	1.4729	-1.97035	-1.57083	-0.307665	0.562713	1.32107
3.636	0.2251	1.4729	-1.97035	-1.57055	-0.307665	0.562712	1.32107
3.654	0.22341	1.4729	-1.97035	-1.57025	-0.307665	0.562712	1.32107
3.672	0.221651	1.4729	-1.97034	-1.56997	-0.307665	0.56271	1.32107
3.69	0.219929	1.4729	-1.97034	-1.56969	-0.307663	0.56271	1.32107
3.708	0.2182	1.4729	-1.97033	-1.56941	-0.307665	0.56271	1.32107
3.726	0.216454	1.4729	-1.97033	-1.56913	-0.307663	0.56271	1.32107
3.744	0.216454	1.4729	-1.97033	-1.56913	-0.307663	0.56271	1.32107
3.762	0.214693	1.4729	-1.97033	-1.56887	-0.307663	0.56271	1.32107
3.78	0.212886	1.4729	-1.97033	-1.56862	-0.307665	0.56271	1.32107
3.798	0.211123	1.4729	-1.97033	-1.56839	-0.307663	0.56271	1.32107
3.816	0.20931	1.4729	-1.97033	-1.56816	-0.307663	0.56271	1.32107
3.834	0.207553	1.4729	-1.97033	-1.56798	-0.307663	0.56271	1.32107
3.852	0.205766	1.4729	-1.97032	-1.56781	-0.307665	0.56271	1.32107
3.87	0.204016	1.4729	-1.97031	-1.56764	-0.307663	0.56271	1.32107
3.888	0.202214	1.4729	-1.97028	-1.56751	-0.307665	0.56271	1.32107
3.906	0.200468	1.4729	-1.97027	-1.56738	-0.307663	0.562708	1.32107
3.924	0.198731	1.4729	-1.97027	-1.56728	-0.307663	0.562708	1.32107
3.942	0.198731	1.4729	-1.97027	-1.56728	-0.307663	0.562708	1.32107
3.96	0.197013	1.4729	-1.97027	-1.56719	-0.307663	0.562708	1.32107
3.978	0.195301	1.4729	-1.97027	-1.56717	-0.307663	0.562708	1.32107
3.996	0.193561	1.4729	-1.97025	-1.56714	-0.307663	0.562708	1.32107
4.014	0.191887	1.4729	-1.97025	-1.56713	-0.307663	0.562708	1.32107
4.032	0.190185	1.4729	-1.97025	-1.56712	-0.307663	0.562708	1.32107
4.05	0.188553	1.4729	-1.97025	-1.56711	-0.307663	0.562707	1.32107
4.068	0.186968	1.4729	-1.97025	-1.5671	-0.307663	0.562707	1.32107
4.086	0.185421	1.4729	-1.97025	-1.56708	-0.307663	0.562707	1.32107
4.104	0.183959	1.4729	-1.97025	-1.56708	-0.307663	0.562707	1.32107
4.122	0.18244	1.4729	-1.97025	-1.56706	-0.307663	0.562707	1.32107
4.14	0.181011	1.4729	-1.97025	-1.56703	-0.307663	0.562707	1.32107
4.158	0.181011	1.4729	-1.97025	-1.56703	-0.307663	0.562707	1.32107
4.176	0.179618	1.4729	-1.97025	-1.56702	-0.307663	0.562707	1.32107
4.194	0.178236	1.4729	-1.97025	-1.56698	-0.307663	0.562707	1.32107
4.212	0.176851	1.4729	-1.97025	-1.56698	-0.307663	0.562707	1.32107
4.23	0.175518	1.4729	-1.97025	-1.56698	-0.307663	0.562707	1.32107
4.248	0.17418	1.4729	-1.97025	-1.56696	-0.307663	0.562707	1.32107
4.266	0.172849	1.4729	-1.97024	-1.56696	-0.307663	0.562707	1.32107
4.284	0.17153	1.4729	-1.97023	-1.56696	-0.307663	0.562707	1.32107
4.302	0.170199	1.4729	-1.97024	-1.56696	-0.307663	0.562705	1.32107
4.32	0.16885	1.4729	-1.97024	-1.56695	-0.307663	0.562705	1.32107
4.338	0.16749	1.4729	-1.97024	-1.56695	-0.307663	0.562705	1.32107
4.356	0.16749	1.4729	-1.97024	-1.56695	-0.307663	0.562705	1.32107
4.374	0.16614	1.47289	-1.97024	-1.56695	-0.307663	0.562705	1.32107
4.392	0.164757	1.47289	-1.97024	-1.56695	-0.307663	0.562705	1.32107
4.41	0.163325	1.47289	-1.97024	-1.56695	-0.307663	0.562705	1.32107
4.428	0.161901	1.47289	-1.97024	-1.56694	-0.307663	0.562705	1.32107
4.446	0.160471	1.47289	-1.97024	-1.56694	-0.307663	0.562705	1.32107
4.464	0.158915	1.47289	-1.97024	-1.56694	-0.307663	0.562705	1.32107
4.482	0.157385	1.47289	-1.97024	-1.56694	-0.307663	0.562705	1.32107
4.5	0.1558	1.47288	-1.97024	-1.56694	-0.307663	0.562705	1.32107
4.518	0.154146	1.47288	-1.97024	-1.56694	-0.307663	0.562705	1.32107
4.536	0.152475	1.47288	-1.97024	-1.56694	-0.307663	0.562705	1.32107
4.554	0.150671	1.47288	-1.97024	-1.56694	-0.307663	0.562705	1.32107
4.572	0.150671	1.47288	-1.97024	-1.56694	-0.307663	0.562705	1.32107
4.59	0.148882	1.47288	-1.97024	-1.56694	-0.307663	0.562705	1.32107
4.608	0.147015	1.47288	-1.97025	-1.56694	-0.307663	0.562705	1.32107
4.626	0.145158	1.47288	-1.97024	-1.56694	-0.307661	0.562705	1.32107
4.644	0.143189	1.47287	-1.97024	-1.56694	-0.307661	0.562705	1.32107
4.662	0.141242	1.47287	-1.97024	-1.56694	-0.307661	0.562705	1.32107
4.68	0.141242	1.47287	-1.97024	-1.56694	-0.307661	0.562705	1.32107
4.698	0.141242	1.47287	-1.97024	-1.56694	-0.307661	0.562705	1.32107
4.716	0.141242	1.47287	-1.97024	-1.56694	-0.307661	0.562705	1.32107
4.734	0.141242	1.47287	-1.97024	-1.56694	-0.307661	0.562705	1.32107
4.752	0.141242	1.47287	-1.97024	-1.56694	-0.307661	0.562705	1.32107
4.77	0.141242	1.47287	-1.97024	-1.56694	-0.307661	0.562705	1.32107
4.788	0.141242	1.47287	-1.97024	-1.56694	-0.307661	0.562705	1.32107
4.806	0.141242	1.47287	-1.97024	-1.56694	-0.307661	0.562705	1.32107
4.824	0.141242	1.47287	-1.97024	-1.56694	-0.307661	0.562705	1.32107
4.842	0.141242	1.47287	-1.97024	-1.56694	-0.307661	0.562705	1.32107
4.86	0.141242	1.47287	-1.97024	-1.56694	-0.307661	0.562705	1.32107
4.878	0.118194	1.47286	-1.97025	-1.56694	-0.307661	0.562703	1.32107
4.896	0.116072	1.47286	-1.97025	-1.56694	-0.307661	0.562705	1.32107
4.914	0.113941	1.47286	-1.97025	-1.56694	-0.307659	0.562705	1.32107
4.932	0.111813	1.47286	-1.97025	-1.56694	-0.307659	0.562703	1.32107
4.95	0.109687	1.47286	-1.97025	-1.56694	-0.307659	0.562703	1.32107
4.968	0.109687	1.47286	-1.97025	-1.56694	-0.307659	0.562703	1.32107
4.986	0.107573	1.47286	-1.97025	-1.56694	-0.307659	0.562703	1.32107
5.004	0.105554	1.47286	-1.97026	-1.56694	-0.307659	0.562701	1.32107
5.022	0.103464	1.47286	-1.97026	-1.56694	-0.307659	0.562701	1.32107
5.04	0.101475	1.47285	-1.97026	-1.56694	-0.307659	0.562701	1.32107
5.058	0.0994339	1.47285	-1.97026	-1.56694	-0.307659	0.562701	1.32107
5.076	0.0974716	1.47285	-1.97026	-1.56694	-0.307659	0.562701	1.32107
5.094	0.0954417	1.47285	-1.97027	-1.56694	-0.307659	0.562701	1.32107
5.112	0.093528	1.47284	-1.9703	-1.56694	-0.307659	0.562701	1.32107
5.13	0.0915211	1.47283	-1.97031	-1.56694	-0.307659	0.562701	1.32107
5.148	0.0896126	1.47283	-1.97032	-1.56694	-0.307659	0.562701	1.32107
5.166	0.0896126	1.47283	-1.97032	-1.56694	-0.307659	0.562701	1.32107
5.184	0.0876938	1.47282	-1.97032	-1.56694	-0.307659	0.562701	1.32107
5.202	0.0858709	1.47282	-1.97033	-1.56694	-0.307659	0.562701	1.32107
5.22	0.0839713	1.4728	-1.97033	-1.56694	-0.307659	0.562701	1.32107
5.238	0.0821651	1.47279	-1.97033	-1.56694	-0.307659	0.562701	1.32107
5.256	0.0802974	1.47278	-1.97033	-1.56694	-0.307659	0.562701	1.32107
5.274	0.0784848	1.47277	-1.97034	-1.56694	-0.307659	0.562701	1.32107
5.292	0.0765776	1.47273	-1.97034	-1.56694	-0.307657	0.562701	1.32107
5.31	0.0747176	1.47271	-1.97034	-1.56694	-0.307657	0.562701	1.32107
5.328	0.0747176	1.47271	-1.97034	-1.56694	-0.307657	0.562701	1.32107
5.346	0.0747176	1.47271	-1.97034	-1.56694	-0.307657	0.562701	1.32107
5.364	0.0747176	1.47271	-1.97034	-1.56694	-0.307657	0.562701	1.32107
5.382	0.0747176	1.47271	-1.97034	-1.56694	-0.307657	0.562701	1.32107
5.4	0.0747176	1.47271	-1.97034	-1.56694	-0.307657	0.562701	1.32107
5.418	0.0747176	1.47271	-1.97034	-1.56694	-0.307657	0.562701	1.32107
5.436	0.0747176	1.47271	-1.97034	-1.56694	-0.307657	0.562701	1.32107
5.454	0.0747176	1.47271	-1.97034	-1.56694	-0.307657	0.562701	1.32107
5.472	0.0747176	1.47271	-1.97034	-1.56694	-0.307657	0.562701	1.32107
5.49	0.0747176	1.47271	-1.97034	-1.56694	-0.307657	0.562701	1.32107
5.508	0.0747176	1.47271	-1.97034	-1.56694	-0.307657	0.562701	1.32107
5.526	0.0546391	1.4725	-1.97036	-1.56693	-0.307657	0.562701	1.32107
5.544	0.0529044	1.47249	-1.97036	-1.56693	-0.307657	0.562701	1.32107
5.562	0.0512324	1.47249	-1.97036	-1.56693	-0.307657	0.562701	1.32107
5.58	0.0512324	1.47249	-1.97036	-1.56693	-0.307657	0.562701	1.32107
5.598	0.0495079	1.47247	-1.97036	-1.56693	-0.307657	0.562701	1.32107
5.616	0.0477899	1.47246	-1.97036	-1.56694	-0.307657	0.562701	1.32107
5.634	0.0460705	1.47242	-1.97036	-1.56694	-0.307657	0.562703	1.32107
5.652	0.0442617	1.47236	-1.97036	-1.56693	-0.307657	0.562701	1.32107
5.67	0.0425257	1.47227	-1.97036	-1.56694	-0.307657	0.562701	1.32107
5.688	0.0406837	1.47216	-1.97036	-1.56693	-0.307657	0.562701	1.32107
5.706	0.0389081	1.47205	-1.97037	-1.56693	-0.307657	0.562701	1.32107
5.724	0.0370098	1.47189	-1.97036	-1.56693	-0.307657	0.5627	1.32107
5.742	0.0351818	1.47175	-1.97037	-1.56693	-0.307657	0.562701	1.32107
5.76	0.0332707	1.47155	-1.97037	-1.56693	-0.307657	0.562701	1.32107
5.778	0.0332707	1.47155	-1.97037	-1.56693	-0.307657	0.562701	1.32107
5.796	0.0313891	1.47136	-1.97037	-1.56693	-0.307657	0.562701	1.32107
5.814	0.0294665	1.47114	-1.97037	-1.56693	-0.307657	0.562701	1.32107
5.832	0.0275758	1.47092	-1.97037	-1.56693	-0.307655	0.562701	1.32107
5.85	0.0256468	1.47067	-1.97037	-1.56693	-0.307655	0.562701	1.32107
5.868	0.0237703	1.47043	-1.97037	-1.56693	-0.307655	0.562701	1.32107
5.886	0.0218541	1.47014	-1.97037	-1.56693	-0.307655	0.562701	1.32107
5.904	0.0199507	1.46984	-1.97037	-1.56693	-0.307655	0.562701	1.32107
5.922	0.0179769	1.46949	-1.97037	-1.56693	-0.307655	0.562701	1.32107
5.94	0.0160262	1.46912	-1.97037	-1.56693	-0.307655	0.562701	1.32107
5.958	0.0140564	1.46864	-1.97037	-1.56693	-0.307655	0.562701	1.32107
5.976	0.0120583	1.4682	-1.97038	-1.56693	-0.307655	0.562701	1.32107
5.994	0.0120583	1.4682	-1.97038	-1.56693	-0.307655	0.562701	1.32107
6.012	0.0100642	1.46769	-1.97039	-1.56693	-0.307655	0.562701	1.32107
6.03	0.00812624	1.4672	-1.97039	-1.56692	-0.307655	0.562701	1.32107
6.048	0.00612312	1.46667	-1.97039	-1.56692	-0.307655	0.562701	1.32107
6.066	0.00417113	1.46616	-1.97039	-1.56692	-0.307655	0.562701	1.32107
6.084	0.00221659	1.46559	-1.97039	-1.56692	-0.307655	0.562701	1.32107
6.102	0.000296549	1.46508	-1.97039	-1.56691	-0.307655	0.5627	1.32107
6.12	-0.00166565	1.46448	-1.97039	-1.56691	-0.307655	0.5627	1.32107
6.138	-0.0035614	1.46393	-1.9704	-1.5669	-0.307655	0.562698	1.32107
6.156	-0.00545075	1.46333	-1.9704	-1.5669	-0.307655	0.562698	1.32107
6.174	-0.00731965	1.46273	-1.9704	-1.5669	-0.307655	0.562698	1.32107
6.192	-0.00731965	1.46273	-1.9704	-1.5669	-0.307655	0.562698	1.32107
6.21	-0.00912718	1.46216	-1.9704	-1.5669	-0.307655	0.562698	1.32107
6.228	-0.0108683	1.46158	-1.9704	-1.5669	-0.307655	0.562696	1.32107
6.246	-0.0125454	1.46097	-1.9704	-1.5669	-0.307655	0.562696	1.32107
6.264	-0.0142648	1.46035	-1.9704	-1.5669	-0.307655	0.562698	1.32107
6.282	-0.0158818	1.45971	-1.9704	-1.5669	-0.307655	0.562698	1.32107
6.3	-0.0175283	1.45907	-1.9704	-1.5669	-0.307655	0.562698	1.32107
6.318	-0.0190546	1.45848	-1.9704	-1.5669	-0.307655	0.562698	1.32107
6.336	-0.0206282	1.4578	-1.97039	-1.5669	-0.307655	0.562698	1.32107
6.354	-0.0222235	1.45715	-1.9704	-1.56689	-0.307655	0.562696	1.32107
6.372	-0.0237665	1.45642	-1.9704	-1.56689	-0.307653	0.562696	1.32107
6.39	-0.0237665	1.45642	-1.9704	-1.56689	-0.307653	0.562696	1.32107
6.408	-0.0253541	1.45566	-1.97039	-1.56689	-0.307653	0.562696	1.32107
6.426	-0.0269239	1.45497	-1.9704	-1.5669	-0.307653	0.562696	1.32107
6.444	-0.028449	1.45416	-1.97039	-1.5669	-0.307653	0.562695	1.32107
6.462	-0.0299868	1.45334	-1.97039	-1.56689	-0.307651	0.562695	1.32107
6.48	-0.0314556	1.45254	-1.9704	-1.5669	-0.307649	0.562695	1.32107
6.498	-0.0330125	1.45164	-1.97039	-1.56689	-0.307647	0.562695	1.32107
6.516	-0.0344967	1.45083	-1.97039	-1.56689	-0.307647	0.562695	1.32107
6.534	-0.0359885	1.44995	-1.97039	-1.56689	-0.307641	0.562695	1.32107
6.552	-0.0375045	1.44907	-1.97039	-1.56689	-0.307639	0.562693	1.32107
6.57	-0.0389593	1.44826	-1.97039	-1.56689	-0.307639	0.562691	1.32107
6.588	-0.0404293	1.44738	-1.97039	-1.56689	-0.307637	0.562691	1.32107
6.606	-0.0404293	1.44738	-1.97039	-1.56689	-0.307637	0.562691	1.32107
6.624	-0.0418969	1.44655	-1.97039	-1.56689	-0.307635	0.562688	1.32107
6.642	-0.043358	1.44572	-1.97039	-1.56689	-0.307633	0.562679	1.32107
6.66	-0.0448152	1.44489	-1.97038	-1.56689	-0.307631	0.562667	1.32107
6.678	-0.0462712	1.44413	-1.97038	-1.56689	-0.307631	0.562635	1.32107
6.696	-0.0476812	1.44335	-1.97038	-1.56689	-0.307622	0.562575	1.32107
6.714	-0.0491372	1.44258	-1.97035	-1.56689	-0.307612	0.562441	1.32107
6.732	-0.0505498	1.44187	-1.97032	-1.56689	-0.307604	0.562233	1.32107
6.75	-0.0519585	1.4411	-1.97032	-1.56689	-0.30759	0.562021	1.32107
6.768	-0.0533825	1.4404	-1.9703	-1.56689	-0.307573	0.561807	1.32107
6.786	-0.0548015	1.4397	-1.9703	-1.56689	-0.307547	0.561502	1.32107
6.804	-0.0548015	1.4397	-1.9703	-1.56689	-0.307547	0.561502	1.32107
6.822	-0.0562153	1.43899	-1.9703	-1.56689	-0.307516	0.561045	1.32107
6.84	-0.0575588	1.43828	-1.9703	-1.56689	-0.307487	0.560441	1.32107
6.858	-0.0589394	1.43753	-1.97027	-1.56689	-0.307449	0.559804	1.32107
6.876	-0.0603327	1.43679	-1.97024	-1.56689	-0.307401	0.559403	1.32107
6.894	-0.0616801	1.43604	-1.97023	-1.56689	-0.307354	0.55917	1.32107
6.912	-0.0630709	1.43532	-1.9702	-1.56689	-0.30732	0.559117	1.32107
6.93	-0.0644834	1.43457	-1.97017	-1.56689	-0.307307	0.559114	1.32107
6.948	-0.0658985	1.43383	-1.97012	-1.56689	-0.307295	0.559115	1.32107
6.966	-0.067306	1.4331	-1.97001	-1.56689	-0.307291	0.559115	1.32107
6.984	-0.0687517	1.43237	-1.96997	-1.56689	-0.307289	0.559117	1.32107
7.002	-0.0701962	1.43168	-1.96995	-1.56689	-0.307289	0.559117	1.32107
7.02	-0.0701962	1.43168	-1.96995	-1.56689	-0.307289	0.559117	1.32107
7.038	-0.071642	1.43108	-1.96992	-1.56689	-0.307289	0.559117	1.32107
7.056	-0.073121	1.43049	-1.96991	-1.56689	-0.307289	0.559117	1.32107
7.074	-0.0745962	1.42994	-1.9699	-1.56689	-0.307289	0.559117	1.32107
7.092	-0.0761123	1.42934	-1.96986	-1.56689	-0.307289	0.559117	1.32107
7.11	-0.077544	1.42886	-1.96982	-1.56688	-0.307289	0.559117	1.32107
7.128	-0.0790754	1.42838	-1.96979	-1.56688	-0.307289	0.559117	1.32107
7.146	-0.0806311	1.42803	-1.96975	-1.56688	-0.307289	0.559117	1.32107
7.164	-0.0821408	1.4277	-1.96975	-1.56688	-0.307289	0.559117	1.32107
7.182	-0.0836991	1.42747	-1.96973	-1.56688	-0.307289	0.559117	1.32107
7.2	-0.0852522	1.42728	-1.96973	-1.56688	-0.307289	0.559117	1.32107
7.218	-0.0852522	1.42728	-1.96973	-1.56688	-0.307289	0.559117	1.32107
7.236	-0.0867875	1.42713	-1.96972	-1.56688	-0.307285	0.559115	1.32107
7.254	-0.0883765	1.42707	-1.9697	-1.56688	-0.307279	0.559114	1.32107
7.272	-0.089913	1.42706	-1.96971	-1.56687	-0.307273	0.55911	1.32107
7.29	-0.0914853	1.42706	-1.96969	-1.56687	-0.30726	0.559097	1.32107
7.308	-0.0929899	1.42706	-1.96967	-1.56682	-0.307252	0.559052	1.32107
7.326	-0.094506	1.42706	-1.96967	-1.5668	-0.307236	0.558953	1.32107
7.344	-0.0960349	1.42706	-1.96966	-1.56677	-0.307183	0.558826	1.32107
7.362	-0.0974589	1.42706	-1.96965	-1.56668	-0.307062	0.55863	1.32107
7.38	-0.0989405	1.42706	-1.9696	-1.56661	-0.306845	0.558362	1.32107
7.398	-0.10044	1.42706	-1.96958	-1.56649	-0.306518	0.557999	1.32107
7.416	-0.10044	1.42706	-1.96958	-1.56649	-0.306518	0.557999	1.32107
7.434	-0.101904	1.42703	-1.96958	-1.56635	-0.306064	0.557506	1.32107
7.452	-0.103425	1.42701	-1.96957	-1.56626	-0.305524	0.556537	1.32107
7.47	-0.104943	1.42701	-1.96957	-1.56613	-0.304963	0.555388	1.32107
7.488	-0.106517	1.42698	-1.96957	-1.56602	-0.304471	0.55443	1.32107
7.506	-0.108109	1.42696	-1.96957	-1.56583	-0.304149	0.553469	1.32107
7.524	-0.109706	1.42689	-1.96957	-1.56564	-0.303896	0.551677	1.32107
7.542	-0.111355	1.42681	-1.96957	-1.56546	-0.303699	0.549787	1.32107
7.56	-0.113013	1.42671	-1.96957	-1.56526	-0.303562	0.547225	1.32107
7.578	-0.114694	1.42654	-1.96956	-1.56503	-0.30347	0.544348	1.32107
7.596	-0.116493	1.42636	-1.96953	-1.56477	-0.303434	0.541175	1.32107
7.614	-0.118299	1.42612	-1.96953	-1.56454	-0.303423	0.537943	1.32107
7.632	-0.118299	1.42612	-1.96953	-1.56454	-0.303423	0.537943	1.32107
7.65	-0.120259	1.42586	-1.9695	-1.5643	-0.303421	0.534809	1.32107
7.668	-0.122207	1.42555	-1.96951	-1.56399	-0.303421	0.531749	1.32107
7.686	-0.124288	1.42514	-1.96944	-1.56365	-0.303421	0.52848	1.32107
7.704	-0.126399	1.42473	-1.9694	-1.56326	-0.303419	0.524802	1.32107
7.722	-0.128609	1.42427	-1.9694	-1.56283	-0.303417	0.520851	1.32107
7.74	-0.130873	1.42378	-1.9694	-1.56235	-0.303415	0.516829	1.32107
7.758	-0.133216	1.42322	-1.9694	-1.56179	-0.303415	0.512791	1.32107
7.776	-0.135628	1.42259	-1.96939	-1.56119	-0.303415	0.508489	1.32107
7.794	-0.138097	1.42193	-1.96939	-1.56046	-0.303417	0.503754	1.32107
7.812	-0.140768	1.42118	-1.96939	-1.55967	-0.303417	0.498939	1.32107
7.83	-0.140768	1.42118	-1.96939	-1.55967	-0.303417	0.498939	1.32107
7.848	-0.143504	1.4204	-1.96938	-1.55874	-0.303417	0.494254	1.32107
7.866	-0.146333	1.41957	-1.96939	-1.5578	-0.303419	0.48949	1.32107
7.884	-0.149217	1.41866	-1.96938	-1.55682	-0.303421	0.484518	1.32107
7.902	-0.152221	1.41776	-1.96932	-1.55571	-0.303423	0.47972	1.32107
7.92	-0.155319	1.41681	-1.96931	-1.55451	-0.303429	0.475365	1.32107
7.938	-0.158428	1.41588	-1.9693	-1.55327	-0.303436	0.471338	1.32107
7.956	-0.161725	1.41495	-1.96928	-1.55202	-0.303438	0.467438	1.32107
7.974	-0.165092	1.41398	-1.96926	-1.55061	-0.30344	0.463756	1.32107
7.992	-0.168469	1.41314	-1.96923	-1.54913	-0.303442	0.460566	1.32107
8.01	-0.171843	1.41229	-1.96922	-1.54758	-0.303444	0.45826	1.32107
8.028	-0.175237	1.41159	-1.96922	-1.54597	-0.303444	0.456553	1.32107
8.046	-0.175237	1.41159	-1.96922	-1.54597	-0.303444	0.456553	1.32107
8.064	-0.178636	1.41087	-1.96923	-1.54433	-0.303444	0.455989	1.32107
8.082	-0.182018	1.4102	-1.96921	-1.54257	-0.303446	0.45595	1.32107
8.1	-0.185392	1.40957	-1.96921	-1.54091	-0.303446	0.455971	1.32107
8.118	-0.188698	1.40908	-1.96921	-1.53924	-0.303446	0.455971	1.32107
8.136	-0.191975	1.40861	-1.96921	-1.53768	-0.303446	0.455971	1.32107
8.154	-0.195181	1.4083	-1.96921	-1.53615	-0.303446	0.455971	1.32107
8.172	-0.198404	1.40797	-1.96921	-1.53474	-0.303446	0.455972	1.32107
8.19	-0.201578	1.40772	-1.96921	-1.53346	-0.303446	0.455971	1.32107
8.208	-0.204756	1.40748	-1.96921	-1.53221	-0.303446	0.455971	1.32107
8.226	-0.207859	1.4073	-1.96921	-1.53089	-0.303444	0.455971	1.32107
8.244	-0.207859	1.4073	-1.96921	-1.53089	-0.303444	0.455971	1.32107
8.262	-0.210911	1.40716	-1.96921	-1.52966	-0.30344	0.455969	1.32107
8.28	-0.213952	1.40705	-1.96921	-1.5284	-0.303432	0.455969	1.32107
8.298	-0.216902	1.4069	-1.96921	-1.52703	-0.303425	0.455964	1.32107
8.316	-0.219888	1.40676	-1.9692	-1.52573	-0.303419	0.455952	1.32107
8.334	-0.222809	1.40664	-1.9692	-1.52439	-0.303415	0.455928	1.32107
8.352	-0.225698	1.40651	-1.9692	-1.52303	-0.303413	0.455822	1.32107
8.37	-0.22848	1.40642	-1.9692	-1.5217	-0.303411	0.455463	1.32107
8.388	-0.231256	1.40633	-1.9692	-1.52041	-0.303409	0.454462	1.32107
8.406	-0.233954	1.40621	-1.9692	-1.51918	-0.303409	0.453116	1.32107
8.424	-0.236547	1.40607	-1.9692	-1.51798	-0.303407	0.451853	1.32107
8.442	-0.236547	1.40607	-1.9692	-1.51798	-0.303407	0.451853	1.32107
8.46	-0.239187	1.40587	-1.9692	-1.51684	-0.303407	0.450095	1.32107
8.478	-0.241771	1.4056	-1.96919	-1.51562	-0.303407	0.448043	1.32107
8.496	-0.24429	1.40531	-1.9692	-1.51446	-0.303407	0.445867	1.32107
8.514	-0.246761	1.40504	-1.9692	-1.51333	-0.303407	0.443876	1.32107
8.532	-0.249159	1.40472	-1.96919	-1.51214	-0.303407	0.442037	1.32107
8.55	-0.251506	1.40447	-1.9692	-1.51096	-0.303409	0.440644	1.32107
8.568	-0.253769	1.40419	-1.9692	-1.50984	-0.303411	0.440017	1.32107
8.586	-0.255956	1.40392	-1.9692	-1.50866	-0.303411	0.439751	1.32107
8.604	-0.258163	1.40363	-1.9692	-1.50746	-0.303411	0.439625	1.32107
8.622	-0.260213	1.40333	-1.9692	-1.50636	-0.303413	0.439615	1.32107
8.64	-0.262256	1.40304	-1.9692	-1.5053	-0.303415	0.439615	1.32107
8.658	-0.262256	1.40304	-1.9692	-1.5053	-0.303415	0.439615	1.32107
8.676	-0.26425	1.40275	-1.9692	-1.50417	-0.303413	0.439613	1.32107
8.694	-0.266134	1.40244	-1.9692	-1.50303	-0.303411	0.439611	1.32107
8.712	-0.267949	1.40211	-1.9692	-1.50205	-0.303411	0.439611	1.32107
8.73	-0.269685	1.4018	-1.9692	-1.50112	-0.303411	0.439611	1.32107
8.748	-0.271366	1.40141	-1.9692	-1.50026	-0.303411	0.43961	1.32107
8.766	-0.272972	1.40104	-1.96919	-1.49942	-0.303411	0.4396	1.32107
8.784	-0.274448	1.40066	-1.9692	-1.49872	-0.303411	0.439565	1.32107
8.802	-0.275838	1.40022	-1.96919	-1.49815	-0.303411	0.439465	1.32107
8.82	-0.277198	1.39982	-1.96919	-1.49764	-0.303413	0.439228	1.32107
8.838	-0.27847	1.39933	-1.96919	-1.49716	-0.303413	0.438754	1.32107
8.856	-0.27847	1.39933	-1.96919	-1.49716	-0.303413	0.438754	1.32107
8.874	-0.279695	1.39883	-1.96919	-1.49678	-0.303413	0.438105	1.32107
8.892	-0.280882	1.39834	-1.96919	-1.49645	-0.303413	0.437522	1.32107
8.91	-0.282008	1.39776	-1.96918	-1.49623	-0.303413	0.436999	1.32107
8.928	-0.283069	1.39724	-1.96918	-1.49607	-0.303415	0.436627	1.32107
8.946	-0.28411	1.39672	-1.96918	-1.49596	-0.303415	0.436186	1.32107
8.964	-0.285067	1.39621	-1.96918	-1.49584	-0.303419	0.435386	1.32107
8.982	-0.286044	1.39567	-1.96918	-1.49579	-0.303423	0.433922	1.32107
9	-0.28692	1.39513	-1.96918	-1.49572	-0.303425	0.432475	1.32107
9.018	-0.287834	1.39454	-1.96917	-1.49568	-0.303429	0.430769	1.32107
9.036	-0.288667	1.394	-1.96917	-1.4956	-0.303432	0.428569	1.32107
9.054	-0.289571	1.39343	-1.96916	-1.4956	-0.303432	0.42636	1.32107
9.072	-0.289571	1.39343	-1.96916	-1.4956	-0.303432	0.42636	1.32107
9.09	-0.290441	1.3929	-1.96917	-1.49559	-0.303434	0.424348	1.32107
9.108	-0.291316	1.39234	-1.96915	-1.49559	-0.303436	0.42262	1.32107
9.126	-0.292267	1.39185	-1.96915	-1.49559	-0.303438	0.42125	1.32107
9.144	-0.293155	1.39129	-1.96914	-1.49559	-0.30344	0.420759	1.32107
9.162	-0.294186	1.39077	-1.96911	-1.49558	-0.303444	0.420696	1.32107
9.18	-0.295138	1.39021	-1.96911	-1.49557	-0.303444	0.420706	1.32107
9.198	-0.296192	1.38968	-1.96908	-1.49549	-0.303444	0.420709	1.32107
9.216	-0.297215	1.38917	-1.96908	-1.49535	-0.303446	0.420711	1.32107
9.234	-0.298284	1.38867	-1.96908	-1.49526	-0.303446	0.420711	1.32107
9.252	-0.299351	1.38819	-1.96908	-1.49517	-0.303446	0.420711	1.32107
9.27	-0.299351	1.38819	-1.96908	-1.49517	-0.303446	0.420711	1.32107
9.288	-0.300463	1.38773	-1.96907	-1.49505	-0.303446	0.420711	1.32107
9.306	-0.301629	1.38728	-1.96907	-1.49493	-0.303448	0.420709	1.32107
9.324	-0.302782	1.38684	-1.96907	-1.49475	-0.303448	0.420709	1.32107
9.342	-0.30404	1.38639	-1.96907	-1.49453	-0.303448	0.420704	1.32107
9.36	-0.305246	1.38587	-1.96906	-1.49422	-0.303448	0.420694	1.32107
9.378	-0.306498	1.3854	-1.96902	-1.49383	-0.303448	0.42065	1.32107
9.396	-0.307833	1.38489	-1.96902	-1.49345	-0.303448	0.420459	1.32107
9.414	-0.309143	1.38442	-1.96901	-1.49297	-0.303448	0.420063	1.32107
9.432	-0.310553	1.38392	-1.96898	-1.4925	-0.303448	0.419111	1.32107
9.45	-0.312019	1.38342	-1.96896	-1.492	-0.303448	0.417911	1.32107
9.468	-0.31348	1.38291	-1.96896	-1.49144	-0.303448	0.416817	1.32107
9.486	-0.31348	1.38291	-1.96896	-1.49144	-0.303448	0.416817	1.32107
9.504	-0.314986	1.38237	-1.96895	-1.4909	-0.303448	0.415499	1.32107
9.522	-0.316582	1.3818	-1.96895	-1.49037	-0.30345	0.413462	1.32107
9.54	-0.318194	1.3812	-1.96895	-1.4898	-0.30345	0.411304	1.32107
9.558	-0.319903	1.38067	-1.96894	-1.48915	-0.30345	0.408475	1.32107
9.576	-0.321641	1.38011	-1.96894	-1.4884	-0.30345	0.405416	1.32107
9.594	-0.323431	1.37955	-1.96893	-1.48765	-0.30345	0.402583	1.32107
9.612	-0.325246	1.379	-1.96893	-1.4868	-0.30345	0.40013	1.32107
9.63	-0.327094	1.37846	-1.96893	-1.4859	-0.30345	0.397729	1.32107
9.648	-0.329007	1.37794	-1.96892	-1.48485	-0.30345	0.395769	1.32107
9.666	-0.330973	1.3774	-1.96892	-1.48375	-0.30345	0.393524	1.32107
9.684	-0.330973	1.3774	-1.96892	-1.48375	-0.30345	0.393524	1.32107
9.702	-0.332985	1.37686	-1.96891	-1.4826	-0.30345	0.39139	1.32107
9.72	-0.335095	1.37632	-1.96891	-1.4814	-0.303452	0.388939	1.32107
9.738	-0.337295	1.37579	-1.96891	-1.48015	-0.303452	0.386338	1.32107
9.756	-0.339557	1.37525	-1.9689	-1.47894	-0.303452	0.384148	1.32107
9.774	-0.341868	1.37469	-1.96889	-1.47767	-0.303452	0.38206	1.32107
9.792	-0.344251	1.37419	-1.96888	-1.47625	-0.303452	0.380838	1.32107
9.81	-0.346641	1.37365	-1.96888	-1.47482	-0.303454	0.379609	1.32107
9.828	-0.349098	1.37316	-1.96888	-1.47332	-0.303454	0.378644	1.32107
9.846	-0.351564	1.37268	-1.96888	-1.47171	-0.303454	0.37815	1.32107
9.864	-0.354017	1.37227	-1.96888	-1.47007	-0.303454	0.378036	1.32107
9.882	-0.354017	1.37227	-1.96888	-1.47007	-0.303454	0.378036	1.32107
9.9	-0.356587	1.37187	-1.96887	-1.46839	-0.303454	0.378029	1.32107
9.918	-0.359121	1.37151	-1.96887	-1.46673	-0.303452	0.378032	1.32107
9.936	-0.361687	1.37118	-1.96887	-1.46499	-0.303454	0.378038	1.32107
9.954	-0.364228	1.37082	-1.96887	-1.46327	-0.303454	0.378039	1.32107
9.972	-0.366712	1.37043	-1.96885	-1.46157	-0.303454	0.378039	1.32107
9.99	-0.36925	1.37011	-1.96884	-1.45987	-0.303454	0.378039	1.32107
10.008	-0.371723	1.36977	-1.96884	-1.4583	-0.303454	0.378039	1.32107
10.026	-0.374241	1.36947	-1.96884	-1.45665	-0.303454	0.378039	1.32107
10.044	-0.376841	1.36919	-1.96884	-1.45504	-0.303452	0.378039	1.32107
10.062	-0.379366	1.3689	-1.96884	-1.45336	-0.303452	0.378034	1.32107
10.08	-0.381909	1.36863	-1.96884	-1.45168	-0.303452	0.378027	1.32107
10.098	-0.381909	1.36863	-1.96884	-1.45168	-0.303452	0.378027	1.32107
10.116	-0.384396	1.36841	-1.96884	-1.45004	-0.303452	0.378005	1.32107
10.134	-0.386861	1.36814	-1.96884	-1.44838	-0.303452	0.377925	1.32107
10.152	-0.389264	1.36797	-1.96884	-1.44676	-0.303452	0.377732	1.32107
10.17	-0.39161	1.3678	-1.96884	-1.44511	-0.30345	0.377395	1.32107
10.188	-0.393931	1.3676	-1.96884	-1.4436	-0.30345	0.376776	1.32107
10.206	-0.396222	1.36744	-1.96884	-1.44222	-0.303448	0.375464	1.32107
10.224	-0.398485	1.36719	-1.96884	-1.4409	-0.303446	0.37401	1.32107
10.242	-0.400682	1.36696	-1.96884	-1.43967	-0.303442	0.372522	1.32107
10.26	-0.402816	1.36668	-1.96884	-1.43861	-0.303442	0.370259	1.32107
10.278	-0.404858	1.36634	-1.96884	-1.43749	-0.303444	0.368101	1.32107
10.296	-0.404858	1.36634	-1.96884	-1.43749	-0.303444	0.368101	1.32107
10.314	-0.406922	1.36599	-1.96884	-1.43651	-0.303446	0.365808	1.32107
10.332	-0.408852	1.36567	-1.96884	-1.43558	-0.303446	0.364024	1.32107
10.35	-0.410736	1.3653	-1.96884	-1.43472	-0.303448	0.362503	1.32107
10.368	-0.41256	1.36498	-1.96884	-1.43373	-0.303448	0.361861	1.32107
10.386	-0.414355	1.36461	-1.96884	-1.43285	-0.303448	0.36167	1.32107
10.404	-0.416017	1.36426	-1.96884	-1.43199	-0.30345	0.361673	1.32107
10.422	-0.417659	1.36391	-1.96884	-1.43119	-0.30345	0.361684	1.32107
10.44	-0.41926	1.3636	-1.96884	-1.43037	-0.30345	0.361685	1.32107
10.458	-0.420796	1.36325	-1.96884	-1.4296	-0.30345	0.361685	1.32107
10.476	-0.422318	1.3629	-1.96884	-1.42891	-0.30345	0.361684	1.32107
10.494	-0.422318	1.3629	-1.96884	-1.42891	-0.30345	0.361684	1.32107
10.512	-0.423737	1.36252	-1.96884	-1.42832	-0.30345	0.361684	1.32107
10.53	-0.425051	1.36204	-1.96884	-1.42788	-0.30345	0.361684	1.32107
10.548	-0.426343	1.36161	-1.96884	-1.42747	-0.30345	0.361684	1.32107
10.566	-0.427595	1.36108	-1.96884	-1.42709	-0.30345	0.361684	1.32107
10.584	-0.428695	1.36054	-1.96884	-1.42671	-0.30345	0.361682	1.32107
10.602	-0.429835	1.35996	-1.96884	-1.42638	-0.30345	0.361682	1.32107
10.62	-0.430818	1.35927	-1.96883	-1.42606	-0.30345	0.36168	1.32107
10.638	-0.431819	1.35861	-1.96884	-1.42579	-0.30345	0.361678	1.32107
10.656	-0.432681	1.35784	-1.96883	-1.42558	-0.30345	0.361673	1.32107
10.674	-0.433528	1.35711	-1.96883	-1.42539	-0.30345	0.361663	1.32107
10.692	-0.434293	1.35637	-1.96883	-1.42525	-0.30345	0.361632	1.32107
10.71	-0.434293	1.35637	-1.96883	-1.42525	-0.30345	0.361632	1.32107
10.728	-0.435011	1.35554	-1.96883	-1.42518	-0.303452	0.361534	1.32107
10.746	-0.435681	1.35473	-1.96883	-1.42507	-0.30345	0.361355	1.32107
10.764	-0.436269	1.35383	-1.96883	-1.42499	-0.303452	0.360998	1.32107
10.782	-0.436843	1.35293	-1.96883	-1.42494	-0.303452	0.360156	1.32107
10.8	-0.437388	1.35207	-1.96883	-1.4249	-0.303454	0.359282	1.32107
10.818	-0.437912	1.35114	-1.96883	-1.42487	-0.303456	0.358599	1.32107
10.836	-0.438394	1.35029	-1.96882	-1.4248	-0.303458	0.358082	1.32107
10.854	-0.438858	1.34943	-1.96882	-1.42475	-0.303458	0.357562	1.32107
10.872	-0.439222	1.3486	-1.96882	-1.42472	-0.30346	0.356627	1.32107
10.89	-0.439613	1.3478	-1.96882	-1.42471	-0.303462	0.35514	1.32107
10.908	-0.439613	1.3478	-1.96882	-1.42471	-0.303462	0.35514	1.32107
10.926	-0.439944	1.34702	-1.96882	-1.4247	-0.303464	0.353789	1.32107
10.944	-0.440252	1.34626	-1.96879	-1.42469	-0.303466	0.35214	1.32107
10.962	-0.440603	1.34556	-1.96879	-1.42469	-0.303468	0.350228	1.32107
10.98	-0.440921	1.34485	-1.96879	-1.42469	-0.30347	0.348624	1.32107
10.998	-0.441252	1.34422	-1.96877	-1.42469	-0.303472	0.346957	1.32107
11.016	-0.441568	1.34364	-1.96877	-1.42469	-0.303472	0.346124	1.32107
11.034	-0.441894	1.34307	-1.96877	-1.42469	-0.303472	0.345945	1.32107
11.052	-0.44223	1.34254	-1.96876	-1.42469	-0.303474	0.345959	1.32107
11.07	-0.442587	1.34203	-1.96876	-1.42469	-0.303474	0.345964	1.32107
11.088	-0.44297	1.34159	-1.96875	-1.42469	-0.303474	0.345964	1.32107
11.106	-0.44297	1.34159	-1.96875	-1.42469	-0.303474	0.345964	1.32107
11.124	-0.443393	1.34107	-1.96875	-1.4247	-0.303474	0.345964	1.32107
11.142	-0.443838	1.34055	-1.96874	-1.4247	-0.303474	0.345965	1.32107
11.16	-0.444362	1.34001	-1.96872	-1.4247	-0.303477	0.345965	1.32107
11.178	-0.444923	1.33951	-1.9687	-1.42468	-0.303477	0.345965	1.32107
11.196	-0.445508	1.33898	-1.9687	-1.42464	-0.303477	0.345965	1.32107
11.214	-0.446066	1.33846	-1.9687	-1.42456	-0.303477	0.345965	1.32107
11.232	-0.446671	1.33791	-1.96869	-1.42443	-0.303477	0.345965	1.32107
11.25	-0.447246	1.33738	-1.96869	-1.42423	-0.303477	0.345965	1.32107
11.268	-0.447852	1.33682	-1.96868	-1.42406	-0.303479	0.345965	1.32107
11.286	-0.448426	1.33632	-1.96867	-1.42382	-0.303479	0.345965	1.32107
11.304	-0.449046	1.33579	-1.96867	-1.4235	-0.303481	0.345965	1.32107
11.322	-0.449046	1.33579	-1.96867	-1.4235	-0.303481	0.345965	1.32107
11.34	-0.449661	1.33529	-1.96862	-1.42307	-0.303481	0.345965	1.32107
11.358	-0.450287	1.33484	-1.96858	-1.42263	-0.303481	0.345965	1.32107
11.376	-0.450935	1.33443	-1.96856	-1.42222	-0.303483	0.345964	1.32107
11.394	-0.451594	1.33408	-1.96853	-1.42187	-0.303483	0.345964	1.32107
11.412	-0.452278	1.33376	-1.96846	-1.42157	-0.303483	0.345964	1.32107
11.43	-0.453002	1.33349	-1.96838	-1.42128	-0.303483	0.345964	1.32107
11.448	-0.453734	1.33324	-1.96831	-1.42096	-0.303483	0.345962	1.32107
11.466	-0.454513	1.33302	-1.96817	-1.42066	-0.303483	0.345962	1.32107
11.484	-0.45526	1.3328	-1.968	-1.42032	-0.303483	0.345959	1.32107
11.502	-0.456	1.33258	-1.96773	-1.41996	-0.303483	0.345952	1.32107
11.52	-0.456	1.33258	-1.96773	-1.41996	-0.303483	0.345952	1.32107
11.538	-0.456773	1.33238	-1.96742	-1.41959	-0.303483	0.345942	1.32107
11.556	-0.457561	1.33222	-1.96722	-1.41915	-0.303483	0.345908	1.32107
11.574	-0.458429	1.3321	-1.96706	-1.41865	-0.303483	0.345785	1.32107
11.592	-0.459294	1.33202	-1.96698	-1.41805	-0.303483	0.345534	1.32107
11.61	-0.460208	1.33196	-1.96696	-1.41745	-0.303483	0.345036	1.32107
11.628	-0.461145	1.33187	-1.96697	-1.41686	-0.303483	0.344326	1.32107
11.646	-0.462095	1.33168	-1.96695	-1.41631	-0.303481	0.34368	1.32107
11.664	-0.463064	1.33146	-1.9669	-1.41568	-0.303481	0.343267	1.32107
11.682	-0.464009	1.33114	-1.96684	-1.41503	-0.303481	0.342984	1.32107
11.7	-0.465022	1.33087	-1.96679	-1.41421	-0.303481	0.342882	1.32107
11.718	-0.465022	1.33087	-1.96679	-1.41421	-0.303481	0.342882	1.32107
11.736	-0.466039	1.33058	-1.96681	-1.41338	-0.303481	0.342865	1.32107
11.754	-0.467065	1.33034	-1.96681	-1.41252	-0.303481	0.342857	1.32107
11.772	-0.468084	1.33008	-1.96681	-1.41171	-0.303481	0.342857	1.32107
11.79	-0.469163	1.32987	-1.96681	-1.41082	-0.303483	0.342857	1.32107
11.808	-0.47028	1.32963	-1.96681	-1.40985	-0.303481	0.342858	1.32107
11.826	-0.471448	1.32944	-1.96681	-1.40887	-0.303481	0.342855	1.32107
11.844	-0.472644	1.32926	-1.96681	-1.40795	-0.303483	0.342848	1.32107
11.862	-0.473821	1.3291	-1.96681	-1.40693	-0.303481	0.342824	1.32107
11.88	-0.475121	1.32892	-1.96681	-1.40591	-0.303481	0.342749	1.32107
11.898	-0.476404	1.32878	-1.96681	-1.4049	-0.303481	0.342589	1.32107
11.916	-0.477753	1.32868	-1.96681	-1.40393	-0.303481	0.342357	1.32107
11.934	-0.477753	1.32868	-1.96681	-1.40393	-0.303481	0.342357	1.32107
11.952	-0.47912	1.32861	-1.96681	-1.40289	-0.303481	0.342033	1.32107
11.97	-0.480569	1.32852	-1.9668	-1.40182	-0.303481	0.341587	1.32107
11.988	-0.482027	1.32847	-1.96681	-1.4007	-0.303481	0.340598	1.32107
12.006	-0.483445	1.3284	-1.96681	-1.39962	-0.303481	0.339342	1.32107
12.024	-0.48497	1.32834	-1.96681	-1.39847	-0.303481	0.338239	1.32107
12.042	-0.486461	1.32826	-1.96681	-1.39731	-0.303481	0.336956	1.32107
12.06	-0.4879	1.3282	-1.96681	-1.39622	-0.303479	0.334987	1.32107
12.078	-0.489378	1.32818	-1.96681	-1.39513	-0.303481	0.333049	1.32107
12.096	-0.490847	1.32813	-1.96681	-1.39402	-0.303479	0.330537	1.32107
12.114	-0.49233	1.32808	-1.96681	-1.39307	-0.303479	0.328205	1.32107
12.132	-0.49233	1.32808	-1.96681	-1.39307	-0.303479	0.328205	1.32107
12.15	-0.493772	1.32808	-1.96681	-1.39213	-0.303479	0.326264	1.32107
12.168	-0.495216	1.32807	-1.96681	-1.39118	-0.303479	0.324871	1.32107
12.186	-0.496672	1.32807	-1.96681	-1.39022	-0.303479	0.32389	1.32107
12.204	-0.498103	1.32807	-1.96681	-1.38934	-0.303479	0.323685	1.32107
12.222	-0.499422	1.32807	-1.96681	-1.38859	-0.303481	0.323685	1.32107
12.24	-0.500707	1.32807	-1.96681	-1.38791	-0.303481	0.323685	1.32107
12.258	-0.501959	1.32806	-1.96681	-1.38727	-0.303481	0.323685	1.32107
12.276	-0.503082	1.32805	-1.96681	-1.38672	-0.303481	0.323685	1.32107
12.294	-0.50423	1.32806	-1.96681	-1.38633	-0.303481	0.323685	1.32107
12.312	-0.505214	1.32805	-1.96682	-1.38601	-0.303481	0.323685	1.32107
12.33	-0.505214	1.32805	-1.96682	-1.38601	-0.303481	0.323685	1.32107
12.348	-0.506152	1.32803	-1.96683	-1.38583	-0.303479	0.323685	1.32107
12.366	-0.506928	1.32802	-1.96683	-1.38573	-0.303479	0.323685	1.32107
12.384	-0.50768	1.32802	-1.96683	-1.38569	-0.303479	0.323685	1.32107
12.402	-0.508274	1.32802	-1.96683	-1.38563	-0.303479	0.323685	1.32107
12.42	-0.508828	1.32799	-1.96683	-1.38564	-0.303479	0.323685	1.32107
12.438	-0.509331	1.32797	-1.96683	-1.38564	-0.303479	0.323685	1.32107
12.456	-0.509825	1.32792	-1.96683	-1.38564	-0.303481	0.323685	1.32107
12.474	-0.510267	1.32789	-1.96683	-1.38564	-0.303481	0.323683	1.32107
12.492	-0.510672	1.32784	-1.96683	-1.38564	-0.303481	0.323683	1.32107
12.51	-0.511081	1.32772	-1.96683	-1.38564	-0.303481	0.323683	1.32107
12.528	-0.511473	1.32757	-1.96683	-1.38564	-0.303481	0.323682	1.32107
12.546	-0.511473	1.32757	-1.96683	-1.38564	-0.303481	0.323682	1.32107
12.564	-0.511874	1.3274	-1.96683	-1.38564	-0.303481	0.323682	1.32107
12.582	-0.512237	1.32716	-1.96683	-1.38564	-0.303481	0.32368	1.32107
12.6	-0.512596	1.32688	-1.96683	-1.38564	-0.303481	0.32368	1.32107
12.618	-0.512925	1.32661	-1.96683	-1.38564	-0.303481	0.32368	1.32107
12.636	-0.513258	1.32631	-1.96683	-1.38564	-0.303481	0.32368	1.32107
12.654	-0.513523	1.32602	-1.96683	-1.38564	-0.303481	0.323678	1.32107
12.672	-0.513777	1.32572	-1.96683	-1.38564	-0.303481	0.323678	1.32107
12.69	-0.513965	1.32538	-1.96683	-1.38564	-0.303481	0.323677	1.32107
12.708	-0.514133	1.32504	-1.96683	-1.38564	-0.303481	0.323677	1.32107
12.726	-0.514284	1.32469	-1.96683	-1.38564	-0.303481	0.323675	1.32107
12.744	-0.514284	1.32469	-1.96683	-1.38564	-0.303481	0.323675	1.32107
12.762	-0.514395	1.32435	-1.96683	-1.38564	-0.303481	0.323672	1.32107
12.78	-0.514478	1.32404	-1.96683	-1.38564	-0.303483	0.32367	1.32107
12.798	-0.514529	1.32375	-1.96683	-1.38564	-0.303483	0.323668	1.32107
12.816	-0.514562	1.32348	-1.96683	-1.38564	-0.303483	0.323666	1.32107
12.834	-0.514575	1.3232	-1.96683	-1.38564	-0.303483	0.323666	1.32107
12.852	-0.51459	1.32295	-1.96683	-1.38564	-0.303483	0.323666	1.32107
12.87	-0.514631	1.32271	-1.96683	-1.38564	-0.303483	0.323666	1.32107
12.888	-0.514699	1.3225	-1.96683	-1.38564	-0.303485	0.323666	1.32107
12.906	-0.514806	1.32233	-1.96683	-1.38564	-0.303485	0.323666	1.32107
12.924	-0.514905	1.32218	-1.96683	-1.38564	-0.303485	0.323666	1.32107
12.942	-0.514996	1.32203	-1.96683	-1.38565	-0.303485	0.323666	1.32107
12.96	-0.514996	1.32203	-1.96683	-1.38565	-0.303485	0.323666	1.32107
12.978	-0.515071	1.32192	-1.96683	-1.38565	-0.303485	0.323666	1.32107
12.996	-0.515125	1.32184	-1.96683	-1.38564	-0.303485	0.323666	1.32107
13.014	-0.515154	1.32181	-1.96683	-1.38564	-0.303485	0.323666	1.32107
13.032	-0.515153	1.32181	-1.96683	-1.38564	-0.303485	0.323666	1.32107
13.05	-0.515146	1.32182	-1.96683	-1.38564	-0.303485	0.323666	1.32107
13.068	-0.515144	1.32182	-1.96683	-1.38564	-0.303485	0.323666	1.32107
13.086	-0.515145	1.32182	-1.96683	-1.38565	-0.303485	0.323666	1.32107
13.104	-0.515145	1.32182	-1.96683	-1.38564	-0.303485	0.323666	1.32107
13.122	-0.515145	1.32182	-1.96683	-1.38565	-0.303485	0.323666	1.32107
13.14	-0.515145	1.32183	-1.96683	-1.38565	-0.303485	0.323666	1.32107
13.158	-0.515145	1.32183	-1.96683	-1.38565	-0.303485	0.323666	1.32107
13.176	-0.515145	1.32182	-1.96683	-1.38565	-0.303485	0.323666	1.32107
13.194	-0.515143	1.32183	-1.96683	-1.38564	-0.303485	0.323665	1.32107
13.212	-0.515139	1.32184	-1.96683	-1.38564	-0.303485	0.323665	1.32107
13.23	-0.515136	1.32185	-1.96683	-1.38564	-0.303485	0.323665	1.32107
13.248	-0.515134	1.32185	-1.96684	-1.38564	-0.303487	0.323663	1.32107
13.266	-0.515128	1.32187	-1.96684	-1.38564	-0.303487	0.323661	1.32107
13.284	-0.515121	1.32194	-1.96684	-1.38563	-0.303485	0.323658	1.32107
13.302	-0.515108	1.32203	-1.96684	-1.38558	-0.303485	0.323656	1.32107
13.32	-0.515084	1.32217	-1.96685	-1.38545	-0.303485	0.323655	1.32107
13.338	-0.515047	1.32228	-1.96685	-1.38521	-0.303485	0.323655	1.32107
13.356	-0.515047	1.32228	-1.96685	-1.38521	-0.303485	0.323655	1.32107
13.374	-0.515034	1.32235	-1.96685	-1.38485	-0.303485	0.323655	1.32107
13.392	-0.515024	1.32236	-1.96685	-1.3844	-0.303485	0.323655	1.32107
13.41	-0.514994	1.32236	-1.96685	-1.38397	-0.303485	0.323655	1.32107
13.428	-0.514984	1.32235	-1.96685	-1.3837	-0.303483	0.323655	1.32107
13.446	-0.514983	1.32235	-1.96685	-1.38368	-0.303485	0.323656	1.32107
13.464	-0.514983	1.32235	-1.96685	-1.38369	-0.303483	0.323656	1.32107
13.482	-0.514982	1.32234	-1.96687	-1.38368	-0.303485	0.323658	1.32107
13.5	-0.514984	1.32234	-1.96689	-1.38372	-0.303485	0.32366	1.32107
13.518	-0.515005	1.32231	-1.96689	-1.3838	-0.303485	0.323661	1.32107
13.536	-0.515005	1.32231	-1.96691	-1.38383	-0.303485	0.323663	1.32107
13.554	-0.515002	1.32231	-1.96691	-1.38384	-0.303483	0.323663	1.32107
13.572	-0.515002	1.32231	-1.96691	-1.38384	-0.303483	0.323663	1.32107
13.59	-0.515003	1.32231	-1.96691	-1.38389	-0.303485	0.323663	1.32107
13.608	-0.515003	1.32232	-1.96691	-1.38405	-0.303487	0.323663	1.32107
13.626	-0.515003	1.32232	-1.96691	-1.38433	-0.303489	0.323665	1.32107
13.644	-0.514999	1.32232	-1.96691	-1.38465	-0.303491	0.323666	1.32107
13.662	-0.514992	1.32232	-1.96691	-1.38479	-0.303491	0.323666	1.32107
13.68	-0.514992	1.32232	-1.96691	-1.38482	-0.303491	0.323666	1.32107
13.698	-0.51499	1.32232	-1.96691	-1.38484	-0.303493	0.323665	1.32107
13.716	-0.514989	1.32232	-1.96691	-1.38484	-0.303493	0.323665	1.32107
13.734	-0.514989	1.32232	-1.96691	-1.38484	-0.303493	0.323665	1.32107
13.752	-0.514989	1.32232	-1.96691	-1.38484	-0.303493	0.323665	1.32107
13.77	-0.514989	1.32232	-1.96691	-1.38484	-0.303493	0.323665	1.32107
13.788	-0.514988	1.32232	-1.96691	-1.38485	-0.303491	0.323665	1.32107
13.806	-0.514988	1.32232	-1.96691	-1.38489	-0.303491	0.323665	1.32107
13.824	-0.514988	1.32232	-1.96691	-1.38504	-0.303491	0.323665	1.32107
13.842	-0.514988	1.32232	-1.96691	-1.38522	-0.303491	0.323665	1.32107
13.86	-0.514988	1.32232	-1.96691	-1.38543	-0.303491	0.323665	1.32107
13.878	-0.514988	1.32232	-1.96691	-1.38565	-0.303491	0.323665	1.32107
13.896	-0.514988	1.32232	-1.96691	-1.38582	-0.303491	0.323665	1.32107
13.914	-0.514988	1.32232	-1.96691	-1.38587	-0.303493	0.323665	1.32107
13.932	-0.514988	1.32232	-1.96691	-1.38587	-0.303493	0.323665	1.32107
13.95	-0.514987	1.32233	-1.96691	-1.38585	-0.303493	0.323665	1.32107
13.968	-0.514987	1.32233	-1.96691	-1.38585	-0.303493	0.323665	1.32107
13.986	-0.514987	1.32233	-1.96691	-1.38585	-0.303493	0.323665	1.32107
14.004	-0.514987	1.32233	-1.96691	-1.38585	-0.303493	0.323665	1.32107
14.022	-0.514985	1.32233	-1.96691	-1.38584	-0.303495	0.323665	1.32107
14.04	-0.514985	1.32234	-1.96691	-1.38584	-0.303495	0.323665	1.32107
14.058	-0.514985	1.32234	-1.96691	-1.38583	-0.303497	0.323665	1.32107
14.076	-0.514983	1.32234	-1.96692	-1.38583	-0.303497	0.323665	1.32107
14.094	-0.514983	1.32234	-1.96692	-1.38583	-0.303499	0.323665	1.32107
14.112	-0.514982	1.32234	-1.96692	-1.38583	-0.303499	0.323665	1.32107
14.13	-0.514982	1.32234	-1.96692	-1.38583	-0.303499	0.323666	1.32107
14.148	-0.514982	1.32234	-1.96692	-1.38583	-0.303499	0.323666	1.32107
14.166	-0.51498	1.32234	-1.96692	-1.38583	-0.303499	0.323665	1.32107
14.184	-0.51498	1.32234	-1.96692	-1.38583	-0.303499	0.323665	1.32107
14.202	-0.514978	1.32234	-1.96692	-1.38583	-0.303501	0.323665	1.32107
14.22	-0.514956	1.32234	-1.96692	-1.38583	-0.303501	0.323665	1.32107
14.238	-0.51493	1.32234	-1.96692	-1.38582	-0.303501	0.323665	1.32107
14.256	-0.514918	1.32234	-1.96692	-1.38582	-0.303503	0.323665	1.32107
14.274	-0.514884	1.32235	-1.96692	-1.38582	-0.303503	0.323665	1.32107
14.292	-0.514846	1.32235	-1.96692	-1.38582	-0.303503	0.323665	1.32107
14.31	-0.51481	1.32235	-1.96692	-1.38582	-0.303503	0.323665	1.32107
14.328	-0.514768	1.32236	-1.96692	-1.38582	-0.303503	0.323665	1.32107
14.346	-0.514732	1.32236	-1.96692	-1.38582	-0.303503	0.323665	1.32107
14.364	-0.514699	1.32238	-1.96692	-1.38581	-0.303503	0.323665	1.32107
14.382	-0.514699	1.32238	-1.96692	-1.38581	-0.303503	0.323665	1.32107
14.4	-0.514679	1.32238	-1.96692	-1.38581	-0.303503	0.323665	1.32107
14.418	-0.514663	1.32238	-1.96692	-1.38581	-0.303505	0.323666	1.32107
14.436	-0.514636	1.32238	-1.96692	-1.38581	-0.303505	0.323666	1.32107
14.454	-0.514581	1.32238	-1.96692	-1.38578	-0.303505	0.323666	1.32107
14.472	-0.514506	1.32239	-1.96692	-1.3857	-0.303505	0.323668	1.32107
14.49	-0.514422	1.3224	-1.96692	-1.38556	-0.303505	0.323666	1.32107
14.508	-0.514327	1.3224	-1.96692	-1.38543	-0.303505	0.323666	1.32107
14.526	-0.514238	1.3224	-1.96693	-1.38543	-0.303505	0.323666	1.32107
14.544	-0.514209	1.3224	-1.96693	-1.38544	-0.303505	0.323666	1.32107
14.562	-0.514209	1.3224	-1.96693	-1.38544	-0.303507	0.323668	1.32107
14.58	-0.514209	1.3224	-1.96693	-1.38544	-0.303507	0.323668	1.32107
14.598	-0.514211	1.32242	-1.96693	-1.38544	-0.303507	0.323668	1.32107
14.616	-0.514211	1.32247	-1.96693	-1.38543	-0.303507	0.323668	1.32107
14.634	-0.514198	1.32252	-1.96693	-1.38541	-0.303509	0.323668	1.32107
14.652	-0.514183	1.32261	-1.96693	-1.38541	-0.303509	0.323668	1.32107
14.67	-0.514172	1.32269	-1.96693	-1.38541	-0.303509	0.323668	1.32107
14.688	-0.514138	1.32276	-1.96693	-1.38541	-0.303509	0.323668	1.32107
14.706	-0.514092	1.32281	-1.96693	-1.38541	-0.303509	0.323668	1.32107
14.724	-0.514036	1.32285	-1.96693	-1.38541	-0.303509	0.323668	1.32107
14.742	-0.513992	1.32289	-1.96693	-1.38541	-0.303509	0.323666	1.32107
14.76	-0.513963	1.32289	-1.96693	-1.38541	-0.303509	0.323666	1.32107
14.778	-0.513933	1.32289	-1.96693	-1.38541	-0.303509	0.323666	1.32107
14.796	-0.513933	1.32289	-1.96693	-1.38541	-0.303509	0.323666	1.32107
14.814	-0.513914	1.32288	-1.96693	-1.38542	-0.303511	0.323666	1.32107
14.832	-0.513901	1.32288	-1.96693	-1.38542	-0.303511	0.323666	1.32107
14.85	-0.513882	1.32288	-1.96693	-1.38542	-0.303513	0.323666	1.32107
14.868	-0.513858	1.32288	-1.96693	-1.38542	-0.303513	0.323666	1.32107
14.886	-0.513844	1.32288	-1.96693	-1.38542	-0.303515	0.323666	1.32107
14.904	-0.513836	1.32288	-1.96693	-1.38542	-0.303515	0.323666	1.32107
14.922	-0.51383	1.32288	-1.96693	-1.38542	-0.303515	0.323666	1.32107
14.94	-0.513826	1.32288	-1.96693	-1.38542	-0.303515	0.323666	1.32107
14.958	-0.513825	1.32288	-1.96693	-1.38543	-0.303517	0.323666	1.32107
14.976	-0.513825	1.32288	-1.96693	-1.38543	-0.303517	0.323666	1.32107
14.994	-0.513825	1.32288	-1.96693	-1.38543	-0.303517	0.323666	1.32107
15.012	-0.513825	1.32288	-1.96693	-1.38543	-0.303517	0.323666	1.32107
15.03	-0.513825	1.32288	-1.96693	-1.38543	-0.303517	0.323666	1.32107
15.048	-0.513826	1.32288	-1.96694	-1.38543	-0.303517	0.323666	1.32107
15.066	-0.513826	1.32288	-1.96694	-1.38543	-0.303517	0.323666	1.32107
15.084	-0.513825	1.32288	-1.96694	-1.38543	-0.303519	0.323666	1.32107
15.102	-0.513825	1.32288	-1.96694	-1.38543	-0.303519	0.323666	1.32107
15.12	-0.513826	1.32287	-1.96694	-1.38543	-0.303519	0.323666	1.32107
15.138	-0.513826	1.32287	-1.96694	-1.38543	-0.303519	0.323666	1.32107
15.156	-0.513827	1.32286	-1.96695	-1.38545	-0.303519	0.323666	1.32107
15.174	-0.513831	1.32282	-1.96695	-1.38562	-0.303519	0.323665	1.32107
15.192	-0.513832	1.32274	-1.96697	-1.38605	-0.303519	0.323666	1.32107
15.21	-0.513832	1.32274	-1.96697	-1.38605	-0.303519	0.323666	1.32107
15.228	-0.513832	1.32265	-1.96705	-1.38673	-0.303519	0.323666	1.32107
15.246	-0.513832	1.32263	-1.96709	-1.38755	-0.303519	0.323666	1.32107
15.264	-0.513832	1.32263	-1.96709	-1.38846	-0.303522	0.323666	1.32107
15.282	-0.513834	1.32264	-1.96709	-1.3893	-0.303522	0.323666	1.32107
15.3	-0.513834	1.32264	-1.96709	-1.38998	-0.303522	0.323666	1.32107
15.318	-0.513834	1.32264	-1.96709	-1.39045	-0.303524	0.323666	1.32107
15.336	-0.513834	1.32264	-1.96709	-1.39075	-0.303524	0.323666	1.32107
15.354	-0.513834	1.32264	-1.96709	-1.39097	-0.303524	0.323665	1.32107
15.372	-0.513834	1.32264	-1.96709	-1.3911	-0.303524	0.323665	1.32108
15.39	-0.513834	1.32264	-1.96709	-1.39117	-0.303524	0.323665	1.32107
15.408	-0.513834	1.32264	-1.96709	-1.39117	-0.303524	0.323665	1.32107
15.426	-0.513834	1.32264	-1.96709	-1.39118	-0.303524	0.323665	1.32107
15.444	-0.513834	1.32264	-1.96709	-1.39117	-0.303524	0.323665	1.32107
15.462	-0.513834	1.32264	-1.96709	-1.39116	-0.303524	0.323666	1.32107
15.48	-0.513834	1.32264	-1.96709	-1.39115	-0.303524	0.323666	1.32107
15.498	-0.513834	1.32264	-1.96709	-1.39115	-0.303524	0.323666	1.32108
15.516	-0.513834	1.32264	-1.96709	-1.39114	-0.303524	0.323666	1.32108
15.534	-0.513834	1.32264	-1.96709	-1.39114	-0.303524	0.323666	1.32108
15.552	-0.513834	1.32264	-1.96709	-1.39114	-0.303524	0.323666	1.32108
15.57	-0.513834	1.32264	-1.96709	-1.39113	-0.303524	0.323666	1.32108
15.588	-0.513834	1.32264	-1.96709	-1.39113	-0.303524	0.323666	1.32108
15.606	-0.513834	1.32264	-1.96709	-1.39113	-0.303524	0.323666	1.32108
15.624	-0.513834	1.32264	-1.96709	-1.39113	-0.303524	0.323666	1.32108
15.642	-0.513834	1.32264	-1.96709	-1.39113	-0.303524	0.323666	1.32108
15.66	-0.513834	1.32264	-1.96709	-1.39113	-0.303524	0.323666	1.32108
15.678	-0.513834	1.32264	-1.96709	-1.39113	-0.303526	0.323666	1.32108
15.696	-0.513834	1.32264	-1.96709	-1.39113	-0.303526	0.323666	1.32108
15.714	-0.513834	1.32264	-1.96709	-1.39113	-0.303526	0.323666	1.32108
15.732	-0.513834	1.32264	-1.96709	-1.39113	-0.303528	0.323666	1.32108
15.75	-0.513834	1.32264	-1.96709	-1.39113	-0.303528	0.323666	1.32108
15.768	-0.513834	1.32264	-1.96709	-1.39113	-0.30353	0.323666	1.32108
15.786	-0.513834	1.32264	-1.96709	-1.39113	-0.303532	0.323666	1.32108
15.804	-0.513834	1.32264	-1.96709	-1.39113	-0.303532	0.323666	1.32108
15.822	-0.513834	1.32264	-1.96709	-1.39113	-0.303532	0.323666	1.32108
15.84	-0.513834	1.32264	-1.96709	-1.39113	-0.303534	0.323666	1.32108
15.858	-0.513834	1.32264	-1.96709	-1.39113	-0.303534	0.323665	1.32108
15.876	-0.513834	1.32264	-1.96709	-1.39113	-0.303534	0.323665	1.32108
15.894	-0.513834	1.32264	-1.96709	-1.39113	-0.303534	0.323665	1.32108
15.912	-0.513834	1.32264	-1.96709	-1.39113	-0.303534	0.323665	1.32108
15.93	-0.513834	1.32264	-1.96709	-1.39113	-0.303534	0.323665	1.32108
15.948	-0.513834	1.32264	-1.96709	-1.39113	-0.303536	0.323665	1.32108
15.966	-0.513834	1.32264	-1.96709	-1.39113	-0.303536	0.323665	1.32108
15.984	-0.513834	1.32265	-1.96709	-1.39113	-0.303536	0.323665	1.32108
16.002	-0.513834	1.32265	-1.96709	-1.39113	-0.303536	0.323666	1.32108
16.02	-0.513834	1.32265	-1.96709	-1.39113	-0.303536	0.323666	1.32108
16.038	-0.513834	1.32265	-1.96709	-1.39112	-0.303536	0.323666	1.32108
16.056	-0.513834	1.32265	-1.96709	-1.39112	-0.303538	0.323665	1.32108
16.074	-0.513834	1.32265	-1.96709	-1.39112	-0.303538	0.323665	1.32108
16.092	-0.513834	1.32265	-1.96709	-1.39112	-0.303538	0.323665	1.32108
16.11	-0.513834	1.32265	-1.96709	-1.39112	-0.303538	0.323665	1.32108
16.128	-0.513834	1.32265	-1.96709	-1.39112	-0.303538	0.323665	1.32108
16.146	-0.513834	1.32265	-1.96709	-1.39112	-0.303538	0.323665	1.32108
16.164	-0.513834	1.32265	-1.96709	-1.39112	-0.303538	0.323665	1.32108
16.182	-0.513834	1.32265	-1.96709	-1.39113	-0.303538	0.323665	1.32108
16.2	-0.513834	1.32265	-1.96709	-1.39113	-0.303538	0.323666	1.32108
16.218	-0.513834	1.32265	-1.96709	-1.39113	-0.303538	0.323666	1.32108
16.236	-0.513834	1.32265	-1.96709	-1.39112	-0.303538	0.323666	1.32108
16.254	-0.513834	1.32265	-1.96709	-1.39112	-0.30354	0.323666	1.32108
16.272	-0.513834	1.32265	-1.96709	-1.39112	-0.30354	0.323666	1.32108
16.29	-0.513834	1.32265	-1.96709	-1.39112	-0.30354	0.323666	1.32108
16.308	-0.513834	1.32265	-1.96709	-1.39112	-0.303542	0.323666	1.32108
16.326	-0.513834	1.32265	-1.96709	-1.39112	-0.303542	0.323665	1.32108
16.344	-0.513834	1.32265	-1.96709	-1.39112	-0.303544	0.323665	1.32108
16.362	-0.513834	1.32265	-1.96709	-1.39112	-0.303544	0.323665	1.32108
16.38	-0.513835	1.32265	-1.96709	-1.39112	-0.303546	0.323665	1.32108
16.398	-0.513834	1.32265	-1.96709	-1.39112	-0.303546	0.323665	1.32108
16.416	-0.513834	1.32265	-1.96709	-1.39112	-0.303546	0.323665	1.32108
16.434	-0.513834	1.32265	-1.96709	-1.39112	-0.303546	0.323665	1.32108
16.452	-0.513834	1.32265	-1.96709	-1.39112	-0.303546	0.323665	1.32108
