0.013	0.238701	1.66559	-1.89507	-1.5201	-0.232425	0.351829	1.23314
0.026	0.238701	1.66559	-1.89507	-1.5201	-0.232425	0.351829	1.23314
0.039	0.239118	1.66553	-1.89507	-1.5201	-0.232433	0.351829	1.23314
0.052	0.239118	1.66553	-1.89507	-1.5201	-0.232433	0.351829	1.23314
0.065	0.239443	1.66548	-1.89507	-1.5201	-0.232439	0.351829	1.23314
0.078	0.239688	1.66543	-1.89507	-1.5201	-0.232443	0.351827	1.23314
0.091	0.239952	1.66541	-1.89507	-1.52011	-0.232445	0.351829	1.23314
0.104	0.240247	1.6654	-1.89507	-1.52021	-0.232447	0.35183	1.23314
0.117	0.240528	1.6654	-1.89507	-1.52024	-0.232449	0.351829	1.23314
0.13	0.240739	1.66536	-1.89507	-1.52023	-0.232451	0.351829	1.23314
0.143	0.240849	1.66532	-1.89507	-1.52022	-0.232451	0.351829	1.23314
0.156	0.240889	1.66528	-1.89507	-1.52021	-0.232453	0.351829	1.23314
0.169	0.240873	1.66522	-1.89507	-1.52021	-0.232453	0.35183	1.23314
0.182	0.240858	1.66516	-1.89507	-1.52021	-0.232453	0.35183	1.23314
0.195	0.240858	1.66516	-1.89507	-1.52021	-0.232453	0.35183	1.23314
0.208	0.240848	1.66508	-1.89507	-1.52021	-0.232453	0.35183	1.23314
0.221	0.240817	1.665	-1.89507	-1.52021	-0.232453	0.351829	1.23314
0.234	0.240767	1.66494	-1.89507	-1.5202	-0.232453	0.351829	1.23314
0.247	0.24074	1.6649	-1.89507	-1.5202	-0.232453	0.351829	1.23314
0.26	0.24073	1.66489	-1.89507	-1.5202	-0.232455	0.351829	1.23314
0.273	0.240729	1.66489	-1.89507	-1.5202	-0.232455	0.351829	1.23314
0.286	0.240725	1.66489	-1.89507	-1.5202	-0.232457	0.351829	1.23314
0.299	0.240724	1.66489	-1.89507	-1.5202	-0.232459	0.351829	1.23314
0.312	0.240722	1.66488	-1.89507	-1.5202	-0.232461	0.35183	1.23314
0.325	0.240722	1.66488	-1.89507	-1.5202	-0.232466	0.35183	1.23314
0.338	0.240722	1.66488	-1.89507	-1.5202	-0.232466	0.35183	1.23314
0.351	0.240721	1.66488	-1.89507	-1.5202	-0.23247	0.35183	1.23314
0.364	0.240715	1.66488	-1.89507	-1.5202	-0.23247	0.35183	1.23314
0.377	0.240707	1.66488	-1.89507	-1.5202	-0.232472	0.35183	1.23314
0.39	0.240707	1.66488	-1.89507	-1.5202	-0.232472	0.35183	1.23314
0.403	0.240707	1.66488	-1.89507	-1.5202	-0.232472	0.35183	1.23314
0.416	0.240707	1.66488	-1.89507	-1.5202	-0.232472	0.351829	1.23314
0.429	0.240707	1.66488	-1.89507	-1.5202	-0.232474	0.351829	1.23314
0.442	0.240707	1.66488	-1.89507	-1.5202	-0.232474	0.351829	1.23314
0.455	0.240707	1.66488	-1.89507	-1.5202	-0.232474	0.35183	1.23314
0.468	0.240707	1.66488	-1.89507	-1.5202	-0.232474	0.35183	1.23314
0.481	0.240707	1.66488	-1.89507	-1.52019	-0.232474	0.35183	1.23314
0.494	0.240706	1.66488	-1.89507	-1.52019	-0.232476	0.35183	1.23314
0.507	0.240706	1.66488	-1.89507	-1.52019	-0.232476	0.35183	1.23314
0.52	0.240706	1.66488	-1.89507	-1.52019	-0.23248	0.351829	1.23314
0.533	0.240706	1.66488	-1.89507	-1.52019	-0.232482	0.351829	1.23314
0.546	0.240707	1.66488	-1.89507	-1.52019	-0.232484	0.351829	1.23314
0.559	0.240708	1.66488	-1.89507	-1.52019	-0.232486	0.351829	1.23314
0.572	0.24071	1.66488	-1.89507	-1.52019	-0.232488	0.351829	1.23314
0.585	0.24071	1.66488	-1.89507	-1.52019	-0.23249	0.351829	1.23314
0.598	0.24071	1.66488	-1.89507	-1.52019	-0.23249	0.351829	1.23314
0.611	0.24071	1.66488	-1.89507	-1.52019	-0.23249	0.351829	1.23314
0.624	0.240711	1.66488	-1.89507	-1.52019	-0.232492	0.351829	1.23314
0.637	0.240708	1.66488	-1.89507	-1.52019	-0.232492	0.351829	1.23314
0.65	0.240708	1.66488	-1.89507	-1.52019	-0.232492	0.351829	1.23314
0.663	0.240711	1.66488	-1.89507	-1.52019	-0.232492	0.35183	1.23314
0.676	0.240712	1.66488	-1.89507	-1.52019	-0.232492	0.351829	1.23314
0.689	0.240713	1.66488	-1.89507	-1.52019	-0.232492	0.351829	1.23314
0.702	0.240715	1.66488	-1.89507	-1.52019	-0.232492	0.351829	1.23314
0.715	0.240715	1.66488	-1.89507	-1.52019	-0.232496	0.35183	1.23314
0.728	0.240715	1.66488	-1.89507	-1.52019	-0.232496	0.35183	1.23314
0.741	0.240715	1.66488	-1.89507	-1.52019	-0.232496	0.35183	1.23314
0.754	0.240715	1.66488	-1.89507	-1.52019	-0.232498	0.35183	1.23314
0.767	0.240711	1.66488	-1.89507	-1.52019	-0.2325	0.35183	1.23314
0.78	0.24071	1.66488	-1.89507	-1.5202	-0.232502	0.35183	1.23314
0.793	0.240711	1.66488	-1.89507	-1.5202	-0.232504	0.35183	1.23314
0.806	0.240712	1.66488	-1.89507	-1.5202	-0.232506	0.35183	1.23314
0.819	0.240712	1.66488	-1.89507	-1.5202	-0.232508	0.35183	1.23314
0.832	0.240712	1.66488	-1.89507	-1.5202	-0.232508	0.35183	1.23314
0.845	0.240711	1.66488	-1.89507	-1.5202	-0.232508	0.35183	1.23314
0.858	0.240711	1.66488	-1.89507	-1.5202	-0.232508	0.35183	1.23314
0.871	0.240711	1.66488	-1.89507	-1.5202	-0.232508	0.35183	1.23314
0.884	0.240711	1.66488	-1.89507	-1.5202	-0.232508	0.35183	1.23314
0.897	0.240711	1.66488	-1.89507	-1.5202	-0.232508	0.35183	1.23314
0.91	0.240708	1.66488	-1.89507	-1.5202	-0.232508	0.35183	1.23314
0.923	0.240707	1.66488	-1.89507	-1.5202	-0.232508	0.35183	1.23314
0.936	0.240708	1.66488	-1.89507	-1.5202	-0.232511	0.35183	1.23314
0.949	0.240707	1.66488	-1.89507	-1.5202	-0.232511	0.351829	1.23314
0.962	0.240708	1.66488	-1.89507	-1.5202	-0.232513	0.351829	1.23314
0.975	0.240707	1.66488	-1.89507	-1.5202	-0.232515	0.351829	1.23314
0.988	0.240707	1.66488	-1.89507	-1.5202	-0.232517	0.351829	1.23314
1.001	0.240707	1.66488	-1.89507	-1.5202	-0.232517	0.351829	1.23314
1.014	0.240707	1.66488	-1.89507	-1.5202	-0.232517	0.351829	1.23314
1.027	0.240707	1.66488	-1.89507	-1.5202	-0.232519	0.351829	1.23314
1.04	0.240707	1.66488	-1.89507	-1.5202	-0.232519	0.351829	1.23314
1.053	0.240705	1.66488	-1.89507	-1.5202	-0.232519	0.351829	1.23314
1.066	0.240703	1.66488	-1.89507	-1.5202	-0.232519	0.351829	1.23314
1.079	0.240703	1.66488	-1.89507	-1.5202	-0.232519	0.35183	1.23314
1.092	0.240703	1.66488	-1.89507	-1.5202	-0.232519	0.35183	1.23314
1.105	0.240703	1.66488	-1.89507	-1.5202	-0.232519	0.35183	1.23314
1.118	0.240703	1.66488	-1.89507	-1.5202	-0.232519	0.351829	1.23314
1.131	0.240703	1.66488	-1.89507	-1.5202	-0.232519	0.351829	1.23314
1.144	0.240703	1.66488	-1.89507	-1.5202	-0.232519	0.35183	1.23314
1.157	0.240703	1.66488	-1.89507	-1.5202	-0.232519	0.35183	1.23314
1.17	0.240703	1.66488	-1.89507	-1.5202	-0.232519	0.35183	1.23314
1.183	0.240699	1.66488	-1.89507	-1.5202	-0.232521	0.35183	1.23314
1.196	0.240696	1.66488	-1.89507	-1.5202	-0.232523	0.35183	1.23314
1.209	0.240694	1.66488	-1.89507	-1.5202	-0.232523	0.35183	1.23314
1.222	0.240694	1.66488	-1.89507	-1.5202	-0.232525	0.35183	1.23314
1.235	0.240694	1.66488	-1.89507	-1.5202	-0.232527	0.35183	1.23314
1.248	0.240694	1.66488	-1.89507	-1.5202	-0.232527	0.35183	1.23314
1.261	0.240694	1.66488	-1.89507	-1.5202	-0.232527	0.35183	1.23314
1.274	0.240694	1.66488	-1.89507	-1.5202	-0.232527	0.35183	1.23314
1.287	0.240694	1.66488	-1.89507	-1.5202	-0.232527	0.35183	1.23314
1.3	0.240694	1.66488	-1.89507	-1.5202	-0.232527	0.35183	1.23314
1.313	0.240694	1.66488	-1.89507	-1.5202	-0.232527	0.35183	1.23314
1.326	0.240692	1.66488	-1.89507	-1.52019	-0.232527	0.35183	1.23314
1.339	0.240687	1.66488	-1.89507	-1.52019	-0.232527	0.35183	1.23314
1.352	0.240687	1.66488	-1.89507	-1.52019	-0.232529	0.35183	1.23314
1.365	0.240687	1.66488	-1.89507	-1.52019	-0.232529	0.35183	1.23314
1.378	0.240687	1.66488	-1.89507	-1.52019	-0.232529	0.35183	1.23314
1.391	0.240687	1.66488	-1.89507	-1.52019	-0.232531	0.351829	1.23314
1.404	0.240687	1.66488	-1.89507	-1.52019	-0.232531	0.351829	1.23314
1.417	0.240687	1.66488	-1.89507	-1.52019	-0.232533	0.351829	1.23314
1.43	0.240687	1.66488	-1.89507	-1.52019	-0.232533	0.351829	1.23314
1.443	0.240687	1.66488	-1.89507	-1.52019	-0.232533	0.351829	1.23314
1.456	0.240685	1.66488	-1.89507	-1.52019	-0.232533	0.35183	1.23314
1.469	0.240685	1.66488	-1.89507	-1.52019	-0.232533	0.35183	1.23314
1.482	0.240685	1.66488	-1.89507	-1.52019	-0.232535	0.35183	1.23314
1.495	0.240685	1.66488	-1.89507	-1.52019	-0.232535	0.35183	1.23314
1.508	0.240685	1.66488	-1.89507	-1.52019	-0.232535	0.35183	1.23314
1.521	0.240685	1.66488	-1.89507	-1.52019	-0.232535	0.35183	1.23314
1.534	0.240685	1.66488	-1.89507	-1.52019	-0.232535	0.35183	1.23314
1.547	0.240685	1.66488	-1.89507	-1.52019	-0.232535	0.35183	1.23314
1.56	0.240685	1.66488	-1.89507	-1.52019	-0.232535	0.35183	1.23314
1.573	0.240685	1.66488	-1.89507	-1.52018	-0.232535	0.35183	1.23314
1.586	0.240685	1.66488	-1.89507	-1.52018	-0.232537	0.35183	1.23314
1.599	0.240685	1.66488	-1.89507	-1.52018	-0.232535	0.35183	1.23314
1.612	0.240685	1.66488	-1.89507	-1.52018	-0.232537	0.35183	1.23314
1.625	0.240685	1.66488	-1.89507	-1.52018	-0.232537	0.35183	1.23314
1.638	0.240685	1.66488	-1.89507	-1.52018	-0.232537	0.35183	1.23314
1.651	0.240685	1.66488	-1.89507	-1.52018	-0.232539	0.351832	1.23314
1.664	0.240685	1.66488	-1.89507	-1.52018	-0.232541	0.35183	1.23314
1.677	0.240685	1.66488	-1.89507	-1.52018	-0.232541	0.35183	1.23314
1.69	0.240685	1.66488	-1.89507	-1.52018	-0.232543	0.35183	1.23314
1.703	0.240685	1.66488	-1.89507	-1.52018	-0.232543	0.35183	1.23314
1.716	0.240685	1.66488	-1.89507	-1.52018	-0.232543	0.35183	1.23314
1.729	0.240685	1.66488	-1.89507	-1.52017	-0.232543	0.35183	1.23314
1.742	0.240685	1.66488	-1.89507	-1.52017	-0.232543	0.35183	1.23314
1.755	0.240685	1.66488	-1.89507	-1.52017	-0.232543	0.35183	1.23314
1.768	0.240685	1.66488	-1.89507	-1.52017	-0.232543	0.35183	1.23314
1.781	0.240685	1.66488	-1.89507	-1.52017	-0.232543	0.35183	1.23314
1.794	0.240685	1.66488	-1.89507	-1.52017	-0.232543	0.35183	1.23314
1.807	0.240685	1.66488	-1.89507	-1.52017	-0.232545	0.35183	1.23314
1.82	0.240685	1.66488	-1.89507	-1.52017	-0.232545	0.35183	1.23314
1.833	0.240685	1.66488	-1.89507	-1.52017	-0.232545	0.35183	1.23314
1.846	0.240685	1.66488	-1.89507	-1.52017	-0.232545	0.35183	1.23314
1.859	0.240685	1.66488	-1.89507	-1.52017	-0.232545	0.35183	1.23314
1.872	0.240684	1.66488	-1.89507	-1.52017	-0.232545	0.35183	1.23314
1.885	0.240684	1.66488	-1.89507	-1.52016	-0.232547	0.35183	1.23314
1.898	0.240684	1.66488	-1.89507	-1.52016	-0.232547	0.35183	1.23314
1.911	0.240684	1.66488	-1.89507	-1.52016	-0.232549	0.35183	1.23314
1.924	0.240684	1.66488	-1.89507	-1.52016	-0.232549	0.35183	1.23314
1.937	0.240684	1.66488	-1.89507	-1.52016	-0.232549	0.35183	1.23314
1.95	0.240684	1.66488	-1.89507	-1.52016	-0.232551	0.35183	1.23314
1.963	0.240684	1.66488	-1.89507	-1.52016	-0.232551	0.35183	1.23314
1.976	0.240684	1.66488	-1.89507	-1.52016	-0.232551	0.35183	1.23314
1.989	0.240684	1.66488	-1.89507	-1.52016	-0.232551	0.35183	1.23314
2.002	0.240681	1.66488	-1.89507	-1.52016	-0.232551	0.35183	1.23314
2.015	0.240678	1.66488	-1.89507	-1.52016	-0.232551	0.35183	1.23314
2.028	0.240678	1.66487	-1.89507	-1.52016	-0.232551	0.35183	1.23314
2.041	0.240678	1.66487	-1.89507	-1.52016	-0.232551	0.35183	1.23314
2.054	0.240678	1.66487	-1.89507	-1.52016	-0.232551	0.35183	1.23314
2.067	0.240676	1.66487	-1.89507	-1.52016	-0.232551	0.35183	1.23314
2.08	0.240676	1.66487	-1.89507	-1.52016	-0.232551	0.351832	1.23314
2.093	0.240676	1.66487	-1.89507	-1.52016	-0.232553	0.35183	1.23314
2.106	0.240676	1.66487	-1.89507	-1.52016	-0.232553	0.35183	1.23314
2.119	0.240676	1.66487	-1.89507	-1.52016	-0.232553	0.35183	1.23314
2.132	0.240676	1.66487	-1.89507	-1.52015	-0.232555	0.35183	1.23314
2.145	0.240664	1.66487	-1.89507	-1.52015	-0.232555	0.35183	1.23314
2.158	0.240629	1.66487	-1.89507	-1.52015	-0.232555	0.35183	1.23314
2.171	0.240618	1.66487	-1.89507	-1.52015	-0.232555	0.35183	1.23314
2.184	0.240612	1.66487	-1.89507	-1.52015	-0.232555	0.35183	1.23314
2.197	0.240611	1.66487	-1.89507	-1.52015	-0.232555	0.35183	1.23314
2.21	0.240609	1.66487	-1.89507	-1.52015	-0.232555	0.35183	1.23314
2.223	0.240606	1.66487	-1.89507	-1.52015	-0.232555	0.35183	1.23314
2.236	0.240605	1.66487	-1.89507	-1.52015	-0.232555	0.35183	1.23314
2.249	0.240605	1.66487	-1.89507	-1.52015	-0.232555	0.35183	1.23314
2.262	0.240604	1.66487	-1.89507	-1.52015	-0.232555	0.35183	1.23314
2.275	0.240575	1.66487	-1.89507	-1.52015	-0.232555	0.35183	1.23314
2.288	0.240526	1.66487	-1.89507	-1.52014	-0.232555	0.35183	1.23314
2.301	0.240492	1.66487	-1.89507	-1.52014	-0.232555	0.35183	1.23314
2.314	0.240464	1.66487	-1.89507	-1.52014	-0.232555	0.35183	1.23314
2.327	0.240462	1.66487	-1.89507	-1.52014	-0.232555	0.35183	1.23314
2.34	0.240455	1.66487	-1.89507	-1.52014	-0.232558	0.35183	1.23314
2.353	0.240453	1.66487	-1.89507	-1.52014	-0.232558	0.35183	1.23314
2.366	0.240451	1.66487	-1.89507	-1.52014	-0.232558	0.35183	1.23314
2.379	0.24045	1.66487	-1.89507	-1.52014	-0.23256	0.35183	1.23314
2.392	0.24045	1.66487	-1.89507	-1.52014	-0.23256	0.35183	1.23314
2.405	0.240449	1.66487	-1.89507	-1.52014	-0.23256	0.35183	1.23314
2.418	0.240414	1.66487	-1.89507	-1.52014	-0.23256	0.35183	1.23314
2.431	0.240348	1.66487	-1.89507	-1.52014	-0.23256	0.35183	1.23314
2.444	0.240308	1.66487	-1.89507	-1.52014	-0.23256	0.35183	1.23314
2.457	0.240278	1.66487	-1.89507	-1.52014	-0.23256	0.35183	1.23314
2.47	0.240278	1.66487	-1.89507	-1.52014	-0.23256	0.35183	1.23314
2.483	0.240274	1.66487	-1.89507	-1.52014	-0.23256	0.35183	1.23314
2.496	0.240272	1.66487	-1.89507	-1.52014	-0.23256	0.35183	1.23314
2.509	0.240271	1.66487	-1.89507	-1.52014	-0.23256	0.35183	1.23314
2.522	0.240271	1.66487	-1.89507	-1.52014	-0.23256	0.35183	1.23314
2.535	0.240271	1.66487	-1.89507	-1.52014	-0.23256	0.35183	1.23314
2.548	0.240244	1.66487	-1.89507	-1.52014	-0.232562	0.35183	1.23314
2.561	0.240197	1.66487	-1.89507	-1.52013	-0.232564	0.35183	1.23314
2.574	0.24018	1.66487	-1.89507	-1.52014	-0.232564	0.35183	1.23314
2.587	0.240168	1.66487	-1.89507	-1.52013	-0.232564	0.351829	1.23314
2.6	0.240168	1.66487	-1.89507	-1.52013	-0.232564	0.351829	1.23314
2.613	0.240166	1.66486	-1.89507	-1.52013	-0.232564	0.35183	1.23314
2.626	0.240166	1.66487	-1.89507	-1.52013	-0.232564	0.35183	1.23314
2.639	0.240166	1.66487	-1.89507	-1.52013	-0.232564	0.35183	1.23314
2.652	0.240166	1.66486	-1.89507	-1.52013	-0.232564	0.35183	1.23314
2.665	0.240166	1.66486	-1.89507	-1.52013	-0.232564	0.35183	1.23314
2.678	0.240166	1.66487	-1.89507	-1.52013	-0.232564	0.35183	1.23314
2.691	0.240148	1.66486	-1.89507	-1.52013	-0.232564	0.35183	1.23314
2.704	0.240108	1.66486	-1.89507	-1.52013	-0.232564	0.35183	1.23314
2.717	0.240108	1.66486	-1.89507	-1.52013	-0.232564	0.35183	1.23314
2.73	0.240108	1.66487	-1.89507	-1.52013	-0.232564	0.35183	1.23314
2.743	0.240108	1.66486	-1.89507	-1.52013	-0.232564	0.35183	1.23314
2.756	0.240108	1.66486	-1.89507	-1.52013	-0.232562	0.35183	1.23314
2.769	0.240108	1.66487	-1.89507	-1.52013	-0.232564	0.35183	1.23314
2.782	0.240108	1.66486	-1.89507	-1.52013	-0.232564	0.35183	1.23314
2.795	0.240108	1.66486	-1.89507	-1.52013	-0.232564	0.35183	1.23314
2.808	0.240106	1.66486	-1.89507	-1.52018	-0.232564	0.351832	1.23314
2.821	0.240104	1.66486	-1.89507	-1.52027	-0.232566	0.351832	1.23314
2.834	0.240053	1.66486	-1.89507	-1.52037	-0.232566	0.35183	1.23314
2.847	0.239936	1.66486	-1.89507	-1.52045	-0.232568	0.35183	1.23314
2.86	0.23982	1.66486	-1.89507	-1.52059	-0.232572	0.35183	1.23314
2.873	0.239707	1.66486	-1.89507	-1.52074	-0.23258	0.35183	1.23314
2.886	0.239605	1.66486	-1.89507	-1.52087	-0.232596	0.35183	1.23314
2.899	0.2395	1.66486	-1.89507	-1.52096	-0.232625	0.35183	1.23314
2.912	0.239417	1.66486	-1.89507	-1.52098	-0.23265	0.35183	1.23314
2.925	0.239334	1.66486	-1.89507	-1.52099	-0.232723	0.35183	1.23314
2.938	0.239334	1.66486	-1.89507	-1.52099	-0.232723	0.35183	1.23314
2.951	0.239242	1.66486	-1.89507	-1.52104	-0.232877	0.35183	1.23314
2.964	0.239091	1.66486	-1.89507	-1.52106	-0.233106	0.35183	1.23314
2.977	0.238889	1.66486	-1.89507	-1.52106	-0.233341	0.35183	1.23314
2.99	0.238691	1.66486	-1.89507	-1.52106	-0.23349	0.35183	1.23314
3.003	0.238516	1.66486	-1.89506	-1.52106	-0.233584	0.35183	1.23314
3.016	0.238366	1.66486	-1.89506	-1.52106	-0.233648	0.35183	1.23314
3.029	0.238225	1.66486	-1.89506	-1.52106	-0.233703	0.35183	1.23314
3.042	0.238087	1.66486	-1.89506	-1.52106	-0.23374	0.35183	1.23314
3.055	0.237955	1.66486	-1.89506	-1.52106	-0.233789	0.35183	1.23314
3.068	0.237955	1.66486	-1.89506	-1.52106	-0.233789	0.35183	1.23314
3.081	0.237808	1.66486	-1.89506	-1.52106	-0.233877	0.351832	1.23314
3.094	0.237645	1.66486	-1.89506	-1.5211	-0.234012	0.351832	1.23314
3.107	0.237437	1.66486	-1.89506	-1.52117	-0.234165	0.351832	1.23314
3.12	0.237166	1.66486	-1.89506	-1.52128	-0.2343	0.351832	1.23314
3.133	0.236875	1.66486	-1.89506	-1.52144	-0.234431	0.351834	1.23314
3.146	0.23654	1.66486	-1.89506	-1.52162	-0.234552	0.351841	1.23314
3.159	0.236209	1.66485	-1.89506	-1.52179	-0.234685	0.351858	1.23314
3.172	0.235821	1.66484	-1.89506	-1.52196	-0.234781	0.35189	1.23314
3.185	0.235416	1.66484	-1.89506	-1.52209	-0.234834	0.351951	1.23314
3.198	0.234952	1.66484	-1.89506	-1.52216	-0.23485	0.352055	1.23314
3.211	0.234952	1.66484	-1.89506	-1.52216	-0.23485	0.352055	1.23314
3.224	0.234443	1.66484	-1.89506	-1.5222	-0.234861	0.35221	1.23314
3.237	0.233895	1.66484	-1.89506	-1.52221	-0.234875	0.352514	1.23314
3.25	0.233323	1.66484	-1.89506	-1.52223	-0.234887	0.353011	1.23314
3.263	0.232766	1.66484	-1.89506	-1.5223	-0.234897	0.354002	1.23314
3.276	0.232232	1.66484	-1.89506	-1.52243	-0.234906	0.355696	1.23314
3.289	0.231719	1.66484	-1.89506	-1.52263	-0.234916	0.356841	1.23314
3.302	0.231235	1.66484	-1.89506	-1.52287	-0.234926	0.358457	1.23314
3.315	0.230763	1.66484	-1.89506	-1.52312	-0.234936	0.360424	1.23314
3.328	0.230328	1.66484	-1.89506	-1.5234	-0.234942	0.362483	1.23314
3.341	0.229854	1.66484	-1.89506	-1.52372	-0.234949	0.36467	1.23315
3.354	0.229854	1.66484	-1.89506	-1.52372	-0.234949	0.36467	1.23315
3.367	0.229414	1.66484	-1.89506	-1.52402	-0.234955	0.366998	1.23315
3.38	0.228918	1.66484	-1.89506	-1.52435	-0.234959	0.368738	1.23315
3.393	0.228412	1.66484	-1.89506	-1.52464	-0.234963	0.370538	1.23315
3.406	0.227897	1.66484	-1.89506	-1.52501	-0.234967	0.37185	1.23315
3.419	0.2274	1.66484	-1.89506	-1.52541	-0.234973	0.372515	1.23315
3.432	0.226868	1.66484	-1.89506	-1.52579	-0.234981	0.37325	1.23315
3.445	0.226316	1.66484	-1.89506	-1.52614	-0.234987	0.374814	1.23314
3.458	0.225746	1.66484	-1.89506	-1.52654	-0.234996	0.375902	1.23314
3.471	0.225137	1.66484	-1.89506	-1.52692	-0.235018	0.376609	1.23314
3.484	0.225137	1.66484	-1.89506	-1.52692	-0.235018	0.376609	1.23314
3.497	0.224521	1.66484	-1.89506	-1.52726	-0.235039	0.377869	1.23314
3.51	0.223904	1.66484	-1.89506	-1.52759	-0.235051	0.379646	1.23315
3.523	0.223243	1.66484	-1.89506	-1.52792	-0.235061	0.38114	1.23315
3.536	0.222547	1.66484	-1.89506	-1.52825	-0.235069	0.383251	1.23315
3.549	0.221842	1.66484	-1.89505	-1.52866	-0.235077	0.384898	1.23315
3.562	0.221107	1.66484	-1.89505	-1.52909	-0.235088	0.386918	1.23315
3.575	0.220356	1.66484	-1.89505	-1.52953	-0.235102	0.388191	1.23315
3.588	0.219583	1.66484	-1.89505	-1.53003	-0.235116	0.38944	1.23315
3.601	0.218738	1.66484	-1.89504	-1.53049	-0.235124	0.390855	1.23315
3.614	0.217913	1.66484	-1.89504	-1.5309	-0.235131	0.391468	1.23315
3.627	0.217913	1.66484	-1.89504	-1.5309	-0.235131	0.391468	1.23315
3.64	0.217026	1.66484	-1.89504	-1.53136	-0.235137	0.391673	1.23314
3.653	0.216099	1.66484	-1.89504	-1.53177	-0.235143	0.391821	1.23314
3.666	0.21511	1.66484	-1.89504	-1.53216	-0.235149	0.391925	1.23315
3.679	0.214096	1.66484	-1.89504	-1.53259	-0.235151	0.391976	1.23315
3.692	0.213095	1.66484	-1.89503	-1.53309	-0.235153	0.392019	1.23315
3.705	0.212088	1.66484	-1.89502	-1.53357	-0.235155	0.392085	1.23315
3.718	0.211045	1.66484	-1.89502	-1.53403	-0.235157	0.392254	1.23315
3.731	0.209958	1.66484	-1.895	-1.5344	-0.235159	0.39265	1.23315
3.744	0.208858	1.66484	-1.89498	-1.53476	-0.235159	0.393931	1.23315
3.757	0.208858	1.66484	-1.89498	-1.53476	-0.235159	0.393931	1.23315
3.77	0.207796	1.66484	-1.89494	-1.53512	-0.235161	0.39532	1.23314
3.783	0.206665	1.66484	-1.89491	-1.53547	-0.235161	0.396263	1.23315
3.796	0.205486	1.66484	-1.8949	-1.5357	-0.235161	0.39793	1.23315
3.809	0.204313	1.66484	-1.89488	-1.53602	-0.235161	0.399786	1.23315
3.822	0.203165	1.66484	-1.89478	-1.5364	-0.235161	0.401823	1.23315
3.835	0.202048	1.66484	-1.8947	-1.53678	-0.235161	0.403875	1.23315
3.848	0.200857	1.66484	-1.89463	-1.53722	-0.235161	0.406009	1.23315
3.861	0.199751	1.66484	-1.89456	-1.53766	-0.235161	0.407659	1.23315
3.874	0.198548	1.66484	-1.8945	-1.53809	-0.235161	0.409077	1.23315
3.887	0.197382	1.66484	-1.89445	-1.53855	-0.235161	0.410652	1.23315
3.9	0.197382	1.66484	-1.89445	-1.53855	-0.235161	0.410652	1.23315
3.913	0.196173	1.66484	-1.89436	-1.53898	-0.235161	0.411376	1.23315
3.926	0.194842	1.66484	-1.89429	-1.53944	-0.235161	0.411828	1.23314
3.939	0.193464	1.66484	-1.89423	-1.53971	-0.235163	0.412353	1.23315
3.952	0.192077	1.66484	-1.89418	-1.54007	-0.235163	0.41373	1.23314
3.965	0.190703	1.66484	-1.89405	-1.5405	-0.235165	0.415003	1.23315
3.978	0.189363	1.66484	-1.89397	-1.54095	-0.235167	0.415877	1.23315
3.991	0.187991	1.66484	-1.89391	-1.54137	-0.235169	0.417379	1.23315
4.004	0.186625	1.66484	-1.89387	-1.54172	-0.235169	0.419155	1.23315
4.017	0.185241	1.66484	-1.89383	-1.54204	-0.235174	0.420846	1.23315
4.03	0.185241	1.66484	-1.89383	-1.54204	-0.235174	0.420846	1.23315
4.043	0.183927	1.66484	-1.89378	-1.54237	-0.235186	0.42299	1.23315
4.056	0.182478	1.66484	-1.8937	-1.54263	-0.235221	0.424851	1.23315
4.069	0.180984	1.66484	-1.89358	-1.54277	-0.235292	0.426706	1.23315
4.082	0.179533	1.66484	-1.89339	-1.54302	-0.235413	0.42772	1.23315
4.095	0.178128	1.66485	-1.89307	-1.54325	-0.235578	0.429025	1.23315
4.108	0.176718	1.66485	-1.89271	-1.54357	-0.23573	0.430266	1.23315
4.121	0.175278	1.66485	-1.89237	-1.54387	-0.235881	0.430737	1.23315
4.134	0.173824	1.66485	-1.89209	-1.54408	-0.236057	0.430883	1.23315
4.147	0.172344	1.66485	-1.89183	-1.54428	-0.236231	0.430909	1.23315
4.16	0.170874	1.66485	-1.89159	-1.54451	-0.236425	0.430907	1.23314
4.173	0.170874	1.66485	-1.89159	-1.54451	-0.236425	0.430907	1.23314
4.186	0.169442	1.66485	-1.89136	-1.54473	-0.23663	0.430902	1.23315
4.199	0.168005	1.66485	-1.89117	-1.54496	-0.236828	0.4309	1.23315
4.212	0.166484	1.66485	-1.891	-1.54505	-0.237004	0.4309	1.23315
4.225	0.165029	1.66485	-1.89085	-1.54524	-0.237186	0.4309	1.23315
4.238	0.163594	1.66485	-1.8906	-1.54552	-0.237384	0.4309	1.23315
4.251	0.162254	1.66485	-1.89038	-1.54579	-0.237589	0.4309	1.23314
4.264	0.160868	1.66485	-1.89015	-1.54607	-0.237787	0.4309	1.23314
4.277	0.159475	1.66485	-1.88982	-1.54635	-0.23799	0.4309	1.23314
4.29	0.158147	1.66485	-1.88942	-1.5466	-0.238199	0.4309	1.23315
4.303	0.158147	1.66485	-1.88942	-1.5466	-0.238199	0.4309	1.23315
4.316	0.156819	1.66485	-1.889	-1.54692	-0.238344	0.4309	1.23315
4.329	0.155437	1.66485	-1.88862	-1.54725	-0.238466	0.4309	1.23314
4.342	0.154032	1.66485	-1.8883	-1.54742	-0.238628	0.430898	1.23314
4.355	0.152658	1.66486	-1.88801	-1.54773	-0.238751	0.4309	1.23314
4.368	0.151322	1.66486	-1.88762	-1.54812	-0.238873	0.4309	1.23314
4.381	0.150054	1.66486	-1.88724	-1.54855	-0.238986	0.4309	1.23314
4.394	0.148829	1.66486	-1.88685	-1.549	-0.239086	0.4309	1.23314
4.407	0.147594	1.66486	-1.88648	-1.5495	-0.239184	0.4309	1.23314
4.42	0.146417	1.66486	-1.88613	-1.55	-0.239285	0.430902	1.23314
4.433	0.145309	1.66486	-1.88575	-1.55059	-0.239413	0.430902	1.23314
4.446	0.145309	1.66486	-1.88575	-1.55059	-0.239413	0.430902	1.23314
4.459	0.144186	1.66486	-1.88522	-1.55121	-0.239557	0.430902	1.23314
4.472	0.143078	1.66486	-1.88471	-1.55181	-0.239683	0.430902	1.23314
4.485	0.141861	1.66489	-1.88423	-1.55239	-0.239853	0.430902	1.23314
4.498	0.14077	1.66489	-1.88372	-1.55315	-0.240019	0.430902	1.23314
4.511	0.139641	1.66489	-1.88317	-1.55396	-0.240115	0.430902	1.23314
4.524	0.138581	1.66489	-1.88265	-1.55483	-0.240162	0.430902	1.23314
4.537	0.137452	1.66489	-1.88205	-1.55569	-0.240209	0.430902	1.23314
4.55	0.136378	1.66489	-1.88141	-1.55668	-0.24024	0.430902	1.23314
4.563	0.13533	1.66489	-1.88069	-1.55771	-0.24027	0.430902	1.23314
4.576	0.13533	1.66489	-1.88069	-1.55771	-0.24027	0.430902	1.23314
4.589	0.134281	1.6649	-1.88007	-1.55884	-0.240309	0.430902	1.23314
4.602	0.133216	1.66491	-1.87936	-1.5599	-0.240379	0.430902	1.23314
4.615	0.132146	1.66491	-1.87871	-1.56105	-0.240442	0.430902	1.23314
4.628	0.131012	1.66493	-1.87805	-1.5621	-0.240528	0.430902	1.23314
4.641	0.129891	1.66493	-1.87738	-1.5632	-0.240581	0.430902	1.23314
4.654	0.128812	1.66492	-1.87672	-1.56436	-0.240657	0.430904	1.23314
4.667	0.127752	1.66495	-1.87614	-1.56557	-0.240771	0.430904	1.23314
4.68	0.126627	1.66495	-1.87556	-1.5668	-0.240886	0.430904	1.23314
4.693	0.125601	1.66495	-1.875	-1.568	-0.240968	0.430904	1.23314
4.706	0.124522	1.66496	-1.8744	-1.56927	-0.241039	0.430904	1.23314
4.719	0.124522	1.66496	-1.8744	-1.56927	-0.241039	0.430904	1.23314
4.732	0.123501	1.66497	-1.87378	-1.57047	-0.241099	0.430904	1.23314
4.745	0.122408	1.66497	-1.87314	-1.57162	-0.241168	0.430904	1.23314
4.758	0.12138	1.66499	-1.87258	-1.57278	-0.241236	0.430902	1.23314
4.771	0.120277	1.66502	-1.872	-1.57396	-0.241311	0.430904	1.23314
4.784	0.119255	1.66504	-1.87144	-1.5751	-0.241393	0.430904	1.23314
4.797	0.118179	1.66505	-1.87083	-1.57625	-0.241514	0.430904	1.23314
4.81	0.117183	1.66507	-1.87018	-1.57748	-0.241706	0.430905	1.23314
4.823	0.116101	1.66509	-1.86947	-1.57864	-0.241894	0.43091	1.23314
4.836	0.115066	1.66512	-1.86883	-1.57978	-0.242072	0.430926	1.23314
4.849	0.115066	1.66512	-1.86883	-1.57978	-0.242072	0.430926	1.23314
4.862	0.114021	1.6652	-1.86818	-1.58101	-0.242338	0.431001	1.23314
4.875	0.113022	1.66527	-1.86755	-1.58228	-0.242729	0.431239	1.23314
4.888	0.111915	1.66535	-1.86686	-1.58345	-0.24324	0.431458	1.23314
4.901	0.110793	1.66546	-1.86618	-1.58466	-0.243981	0.43174	1.23314
4.914	0.109729	1.66558	-1.86541	-1.5859	-0.244928	0.432494	1.23314
4.927	0.108645	1.66573	-1.86465	-1.58708	-0.245838	0.433972	1.23314
4.94	0.107574	1.66591	-1.86392	-1.58826	-0.24694	0.434836	1.23314
4.953	0.106484	1.66611	-1.86312	-1.58947	-0.248094	0.435473	1.23314
4.966	0.105392	1.66632	-1.86228	-1.59065	-0.248965	0.436649	1.23314
4.979	0.104248	1.6666	-1.86134	-1.59181	-0.249939	0.4384	1.23314
4.992	0.104248	1.6666	-1.86134	-1.59181	-0.249939	0.4384	1.23314
5.005	0.10316	1.667	-1.86053	-1.59311	-0.2511	0.4396	1.23314
5.018	0.101996	1.66743	-1.8597	-1.59436	-0.252172	0.441376	1.23314
5.031	0.100772	1.66781	-1.8588	-1.59557	-0.253252	0.44272	1.23315
5.044	0.099609	1.66817	-1.85785	-1.59686	-0.254297	0.443556	1.23315
5.057	0.0983933	1.66852	-1.85686	-1.59822	-0.254939	0.444694	1.23315
5.07	0.0971955	1.66888	-1.85586	-1.59961	-0.255447	0.445722	1.23315
5.083	0.0959594	1.66922	-1.85482	-1.60103	-0.255888	0.445943	1.23315
5.096	0.0947181	1.66947	-1.85378	-1.60245	-0.256156	0.44594	1.23315
5.109	0.0934654	1.66973	-1.85275	-1.60393	-0.256293	0.44594	1.23315
5.122	0.0922012	1.67	-1.8518	-1.60549	-0.256347	0.44594	1.23315
5.135	0.0922012	1.67	-1.8518	-1.60549	-0.256347	0.44594	1.23315
5.148	0.0909203	1.67026	-1.85085	-1.60703	-0.256344	0.44594	1.23315
5.161	0.089642	1.67055	-1.8499	-1.60861	-0.256342	0.445938	1.23315
5.174	0.0883074	1.67094	-1.84911	-1.61014	-0.25634	0.44594	1.23315
5.187	0.086937	1.6714	-1.84839	-1.61175	-0.25634	0.445938	1.23315
5.2	0.0856677	1.67181	-1.84757	-1.61344	-0.256338	0.445938	1.23315
5.213	0.0843446	1.67212	-1.84665	-1.61504	-0.256338	0.445938	1.23315
5.226	0.0830318	1.67231	-1.8457	-1.61666	-0.25634	0.445938	1.23315
5.239	0.0817713	1.67254	-1.84481	-1.61829	-0.256338	0.445938	1.23315
5.252	0.08041	1.67272	-1.84392	-1.61988	-0.256338	0.445938	1.23315
5.265	0.08041	1.67272	-1.84392	-1.61988	-0.256338	0.445938	1.23315
5.278	0.079092	1.67286	-1.84302	-1.62156	-0.25634	0.445938	1.23315
5.291	0.0777255	1.673	-1.84202	-1.62319	-0.25634	0.445938	1.23315
5.304	0.076295	1.67313	-1.8411	-1.62491	-0.25634	0.445938	1.23315
5.317	0.0748301	1.67328	-1.8402	-1.62655	-0.25634	0.445937	1.23315
5.33	0.0733971	1.67341	-1.83923	-1.62827	-0.25634	0.445937	1.23315
5.343	0.0719718	1.67354	-1.83827	-1.62991	-0.256342	0.445937	1.23315
5.356	0.070517	1.67361	-1.83729	-1.63157	-0.256344	0.445935	1.23315
5.369	0.0690687	1.67374	-1.83632	-1.63322	-0.256351	0.445935	1.23315
5.382	0.0676511	1.67384	-1.83536	-1.63479	-0.256361	0.445935	1.23315
5.395	0.0662999	1.67394	-1.83437	-1.63638	-0.256381	0.445937	1.23315
5.408	0.0662999	1.67394	-1.83437	-1.63638	-0.256381	0.445937	1.23315
5.421	0.0648528	1.67407	-1.83335	-1.63796	-0.256394	0.445935	1.23314
5.434	0.0633917	1.67421	-1.83244	-1.63945	-0.256402	0.445935	1.23315
5.447	0.0619702	1.6744	-1.83146	-1.64094	-0.256408	0.445935	1.23315
5.46	0.0605117	1.67456	-1.83049	-1.64239	-0.25641	0.445935	1.23315
5.473	0.0590557	1.67483	-1.82954	-1.6439	-0.256412	0.445935	1.23315
5.486	0.0576342	1.6752	-1.82867	-1.64546	-0.256412	0.445935	1.23315
5.499	0.0561986	1.67561	-1.82779	-1.64686	-0.256412	0.445935	1.23315
5.512	0.0547784	1.67597	-1.82685	-1.64834	-0.256412	0.445935	1.23315
5.525	0.0533723	1.67627	-1.82577	-1.64974	-0.256412	0.445935	1.23315
5.538	0.0533723	1.67627	-1.82577	-1.64974	-0.256412	0.445935	1.23315
5.551	0.0519866	1.67654	-1.82472	-1.65115	-0.256412	0.445935	1.23315
5.564	0.050643	1.67684	-1.8236	-1.6526	-0.256412	0.445935	1.23315
5.577	0.0492548	1.6771	-1.82249	-1.65402	-0.256412	0.445935	1.23315
5.59	0.0478998	1.67733	-1.82137	-1.65548	-0.256412	0.445935	1.23315
5.603	0.0465857	1.67763	-1.82023	-1.65693	-0.256412	0.445935	1.23315
5.616	0.0451987	1.67785	-1.81909	-1.65839	-0.256412	0.445935	1.23315
5.629	0.0438411	1.67804	-1.81791	-1.65986	-0.256414	0.445935	1.23315
5.642	0.042527	1.67827	-1.81676	-1.66135	-0.256414	0.445935	1.23315
5.655	0.0411209	1.67846	-1.81556	-1.66292	-0.25642	0.445933	1.23315
5.668	0.0397441	1.67868	-1.81435	-1.66457	-0.256426	0.445933	1.23315
5.681	0.0397441	1.67868	-1.81435	-1.66457	-0.256426	0.445933	1.23315
5.694	0.0383687	1.67897	-1.81314	-1.66619	-0.25643	0.445933	1.23315
5.707	0.036905	1.67934	-1.81204	-1.66784	-0.256439	0.445933	1.23315
5.72	0.0353902	1.67974	-1.81093	-1.66949	-0.256443	0.445933	1.23315
5.733	0.0338421	1.68015	-1.80978	-1.67115	-0.256449	0.445933	1.23315
5.746	0.0323056	1.68049	-1.80862	-1.67275	-0.256449	0.445933	1.23315
5.759	0.0307895	1.68074	-1.80739	-1.67429	-0.256449	0.445933	1.23315
5.772	0.0292389	1.68092	-1.80611	-1.67586	-0.256449	0.445933	1.23314
5.785	0.0277088	1.68113	-1.80491	-1.67742	-0.256447	0.445933	1.23315
5.798	0.0261467	1.68129	-1.80371	-1.67901	-0.256447	0.445933	1.23315
5.811	0.0261467	1.68129	-1.80371	-1.67901	-0.256447	0.445933	1.23315
5.824	0.0246651	1.68146	-1.80248	-1.68064	-0.256445	0.445931	1.23315
5.837	0.0231158	1.68157	-1.80133	-1.6822	-0.256445	0.445933	1.23315
5.85	0.0214821	1.68171	-1.80016	-1.68375	-0.256445	0.445931	1.23315
5.863	0.0198778	1.68179	-1.79907	-1.68523	-0.256445	0.445931	1.23315
5.876	0.0182403	1.68188	-1.79796	-1.68678	-0.256445	0.445931	1.23315
5.889	0.0166539	1.68205	-1.79694	-1.68831	-0.256445	0.445931	1.23315
5.902	0.0150279	1.68223	-1.79593	-1.68975	-0.256445	0.445931	1.23314
5.915	0.0134172	1.68242	-1.79495	-1.69121	-0.256445	0.445931	1.23315
5.928	0.0118602	1.68258	-1.79397	-1.6926	-0.256445	0.445931	1.23314
5.941	0.0102828	1.68269	-1.79304	-1.69399	-0.256445	0.44593	1.23315
5.954	0.0102828	1.68269	-1.79304	-1.69399	-0.256445	0.44593	1.23315
5.967	0.00879224	1.68278	-1.79208	-1.69545	-0.256445	0.44593	1.23314
5.98	0.00728127	1.68282	-1.79111	-1.69686	-0.256445	0.445928	1.23315
5.993	0.0056642	1.68286	-1.7902	-1.6982	-0.256445	0.445926	1.23315
6.006	0.00410976	1.68289	-1.78936	-1.69965	-0.256445	0.445926	1.23315
6.019	0.00252593	1.68293	-1.78846	-1.70107	-0.256445	0.445925	1.23315
6.032	0.00106481	1.68295	-1.78758	-1.70246	-0.256443	0.445925	1.23315
6.045	-0.000456369	1.68296	-1.78665	-1.70387	-0.256443	0.445925	1.23315
6.058	-0.0020223	1.68297	-1.78578	-1.7052	-0.256443	0.445925	1.23315
6.071	-0.00355244	1.68298	-1.78492	-1.7065	-0.256443	0.445923	1.23315
6.084	-0.00355244	1.68298	-1.78492	-1.7065	-0.256443	0.445923	1.23315
6.097	-0.00505063	1.683	-1.78402	-1.70781	-0.256445	0.445923	1.23314
6.11	-0.00657694	1.68301	-1.78306	-1.70901	-0.256445	0.445923	1.23315
6.123	-0.00809943	1.68302	-1.78214	-1.71019	-0.256443	0.445921	1.23315
6.136	-0.00969476	1.68309	-1.78122	-1.71127	-0.256445	0.44592	1.23314
6.149	-0.0112454	1.68311	-1.78032	-1.71231	-0.256443	0.445918	1.23315
6.162	-0.0127934	1.68318	-1.77937	-1.71327	-0.256443	0.445918	1.23315
6.175	-0.0142673	1.68327	-1.77844	-1.71424	-0.256443	0.445916	1.23315
6.188	-0.0157783	1.68345	-1.77765	-1.71527	-0.256443	0.445916	1.23315
6.201	-0.0172982	1.68366	-1.77688	-1.71629	-0.256443	0.445916	1.23315
6.214	-0.0187082	1.68386	-1.77614	-1.7173	-0.256445	0.445916	1.23315
6.227	-0.0187082	1.68386	-1.77614	-1.7173	-0.256445	0.445916	1.23315
6.24	-0.0201667	1.68406	-1.77529	-1.71854	-0.256443	0.445916	1.23314
6.253	-0.0217391	1.68422	-1.77447	-1.71978	-0.256443	0.445916	1.23315
6.266	-0.0233357	1.68438	-1.77376	-1.72085	-0.256443	0.445916	1.23315
6.279	-0.0249617	1.6845	-1.77291	-1.72201	-0.256443	0.445916	1.23315
6.292	-0.0265609	1.68458	-1.77203	-1.72318	-0.256443	0.445916	1.23315
6.305	-0.0281831	1.68463	-1.77101	-1.72428	-0.256443	0.445916	1.23315
6.318	-0.0298244	1.6847	-1.76998	-1.72533	-0.256443	0.445914	1.23315
6.331	-0.0314364	1.68478	-1.76891	-1.72637	-0.256443	0.445914	1.23315
6.344	-0.0330611	1.68484	-1.76781	-1.72742	-0.256443	0.445914	1.23314
6.357	-0.0330611	1.68484	-1.76781	-1.72742	-0.256443	0.445914	1.23314
6.37	-0.0346207	1.6849	-1.76675	-1.72838	-0.256443	0.445913	1.23315
6.383	-0.0361406	1.68501	-1.76573	-1.72934	-0.256443	0.445911	1.23315
6.396	-0.0377129	1.68514	-1.76469	-1.73032	-0.256443	0.445911	1.23315
6.409	-0.0393031	1.68524	-1.76374	-1.73124	-0.256443	0.445909	1.23314
6.422	-0.0409253	1.68532	-1.76279	-1.73227	-0.256443	0.445909	1.23314
6.435	-0.0424222	1.68543	-1.762	-1.73347	-0.256443	0.445911	1.23314
6.448	-0.0439434	1.68552	-1.7612	-1.73489	-0.256443	0.445911	1.23314
6.461	-0.045517	1.68555	-1.76047	-1.7363	-0.256443	0.445911	1.23314
6.474	-0.0470907	1.68556	-1.75975	-1.7376	-0.256443	0.445911	1.23314
6.487	-0.0486834	1.68556	-1.75904	-1.73892	-0.256443	0.445911	1.23314
6.5	-0.0486834	1.68556	-1.75904	-1.73892	-0.256443	0.445911	1.23314
6.513	-0.0502494	1.68557	-1.75844	-1.74018	-0.256443	0.445911	1.23314
6.526	-0.0519086	1.68557	-1.7578	-1.74149	-0.256443	0.445909	1.23314
6.539	-0.0536113	1.68557	-1.75714	-1.74281	-0.256441	0.445909	1.23314
6.552	-0.0553396	1.68558	-1.75654	-1.74415	-0.256441	0.445909	1.23314
6.565	-0.0570935	1.68558	-1.75587	-1.74563	-0.256441	0.445909	1.23314
6.578	-0.0587872	1.68558	-1.75523	-1.74716	-0.256441	0.445909	1.23314
6.591	-0.0605922	1.68558	-1.75466	-1.74859	-0.256441	0.445909	1.23314
6.604	-0.0623448	1.68559	-1.75409	-1.75003	-0.256441	0.445909	1.23314
6.617	-0.0641217	1.68559	-1.75347	-1.75144	-0.256441	0.445909	1.23314
6.63	-0.0641217	1.68559	-1.75347	-1.75144	-0.256441	0.445909	1.23314
6.643	-0.0658397	1.68559	-1.75289	-1.7528	-0.256441	0.445908	1.23314
6.656	-0.0675169	1.68559	-1.7523	-1.75427	-0.256441	0.445908	1.23314
6.669	-0.0692209	1.68559	-1.75163	-1.75562	-0.256441	0.445904	1.23314
6.682	-0.0709479	1.6856	-1.75108	-1.75686	-0.256441	0.445903	1.23314
6.695	-0.0727439	1.68561	-1.75048	-1.75812	-0.256441	0.445901	1.23314
6.708	-0.0744518	1.68561	-1.74986	-1.75932	-0.256441	0.445897	1.23314
6.721	-0.07618	1.68561	-1.74928	-1.76048	-0.256439	0.445896	1.23314
6.734	-0.0778163	1.68562	-1.7487	-1.76165	-0.256439	0.445892	1.23314
6.747	-0.0794717	1.68562	-1.74806	-1.76285	-0.256439	0.445891	1.23314
6.76	-0.0811489	1.68562	-1.74743	-1.76397	-0.256439	0.445887	1.23314
6.773	-0.0811489	1.68562	-1.74743	-1.76397	-0.256439	0.445887	1.23314
6.786	-0.0827723	1.68562	-1.74688	-1.76511	-0.256439	0.445884	1.23314
6.799	-0.0844661	1.68563	-1.74629	-1.7663	-0.256441	0.445882	1.23314
6.812	-0.0861394	1.68563	-1.74571	-1.76738	-0.256439	0.44588	1.23314
6.825	-0.0878894	1.68563	-1.74511	-1.76846	-0.256439	0.445877	1.23314
6.838	-0.0895026	1.68564	-1.7445	-1.76953	-0.256439	0.445874	1.23314
6.851	-0.0911172	1.68564	-1.74383	-1.77058	-0.256439	0.44587	1.23314
6.864	-0.0927394	1.68564	-1.74321	-1.77151	-0.256439	0.445868	1.23314
6.877	-0.0943845	1.68565	-1.74265	-1.77239	-0.256439	0.445863	1.23314
6.89	-0.0960527	1.68565	-1.74204	-1.77332	-0.256439	0.445858	1.23314
6.903	-0.0976417	1.68565	-1.74149	-1.7742	-0.256439	0.445851	1.23314
6.916	-0.0976417	1.68565	-1.74149	-1.7742	-0.256439	0.445851	1.23314
6.929	-0.0993022	1.68566	-1.74094	-1.77507	-0.256441	0.445841	1.23314
6.942	-0.100999	1.68566	-1.74038	-1.77589	-0.256441	0.445829	1.23314
6.955	-0.102712	1.68566	-1.73973	-1.77673	-0.256441	0.445812	1.23314
6.968	-0.104474	1.68568	-1.73912	-1.77767	-0.256441	0.445799	1.23314
6.981	-0.10622	1.68573	-1.7386	-1.7785	-0.256441	0.445766	1.23314
6.994	-0.10805	1.68577	-1.73809	-1.77931	-0.256441	0.445712	1.23314
7.007	-0.109819	1.68582	-1.73759	-1.7801	-0.256441	0.445548	1.23314
7.02	-0.111652	1.68591	-1.73708	-1.781	-0.256443	0.445245	1.23314
7.033	-0.113425	1.68605	-1.73662	-1.78186	-0.256441	0.444938	1.23314
7.046	-0.113425	1.68605	-1.73662	-1.78186	-0.256441	0.444938	1.23314
7.059	-0.115234	1.68622	-1.73615	-1.78267	-0.256441	0.4446	1.23314
7.072	-0.117027	1.68649	-1.73567	-1.78343	-0.256441	0.444145	1.23314
7.085	-0.118859	1.68684	-1.7353	-1.78423	-0.256441	0.443525	1.23314
7.098	-0.120711	1.68723	-1.73493	-1.78507	-0.256441	0.442434	1.23314
7.111	-0.122496	1.68758	-1.73458	-1.7859	-0.256443	0.441326	1.23315
7.124	-0.12432	1.68793	-1.73423	-1.78664	-0.256441	0.440655	1.23315
7.137	-0.126063	1.68829	-1.73391	-1.78732	-0.256443	0.440053	1.23315
7.15	-0.127821	1.6887	-1.73355	-1.78795	-0.256443	0.439032	1.23315
7.163	-0.129488	1.68912	-1.73323	-1.78862	-0.256443	0.437547	1.23315
7.176	-0.131237	1.68959	-1.73284	-1.78924	-0.256443	0.436353	1.23315
7.189	-0.131237	1.68959	-1.73284	-1.78924	-0.256443	0.436353	1.23315
7.202	-0.132903	1.69014	-1.73245	-1.78988	-0.256445	0.434825	1.23315
7.215	-0.134644	1.69079	-1.73202	-1.79054	-0.256449	0.43276	1.23315
7.228	-0.136391	1.69155	-1.73167	-1.79118	-0.256455	0.430573	1.23314
7.241	-0.138256	1.69233	-1.73133	-1.79187	-0.256467	0.427926	1.23315
7.254	-0.1401	1.69317	-1.73103	-1.79263	-0.25651	0.42496	1.23315
7.267	-0.141898	1.69402	-1.73077	-1.79336	-0.256639	0.422146	1.23315
7.28	-0.143763	1.69504	-1.7305	-1.79402	-0.256819	0.419567	1.23315
7.293	-0.145611	1.69608	-1.73034	-1.79473	-0.25696	0.416886	1.23315
7.306	-0.14745	1.69722	-1.73011	-1.7954	-0.257042	0.414371	1.23315
7.319	-0.14745	1.69722	-1.73011	-1.7954	-0.257042	0.414371	1.23315
7.332	-0.14925	1.69835	-1.73	-1.79615	-0.25706	0.411727	1.23315
7.345	-0.151123	1.69956	-1.72995	-1.79692	-0.257062	0.408606	1.23315
7.358	-0.152943	1.70072	-1.72995	-1.79762	-0.257062	0.405503	1.23315
7.371	-0.154862	1.70191	-1.72995	-1.79829	-0.257062	0.402804	1.23315
7.384	-0.156692	1.70306	-1.72995	-1.79895	-0.25706	0.400533	1.23315
7.397	-0.158588	1.70419	-1.72995	-1.79974	-0.25706	0.398344	1.23315
7.41	-0.160434	1.70532	-1.72995	-1.80055	-0.257058	0.396563	1.23315
7.423	-0.162326	1.70643	-1.72995	-1.80146	-0.257058	0.394339	1.23315
7.436	-0.164202	1.7075	-1.72995	-1.80233	-0.257058	0.392223	1.23315
7.449	-0.166085	1.70857	-1.72995	-1.80318	-0.257058	0.389565	1.23315
7.462	-0.166085	1.70857	-1.72995	-1.80318	-0.257058	0.389565	1.23315
7.475	-0.167927	1.7096	-1.72995	-1.80406	-0.257058	0.387079	1.23315
7.488	-0.169832	1.7107	-1.72995	-1.80505	-0.257058	0.384898	1.23315
7.501	-0.171756	1.71175	-1.72996	-1.806	-0.257056	0.382769	1.23315
7.514	-0.173664	1.71272	-1.72996	-1.80683	-0.257056	0.381022	1.23315
7.527	-0.175556	1.71364	-1.72996	-1.80766	-0.257056	0.37905	1.23315
7.54	-0.177413	1.71463	-1.72996	-1.80852	-0.257056	0.377226	1.23315
7.553	-0.179299	1.71559	-1.72996	-1.8094	-0.257056	0.375002	1.23315
7.566	-0.181144	1.71649	-1.72997	-1.81018	-0.257056	0.372658	1.23315
7.579	-0.183061	1.71733	-1.72997	-1.81096	-0.257056	0.369701	1.23315
7.592	-0.183061	1.71733	-1.72997	-1.81096	-0.257056	0.369701	1.23315
7.605	-0.184906	1.71811	-1.72998	-1.81181	-0.257056	0.366707	1.23315
7.618	-0.186754	1.71892	-1.73	-1.81269	-0.257056	0.364061	1.23315
7.631	-0.188614	1.71967	-1.73006	-1.8136	-0.257054	0.361627	1.23315
7.644	-0.19057	1.72037	-1.73006	-1.81437	-0.257056	0.359449	1.23315
7.657	-0.192512	1.72101	-1.73008	-1.81514	-0.257054	0.357392	1.23315
7.67	-0.194495	1.72166	-1.73009	-1.81596	-0.257054	0.354772	1.23315
7.683	-0.196411	1.72226	-1.73013	-1.81676	-0.257054	0.35187	1.23315
7.696	-0.19845	1.72285	-1.73015	-1.81754	-0.257054	0.348537	1.23315
7.709	-0.200424	1.72341	-1.73024	-1.81826	-0.257054	0.345198	1.23315
7.722	-0.202506	1.72395	-1.73027	-1.81897	-0.257054	0.342115	1.23315
7.735	-0.202506	1.72395	-1.73027	-1.81897	-0.257054	0.342115	1.23315
7.748	-0.204504	1.72448	-1.73029	-1.81971	-0.257054	0.339223	1.23315
7.761	-0.206558	1.725	-1.73031	-1.82046	-0.257054	0.336417	1.23315
7.774	-0.208589	1.72558	-1.73037	-1.82119	-0.257054	0.333387	1.23315
7.787	-0.210746	1.72626	-1.73038	-1.82188	-0.257056	0.330111	1.23315
7.8	-0.212842	1.72691	-1.73041	-1.82257	-0.257056	0.327051	1.23315
7.813	-0.214987	1.72757	-1.73041	-1.82324	-0.257054	0.324653	1.23315
7.826	-0.217163	1.72816	-1.73043	-1.82398	-0.257054	0.322531	1.23315
7.839	-0.219316	1.72877	-1.73043	-1.82466	-0.257054	0.320651	1.23315
7.852	-0.221479	1.72941	-1.7305	-1.82531	-0.257054	0.318531	1.23315
7.865	-0.221479	1.72941	-1.7305	-1.82531	-0.257054	0.318531	1.23315
7.878	-0.223583	1.73016	-1.73064	-1.82588	-0.257054	0.316133	1.23315
7.891	-0.225704	1.73087	-1.73094	-1.82646	-0.257054	0.313658	1.23315
7.904	-0.227768	1.73161	-1.73125	-1.82702	-0.257054	0.310813	1.23315
7.917	-0.229933	1.73228	-1.73155	-1.82767	-0.257054	0.308105	1.23315
7.93	-0.232053	1.73292	-1.73177	-1.82823	-0.257054	0.305646	1.23315
7.943	-0.23418	1.73353	-1.73198	-1.82882	-0.257054	0.303033	1.23315
7.956	-0.236287	1.73422	-1.73222	-1.82939	-0.257054	0.300607	1.23315
7.969	-0.238452	1.73497	-1.73248	-1.82993	-0.257054	0.298231	1.23315
7.982	-0.240563	1.7357	-1.73271	-1.83043	-0.257054	0.295436	1.23315
7.995	-0.24271	1.73641	-1.73297	-1.83088	-0.257054	0.292666	1.23315
8.008	-0.24271	1.73641	-1.73297	-1.83088	-0.257054	0.292666	1.23315
8.021	-0.244828	1.73713	-1.73323	-1.83139	-0.257054	0.289834	1.23315
8.034	-0.246948	1.73791	-1.73343	-1.83191	-0.257054	0.287091	1.23315
8.047	-0.249129	1.73877	-1.73373	-1.83244	-0.257054	0.284642	1.23315
8.06	-0.251306	1.73961	-1.73405	-1.83289	-0.257054	0.282472	1.23315
8.073	-0.253485	1.74046	-1.73434	-1.83338	-0.257054	0.279878	1.23315
8.086	-0.255611	1.74129	-1.73472	-1.83381	-0.257054	0.277299	1.23315
8.099	-0.257815	1.74212	-1.73516	-1.83425	-0.257054	0.274419	1.23315
8.112	-0.25996	1.74293	-1.73562	-1.83467	-0.257054	0.271138	1.23315
8.125	-0.262165	1.74369	-1.73609	-1.8351	-0.257054	0.267761	1.23315
8.138	-0.262165	1.74369	-1.73609	-1.8351	-0.257054	0.267761	1.23315
8.151	-0.264316	1.7444	-1.73658	-1.83555	-0.257054	0.264525	1.23315
8.164	-0.266459	1.74513	-1.73716	-1.836	-0.257054	0.261416	1.23315
8.177	-0.268604	1.74589	-1.73781	-1.83646	-0.257054	0.258281	1.23315
8.19	-0.270751	1.74662	-1.73855	-1.83683	-0.257054	0.254861	1.23315
8.203	-0.272962	1.74729	-1.7394	-1.83719	-0.257054	0.251189	1.23315
8.216	-0.275102	1.74787	-1.74021	-1.83752	-0.257054	0.247697	1.23315
8.229	-0.27734	1.74842	-1.74099	-1.83793	-0.257052	0.244711	1.23315
8.242	-0.279539	1.74901	-1.74181	-1.83834	-0.257052	0.242347	1.23315
8.255	-0.281797	1.74965	-1.74272	-1.83874	-0.257052	0.240071	1.23315
8.268	-0.284031	1.75033	-1.74367	-1.83908	-0.257052	0.237806	1.23315
8.281	-0.284031	1.75033	-1.74367	-1.83908	-0.257052	0.237806	1.23315
8.294	-0.286228	1.75093	-1.74452	-1.83936	-0.257052	0.235493	1.23315
8.307	-0.288475	1.75149	-1.74537	-1.83967	-0.257052	0.232964	1.23315
8.32	-0.290715	1.75206	-1.74618	-1.83988	-0.257052	0.231021	1.23315
8.333	-0.292998	1.75255	-1.74701	-1.84008	-0.257052	0.22895	1.23315
8.346	-0.295199	1.75308	-1.74778	-1.84023	-0.25705	0.227568	1.23315
8.359	-0.297423	1.75365	-1.74855	-1.84044	-0.25705	0.226042	1.23315
8.372	-0.299636	1.75432	-1.74943	-1.84067	-0.257048	0.224996	1.23315
8.385	-0.30185	1.75496	-1.75032	-1.84085	-0.257046	0.224236	1.23316
8.398	-0.304025	1.75554	-1.75117	-1.84098	-0.257044	0.222725	1.23316
8.411	-0.306167	1.75606	-1.75195	-1.84111	-0.257044	0.220675	1.23316
8.424	-0.306167	1.75606	-1.75195	-1.84111	-0.257044	0.220675	1.23316
8.437	-0.308362	1.7566	-1.75269	-1.84129	-0.257042	0.218846	1.23316
8.45	-0.310602	1.75715	-1.75341	-1.84143	-0.257042	0.216895	1.23316
8.463	-0.312912	1.75776	-1.75418	-1.84181	-0.257042	0.214953	1.23315
8.476	-0.315293	1.7584	-1.75503	-1.84218	-0.25704	0.212717	1.23315
8.489	-0.317703	1.75901	-1.75579	-1.84252	-0.25704	0.210968	1.23315
8.502	-0.320114	1.75954	-1.75649	-1.8428	-0.257038	0.209117	1.23315
8.515	-0.322505	1.76006	-1.75721	-1.84303	-0.257036	0.20788	1.23315
8.528	-0.324909	1.76051	-1.75797	-1.84323	-0.257034	0.206489	1.23315
8.541	-0.327341	1.76102	-1.75876	-1.84341	-0.25703	0.205647	1.23316
8.554	-0.327341	1.76102	-1.75876	-1.84341	-0.25703	0.205647	1.23316
8.567	-0.329785	1.76145	-1.75947	-1.84361	-0.257015	0.20547	1.23316
8.58	-0.332265	1.76181	-1.76013	-1.84377	-0.256931	0.205463	1.23316
8.593	-0.334729	1.7622	-1.76088	-1.84385	-0.256725	0.205436	1.23316
8.606	-0.33729	1.76254	-1.76166	-1.84396	-0.256418	0.20542	1.23316
8.619	-0.339839	1.76284	-1.76248	-1.84402	-0.256072	0.205408	1.23316
8.632	-0.342347	1.76306	-1.76334	-1.84403	-0.255743	0.205238	1.23316
8.645	-0.344852	1.76317	-1.76414	-1.84403	-0.2555	0.204674	1.23316
8.658	-0.347358	1.76323	-1.76498	-1.84405	-0.255377	0.203505	1.23316
8.671	-0.349875	1.76325	-1.76583	-1.84406	-0.255267	0.20156	1.23316
8.684	-0.352422	1.76325	-1.76681	-1.84408	-0.255203	0.199557	1.23316
8.697	-0.352422	1.76325	-1.76681	-1.84408	-0.255203	0.199557	1.23316
8.71	-0.355051	1.76325	-1.7677	-1.84414	-0.255197	0.196813	1.23316
8.723	-0.357717	1.76326	-1.76857	-1.8442	-0.255189	0.19398	1.23316
8.736	-0.360516	1.76326	-1.76946	-1.8442	-0.255177	0.191436	1.23316
8.749	-0.363314	1.76326	-1.7703	-1.84421	-0.255164	0.188957	1.23316
8.762	-0.366093	1.76327	-1.77108	-1.84421	-0.255146	0.186682	1.23316
8.775	-0.368939	1.76326	-1.7718	-1.8442	-0.255099	0.184753	1.23316
8.788	-0.37168	1.76327	-1.77257	-1.8442	-0.255025	0.182825	1.23316
8.801	-0.374378	1.76328	-1.77337	-1.8442	-0.254943	0.180941	1.23316
8.814	-0.377057	1.76328	-1.77425	-1.8442	-0.254827	0.17886	1.23316
8.827	-0.377057	1.76328	-1.77425	-1.8442	-0.254827	0.17886	1.23316
8.84	-0.379734	1.76327	-1.77509	-1.84419	-0.254749	0.177144	1.23316
8.853	-0.382357	1.76327	-1.77594	-1.84417	-0.254669	0.175779	1.23316
8.866	-0.384945	1.76328	-1.77686	-1.84412	-0.254575	0.173926	1.23316
8.879	-0.387487	1.76328	-1.77778	-1.84403	-0.254471	0.172404	1.23316
8.892	-0.389954	1.76328	-1.77872	-1.84392	-0.254424	0.170565	1.23316
8.905	-0.392418	1.76328	-1.77956	-1.84381	-0.254416	0.169397	1.23315
8.918	-0.394868	1.76328	-1.78044	-1.8437	-0.25441	0.168409	1.23315
8.931	-0.397234	1.76329	-1.78129	-1.84351	-0.254401	0.166812	1.23316
8.944	-0.399654	1.76329	-1.78211	-1.84332	-0.254397	0.165498	1.23316
8.957	-0.402021	1.76329	-1.78286	-1.84309	-0.254397	0.164189	1.23316
8.97	-0.402021	1.76329	-1.78286	-1.84309	-0.254397	0.164189	1.23316
8.983	-0.404373	1.76329	-1.78353	-1.84284	-0.254395	0.162345	1.23316
8.996	-0.406763	1.76329	-1.78429	-1.8426	-0.254367	0.160647	1.23316
9.009	-0.409124	1.76329	-1.78508	-1.84231	-0.254305	0.158124	1.23316
9.022	-0.411553	1.76329	-1.78585	-1.84203	-0.254295	0.155588	1.23315
9.035	-0.414	1.7633	-1.78654	-1.84173	-0.254293	0.152958	1.23315
9.048	-0.416385	1.76329	-1.78721	-1.84144	-0.254281	0.15024	1.23315
9.061	-0.418763	1.76329	-1.78794	-1.84116	-0.254187	0.147939	1.23315
9.074	-0.421085	1.76329	-1.78865	-1.84077	-0.254099	0.145614	1.23316
9.087	-0.423405	1.76329	-1.78934	-1.84032	-0.254003	0.143216	1.23316
9.1	-0.423405	1.76329	-1.78934	-1.84032	-0.254003	0.143216	1.23316
9.113	-0.425687	1.76329	-1.79004	-1.83976	-0.253845	0.140749	1.23316
9.126	-0.427987	1.76329	-1.79071	-1.83913	-0.253708	0.137871	1.23315
9.139	-0.430339	1.76329	-1.79139	-1.83849	-0.2536	0.135057	1.23315
9.152	-0.432667	1.76329	-1.79206	-1.83782	-0.25342	0.132536	1.23315
9.165	-0.435057	1.76329	-1.79271	-1.8372	-0.253131	0.13018	1.23315
9.178	-0.437381	1.76329	-1.79342	-1.83658	-0.252706	0.128326	1.23315
9.191	-0.439737	1.76329	-1.79418	-1.83591	-0.252227	0.12662	1.23315
9.204	-0.442083	1.76329	-1.79489	-1.83521	-0.251902	0.125665	1.23315
9.217	-0.444411	1.76329	-1.79558	-1.83446	-0.251544	0.124571	1.23315
9.23	-0.446827	1.76329	-1.79631	-1.83371	-0.251151	0.123312	1.23315
9.243	-0.446827	1.76329	-1.79631	-1.83371	-0.251151	0.123312	1.23315
9.256	-0.449174	1.76328	-1.79712	-1.83297	-0.250706	0.122401	1.23315
9.269	-0.451504	1.76328	-1.79802	-1.8322	-0.250174	0.121541	1.23315
9.282	-0.45391	1.76327	-1.79883	-1.8314	-0.249603	0.119904	1.23315
9.295	-0.45624	1.76327	-1.79967	-1.83051	-0.249041	0.118345	1.23315
9.308	-0.458654	1.76328	-1.80053	-1.82961	-0.248519	0.116932	1.23315
9.321	-0.460984	1.76327	-1.80143	-1.82869	-0.248259	0.115268	1.23315
9.334	-0.463322	1.76327	-1.80234	-1.82777	-0.248167	0.114242	1.23315
9.347	-0.465672	1.76326	-1.80315	-1.82676	-0.248057	0.113245	1.23315
9.36	-0.467984	1.76326	-1.80406	-1.82573	-0.247979	0.111938	1.23315
9.373	-0.467984	1.76326	-1.80406	-1.82573	-0.247979	0.111938	1.23315
9.386	-0.470341	1.76326	-1.80488	-1.82473	-0.247932	0.111457	1.23315
9.399	-0.472668	1.76325	-1.8057	-1.82368	-0.247834	0.11128	1.23315
9.412	-0.474978	1.76326	-1.80654	-1.8225	-0.247615	0.111024	1.23315
9.425	-0.477276	1.76324	-1.80736	-1.8213	-0.247284	0.110774	1.23315
9.438	-0.479493	1.76324	-1.80824	-1.8201	-0.246811	0.110554	1.23315
9.451	-0.48174	1.76324	-1.8091	-1.81881	-0.246183	0.110235	1.23315
9.464	-0.483933	1.76324	-1.81005	-1.8175	-0.245406	0.109451	1.23315
9.477	-0.486185	1.76324	-1.81102	-1.81625	-0.244664	0.108132	1.23315
9.49	-0.488375	1.76323	-1.81199	-1.81497	-0.244165	0.107092	1.23315
9.503	-0.490585	1.76323	-1.81292	-1.81364	-0.243874	0.106607	1.23315
9.516	-0.490585	1.76323	-1.81292	-1.81364	-0.243874	0.106607	1.23315
9.529	-0.492845	1.76323	-1.81378	-1.81232	-0.243841	0.106349	1.23315
9.542	-0.495045	1.76322	-1.81463	-1.81095	-0.243841	0.106047	1.23315
9.555	-0.497339	1.76321	-1.81557	-1.80951	-0.243827	0.105659	1.23315
9.568	-0.499565	1.76321	-1.81652	-1.80806	-0.243774	0.105171	1.23315
9.581	-0.501847	1.7632	-1.81753	-1.80655	-0.243588	0.104423	1.23315
9.594	-0.504063	1.76317	-1.81851	-1.80503	-0.243277	0.103729	1.23315
9.607	-0.506265	1.76316	-1.81947	-1.80344	-0.242829	0.103496	1.23315
9.62	-0.508508	1.76314	-1.82046	-1.80189	-0.242277	0.103489	1.23315
9.633	-0.510699	1.76313	-1.82152	-1.80036	-0.241688	0.103486	1.23315
9.646	-0.510699	1.76313	-1.82152	-1.80036	-0.241688	0.103486	1.23315
9.659	-0.512953	1.76312	-1.82247	-1.79884	-0.241195	0.103486	1.23315
9.672	-0.515143	1.76308	-1.82341	-1.79744	-0.240585	0.103484	1.23315
9.685	-0.517475	1.76308	-1.82431	-1.79615	-0.239833	0.103477	1.23315
9.698	-0.519741	1.76307	-1.82518	-1.79484	-0.238802	0.10347	1.23315
9.711	-0.52206	1.76307	-1.82608	-1.79355	-0.237646	0.10347	1.23315
9.724	-0.524362	1.76306	-1.8269	-1.79239	-0.23639	0.10347	1.23315
9.737	-0.526646	1.76306	-1.82776	-1.79124	-0.235167	0.10347	1.23315
9.75	-0.528989	1.76306	-1.82861	-1.79015	-0.234274	0.103467	1.23315
9.763	-0.531256	1.76305	-1.82947	-1.78905	-0.233392	0.10338	1.23315
9.776	-0.533504	1.76305	-1.83029	-1.78791	-0.232545	0.102973	1.23315
9.789	-0.533504	1.76305	-1.83029	-1.78791	-0.232545	0.102973	1.23315
9.802	-0.535691	1.76305	-1.83112	-1.78673	-0.231997	0.102378	1.23315
9.815	-0.537917	1.76305	-1.83194	-1.78565	-0.231684	0.101417	1.23315
9.828	-0.540148	1.76305	-1.83277	-1.7846	-0.231498	0.0998587	1.23315
9.841	-0.542335	1.76304	-1.83367	-1.78352	-0.231392	0.0985804	1.23315
9.854	-0.544594	1.76303	-1.83452	-1.78249	-0.231357	0.0970958	1.23315
9.867	-0.546764	1.76303	-1.83536	-1.78152	-0.231345	0.0951971	1.23315
9.88	-0.548955	1.76303	-1.83615	-1.78053	-0.231334	0.0939137	1.23315
9.893	-0.551148	1.76302	-1.83699	-1.77946	-0.231308	0.0922314	1.23315
9.906	-0.553349	1.76302	-1.83787	-1.77832	-0.231281	0.0911269	1.23315
9.919	-0.553349	1.76302	-1.83787	-1.77832	-0.231281	0.0911269	1.23315
9.932	-0.555491	1.76301	-1.83874	-1.77723	-0.231206	0.0905713	1.23315
9.945	-0.557615	1.76301	-1.83963	-1.77609	-0.231036	0.0899441	1.23315
9.958	-0.559766	1.763	-1.84059	-1.77491	-0.230815	0.0889299	1.23315
9.971	-0.56181	1.763	-1.84168	-1.77368	-0.230584	0.0879346	1.23315
9.984	-0.563876	1.76299	-1.84268	-1.77245	-0.230351	0.0874471	1.23315
9.997	-0.565838	1.76299	-1.84378	-1.77117	-0.230099	0.0870432	1.23315
10.01	-0.567803	1.76299	-1.84496	-1.7699	-0.229837	0.086254	1.23315
10.023	-0.569633	1.76297	-1.84616	-1.76859	-0.229665	0.0846876	1.23315
10.036	-0.57151	1.76296	-1.84737	-1.76727	-0.22961	0.0832372	1.23315
10.049	-0.573284	1.76296	-1.84863	-1.76598	-0.229608	0.0821685	1.23315
10.062	-0.573284	1.76296	-1.84863	-1.76598	-0.229608	0.0821685	1.23315
10.075	-0.57508	1.76295	-1.84978	-1.76476	-0.229606	0.0804743	1.23315
10.088	-0.576805	1.76294	-1.85094	-1.76349	-0.229606	0.0791994	1.23315
10.101	-0.578501	1.76294	-1.85209	-1.76221	-0.229602	0.0785773	1.23315
10.114	-0.580068	1.76294	-1.85323	-1.76093	-0.229598	0.0779449	1.23315
10.127	-0.581555	1.76292	-1.85434	-1.75964	-0.229592	0.0772495	1.23315
10.14	-0.583047	1.76291	-1.85539	-1.75847	-0.229588	0.0767808	1.23315
10.153	-0.584411	1.76291	-1.8564	-1.75732	-0.22958	0.0767723	1.23315
10.166	-0.585644	1.76291	-1.85741	-1.75617	-0.229567	0.0767723	1.23315
10.179	-0.586873	1.7629	-1.85829	-1.75508	-0.229543	0.0767723	1.23315
10.192	-0.586873	1.7629	-1.85829	-1.75508	-0.229543	0.0767723	1.23315
10.205	-0.587933	1.7629	-1.85916	-1.75405	-0.229516	0.0767723	1.23315
10.218	-0.588957	1.7629	-1.85994	-1.7531	-0.229508	0.0767723	1.23315
10.231	-0.589883	1.7629	-1.86073	-1.75216	-0.229492	0.0767723	1.23315
10.244	-0.590769	1.7629	-1.86138	-1.75119	-0.229477	0.0767723	1.23315
10.257	-0.591589	1.76289	-1.8619	-1.75028	-0.229459	0.0767723	1.23315
10.27	-0.592386	1.76289	-1.86234	-1.74946	-0.229447	0.0767723	1.23315
10.283	-0.593151	1.76289	-1.86277	-1.74862	-0.229428	0.0767723	1.23315
10.296	-0.593932	1.76288	-1.86311	-1.74782	-0.22941	0.076774	1.23315
10.309	-0.594729	1.76288	-1.86335	-1.74709	-0.2294	0.076774	1.23315
10.322	-0.595508	1.76288	-1.86351	-1.74634	-0.229373	0.0767723	1.23315
10.335	-0.595508	1.76288	-1.86351	-1.74634	-0.229373	0.0767723	1.23315
10.348	-0.596238	1.76288	-1.86379	-1.74553	-0.229258	0.0767723	1.23315
10.361	-0.596931	1.76288	-1.86412	-1.74468	-0.229128	0.076774	1.23315
10.374	-0.597676	1.76288	-1.86446	-1.7439	-0.229046	0.0767757	1.23315
10.387	-0.598483	1.76288	-1.86485	-1.74319	-0.229017	0.0767757	1.23315
10.4	-0.599293	1.76286	-1.8652	-1.74254	-0.228968	0.0767757	1.23315
10.413	-0.600079	1.76282	-1.8655	-1.74194	-0.228905	0.0767757	1.23315
10.426	-0.600851	1.76279	-1.86577	-1.74136	-0.228835	0.0767757	1.23315
10.439	-0.601658	1.76274	-1.86598	-1.74083	-0.228731	0.0767757	1.23315
10.452	-0.602472	1.76272	-1.86618	-1.74029	-0.228551	0.0767757	1.23315
10.465	-0.6033	1.76269	-1.86634	-1.73979	-0.228254	0.0767757	1.23315
10.478	-0.6033	1.76269	-1.86634	-1.73979	-0.228254	0.0767757	1.23315
10.491	-0.604115	1.76268	-1.86651	-1.7393	-0.227864	0.0767757	1.23315
10.504	-0.604886	1.76267	-1.86667	-1.73885	-0.227561	0.0767757	1.23315
10.517	-0.605667	1.76267	-1.86675	-1.73845	-0.227348	0.0767774	1.23315
10.53	-0.606449	1.76268	-1.86682	-1.73808	-0.22717	0.0767774	1.23315
10.543	-0.60723	1.76267	-1.86687	-1.73771	-0.226955	0.0767774	1.23315
10.556	-0.607988	1.76267	-1.86693	-1.73729	-0.226792	0.0767774	1.23315
10.569	-0.608681	1.76267	-1.86696	-1.73679	-0.22669	0.0767774	1.23315
10.582	-0.609344	1.76267	-1.86703	-1.73625	-0.226579	0.0767774	1.23315
10.595	-0.609954	1.76267	-1.86718	-1.73568	-0.226467	0.0767774	1.23315
10.608	-0.609954	1.76267	-1.86718	-1.73568	-0.226467	0.0767774	1.23315
10.621	-0.610552	1.76267	-1.86734	-1.73516	-0.226424	0.0767774	1.23315
10.634	-0.611176	1.76266	-1.86751	-1.73475	-0.226397	0.0767757	1.23315
10.647	-0.611771	1.76265	-1.86776	-1.73432	-0.226338	0.0767757	1.23315
10.66	-0.612342	1.76265	-1.86803	-1.73392	-0.226278	0.0767757	1.23315
10.673	-0.612874	1.76264	-1.86831	-1.73357	-0.226246	0.0767774	1.23315
10.686	-0.61339	1.76265	-1.86867	-1.73321	-0.226223	0.0767774	1.23315
10.699	-0.613876	1.76264	-1.86904	-1.7328	-0.226191	0.0767774	1.23315
10.712	-0.614376	1.76262	-1.86939	-1.73244	-0.226141	0.0767774	1.23315
10.725	-0.614812	1.76261	-1.86977	-1.73211	-0.226053	0.0767774	1.23315
10.738	-0.614812	1.76261	-1.86977	-1.73211	-0.226053	0.0767774	1.23315
10.751	-0.615225	1.7626	-1.87023	-1.73183	-0.225851	0.0767757	1.23315
10.764	-0.615562	1.76259	-1.87078	-1.73159	-0.225614	0.0767757	1.23315
10.777	-0.615896	1.76258	-1.87132	-1.7314	-0.225499	0.0767774	1.23315
10.79	-0.616245	1.76255	-1.87179	-1.73126	-0.225477	0.0767774	1.23315
10.803	-0.616623	1.76254	-1.87218	-1.73118	-0.225471	0.0767774	1.23315
10.816	-0.617017	1.76253	-1.87249	-1.7311	-0.22546	0.0767757	1.23315
10.829	-0.617407	1.76253	-1.87272	-1.73098	-0.225434	0.0767774	1.23315
10.842	-0.617774	1.76252	-1.87292	-1.73084	-0.225403	0.0767774	1.23315
10.855	-0.618152	1.76252	-1.87307	-1.7307	-0.225379	0.0767791	1.23315
10.868	-0.618507	1.76251	-1.8732	-1.73055	-0.225334	0.0767774	1.23315
10.881	-0.618507	1.76251	-1.8732	-1.73055	-0.225334	0.0767774	1.23315
10.894	-0.618805	1.76249	-1.87335	-1.73031	-0.225227	0.0767774	1.23315
10.907	-0.619113	1.76245	-1.87352	-1.73005	-0.225137	0.0767791	1.23315
10.92	-0.619464	1.76238	-1.87368	-1.72979	-0.22509	0.0767791	1.23315
10.933	-0.619823	1.76231	-1.87379	-1.72955	-0.225074	0.0767791	1.23315
10.946	-0.620181	1.76226	-1.87385	-1.7293	-0.225068	0.0767791	1.23315
10.959	-0.620496	1.7622	-1.87391	-1.72902	-0.225057	0.0767791	1.23315
10.972	-0.620812	1.76214	-1.874	-1.72871	-0.225049	0.0767791	1.23315
10.985	-0.621141	1.76208	-1.8741	-1.72842	-0.225047	0.0767791	1.23315
10.998	-0.621501	1.76203	-1.87413	-1.72815	-0.225047	0.0767791	1.23315
11.011	-0.621501	1.76203	-1.87413	-1.72815	-0.225047	0.0767791	1.23315
11.024	-0.621858	1.76198	-1.87415	-1.72789	-0.225035	0.0767791	1.23315
11.037	-0.622191	1.76191	-1.87418	-1.72765	-0.224988	0.0767791	1.23315
11.05	-0.62248	1.76184	-1.87423	-1.72742	-0.224916	0.0767808	1.23315
11.063	-0.622753	1.76177	-1.87428	-1.7272	-0.224894	0.0767808	1.23315
11.076	-0.623019	1.7617	-1.87432	-1.72702	-0.22489	0.0767808	1.23315
11.089	-0.623269	1.76164	-1.87435	-1.72684	-0.22489	0.0767808	1.23315
11.102	-0.623504	1.76159	-1.87435	-1.72667	-0.22489	0.0767808	1.23315
11.115	-0.623732	1.76156	-1.87435	-1.72652	-0.22489	0.0767825	1.23315
11.128	-0.623956	1.76153	-1.87435	-1.72642	-0.22489	0.0767825	1.23315
11.141	-0.624173	1.76151	-1.87435	-1.72634	-0.22489	0.0767842	1.23315
11.154	-0.624173	1.76151	-1.87435	-1.72634	-0.22489	0.0767842	1.23315
11.167	-0.624393	1.7615	-1.87435	-1.72626	-0.22489	0.0767842	1.23315
11.18	-0.624604	1.76149	-1.87435	-1.72618	-0.224888	0.0767842	1.23315
11.193	-0.624813	1.76148	-1.87435	-1.72608	-0.224888	0.0767842	1.23315
11.206	-0.625015	1.76146	-1.87435	-1.72596	-0.224888	0.0767842	1.23315
11.219	-0.625208	1.76144	-1.87435	-1.7258	-0.224886	0.0767859	1.23315
11.232	-0.625373	1.76141	-1.87439	-1.72559	-0.224886	0.0767859	1.23315
11.245	-0.625506	1.76136	-1.87446	-1.72534	-0.224884	0.0767859	1.23315
11.258	-0.625613	1.76132	-1.87451	-1.7251	-0.224884	0.0767859	1.23315
11.271	-0.625683	1.76128	-1.87453	-1.72486	-0.224884	0.0767876	1.23315
11.284	-0.625683	1.76128	-1.87453	-1.72486	-0.224884	0.0767876	1.23315
11.297	-0.625721	1.76123	-1.87456	-1.72463	-0.224882	0.0767893	1.23315
11.31	-0.625739	1.76117	-1.8746	-1.72442	-0.224882	0.076791	1.23315
11.323	-0.625773	1.76111	-1.87463	-1.72423	-0.224879	0.0767927	1.23315
11.336	-0.625808	1.76105	-1.87467	-1.72404	-0.224879	0.0767945	1.23315
11.349	-0.625824	1.761	-1.87472	-1.72391	-0.224879	0.0767979	1.23315
11.362	-0.625837	1.76097	-1.87475	-1.72385	-0.224879	0.0768013	1.23315
11.375	-0.625853	1.76094	-1.87476	-1.72384	-0.224877	0.076803	1.23315
11.388	-0.625876	1.7609	-1.87476	-1.72383	-0.224877	0.0768047	1.23315
11.401	-0.62591	1.76085	-1.87477	-1.72383	-0.224877	0.0768064	1.23315
11.414	-0.625957	1.7608	-1.87479	-1.72383	-0.224875	0.0768064	1.23315
11.427	-0.625957	1.7608	-1.87479	-1.72383	-0.224875	0.0768064	1.23315
11.44	-0.625996	1.76075	-1.8748	-1.72382	-0.224875	0.0768081	1.23315
11.453	-0.626035	1.76068	-1.87483	-1.72382	-0.224875	0.0768081	1.23315
11.466	-0.626092	1.7606	-1.87487	-1.72382	-0.224875	0.0768081	1.23315
11.479	-0.626143	1.76052	-1.87488	-1.72382	-0.224875	0.0768081	1.23315
11.492	-0.626172	1.76044	-1.87489	-1.72382	-0.224875	0.0768081	1.23315
11.505	-0.626189	1.76036	-1.87491	-1.72382	-0.224875	0.0768081	1.23315
11.518	-0.626209	1.76027	-1.87492	-1.72382	-0.224875	0.0768098	1.23315
11.531	-0.62623	1.76018	-1.87492	-1.72381	-0.224875	0.0768098	1.23315
11.544	-0.626255	1.76011	-1.87492	-1.72381	-0.224875	0.0768098	1.23315
11.557	-0.626255	1.76011	-1.87492	-1.72381	-0.224875	0.0768098	1.23315
11.57	-0.626277	1.76004	-1.87492	-1.72381	-0.224875	0.0768098	1.23315
11.583	-0.626288	1.75997	-1.87492	-1.72381	-0.224875	0.0768098	1.23315
11.596	-0.626292	1.7599	-1.87493	-1.72381	-0.224875	0.0768098	1.23315
11.609	-0.626294	1.75984	-1.87493	-1.7238	-0.224875	0.0768115	1.23315
11.622	-0.626294	1.75978	-1.87493	-1.72379	-0.224875	0.0768115	1.23315
11.635	-0.626295	1.75973	-1.87493	-1.72377	-0.224875	0.0768132	1.23315
11.648	-0.626294	1.75968	-1.87494	-1.7237	-0.224875	0.0768132	1.23315
11.661	-0.626292	1.75961	-1.87495	-1.72359	-0.224875	0.0768149	1.23315
11.674	-0.626294	1.75949	-1.87496	-1.72349	-0.224875	0.0768149	1.23315
11.687	-0.626294	1.75932	-1.87495	-1.72343	-0.224875	0.0768166	1.23315
11.7	-0.626294	1.75932	-1.87495	-1.72343	-0.224875	0.0768166	1.23315
11.713	-0.626294	1.7591	-1.87495	-1.72341	-0.224875	0.0768166	1.23315
11.726	-0.626295	1.75886	-1.87495	-1.7234	-0.224875	0.0768183	1.23315
11.739	-0.626311	1.75869	-1.87495	-1.7234	-0.224875	0.07682	1.23315
11.752	-0.626336	1.7586	-1.87495	-1.7234	-0.224875	0.0768217	1.23315
11.765	-0.626363	1.75858	-1.87495	-1.7234	-0.224875	0.0768217	1.23315
11.778	-0.626374	1.75858	-1.87495	-1.7234	-0.224875	0.0768234	1.23315
11.791	-0.626383	1.75858	-1.87495	-1.7234	-0.224875	0.0768234	1.23315
11.804	-0.626409	1.75858	-1.87495	-1.7234	-0.224877	0.0768251	1.23315
11.817	-0.626442	1.75858	-1.87495	-1.7234	-0.224877	0.0768268	1.23315
11.83	-0.626442	1.75858	-1.87495	-1.7234	-0.224877	0.0768268	1.23315
11.843	-0.626455	1.75858	-1.87495	-1.7234	-0.224877	0.0768268	1.23315
11.856	-0.626456	1.75858	-1.87495	-1.7234	-0.224877	0.0768285	1.23315
11.869	-0.626469	1.75858	-1.87495	-1.7234	-0.224877	0.0768285	1.23315
11.882	-0.626493	1.75858	-1.87495	-1.7234	-0.224877	0.0768285	1.23315
11.895	-0.626493	1.75858	-1.87495	-1.72338	-0.224877	0.0768302	1.23315
11.908	-0.626492	1.75858	-1.87495	-1.72336	-0.224877	0.0768302	1.23315
11.921	-0.626492	1.75858	-1.87495	-1.72333	-0.224877	0.0768319	1.23315
11.934	-0.626492	1.75858	-1.87495	-1.72332	-0.224877	0.0768319	1.23315
11.947	-0.626492	1.75859	-1.87495	-1.72332	-0.224877	0.0768337	1.23315
11.96	-0.626492	1.75859	-1.87495	-1.72332	-0.224877	0.0768353	1.23315
11.973	-0.626492	1.75859	-1.87495	-1.72332	-0.224877	0.0768353	1.23315
11.986	-0.62649	1.75858	-1.87495	-1.72331	-0.224877	0.0768353	1.23315
11.999	-0.62649	1.75858	-1.87495	-1.7233	-0.224877	0.0768371	1.23315
12.012	-0.626493	1.75858	-1.87495	-1.72327	-0.224877	0.0768371	1.23315
12.025	-0.626493	1.75857	-1.87495	-1.72326	-0.224877	0.0768371	1.23315
12.038	-0.626492	1.75857	-1.87495	-1.72324	-0.224877	0.0768371	1.23315
12.051	-0.626492	1.75857	-1.87495	-1.72322	-0.224877	0.0768371	1.23315
12.064	-0.626492	1.75857	-1.87495	-1.72322	-0.224877	0.0768387	1.23315
12.077	-0.626492	1.75857	-1.87495	-1.72322	-0.224877	0.0768387	1.23315
12.09	-0.626492	1.75857	-1.87495	-1.72322	-0.224877	0.0768387	1.23315
12.103	-0.626492	1.75857	-1.87495	-1.72322	-0.224877	0.0768387	1.23315
12.116	-0.626494	1.75857	-1.87494	-1.72322	-0.224877	0.0768405	1.23315
12.129	-0.626524	1.75857	-1.87494	-1.72322	-0.224877	0.0768405	1.23315
12.142	-0.626571	1.75857	-1.87494	-1.72322	-0.224877	0.0768405	1.23315
12.155	-0.626636	1.75857	-1.87494	-1.72322	-0.224877	0.0768405	1.23315
12.168	-0.626691	1.75857	-1.87494	-1.72322	-0.224877	0.0768405	1.23315
12.181	-0.626735	1.75857	-1.87494	-1.72322	-0.224877	0.0768422	1.23315
12.194	-0.626751	1.75857	-1.87494	-1.72322	-0.224877	0.0768422	1.23315
12.207	-0.62676	1.75857	-1.87494	-1.72322	-0.224877	0.0768422	1.23315
12.22	-0.62676	1.75856	-1.87494	-1.72322	-0.224877	0.0768422	1.23315
12.233	-0.626756	1.75855	-1.87494	-1.72321	-0.224877	0.0768422	1.23315
12.246	-0.626756	1.75855	-1.87494	-1.72321	-0.224877	0.0768422	1.23315
12.259	-0.626754	1.75855	-1.87494	-1.72313	-0.224877	0.0768422	1.23315
12.272	-0.626755	1.75855	-1.87494	-1.72301	-0.224877	0.0768422	1.23315
12.285	-0.626754	1.75854	-1.87494	-1.72287	-0.224877	0.0768439	1.23315
12.298	-0.626752	1.75854	-1.87494	-1.7227	-0.224877	0.0768456	1.23315
12.311	-0.626752	1.75855	-1.87494	-1.72253	-0.224877	0.0768524	1.23315
12.324	-0.626752	1.75856	-1.87494	-1.7224	-0.224877	0.0768677	1.23315
12.337	-0.626752	1.75856	-1.87494	-1.72229	-0.224877	0.0768933	1.23315
12.35	-0.626752	1.75856	-1.87494	-1.72223	-0.224879	0.0769257	1.23315
12.363	-0.626752	1.75856	-1.87494	-1.72221	-0.224879	0.0769513	1.23315
12.376	-0.626752	1.75856	-1.87494	-1.72221	-0.224879	0.0769513	1.23315
12.389	-0.626752	1.75856	-1.87494	-1.7222	-0.224879	0.0769785	1.23315
12.402	-0.626752	1.75855	-1.87494	-1.72221	-0.224879	0.0770092	1.23315
12.415	-0.626752	1.75854	-1.87494	-1.72222	-0.224879	0.0770467	1.23315
12.428	-0.626752	1.75853	-1.87494	-1.72221	-0.224879	0.0770689	1.23315
12.441	-0.626751	1.75853	-1.87494	-1.72221	-0.224879	0.077074	1.23315
12.454	-0.626751	1.75853	-1.87494	-1.7222	-0.224879	0.0770808	1.23315
12.467	-0.626751	1.75852	-1.87494	-1.72218	-0.224879	0.077091	1.23315
12.48	-0.626751	1.75851	-1.87494	-1.72214	-0.224879	0.0770944	1.23315
12.493	-0.626751	1.75847	-1.87494	-1.72211	-0.224879	0.0770944	1.23315
12.506	-0.626751	1.75842	-1.87494	-1.72208	-0.224879	0.0770961	1.23315
12.519	-0.626751	1.75842	-1.87494	-1.72208	-0.224879	0.0770961	1.23315
12.532	-0.626751	1.75838	-1.87494	-1.72206	-0.224879	0.0771064	1.23315
12.545	-0.626751	1.75835	-1.87494	-1.72206	-0.224879	0.0771234	1.23315
12.558	-0.626751	1.75831	-1.87494	-1.72207	-0.224879	0.0771558	1.23315
12.571	-0.626751	1.75825	-1.87494	-1.72208	-0.224879	0.077195	1.23315
12.584	-0.626751	1.7582	-1.87494	-1.72208	-0.224879	0.0772359	1.23315
12.597	-0.626751	1.75814	-1.87494	-1.72209	-0.224879	0.0772956	1.23315
12.61	-0.626751	1.75807	-1.87494	-1.72209	-0.224879	0.0774012	1.23315
12.623	-0.626751	1.758	-1.87494	-1.72209	-0.224879	0.0775069	1.23315
12.636	-0.626751	1.75793	-1.87494	-1.72208	-0.224879	0.0775853	1.23315
12.649	-0.626751	1.75793	-1.87494	-1.72208	-0.224879	0.0775853	1.23315
12.662	-0.626751	1.75787	-1.87494	-1.72207	-0.224879	0.0775972	1.23315
12.675	-0.626751	1.75782	-1.87494	-1.72201	-0.224879	0.0775955	1.23315
12.688	-0.626751	1.75775	-1.87494	-1.72191	-0.224879	0.0775938	1.23315
12.701	-0.626751	1.75769	-1.87494	-1.72174	-0.224879	0.0775904	1.23315
12.714	-0.62675	1.75764	-1.87494	-1.72153	-0.224879	0.0775904	1.23315
12.727	-0.62675	1.7576	-1.87494	-1.72131	-0.224879	0.0775904	1.23315
12.74	-0.62675	1.75756	-1.87494	-1.72112	-0.224879	0.0775938	1.23315
12.753	-0.62675	1.75751	-1.87494	-1.72095	-0.224879	0.0776006	1.23315
12.766	-0.62675	1.75745	-1.87494	-1.72086	-0.224879	0.0776347	1.23315
12.779	-0.626749	1.7574	-1.87494	-1.72084	-0.224879	0.0776671	1.23315
12.792	-0.626749	1.7574	-1.87494	-1.72084	-0.224879	0.0776671	1.23315
12.805	-0.626749	1.75735	-1.87494	-1.72083	-0.224879	0.0776825	1.23315
12.818	-0.62675	1.7573	-1.87494	-1.72083	-0.224879	0.0776995	1.23315
12.831	-0.62675	1.75726	-1.87494	-1.72083	-0.224879	0.0777319	1.23315
12.844	-0.62675	1.75725	-1.87494	-1.72083	-0.224879	0.0777762	1.23315
12.857	-0.62675	1.75725	-1.87494	-1.72083	-0.224879	0.077858	1.23315
12.87	-0.62675	1.75725	-1.87494	-1.72083	-0.224879	0.0779807	1.23315
12.883	-0.62675	1.75725	-1.87494	-1.72083	-0.224882	0.0781631	1.23315
12.896	-0.62675	1.75725	-1.87494	-1.72083	-0.224882	0.0783881	1.23315
12.909	-0.626749	1.75725	-1.87494	-1.7208	-0.224882	0.0786744	1.23315
12.922	-0.626749	1.75725	-1.87494	-1.7207	-0.224882	0.0794465	1.23315
12.935	-0.626749	1.75725	-1.87494	-1.7207	-0.224882	0.0794465	1.23315
12.948	-0.626747	1.75725	-1.87494	-1.72053	-0.224882	0.079963	1.23315
12.961	-0.626747	1.75725	-1.87494	-1.72031	-0.224879	0.0799749	1.23315
12.974	-0.626747	1.75724	-1.87494	-1.7201	-0.224879	0.0799817	1.23315
12.987	-0.626747	1.75724	-1.87494	-1.71994	-0.224882	0.0799885	1.23315
13	-0.626747	1.75724	-1.87494	-1.71984	-0.224879	0.0799919	1.23315
13.013	-0.626747	1.75722	-1.87494	-1.71977	-0.224879	0.0799936	1.23315
13.026	-0.626746	1.75721	-1.87494	-1.71973	-0.224879	0.0799971	1.23315
13.039	-0.626746	1.7572	-1.87494	-1.71973	-0.224882	0.0800005	1.23315
13.052	-0.626746	1.75718	-1.87494	-1.71973	-0.224882	0.0800022	1.23315
13.065	-0.626746	1.75718	-1.87494	-1.71973	-0.224882	0.0800022	1.23315
13.078	-0.626746	1.75716	-1.87494	-1.71973	-0.224879	0.0800039	1.23315
13.091	-0.626747	1.75714	-1.87494	-1.71973	-0.224879	0.0800073	1.23315
13.104	-0.626746	1.75711	-1.87494	-1.71973	-0.224882	0.080009	1.23315
13.117	-0.626746	1.75708	-1.87494	-1.71973	-0.224879	0.0800124	1.23315
13.13	-0.626746	1.75705	-1.87494	-1.71973	-0.224879	0.0800141	1.23315
13.143	-0.626746	1.75702	-1.87494	-1.71973	-0.224879	0.0800158	1.23315
13.156	-0.626746	1.75698	-1.87494	-1.71972	-0.224879	0.0800192	1.23315
13.169	-0.626746	1.75695	-1.87494	-1.71969	-0.224879	0.0800209	1.23315
13.182	-0.626746	1.75694	-1.87494	-1.71966	-0.224879	0.0800226	1.23315
13.195	-0.626746	1.75694	-1.87494	-1.71964	-0.224879	0.0800243	1.23315
13.208	-0.626746	1.75694	-1.87494	-1.71964	-0.224879	0.0800243	1.23315
13.221	-0.626746	1.75694	-1.87494	-1.71961	-0.224879	0.080026	1.23315
13.234	-0.626746	1.75694	-1.87494	-1.7196	-0.224882	0.0800277	1.23315
13.247	-0.626746	1.75693	-1.87494	-1.71959	-0.224882	0.0800295	1.23315
13.26	-0.626746	1.75693	-1.87494	-1.71958	-0.224882	0.0800311	1.23315
13.273	-0.626746	1.75693	-1.87494	-1.71956	-0.224882	0.0800329	1.23315
13.286	-0.626746	1.75693	-1.87494	-1.71956	-0.224882	0.0800346	1.23315
13.299	-0.626746	1.75693	-1.87494	-1.71956	-0.224882	0.0800363	1.23315
13.312	-0.626746	1.75693	-1.87494	-1.71956	-0.224879	0.0800397	1.23315
13.325	-0.626746	1.75692	-1.87494	-1.71953	-0.224879	0.0800414	1.23315
13.338	-0.626746	1.75692	-1.87494	-1.71953	-0.224879	0.0800414	1.23315
13.351	-0.626746	1.75692	-1.87494	-1.71952	-0.224879	0.0800431	1.23315
13.364	-0.626746	1.75692	-1.87494	-1.71951	-0.224879	0.0800465	1.23315
13.377	-0.626746	1.75691	-1.87494	-1.71951	-0.224879	0.0800482	1.23315
13.39	-0.626746	1.75691	-1.87494	-1.71951	-0.224879	0.0800499	1.23315
13.403	-0.626746	1.75691	-1.87494	-1.71951	-0.224879	0.0800516	1.23315
13.416	-0.626746	1.75691	-1.87494	-1.71951	-0.224879	0.0800533	1.23315
13.429	-0.626746	1.75691	-1.87494	-1.71951	-0.224879	0.0800533	1.23315
13.442	-0.626746	1.7569	-1.87494	-1.71951	-0.224879	0.080055	1.23315
13.455	-0.626746	1.7569	-1.87494	-1.71951	-0.224879	0.080055	1.23315
13.468	-0.626746	1.7569	-1.87494	-1.71951	-0.224879	0.080055	1.23315
13.481	-0.626746	1.7569	-1.87494	-1.71951	-0.224879	0.080055	1.23315
13.494	-0.626746	1.75689	-1.87494	-1.7195	-0.224879	0.080055	1.23315
13.507	-0.626746	1.75688	-1.87494	-1.7195	-0.224882	0.080055	1.23315
13.52	-0.626746	1.75688	-1.87494	-1.71949	-0.224879	0.0800567	1.23315
13.533	-0.626746	1.75687	-1.87494	-1.71947	-0.224879	0.0800567	1.23315
13.546	-0.626746	1.75686	-1.87494	-1.71943	-0.224879	0.0800567	1.23315
13.559	-0.626746	1.75686	-1.87494	-1.71941	-0.224879	0.0800567	1.23315
13.572	-0.626746	1.75686	-1.87494	-1.7194	-0.224879	0.0800584	1.23315
13.585	-0.626746	1.75686	-1.87494	-1.7194	-0.224879	0.0800584	1.23315
13.598	-0.626746	1.75685	-1.87494	-1.7194	-0.224879	0.0800584	1.23315
13.611	-0.626746	1.75685	-1.87494	-1.7194	-0.224879	0.0800584	1.23315
13.624	-0.626746	1.75684	-1.87494	-1.71939	-0.224879	0.0800584	1.23315
13.637	-0.626746	1.75682	-1.87494	-1.71939	-0.224879	0.0800601	1.23315
13.65	-0.626746	1.75679	-1.87494	-1.71938	-0.224879	0.0800618	1.23315
13.663	-0.626746	1.75675	-1.87494	-1.71938	-0.224879	0.0800635	1.23315
13.676	-0.626746	1.75671	-1.87494	-1.71938	-0.224879	0.0800635	1.23315
13.689	-0.626746	1.75667	-1.87494	-1.71937	-0.224879	0.0800652	1.23315
13.702	-0.626746	1.75664	-1.87494	-1.71934	-0.224879	0.0800738	1.23315
13.715	-0.626746	1.75661	-1.87494	-1.71932	-0.224879	0.0800823	1.23315
13.728	-0.626746	1.75659	-1.87494	-1.7193	-0.224879	0.0800891	1.23315
13.741	-0.626746	1.75656	-1.87494	-1.71927	-0.224879	0.0800959	1.23315
13.754	-0.626746	1.75656	-1.87494	-1.71927	-0.224879	0.0800959	1.23315
13.767	-0.626746	1.75653	-1.87494	-1.71926	-0.224879	0.0801079	1.23315
13.78	-0.626746	1.75651	-1.87494	-1.71925	-0.224882	0.0801283	1.23315
13.793	-0.626746	1.7565	-1.87494	-1.71924	-0.224882	0.0801743	1.23315
13.806	-0.626746	1.7565	-1.87494	-1.71923	-0.224882	0.0803379	1.23315
13.819	-0.626746	1.7565	-1.87494	-1.71923	-0.224882	0.0806771	1.23315
13.832	-0.626746	1.7565	-1.87494	-1.71921	-0.224882	0.080989	1.23315
13.845	-0.626746	1.7565	-1.87494	-1.71917	-0.224882	0.0812157	1.23315
13.858	-0.626746	1.7565	-1.87493	-1.71915	-0.224882	0.0814509	1.23315
13.871	-0.626746	1.7565	-1.87494	-1.71913	-0.224879	0.0816895	1.23315
13.884	-0.626746	1.7565	-1.87494	-1.71913	-0.224879	0.0816895	1.23315
13.897	-0.626746	1.7565	-1.87494	-1.71912	-0.224879	0.0819469	1.23315
13.91	-0.626746	1.7565	-1.87494	-1.71912	-0.224879	0.0823901	1.23315
13.923	-0.626746	1.7565	-1.87493	-1.71908	-0.224879	0.0831758	1.23315
13.936	-0.626746	1.7565	-1.87493	-1.71902	-0.224879	0.0840877	1.23315
13.949	-0.626746	1.7565	-1.87493	-1.71893	-0.224879	0.0845291	1.23315
13.962	-0.626746	1.7565	-1.87493	-1.71882	-0.224879	0.0847234	1.23315
13.975	-0.626746	1.7565	-1.87493	-1.71873	-0.224879	0.0848257	1.23315
13.988	-0.626746	1.7565	-1.87493	-1.71866	-0.224882	0.0849024	1.23315
14.001	-0.626746	1.7565	-1.87493	-1.71858	-0.224882	0.0850064	1.23315
14.014	-0.626746	1.7565	-1.87493	-1.7185	-0.224882	0.0851393	1.23315
14.027	-0.626746	1.7565	-1.87493	-1.7185	-0.224882	0.0851393	1.23315
14.04	-0.626746	1.7565	-1.87493	-1.71844	-0.224882	0.0853643	1.23315
14.053	-0.626746	1.7565	-1.87493	-1.71837	-0.224882	0.0856421	1.23315
14.066	-0.626746	1.7565	-1.87493	-1.7183	-0.224882	0.0859336	1.23315
14.079	-0.626746	1.7565	-1.87493	-1.71824	-0.224882	0.0863733	1.23315
14.092	-0.626746	1.7565	-1.87493	-1.7182	-0.224879	0.0871965	1.23315
14.105	-0.626746	1.7565	-1.87493	-1.71813	-0.224879	0.0879686	1.23315
14.118	-0.626746	1.7565	-1.87493	-1.71802	-0.224882	0.0882448	1.23315
14.131	-0.626746	1.7565	-1.87493	-1.7179	-0.224879	0.0883675	1.23315
14.144	-0.626746	1.7565	-1.87493	-1.71778	-0.224882	0.0884476	1.23315
14.157	-0.626746	1.7565	-1.87493	-1.71778	-0.224882	0.0884476	1.23315
14.17	-0.626746	1.7565	-1.87493	-1.71771	-0.224879	0.0885209	1.23315
14.183	-0.626746	1.7565	-1.87493	-1.71767	-0.224882	0.0885635	1.23315
14.196	-0.626746	1.7565	-1.87493	-1.71762	-0.224879	0.0885771	1.23315
14.209	-0.626746	1.7565	-1.87493	-1.71756	-0.224879	0.0885822	1.23315
14.222	-0.626746	1.7565	-1.87493	-1.71746	-0.224879	0.0885839	1.23315
14.235	-0.626746	1.7565	-1.87493	-1.71732	-0.224879	0.0885822	1.23315
14.248	-0.626746	1.7565	-1.87493	-1.71716	-0.224879	0.0885822	1.23315
14.261	-0.626746	1.7565	-1.87493	-1.71703	-0.224879	0.0885805	1.23315
14.274	-0.626746	1.7565	-1.87493	-1.71692	-0.224879	0.0885805	1.23315
14.287	-0.626746	1.7565	-1.87493	-1.71681	-0.224879	0.0885805	1.23315
14.3	-0.626746	1.7565	-1.87493	-1.71681	-0.224879	0.0885805	1.23315
14.313	-0.626746	1.75649	-1.87493	-1.71669	-0.224879	0.0885805	1.23315
14.326	-0.626746	1.75649	-1.87493	-1.71655	-0.224879	0.0885805	1.23315
14.339	-0.626746	1.75648	-1.87493	-1.71643	-0.224879	0.0885805	1.23315
14.352	-0.626746	1.75647	-1.87493	-1.71635	-0.224879	0.0885788	1.23315
14.365	-0.626746	1.75647	-1.87493	-1.71629	-0.224879	0.0885788	1.23315
14.378	-0.626746	1.75647	-1.87493	-1.71623	-0.224879	0.0885788	1.23315
14.391	-0.626746	1.75646	-1.87493	-1.71619	-0.224879	0.0885771	1.23315
14.404	-0.626746	1.75645	-1.87493	-1.71615	-0.224877	0.0885771	1.23315
14.417	-0.626746	1.75643	-1.87493	-1.71611	-0.224877	0.0885771	1.23315
14.43	-0.626746	1.75643	-1.87493	-1.71611	-0.224877	0.0885771	1.23315
14.443	-0.626746	1.75641	-1.87493	-1.71609	-0.224877	0.0885771	1.23315
14.456	-0.626746	1.75637	-1.87493	-1.71608	-0.224877	0.0885771	1.23315
14.469	-0.626746	1.75634	-1.87493	-1.71608	-0.224877	0.0885771	1.23315
14.482	-0.626746	1.75631	-1.87493	-1.71607	-0.224877	0.0885771	1.23315
14.495	-0.626746	1.75628	-1.87493	-1.71607	-0.224875	0.0885771	1.23315
14.508	-0.626746	1.75626	-1.87493	-1.71607	-0.224877	0.0885771	1.23315
14.521	-0.626746	1.75623	-1.87493	-1.71606	-0.224875	0.0885771	1.23315
14.534	-0.626746	1.75618	-1.87493	-1.71605	-0.224877	0.0885771	1.23315
14.547	-0.626746	1.75614	-1.87493	-1.71604	-0.224877	0.0885771	1.23315
14.56	-0.626746	1.7561	-1.87493	-1.71604	-0.224877	0.0885771	1.23315
14.573	-0.626746	1.7561	-1.87493	-1.71604	-0.224877	0.0885771	1.23315
14.586	-0.626746	1.75607	-1.87493	-1.71603	-0.224877	0.0885771	1.23315
14.599	-0.626746	1.75604	-1.87493	-1.71602	-0.224877	0.0885771	1.23315
14.612	-0.626746	1.75599	-1.87493	-1.71602	-0.224875	0.0885754	1.23315
14.625	-0.626746	1.75596	-1.87493	-1.71601	-0.224877	0.0885754	1.23315
14.638	-0.626746	1.75594	-1.87493	-1.71598	-0.224875	0.0885754	1.23315
14.651	-0.626746	1.75592	-1.87493	-1.71597	-0.224875	0.0885771	1.23315
14.664	-0.626746	1.7559	-1.87493	-1.71596	-0.224875	0.0885771	1.23315
14.677	-0.626746	1.75587	-1.87493	-1.71594	-0.224875	0.0885771	1.23315
14.69	-0.626746	1.75585	-1.87493	-1.71592	-0.224875	0.0885771	1.23315
14.703	-0.626746	1.75585	-1.87493	-1.71592	-0.224875	0.0885771	1.23315
14.716	-0.626746	1.75583	-1.87493	-1.71592	-0.224875	0.0885771	1.23315
14.729	-0.626746	1.7558	-1.87493	-1.71591	-0.224877	0.0885771	1.23315
14.742	-0.626746	1.75576	-1.87493	-1.71591	-0.224875	0.0885771	1.23315
14.755	-0.626747	1.75573	-1.87493	-1.71591	-0.224875	0.0885771	1.23315
