0.013	0.253291	1.36238	-1.99234	-1.50935	-0.279589	0.351902	1.23319
0.026	0.253291	1.36238	-1.99234	-1.50935	-0.279589	0.351902	1.23319
0.039	0.253572	1.36261	-1.99234	-1.50934	-0.279589	0.351902	1.23319
0.052	0.253731	1.36276	-1.99234	-1.50934	-0.279589	0.351902	1.23319
0.065	0.253814	1.36285	-1.99234	-1.50934	-0.279589	0.351902	1.23319
0.078	0.253908	1.36288	-1.99234	-1.50936	-0.279589	0.351902	1.23319
0.091	0.25403	1.3629	-1.99234	-1.50942	-0.279589	0.351902	1.23319
0.104	0.25418	1.36291	-1.99234	-1.50952	-0.279589	0.351902	1.23319
0.117	0.254303	1.36291	-1.99234	-1.5096	-0.279589	0.351902	1.23319
0.13	0.254345	1.36292	-1.99235	-1.50964	-0.279589	0.351902	1.23319
0.143	0.254343	1.36291	-1.99235	-1.50964	-0.279589	0.351902	1.23319
0.156	0.254343	1.36291	-1.99235	-1.50964	-0.279589	0.351902	1.23319
0.169	0.25434	1.36291	-1.99235	-1.50965	-0.279589	0.351902	1.23319
0.182	0.254339	1.36291	-1.99235	-1.50966	-0.279589	0.351904	1.23319
0.195	0.254304	1.36291	-1.99235	-1.50966	-0.279589	0.351902	1.23319
0.208	0.254233	1.36291	-1.99235	-1.50966	-0.279589	0.351902	1.23319
0.221	0.254223	1.36291	-1.99235	-1.50967	-0.279589	0.351902	1.23319
0.234	0.254212	1.36291	-1.99235	-1.50967	-0.279589	0.351902	1.23319
0.247	0.254214	1.36291	-1.99235	-1.50967	-0.279589	0.351902	1.23319
0.26	0.254214	1.36291	-1.99235	-1.50967	-0.279589	0.351902	1.23319
0.273	0.254214	1.36291	-1.99235	-1.50968	-0.279589	0.351902	1.23319
0.286	0.254214	1.36291	-1.99235	-1.50968	-0.279589	0.351902	1.23319
0.299	0.254214	1.36291	-1.99235	-1.50968	-0.279589	0.351902	1.23319
0.312	0.254214	1.36291	-1.99235	-1.50968	-0.279589	0.351902	1.23319
0.325	0.254202	1.36291	-1.99235	-1.50968	-0.279589	0.351902	1.23319
0.338	0.254187	1.36291	-1.99235	-1.50968	-0.279589	0.351902	1.23319
0.351	0.254188	1.36291	-1.99235	-1.50968	-0.279589	0.351902	1.23319
0.364	0.254188	1.36291	-1.99235	-1.50968	-0.279589	0.351902	1.23319
0.377	0.254188	1.36291	-1.99235	-1.50968	-0.279589	0.351902	1.23319
0.39	0.254188	1.36291	-1.99235	-1.50968	-0.279589	0.351902	1.23319
0.403	0.254188	1.36291	-1.99235	-1.50968	-0.279589	0.3519	1.23319
0.416	0.254189	1.36291	-1.99235	-1.50968	-0.279589	0.3519	1.23319
0.429	0.254189	1.36291	-1.99235	-1.50968	-0.279589	0.3519	1.23319
0.442	0.254189	1.36291	-1.99235	-1.50969	-0.279589	0.3519	1.23319
0.455	0.254189	1.36291	-1.99235	-1.50969	-0.279589	0.351902	1.23319
0.468	0.254189	1.36291	-1.99235	-1.50969	-0.279589	0.351902	1.23319
0.481	0.254189	1.36291	-1.99235	-1.50969	-0.279589	0.351902	1.23319
0.494	0.254191	1.36291	-1.99235	-1.5097	-0.279589	0.351902	1.23319
0.507	0.254192	1.36291	-1.99235	-1.5097	-0.279589	0.351902	1.23319
0.52	0.254192	1.36291	-1.99235	-1.50971	-0.279589	0.351902	1.23319
0.533	0.254192	1.36291	-1.99235	-1.50972	-0.279589	0.351902	1.23319
0.546	0.254193	1.36291	-1.99235	-1.50974	-0.279589	0.351902	1.23319
0.559	0.254195	1.36291	-1.99235	-1.50977	-0.279589	0.351902	1.23319
0.572	0.254195	1.36291	-1.99235	-1.50977	-0.279589	0.351902	1.23319
0.585	0.254195	1.36291	-1.99235	-1.5098	-0.279589	0.351902	1.23319
0.598	0.254195	1.36291	-1.99235	-1.50983	-0.279589	0.351902	1.23319
0.611	0.254195	1.36291	-1.99235	-1.50986	-0.279589	0.351902	1.23319
0.624	0.254195	1.36291	-1.99235	-1.5099	-0.279589	0.351902	1.23319
0.637	0.254196	1.36291	-1.99235	-1.50994	-0.279589	0.351902	1.23319
0.65	0.254196	1.36291	-1.99235	-1.50998	-0.279589	0.351902	1.23319
0.663	0.254196	1.36291	-1.99235	-1.51002	-0.279589	0.351902	1.23319
0.676	0.254196	1.36291	-1.99235	-1.51006	-0.279589	0.351902	1.23319
0.689	0.254196	1.36291	-1.99235	-1.51011	-0.279589	0.351902	1.23319
0.702	0.254196	1.36291	-1.99235	-1.51011	-0.279589	0.351902	1.23319
0.715	0.254196	1.36291	-1.99235	-1.51015	-0.279589	0.351902	1.23319
0.728	0.254196	1.36291	-1.99235	-1.51019	-0.279589	0.351902	1.23319
0.741	0.254195	1.36291	-1.99235	-1.51024	-0.279589	0.351902	1.23319
0.754	0.254195	1.36291	-1.99235	-1.51029	-0.279589	0.3519	1.23319
0.767	0.254195	1.36291	-1.99235	-1.51034	-0.279589	0.351902	1.23319
0.78	0.254195	1.36291	-1.99235	-1.51039	-0.279589	0.351902	1.23319
0.793	0.254195	1.36291	-1.99235	-1.51044	-0.279589	0.351902	1.23319
0.806	0.254195	1.36291	-1.99235	-1.51048	-0.279589	0.351902	1.23319
0.819	0.254195	1.36291	-1.99235	-1.51052	-0.279589	0.351902	1.23319
0.832	0.254195	1.36291	-1.99235	-1.51056	-0.279589	0.351902	1.23319
0.845	0.254195	1.36291	-1.99235	-1.51056	-0.279589	0.351902	1.23319
0.858	0.254195	1.36291	-1.99235	-1.5106	-0.279589	0.351902	1.23319
0.871	0.254191	1.36291	-1.99235	-1.51064	-0.279589	0.351902	1.23319
0.884	0.254189	1.36291	-1.99235	-1.51067	-0.279589	0.351902	1.23319
0.897	0.254191	1.36291	-1.99235	-1.51071	-0.279589	0.351902	1.23319
0.91	0.254191	1.36291	-1.99235	-1.51074	-0.279589	0.351902	1.23319
0.923	0.254191	1.36291	-1.99235	-1.51077	-0.279589	0.351902	1.23319
0.936	0.254191	1.36291	-1.99235	-1.51079	-0.279589	0.351902	1.23319
0.949	0.254191	1.36291	-1.99235	-1.51081	-0.279589	0.351902	1.23319
0.962	0.254191	1.36291	-1.99235	-1.51082	-0.279589	0.351902	1.23319
0.975	0.254191	1.36291	-1.99235	-1.51082	-0.279589	0.351902	1.23319
0.988	0.254191	1.36291	-1.99235	-1.51083	-0.279589	0.351904	1.23319
1.001	0.254191	1.36291	-1.99235	-1.51084	-0.279589	0.351904	1.23319
1.014	0.254186	1.36291	-1.99235	-1.51084	-0.279589	0.351902	1.23319
1.027	0.254178	1.36291	-1.99235	-1.51085	-0.279589	0.351902	1.23319
1.04	0.25418	1.36291	-1.99235	-1.51086	-0.279589	0.351902	1.23319
1.053	0.25418	1.36291	-1.99235	-1.51086	-0.279589	0.351902	1.23319
1.066	0.25418	1.36291	-1.99235	-1.51086	-0.279589	0.351902	1.23319
1.079	0.25418	1.36291	-1.99235	-1.51087	-0.279589	0.351902	1.23319
1.092	0.25418	1.36291	-1.99235	-1.51087	-0.279589	0.351902	1.23319
1.105	0.25418	1.36291	-1.99235	-1.51087	-0.279589	0.351902	1.23319
1.118	0.25418	1.36291	-1.99235	-1.51087	-0.279589	0.351902	1.23319
1.131	0.25418	1.36291	-1.99235	-1.51087	-0.279589	0.351902	1.23319
1.144	0.254178	1.36291	-1.99235	-1.51087	-0.279589	0.351902	1.23319
1.157	0.254177	1.36291	-1.99235	-1.51087	-0.279589	0.351902	1.23319
1.17	0.254179	1.36291	-1.99235	-1.51087	-0.279589	0.351902	1.23319
1.183	0.254179	1.36291	-1.99235	-1.51087	-0.279589	0.351902	1.23319
1.196	0.254179	1.36291	-1.99235	-1.51087	-0.279589	0.351902	1.23319
1.209	0.254179	1.36291	-1.99235	-1.51087	-0.279589	0.351902	1.23319
1.222	0.25418	1.36291	-1.99235	-1.51087	-0.279589	0.351902	1.23319
1.235	0.25418	1.36291	-1.99235	-1.51087	-0.279589	0.351902	1.23319
1.248	0.25418	1.36291	-1.99235	-1.51087	-0.279589	0.351902	1.23319
1.261	0.25418	1.36291	-1.99235	-1.51087	-0.279589	0.351902	1.23319
1.274	0.25418	1.36291	-1.99235	-1.51087	-0.279589	0.351902	1.23319
1.287	0.254179	1.36292	-1.99235	-1.51087	-0.279589	0.351904	1.23319
1.3	0.25418	1.36292	-1.99235	-1.51087	-0.279589	0.351904	1.23319
1.313	0.25418	1.36292	-1.99235	-1.51087	-0.279589	0.351904	1.23319
1.326	0.254182	1.36292	-1.99235	-1.51087	-0.279589	0.351904	1.23319
1.339	0.254182	1.36292	-1.99235	-1.51087	-0.279589	0.351902	1.23319
1.352	0.254182	1.36292	-1.99235	-1.51087	-0.279589	0.351902	1.23319
1.365	0.254183	1.36292	-1.99235	-1.51087	-0.279589	0.351902	1.23319
1.378	0.254183	1.36292	-1.99235	-1.51087	-0.279589	0.351902	1.23319
1.391	0.254183	1.36292	-1.99235	-1.51087	-0.279589	0.351902	1.23319
1.404	0.254183	1.36292	-1.99235	-1.51087	-0.279589	0.351902	1.23319
1.417	0.254182	1.36292	-1.99235	-1.51087	-0.279589	0.351902	1.23319
1.43	0.254183	1.36292	-1.99235	-1.51087	-0.279589	0.351902	1.23319
1.443	0.254183	1.36292	-1.99235	-1.51087	-0.279589	0.351902	1.23319
1.456	0.254183	1.36292	-1.99235	-1.51087	-0.279589	0.351902	1.23319
1.469	0.254183	1.36292	-1.99235	-1.51087	-0.279589	0.351902	1.23319
1.482	0.254183	1.36292	-1.99235	-1.51087	-0.279589	0.351902	1.23319
1.495	0.254183	1.36292	-1.99235	-1.51087	-0.279589	0.351902	1.23319
1.508	0.254183	1.36292	-1.99235	-1.51087	-0.279589	0.351902	1.23319
1.521	0.254183	1.36292	-1.99235	-1.51087	-0.279589	0.351902	1.23319
1.534	0.254183	1.36292	-1.99235	-1.51087	-0.279589	0.351902	1.23319
1.547	0.254183	1.36292	-1.99235	-1.51087	-0.279589	0.351902	1.23319
1.56	0.254182	1.36292	-1.99235	-1.51087	-0.279589	0.351904	1.23319
1.573	0.254182	1.36292	-1.99235	-1.51087	-0.279589	0.351902	1.23319
1.586	0.254182	1.36292	-1.99235	-1.51087	-0.279589	0.351902	1.23319
1.599	0.254182	1.36292	-1.99235	-1.51087	-0.279589	0.351902	1.23319
1.612	0.254182	1.36292	-1.99235	-1.51087	-0.279589	0.351904	1.23319
1.625	0.254182	1.36292	-1.99235	-1.51087	-0.279589	0.351904	1.23319
1.638	0.254182	1.36292	-1.99235	-1.51087	-0.279589	0.351904	1.23319
1.651	0.254182	1.36292	-1.99235	-1.51087	-0.279589	0.351904	1.23319
1.664	0.254182	1.36292	-1.99235	-1.51087	-0.279589	0.351904	1.23319
1.677	0.254182	1.36292	-1.99235	-1.51087	-0.279589	0.351902	1.23319
1.69	0.254177	1.36292	-1.99235	-1.51087	-0.279589	0.351902	1.23319
1.703	0.254165	1.36292	-1.99235	-1.51087	-0.279589	0.351902	1.23319
1.716	0.254165	1.36292	-1.99234	-1.51087	-0.279589	0.351902	1.23319
1.729	0.254165	1.36292	-1.99234	-1.51087	-0.279589	0.351902	1.23319
1.742	0.254165	1.36292	-1.99234	-1.51087	-0.279589	0.351902	1.23319
1.755	0.254165	1.36292	-1.99234	-1.51087	-0.279589	0.351902	1.23319
1.768	0.254165	1.36292	-1.99234	-1.51087	-0.279589	0.351902	1.23319
1.781	0.254165	1.36292	-1.99235	-1.51087	-0.279589	0.351902	1.23319
1.794	0.254165	1.36292	-1.99234	-1.51087	-0.279589	0.351902	1.23319
1.807	0.254165	1.36292	-1.99234	-1.51087	-0.279589	0.351902	1.23319
1.82	0.254165	1.36292	-1.99234	-1.51087	-0.279589	0.351902	1.23319
1.833	0.254138	1.36291	-1.99235	-1.51087	-0.279589	0.351902	1.23319
1.846	0.254062	1.36291	-1.99235	-1.51087	-0.279589	0.351902	1.23319
1.859	0.254027	1.36291	-1.99235	-1.51087	-0.279589	0.351902	1.23319
1.872	0.25397	1.36291	-1.99235	-1.51087	-0.279589	0.351902	1.23319
1.885	0.253967	1.36291	-1.99235	-1.51087	-0.279589	0.351902	1.23319
1.898	0.253956	1.36291	-1.99234	-1.51087	-0.279589	0.351902	1.23319
1.911	0.253939	1.36291	-1.99234	-1.51087	-0.279589	0.351902	1.23319
1.924	0.253939	1.36291	-1.99234	-1.51087	-0.279589	0.351904	1.23319
1.937	0.253939	1.36291	-1.99234	-1.51087	-0.279589	0.351904	1.23319
1.95	0.253936	1.36291	-1.99234	-1.51087	-0.279589	0.351904	1.23319
1.963	0.253935	1.36291	-1.99234	-1.51087	-0.279589	0.351904	1.23319
1.976	0.253874	1.36291	-1.99234	-1.51087	-0.279589	0.351902	1.23319
1.989	0.253761	1.36291	-1.99235	-1.51087	-0.279589	0.351902	1.23319
2.002	0.253681	1.36291	-1.99234	-1.51088	-0.279589	0.351902	1.23319
2.015	0.25358	1.36291	-1.99234	-1.51089	-0.279589	0.351902	1.23319
2.028	0.253554	1.36291	-1.99234	-1.51089	-0.279589	0.3519	1.23319
2.041	0.253521	1.36291	-1.99234	-1.51089	-0.279589	0.351902	1.23319
2.054	0.253497	1.36291	-1.99234	-1.51089	-0.279589	0.3519	1.23319
2.067	0.253495	1.36291	-1.99234	-1.51089	-0.279589	0.351902	1.23319
2.08	0.253495	1.36291	-1.99234	-1.51089	-0.279589	0.351902	1.23319
2.093	0.253449	1.36291	-1.99234	-1.51091	-0.279589	0.351902	1.23319
2.106	0.253291	1.36291	-1.99234	-1.51098	-0.279589	0.351902	1.23319
2.119	0.252985	1.36291	-1.99234	-1.51101	-0.279589	0.351902	1.23319
2.132	0.252689	1.36291	-1.99233	-1.51107	-0.279589	0.351902	1.23319
2.145	0.252383	1.36295	-1.99231	-1.51113	-0.279589	0.351902	1.23319
2.158	0.252089	1.36297	-1.99231	-1.51118	-0.279589	0.351902	1.23319
2.171	0.251766	1.36296	-1.99231	-1.51123	-0.279589	0.351902	1.23319
2.184	0.251468	1.36296	-1.99231	-1.5113	-0.279589	0.351902	1.23319
2.197	0.251175	1.36296	-1.99231	-1.51138	-0.279589	0.351902	1.23319
2.21	0.251175	1.36296	-1.99231	-1.51138	-0.279589	0.351902	1.23319
2.223	0.250903	1.36296	-1.99231	-1.51145	-0.279589	0.351902	1.23319
2.236	0.250611	1.36296	-1.99231	-1.51149	-0.279589	0.351902	1.23319
2.249	0.250204	1.36296	-1.99231	-1.51151	-0.279589	0.351902	1.23319
2.262	0.249697	1.36296	-1.9923	-1.51151	-0.279589	0.351902	1.23319
2.275	0.249201	1.36296	-1.9923	-1.51162	-0.279589	0.351904	1.23319
2.288	0.248721	1.36296	-1.9923	-1.51179	-0.279589	0.351904	1.23319
2.301	0.24831	1.36296	-1.9923	-1.51192	-0.279589	0.351902	1.23319
2.314	0.247915	1.36296	-1.9923	-1.51204	-0.279589	0.351902	1.23319
2.327	0.247526	1.36296	-1.9923	-1.51218	-0.279589	0.351902	1.23319
2.34	0.247151	1.36296	-1.9923	-1.51227	-0.279589	0.351902	1.23319
2.353	0.247151	1.36296	-1.9923	-1.51227	-0.279589	0.351902	1.23319
2.366	0.246793	1.36296	-1.9923	-1.51234	-0.279589	0.351902	1.23319
2.379	0.246403	1.36296	-1.9923	-1.51236	-0.279589	0.351902	1.23319
2.392	0.245983	1.36296	-1.9923	-1.51236	-0.279589	0.351902	1.23319
2.405	0.245602	1.36296	-1.99229	-1.51238	-0.279589	0.351902	1.23319
2.418	0.245227	1.36296	-1.99229	-1.51242	-0.279589	0.351902	1.23319
2.431	0.244895	1.36296	-1.99229	-1.51242	-0.279589	0.351902	1.23319
2.444	0.24452	1.36296	-1.99229	-1.51242	-0.279589	0.351902	1.23319
2.457	0.244178	1.36296	-1.99229	-1.51242	-0.279589	0.351904	1.23319
2.47	0.243868	1.36296	-1.99228	-1.51241	-0.279589	0.351904	1.23319
2.483	0.243599	1.36296	-1.99228	-1.51241	-0.279589	0.351904	1.23319
2.496	0.243599	1.36296	-1.99228	-1.51241	-0.279589	0.351904	1.23319
2.509	0.243353	1.36296	-1.99225	-1.51241	-0.279589	0.351902	1.23319
2.522	0.243072	1.36297	-1.9922	-1.51241	-0.279589	0.351904	1.23319
2.535	0.242768	1.36299	-1.99218	-1.51241	-0.279589	0.351904	1.23319
2.548	0.242452	1.36299	-1.99213	-1.51242	-0.279589	0.351904	1.23319
2.561	0.242167	1.36301	-1.99206	-1.51245	-0.279589	0.351904	1.23319
2.574	0.241928	1.36303	-1.99195	-1.51255	-0.279589	0.351904	1.23319
2.587	0.241677	1.36306	-1.99179	-1.51268	-0.279589	0.351904	1.23319
2.6	0.241437	1.36309	-1.99156	-1.51285	-0.279589	0.351904	1.23319
2.613	0.241195	1.36312	-1.99125	-1.51308	-0.279589	0.351904	1.23319
2.626	0.241195	1.36312	-1.99125	-1.51308	-0.279589	0.351904	1.23319
2.639	0.240952	1.36318	-1.99092	-1.51334	-0.279589	0.351905	1.23319
2.652	0.240651	1.36328	-1.99063	-1.5136	-0.279591	0.351905	1.23319
2.665	0.240274	1.3634	-1.9904	-1.51383	-0.279589	0.351907	1.23319
2.678	0.239909	1.36352	-1.9902	-1.51408	-0.279589	0.351909	1.23319
2.691	0.239528	1.36363	-1.98995	-1.51437	-0.279591	0.351914	1.23319
2.704	0.239156	1.36369	-1.98973	-1.51463	-0.279591	0.351931	1.23319
2.717	0.238667	1.36374	-1.98949	-1.51483	-0.279589	0.351968	1.23319
2.73	0.238147	1.36377	-1.9893	-1.51497	-0.279589	0.352014	1.23319
2.743	0.237601	1.36378	-1.98912	-1.51512	-0.279589	0.352076	1.23319
2.756	0.237056	1.36379	-1.98891	-1.51528	-0.279589	0.352144	1.23319
2.769	0.237056	1.36379	-1.98891	-1.51528	-0.279589	0.352144	1.23319
2.782	0.236468	1.36379	-1.98876	-1.51544	-0.279589	0.352253	1.23319
2.795	0.235829	1.36379	-1.98862	-1.51556	-0.279591	0.352423	1.23319
2.808	0.23512	1.36381	-1.9884	-1.51566	-0.279589	0.3527	1.23319
2.821	0.234392	1.36383	-1.98814	-1.51578	-0.279589	0.352967	1.23319
2.834	0.233687	1.36387	-1.98785	-1.51588	-0.279589	0.353443	1.23319
2.847	0.232999	1.36389	-1.98748	-1.51599	-0.279589	0.354854	1.23319
2.86	0.232314	1.36393	-1.98709	-1.51611	-0.279589	0.356226	1.23319
2.873	0.231608	1.36401	-1.98675	-1.51629	-0.279589	0.357349	1.23319
2.886	0.230863	1.36411	-1.98639	-1.51651	-0.279589	0.359371	1.23319
2.899	0.230863	1.36411	-1.98639	-1.51651	-0.279589	0.359371	1.23319
2.912	0.230129	1.36425	-1.98605	-1.51677	-0.279589	0.361227	1.23319
2.925	0.229371	1.36438	-1.98569	-1.51702	-0.279589	0.363651	1.23319
2.938	0.228582	1.36454	-1.98537	-1.51728	-0.279591	0.365837	1.23319
2.951	0.227882	1.36469	-1.98508	-1.5176	-0.279589	0.368089	1.23319
2.964	0.227136	1.36491	-1.98474	-1.51799	-0.279589	0.369778	1.23319
2.977	0.226369	1.36517	-1.98444	-1.51832	-0.279591	0.371508	1.23319
2.99	0.225554	1.36546	-1.98409	-1.51861	-0.279591	0.372352	1.23319
3.003	0.224726	1.36576	-1.9836	-1.51884	-0.279589	0.373023	1.23319
3.016	0.22395	1.36597	-1.98309	-1.51907	-0.279589	0.374465	1.23319
3.029	0.223123	1.36618	-1.98257	-1.51933	-0.279589	0.375754	1.23319
3.042	0.223123	1.36618	-1.98257	-1.51933	-0.279589	0.375754	1.23319
3.055	0.222241	1.36641	-1.98206	-1.51959	-0.279589	0.376575	1.23319
3.068	0.221288	1.36661	-1.98151	-1.51988	-0.279589	0.377986	1.23319
3.081	0.220228	1.36689	-1.98093	-1.52013	-0.279591	0.379851	1.23319
3.094	0.219206	1.36713	-1.98039	-1.5205	-0.279591	0.381661	1.23319
3.107	0.218064	1.36742	-1.97969	-1.52088	-0.279591	0.383848	1.23319
3.12	0.217026	1.36763	-1.97904	-1.52136	-0.279589	0.385932	1.23319
3.133	0.215848	1.36794	-1.97838	-1.52188	-0.279589	0.387881	1.23319
3.146	0.214629	1.36826	-1.97775	-1.52246	-0.279591	0.389471	1.23319
3.159	0.213373	1.36858	-1.97704	-1.52292	-0.279589	0.39115	1.23319
3.172	0.213373	1.36858	-1.97704	-1.52292	-0.279589	0.39115	1.23319
3.185	0.212038	1.36889	-1.97631	-1.52339	-0.279589	0.39199	1.23319
3.198	0.210619	1.36919	-1.97552	-1.52382	-0.279589	0.39266	1.23319
3.211	0.209076	1.36956	-1.97481	-1.52412	-0.279591	0.394039	1.23319
3.224	0.207583	1.36994	-1.97425	-1.52455	-0.279591	0.395244	1.23319
3.237	0.206014	1.37037	-1.97359	-1.52504	-0.279591	0.395845	1.23319
3.25	0.204529	1.37071	-1.973	-1.52552	-0.279591	0.396433	1.23319
3.263	0.202944	1.37108	-1.97233	-1.52597	-0.279591	0.39771	1.23319
3.276	0.201363	1.37149	-1.97171	-1.5264	-0.279591	0.399283	1.23319
3.289	0.199806	1.37187	-1.97112	-1.52685	-0.279591	0.400389	1.23319
3.302	0.198189	1.37235	-1.9706	-1.52723	-0.279591	0.402099	1.23319
3.315	0.198189	1.37235	-1.9706	-1.52723	-0.279591	0.402099	1.23319
3.328	0.196585	1.37286	-1.97025	-1.52764	-0.279591	0.403401	1.23319
3.341	0.194867	1.37337	-1.96983	-1.52799	-0.279591	0.404245	1.23319
3.354	0.193037	1.3739	-1.96948	-1.5282	-0.279591	0.405356	1.23319
3.367	0.191259	1.37436	-1.96918	-1.52852	-0.279594	0.406435	1.23319
3.38	0.189447	1.37488	-1.96883	-1.52893	-0.279594	0.406697	1.23319
3.393	0.187792	1.37533	-1.96858	-1.52937	-0.279594	0.406696	1.23319
3.406	0.186009	1.37586	-1.96822	-1.52973	-0.279594	0.406696	1.23319
3.419	0.184308	1.37641	-1.9679	-1.53004	-0.279594	0.406694	1.23319
3.432	0.182514	1.37704	-1.96755	-1.53034	-0.279594	0.406696	1.23319
3.445	0.182514	1.37704	-1.96755	-1.53034	-0.279594	0.406696	1.23319
3.458	0.180773	1.37768	-1.96731	-1.53063	-0.279594	0.406696	1.23319
3.471	0.179	1.37837	-1.96714	-1.5309	-0.279594	0.406696	1.23319
3.484	0.177162	1.37902	-1.96705	-1.53114	-0.279594	0.406696	1.23319
3.497	0.175206	1.3797	-1.96701	-1.53127	-0.279594	0.406696	1.23319
3.51	0.173301	1.38043	-1.96701	-1.53153	-0.279596	0.406696	1.23319
3.523	0.171468	1.38124	-1.96701	-1.53195	-0.279596	0.406696	1.23319
3.536	0.169663	1.38202	-1.96701	-1.53239	-0.279596	0.406696	1.23319
3.549	0.167908	1.38287	-1.967	-1.53283	-0.279596	0.406696	1.23319
3.562	0.166142	1.38372	-1.967	-1.53329	-0.279596	0.406696	1.23319
3.575	0.164472	1.38463	-1.967	-1.53371	-0.279596	0.406696	1.23319
3.588	0.164472	1.38463	-1.967	-1.53371	-0.279596	0.406696	1.23319
3.601	0.162711	1.38555	-1.967	-1.53412	-0.279596	0.406696	1.23319
3.614	0.160971	1.38644	-1.96699	-1.53444	-0.279596	0.406697	1.23319
3.627	0.159095	1.38741	-1.96696	-1.53462	-0.279598	0.406697	1.23319
3.64	0.157317	1.38836	-1.96696	-1.53493	-0.279598	0.406697	1.23319
3.653	0.155555	1.38938	-1.96686	-1.53534	-0.279598	0.406697	1.23319
3.666	0.153847	1.39037	-1.96678	-1.53576	-0.279598	0.406697	1.23319
3.679	0.152162	1.3914	-1.96663	-1.53612	-0.279598	0.406697	1.23319
3.692	0.150437	1.39244	-1.96647	-1.53655	-0.279598	0.406699	1.23319
3.705	0.148828	1.39348	-1.96632	-1.53703	-0.279598	0.406711	1.23319
3.718	0.148828	1.39348	-1.96632	-1.53703	-0.279598	0.406711	1.23319
3.731	0.147187	1.3945	-1.96609	-1.53753	-0.279598	0.406759	1.23319
3.744	0.145619	1.39551	-1.96587	-1.53798	-0.279598	0.406895	1.23319
3.757	0.143958	1.39658	-1.96564	-1.53846	-0.279598	0.407098	1.23319
3.77	0.142229	1.39769	-1.96538	-1.53876	-0.279598	0.407372	1.23319
3.783	0.140571	1.39878	-1.96511	-1.53914	-0.2796	0.407666	1.23319
3.796	0.138904	1.3999	-1.96475	-1.53954	-0.279602	0.408086	1.23319
3.809	0.137304	1.40104	-1.9645	-1.54006	-0.279606	0.409133	1.23319
3.822	0.135647	1.40213	-1.96408	-1.5406	-0.279618	0.410636	1.23319
3.835	0.134046	1.40323	-1.96359	-1.54115	-0.279624	0.411512	1.23319
3.848	0.13243	1.40438	-1.96311	-1.5417	-0.279624	0.412339	1.23319
3.861	0.13243	1.40438	-1.96311	-1.5417	-0.279624	0.412339	1.23319
3.874	0.130742	1.40562	-1.96268	-1.54219	-0.279624	0.413991	1.23319
3.887	0.12911	1.40687	-1.96229	-1.54263	-0.279624	0.415303	1.23319
3.9	0.12737	1.40818	-1.96193	-1.54306	-0.279624	0.416411	1.23319
3.913	0.125721	1.40947	-1.96166	-1.54355	-0.279624	0.418308	1.23319
3.926	0.124059	1.41075	-1.96132	-1.54415	-0.279624	0.419849	1.23319
3.939	0.122449	1.41206	-1.96104	-1.54474	-0.279624	0.421875	1.23319
3.952	0.120876	1.41333	-1.96074	-1.54531	-0.279624	0.423523	1.23319
3.965	0.119209	1.41455	-1.96039	-1.54583	-0.279624	0.42527	1.23319
3.978	0.117589	1.4158	-1.95998	-1.54634	-0.279624	0.426779	1.23319
3.991	0.117589	1.4158	-1.95998	-1.54634	-0.279624	0.426779	1.23319
4.004	0.115908	1.41699	-1.95953	-1.54689	-0.279624	0.427612	1.23319
4.017	0.114276	1.41824	-1.9592	-1.54731	-0.279622	0.428558	1.23319
4.03	0.112528	1.41952	-1.95891	-1.54768	-0.279622	0.429659	1.23319
4.043	0.110709	1.42086	-1.95882	-1.54801	-0.279622	0.429968	1.23319
4.056	0.108946	1.42218	-1.95877	-1.5484	-0.279622	0.429975	1.23319
4.069	0.107113	1.42351	-1.95865	-1.54879	-0.279622	0.429978	1.23319
4.082	0.105367	1.42484	-1.95862	-1.54921	-0.279622	0.42998	1.23319
4.095	0.103501	1.42615	-1.95852	-1.5496	-0.279622	0.429981	1.23319
4.108	0.101663	1.42745	-1.9585	-1.54998	-0.279622	0.429983	1.23319
4.121	0.0997624	1.42876	-1.95849	-1.55032	-0.279622	0.429983	1.23319
4.134	0.0997624	1.42876	-1.95849	-1.55032	-0.279622	0.429983	1.23319
4.147	0.0978615	1.43001	-1.9585	-1.55067	-0.279622	0.429983	1.23319
4.16	0.095852	1.43135	-1.9585	-1.55098	-0.279622	0.429985	1.23319
4.173	0.0938412	1.43269	-1.95854	-1.55125	-0.279622	0.429987	1.23319
4.186	0.0917908	1.43392	-1.95852	-1.55159	-0.279622	0.429988	1.23319
4.199	0.0897787	1.43528	-1.95852	-1.55192	-0.279622	0.42999	1.23319
4.212	0.0877705	1.43662	-1.95853	-1.55231	-0.279622	0.42999	1.23319
4.225	0.0858428	1.43796	-1.95853	-1.55269	-0.279622	0.429992	1.23319
4.238	0.0838218	1.43931	-1.95853	-1.5531	-0.279622	0.429992	1.23319
4.251	0.0818276	1.44064	-1.95854	-1.55349	-0.279622	0.429993	1.23319
4.264	0.0818276	1.44064	-1.95854	-1.55349	-0.279622	0.429993	1.23319
4.277	0.0798654	1.442	-1.95853	-1.55386	-0.279622	0.429995	1.23319
4.29	0.0779019	1.44337	-1.95854	-1.55428	-0.279622	0.429997	1.23319
4.303	0.0758502	1.44475	-1.95854	-1.55472	-0.279622	0.429997	1.23319
4.316	0.0738062	1.4461	-1.95854	-1.55509	-0.279622	0.429997	1.23319
4.329	0.0716854	1.44744	-1.95854	-1.55552	-0.279622	0.429999	1.23319
4.342	0.0696542	1.4488	-1.95855	-1.55597	-0.279622	0.429999	1.23319
4.355	0.0676933	1.45016	-1.95854	-1.55643	-0.279622	0.429999	1.23319
4.368	0.0657259	1.45151	-1.95854	-1.55692	-0.279622	0.429999	1.23319
4.381	0.0637752	1.45288	-1.95854	-1.55734	-0.279622	0.429999	1.23319
4.394	0.0618654	1.45417	-1.95854	-1.5577	-0.279622	0.429999	1.23319
4.407	0.0618654	1.45417	-1.95854	-1.5577	-0.279622	0.429999	1.23319
4.42	0.0599543	1.45557	-1.95854	-1.55803	-0.279622	0.43	1.23319
4.433	0.0580394	1.45687	-1.95853	-1.55844	-0.279622	0.430004	1.23319
4.446	0.0560248	1.45821	-1.95852	-1.55876	-0.279622	0.430005	1.23319
4.459	0.0541316	1.45956	-1.95852	-1.55911	-0.279622	0.430007	1.23319
4.472	0.0521873	1.46086	-1.95849	-1.55951	-0.27962	0.43001	1.23319
4.485	0.0503452	1.46217	-1.95849	-1.55992	-0.27962	0.430014	1.23319
4.498	0.0484674	1.46346	-1.95844	-1.56036	-0.27962	0.430014	1.23319
4.511	0.0466816	1.46466	-1.95844	-1.56086	-0.279622	0.430016	1.23319
4.524	0.0448523	1.46588	-1.95835	-1.56136	-0.27962	0.430017	1.23319
4.537	0.0430754	1.46703	-1.95834	-1.56192	-0.27962	0.430019	1.23319
4.55	0.0430754	1.46703	-1.95834	-1.56192	-0.27962	0.430019	1.23319
4.563	0.0412909	1.46818	-1.9583	-1.56243	-0.27962	0.430019	1.23319
4.576	0.0394872	1.4693	-1.95825	-1.5629	-0.27962	0.430019	1.23319
4.589	0.0376068	1.47044	-1.9582	-1.56332	-0.27962	0.430019	1.23319
4.602	0.0357481	1.47154	-1.95818	-1.56378	-0.27962	0.430021	1.23319
4.615	0.033892	1.47258	-1.95814	-1.56425	-0.27962	0.430022	1.23319
4.628	0.0320372	1.47351	-1.95807	-1.5647	-0.27962	0.430024	1.23319
4.641	0.0302156	1.47449	-1.95797	-1.56511	-0.279618	0.430026	1.23319
4.654	0.028362	1.47549	-1.95787	-1.56547	-0.279618	0.430029	1.23319
4.667	0.0265608	1.47645	-1.95775	-1.56581	-0.279618	0.430033	1.23319
4.68	0.0265608	1.47645	-1.95775	-1.56581	-0.279618	0.430033	1.23319
4.693	0.0246868	1.47736	-1.95758	-1.56608	-0.279618	0.430038	1.23319
4.706	0.0228333	1.47823	-1.95747	-1.56633	-0.279616	0.430043	1.23319
4.719	0.0208404	1.47918	-1.95737	-1.56647	-0.279616	0.430046	1.23319
4.732	0.0188922	1.48004	-1.95732	-1.56669	-0.279616	0.43005	1.23319
4.745	0.0168738	1.48096	-1.9571	-1.56686	-0.279616	0.430053	1.23319
4.758	0.0149524	1.4818	-1.95696	-1.56708	-0.279616	0.430055	1.23319
4.771	0.0129148	1.48267	-1.95674	-1.56724	-0.279616	0.430057	1.23319
4.784	0.0109552	1.48354	-1.9566	-1.56742	-0.279616	0.430058	1.23319
4.797	0.00897249	1.48439	-1.9564	-1.56758	-0.279616	0.43006	1.23319
4.81	0.00705373	1.48525	-1.9561	-1.56776	-0.279616	0.430074	1.23319
4.823	0.00705373	1.48525	-1.9561	-1.56776	-0.279616	0.430074	1.23319
4.836	0.00507235	1.48605	-1.95573	-1.56797	-0.279616	0.430123	1.23319
4.849	0.0030641	1.48688	-1.9554	-1.56814	-0.279616	0.43016	1.23319
4.862	0.000908863	1.48777	-1.95513	-1.56816	-0.279614	0.430174	1.23319
4.875	-0.00123231	1.48859	-1.95489	-1.56824	-0.279614	0.430186	1.23319
4.888	-0.00340673	1.48947	-1.95447	-1.5683	-0.279612	0.430201	1.23319
4.901	-0.00554662	1.4903	-1.95409	-1.56845	-0.279612	0.430222	1.23319
4.914	-0.00772361	1.49113	-1.95366	-1.56853	-0.279612	0.430244	1.23319
4.927	-0.00988268	1.49193	-1.95323	-1.56867	-0.279612	0.430285	1.23319
4.94	-0.0120047	1.49269	-1.95279	-1.56877	-0.27961	0.430343	1.23319
4.953	-0.0120047	1.49269	-1.95279	-1.56877	-0.27961	0.430343	1.23319
4.966	-0.0141957	1.49342	-1.9523	-1.56891	-0.27961	0.430374	1.23319
4.979	-0.0163995	1.49414	-1.95181	-1.56903	-0.279608	0.430375	1.23319
4.992	-0.0187516	1.49493	-1.95145	-1.56908	-0.279608	0.430375	1.23319
5.005	-0.0211229	1.49565	-1.95108	-1.56925	-0.279608	0.430375	1.23319
5.018	-0.0234929	1.49635	-1.95063	-1.56941	-0.279608	0.430377	1.23319
5.031	-0.0258258	1.49691	-1.95021	-1.56961	-0.279606	0.430377	1.23319
5.044	-0.0281473	1.49748	-1.94971	-1.5697	-0.279606	0.430379	1.23319
5.057	-0.0304815	1.49801	-1.94927	-1.56979	-0.279606	0.430379	1.23319
5.07	-0.0327901	1.49861	-1.94886	-1.56989	-0.279604	0.43038	1.23319
5.083	-0.0351077	1.49922	-1.94846	-1.57001	-0.279602	0.43038	1.23319
5.096	-0.0351077	1.49922	-1.94846	-1.57001	-0.279602	0.43038	1.23319
5.109	-0.0373716	1.49975	-1.948	-1.57012	-0.279602	0.430379	1.23319
5.122	-0.0396866	1.50027	-1.94754	-1.57016	-0.279598	0.430377	1.23319
5.135	-0.0421576	1.50079	-1.94714	-1.57018	-0.279598	0.430377	1.23319
5.148	-0.0445327	1.50133	-1.94673	-1.57025	-0.279596	0.430379	1.23319
5.161	-0.0469206	1.50183	-1.94622	-1.57034	-0.279594	0.430379	1.23319
5.174	-0.0492229	1.50233	-1.94571	-1.57044	-0.279594	0.430379	1.23319
5.187	-0.0514689	1.5029	-1.9452	-1.57049	-0.279594	0.430379	1.23319
5.2	-0.0537532	1.50344	-1.94466	-1.57058	-0.279591	0.430379	1.23319
5.213	-0.0559443	1.50392	-1.94402	-1.57064	-0.279591	0.430379	1.23319
5.226	-0.0559443	1.50392	-1.94402	-1.57064	-0.279591	0.430379	1.23319
5.239	-0.0581251	1.50441	-1.94342	-1.57068	-0.279591	0.430379	1.23319
5.252	-0.060403	1.50491	-1.94288	-1.57074	-0.279591	0.430379	1.23319
5.265	-0.0626823	1.50548	-1.94235	-1.57073	-0.279591	0.430377	1.23319
5.278	-0.064973	1.50596	-1.94179	-1.5708	-0.279591	0.430377	1.23319
5.291	-0.0671577	1.50649	-1.94116	-1.57085	-0.279591	0.430377	1.23319
5.304	-0.0692924	1.50699	-1.94054	-1.57094	-0.279589	0.430377	1.23319
5.317	-0.0713275	1.50749	-1.93984	-1.57097	-0.279589	0.430379	1.23319
5.33	-0.0734022	1.50797	-1.93922	-1.57102	-0.279589	0.430379	1.23319
5.343	-0.0754105	1.50844	-1.93861	-1.5711	-0.279589	0.430379	1.23319
5.356	-0.0774174	1.50889	-1.93801	-1.57123	-0.279589	0.430377	1.23319
5.369	-0.0774174	1.50889	-1.93801	-1.57123	-0.279589	0.430377	1.23319
5.382	-0.0793899	1.50933	-1.93745	-1.57141	-0.279587	0.430377	1.23319
5.395	-0.0814556	1.50986	-1.93689	-1.57159	-0.279587	0.430377	1.23319
5.408	-0.0835176	1.51034	-1.93642	-1.57175	-0.279587	0.430377	1.23319
5.421	-0.0855897	1.51079	-1.93579	-1.5719	-0.279587	0.430377	1.23319
5.434	-0.0875916	1.51121	-1.93519	-1.57212	-0.279587	0.430377	1.23319
5.447	-0.0895346	1.51164	-1.93463	-1.57232	-0.279587	0.430377	1.23319
5.46	-0.0914457	1.51202	-1.93403	-1.57255	-0.279587	0.430377	1.23319
5.473	-0.0933542	1.51236	-1.93342	-1.5727	-0.279585	0.430377	1.23319
5.486	-0.0951924	1.51269	-1.93284	-1.57283	-0.279585	0.430377	1.23319
5.499	-0.0951924	1.51269	-1.93284	-1.57283	-0.279585	0.430377	1.23319
5.512	-0.0970268	1.51303	-1.93222	-1.57291	-0.279585	0.430377	1.23319
5.525	-0.098819	1.51337	-1.93166	-1.57306	-0.279585	0.430377	1.23319
5.538	-0.100717	1.51382	-1.93116	-1.57313	-0.279585	0.430377	1.23319
5.551	-0.102585	1.51435	-1.93081	-1.57313	-0.279585	0.430377	1.23319
5.564	-0.104486	1.51479	-1.9304	-1.57314	-0.279585	0.430375	1.23319
5.577	-0.106282	1.51519	-1.92993	-1.57314	-0.279585	0.430375	1.23319
5.59	-0.108069	1.51549	-1.92944	-1.57314	-0.279585	0.430375	1.23319
5.603	-0.109764	1.51579	-1.92891	-1.57314	-0.279583	0.430375	1.23319
5.616	-0.111442	1.51604	-1.92828	-1.57314	-0.279583	0.430375	1.23319
5.629	-0.113038	1.51629	-1.92771	-1.57314	-0.279583	0.430375	1.23319
5.642	-0.113038	1.51629	-1.92771	-1.57314	-0.279583	0.430375	1.23319
5.655	-0.114608	1.51655	-1.9272	-1.57314	-0.279583	0.430375	1.23319
5.668	-0.116254	1.5168	-1.92666	-1.57314	-0.279583	0.430375	1.23319
5.681	-0.117869	1.51706	-1.92618	-1.57313	-0.279583	0.430375	1.23319
5.694	-0.119552	1.51729	-1.92565	-1.57313	-0.279583	0.430375	1.23319
5.707	-0.121123	1.51753	-1.92513	-1.57313	-0.279583	0.430375	1.23319
5.72	-0.122725	1.5178	-1.92454	-1.57313	-0.279583	0.430375	1.23319
5.733	-0.12431	1.51807	-1.92401	-1.57313	-0.279583	0.430374	1.23319
5.746	-0.125869	1.51845	-1.92354	-1.57312	-0.279581	0.430374	1.23319
5.759	-0.127455	1.51878	-1.92306	-1.57311	-0.279581	0.430374	1.23319
5.772	-0.127455	1.51878	-1.92306	-1.57311	-0.279581	0.430374	1.23319
5.785	-0.128969	1.51903	-1.92251	-1.57308	-0.279579	0.430374	1.23319
5.798	-0.130517	1.5192	-1.92189	-1.57306	-0.279579	0.430374	1.23319
5.811	-0.132127	1.51934	-1.92126	-1.57305	-0.279579	0.430374	1.23319
5.824	-0.133791	1.51947	-1.92057	-1.573	-0.279579	0.430372	1.23319
5.837	-0.135507	1.51951	-1.91983	-1.573	-0.279579	0.430372	1.23319
5.85	-0.137175	1.51962	-1.91918	-1.57298	-0.279577	0.430372	1.23319
5.863	-0.138926	1.51966	-1.91849	-1.57298	-0.279577	0.430372	1.23319
5.876	-0.140606	1.51968	-1.91782	-1.57295	-0.279577	0.430372	1.23319
5.889	-0.142325	1.51971	-1.91714	-1.57292	-0.279577	0.430372	1.23319
5.902	-0.144029	1.51972	-1.91641	-1.57286	-0.279577	0.430372	1.23319
5.915	-0.144029	1.51972	-1.91641	-1.57286	-0.279577	0.430372	1.23319
5.928	-0.145712	1.51972	-1.91578	-1.57283	-0.279577	0.43037	1.23319
5.941	-0.147459	1.51976	-1.91515	-1.57275	-0.279577	0.43037	1.23319
5.954	-0.1492	1.51977	-1.91459	-1.57259	-0.279577	0.43037	1.23319
5.967	-0.150995	1.51978	-1.91403	-1.57244	-0.279577	0.430368	1.23319
5.98	-0.152737	1.51978	-1.91348	-1.57225	-0.279577	0.430368	1.23319
5.993	-0.154481	1.51978	-1.91293	-1.57205	-0.279575	0.430367	1.23319
6.006	-0.156195	1.51978	-1.91237	-1.57175	-0.279575	0.430367	1.23319
6.019	-0.157968	1.51978	-1.91187	-1.57147	-0.279573	0.430367	1.23319
6.032	-0.159738	1.51978	-1.9114	-1.57116	-0.279573	0.430365	1.23319
6.045	-0.159738	1.51978	-1.9114	-1.57116	-0.279573	0.430365	1.23319
6.058	-0.161482	1.51978	-1.91099	-1.5709	-0.279571	0.430365	1.23319
6.071	-0.16326	1.51978	-1.91054	-1.57062	-0.279571	0.430365	1.23319
6.084	-0.165038	1.51978	-1.9101	-1.57033	-0.279571	0.430365	1.23319
6.097	-0.166872	1.51978	-1.90969	-1.56992	-0.279571	0.430365	1.23319
6.11	-0.168648	1.51978	-1.90937	-1.56952	-0.279571	0.430365	1.23319
6.123	-0.170429	1.51978	-1.90902	-1.56912	-0.279571	0.430365	1.23319
6.136	-0.172143	1.51978	-1.90872	-1.56869	-0.279571	0.430363	1.23319
6.149	-0.173872	1.51978	-1.90843	-1.56818	-0.279571	0.430363	1.23319
6.162	-0.175596	1.51978	-1.9082	-1.56762	-0.279571	0.430363	1.23319
6.175	-0.177332	1.51978	-1.90802	-1.56708	-0.279571	0.430362	1.23319
6.188	-0.177332	1.51978	-1.90802	-1.56708	-0.279571	0.430362	1.23319
6.201	-0.179082	1.51978	-1.90784	-1.56657	-0.279569	0.430362	1.23319
6.214	-0.180821	1.51978	-1.90769	-1.56608	-0.279569	0.430362	1.23319
6.227	-0.182675	1.51978	-1.90754	-1.56554	-0.279567	0.430362	1.23319
6.24	-0.184503	1.51978	-1.90743	-1.56499	-0.279567	0.43036	1.23319
6.253	-0.186367	1.51977	-1.90726	-1.56447	-0.279567	0.43036	1.23319
6.266	-0.188161	1.51977	-1.90717	-1.56393	-0.279567	0.43036	1.23319
6.279	-0.190019	1.51977	-1.90703	-1.56342	-0.279565	0.430358	1.23319
6.292	-0.191847	1.51977	-1.90693	-1.56292	-0.279565	0.430358	1.23319
6.305	-0.193689	1.51977	-1.90685	-1.56249	-0.279563	0.430356	1.23319
6.318	-0.195533	1.51977	-1.90679	-1.56206	-0.279563	0.430356	1.23319
6.331	-0.195533	1.51977	-1.90679	-1.56206	-0.279563	0.430356	1.23319
6.344	-0.197416	1.51977	-1.90671	-1.56167	-0.279563	0.430356	1.23319
6.357	-0.199391	1.51977	-1.9066	-1.56123	-0.279561	0.430356	1.23319
6.37	-0.201436	1.51976	-1.90657	-1.56068	-0.279561	0.430356	1.23319
6.383	-0.20353	1.51976	-1.90652	-1.5601	-0.279561	0.430356	1.23319
6.396	-0.205616	1.51976	-1.90646	-1.55954	-0.279561	0.430356	1.23319
6.409	-0.207655	1.51976	-1.90639	-1.55895	-0.279561	0.430356	1.23319
6.422	-0.209728	1.51976	-1.90632	-1.55842	-0.279559	0.430356	1.23319
6.435	-0.211778	1.51976	-1.90622	-1.55787	-0.279559	0.430356	1.23319
6.448	-0.213875	1.51976	-1.90612	-1.5574	-0.279557	0.430356	1.23319
6.461	-0.213875	1.51976	-1.90612	-1.5574	-0.279557	0.430356	1.23319
6.474	-0.215914	1.51976	-1.90602	-1.55693	-0.279555	0.430355	1.23319
6.487	-0.218103	1.51975	-1.90591	-1.55648	-0.279553	0.430355	1.23319
6.5	-0.220286	1.51975	-1.90583	-1.55584	-0.279553	0.430355	1.23319
6.513	-0.222564	1.51975	-1.90571	-1.55531	-0.279553	0.430355	1.23319
6.526	-0.224795	1.51975	-1.90552	-1.55481	-0.279551	0.430355	1.23319
6.539	-0.226998	1.51975	-1.90532	-1.55434	-0.279551	0.430355	1.23319
6.552	-0.229202	1.51975	-1.90508	-1.55386	-0.279551	0.430355	1.23319
6.565	-0.23138	1.51974	-1.90482	-1.55337	-0.279551	0.430355	1.23319
6.578	-0.233586	1.51974	-1.90458	-1.5529	-0.279548	0.430355	1.23319
6.591	-0.235717	1.51974	-1.90437	-1.55234	-0.279548	0.430353	1.23319
6.604	-0.235717	1.51974	-1.90437	-1.55234	-0.279548	0.430353	1.23319
6.617	-0.237949	1.51974	-1.90418	-1.55178	-0.279548	0.430353	1.23319
6.63	-0.24016	1.51973	-1.90404	-1.55117	-0.279546	0.430351	1.23319
6.643	-0.242504	1.51973	-1.90392	-1.55052	-0.279544	0.43035	1.23319
6.656	-0.244793	1.51973	-1.9038	-1.54993	-0.27954	0.430346	1.23319
6.669	-0.247039	1.51973	-1.90373	-1.54931	-0.279532	0.430345	1.23319
6.682	-0.249277	1.51972	-1.9037	-1.54867	-0.279522	0.430341	1.23319
6.695	-0.251497	1.51971	-1.90365	-1.54794	-0.279514	0.430334	1.23319
6.708	-0.253756	1.5197	-1.90359	-1.54729	-0.279497	0.430329	1.23319
6.721	-0.255975	1.51969	-1.90351	-1.54665	-0.279463	0.430324	1.23319
6.734	-0.255975	1.51969	-1.90351	-1.54665	-0.279463	0.430324	1.23319
6.747	-0.258235	1.51968	-1.90342	-1.54606	-0.279411	0.430322	1.23319
6.76	-0.260524	1.51965	-1.90333	-1.54542	-0.279342	0.430316	1.23319
6.773	-0.262879	1.51964	-1.90331	-1.54462	-0.279283	0.430302	1.23319
6.786	-0.265209	1.5196	-1.90331	-1.54381	-0.279242	0.430295	1.23319
6.799	-0.267461	1.51959	-1.90331	-1.54298	-0.279217	0.43029	1.23319
6.812	-0.269736	1.51955	-1.9033	-1.54222	-0.279197	0.430283	1.23319
6.825	-0.271953	1.51953	-1.90328	-1.54139	-0.279156	0.430276	1.23319
6.838	-0.274182	1.51948	-1.90324	-1.5405	-0.27908	0.430264	1.23319
6.851	-0.27645	1.51937	-1.90321	-1.53962	-0.279	0.430247	1.23319
6.864	-0.278673	1.51928	-1.90319	-1.53873	-0.278914	0.430234	1.23319
6.877	-0.278673	1.51928	-1.90319	-1.53873	-0.278914	0.430234	1.23319
6.89	-0.280919	1.51915	-1.90319	-1.5379	-0.278874	0.43022	1.23319
6.903	-0.283198	1.51905	-1.90319	-1.53703	-0.278845	0.430189	1.23319
6.916	-0.28555	1.51894	-1.90319	-1.536	-0.27881	0.43015	1.23319
6.929	-0.287905	1.5188	-1.90319	-1.53501	-0.278739	0.430096	1.23319
6.942	-0.290243	1.51871	-1.90319	-1.53407	-0.27863	0.429992	1.23319
6.955	-0.292561	1.5186	-1.90319	-1.53313	-0.27846	0.429709	1.23319
6.968	-0.294839	1.51852	-1.90318	-1.532	-0.278282	0.429204	1.23319
6.981	-0.297207	1.51842	-1.90312	-1.53088	-0.278098	0.42878	1.23319
6.994	-0.299483	1.51836	-1.90308	-1.52977	-0.277882	0.428248	1.23319
7.007	-0.299483	1.51836	-1.90308	-1.52977	-0.277882	0.428248	1.23319
7.02	-0.301807	1.51829	-1.90302	-1.52864	-0.277581	0.427375	1.23319
7.033	-0.304123	1.51818	-1.90293	-1.52743	-0.277068	0.425934	1.23319
7.046	-0.306404	1.51809	-1.90281	-1.5262	-0.276395	0.424795	1.23319
7.059	-0.308721	1.51801	-1.90264	-1.52488	-0.275728	0.423764	1.23319
7.072	-0.311	1.51793	-1.90249	-1.52355	-0.27493	0.422201	1.23319
7.085	-0.313268	1.51785	-1.9023	-1.52228	-0.273897	0.420953	1.23319
7.098	-0.315504	1.51777	-1.90209	-1.52103	-0.272862	0.419987	1.23319
7.111	-0.317758	1.51769	-1.90185	-1.51969	-0.272179	0.418553	1.23319
7.124	-0.320013	1.5176	-1.90162	-1.51843	-0.271602	0.417391	1.23319
7.137	-0.322242	1.51754	-1.90135	-1.51714	-0.270897	0.416696	1.23319
7.15	-0.322242	1.51754	-1.90135	-1.51714	-0.270897	0.416696	1.23319
7.163	-0.32446	1.51741	-1.90102	-1.51583	-0.270095	0.415673	1.23319
7.176	-0.326628	1.51723	-1.90065	-1.51456	-0.269387	0.413985	1.23319
7.189	-0.32888	1.51712	-1.90039	-1.51327	-0.268655	0.412605	1.23319
7.202	-0.33113	1.51699	-1.90029	-1.51194	-0.267831	0.410858	1.23319
7.215	-0.33333	1.51687	-1.90026	-1.51063	-0.267111	0.40875	1.23319
7.228	-0.335531	1.51668	-1.90025	-1.5094	-0.266733	0.406449	1.23319
7.241	-0.337725	1.51647	-1.90025	-1.50806	-0.266587	0.404536	1.23319
7.254	-0.339965	1.51617	-1.90025	-1.50681	-0.266516	0.40276	1.23319
7.267	-0.342147	1.51589	-1.90025	-1.50551	-0.266456	0.401434	1.23319
7.28	-0.342147	1.51589	-1.90025	-1.50551	-0.266456	0.401434	1.23319
7.293	-0.344365	1.51557	-1.90025	-1.50417	-0.266391	0.400759	1.23319
7.306	-0.346554	1.51519	-1.90026	-1.5029	-0.266311	0.400156	1.23319
7.319	-0.348822	1.5148	-1.90026	-1.50169	-0.266281	0.399406	1.23319
7.332	-0.351135	1.51438	-1.90026	-1.50039	-0.266258	0.398789	1.23319
7.345	-0.35342	1.51392	-1.90026	-1.49911	-0.266221	0.39831	1.23319
7.358	-0.355724	1.51344	-1.90026	-1.49794	-0.266152	0.397829	1.23319
7.371	-0.357957	1.51294	-1.90026	-1.49671	-0.266086	0.397504	1.23319
7.384	-0.360278	1.51234	-1.90026	-1.49549	-0.266033	0.397202	1.23319
7.397	-0.362542	1.51179	-1.90026	-1.49423	-0.265978	0.396675	1.23319
7.41	-0.364772	1.5112	-1.90027	-1.49296	-0.26591	0.395457	1.23319
7.423	-0.364772	1.5112	-1.90027	-1.49296	-0.26591	0.395457	1.23319
7.436	-0.367013	1.5106	-1.90027	-1.49169	-0.265863	0.394011	1.23319
7.449	-0.369225	1.51006	-1.90027	-1.49045	-0.265843	0.392912	1.23319
7.462	-0.371465	1.5095	-1.90027	-1.48919	-0.26582	0.391388	1.23319
7.475	-0.373684	1.50889	-1.90027	-1.48793	-0.265798	0.389588	1.23319
7.488	-0.375947	1.50832	-1.90027	-1.4868	-0.265786	0.388121	1.23319
7.501	-0.378145	1.50771	-1.90027	-1.48569	-0.265779	0.386452	1.23319
7.514	-0.380451	1.50717	-1.90027	-1.48451	-0.265775	0.385525	1.23319
7.527	-0.382678	1.50661	-1.90027	-1.48343	-0.265771	0.384988	1.23319
7.54	-0.384872	1.50611	-1.90027	-1.48235	-0.265769	0.384443	1.23319
7.553	-0.387108	1.50559	-1.90027	-1.48132	-0.265765	0.383901	1.23319
7.566	-0.387108	1.50559	-1.90027	-1.48132	-0.265765	0.383901	1.23319
7.579	-0.38931	1.50509	-1.90027	-1.48029	-0.265763	0.383654	1.23319
7.592	-0.391572	1.50455	-1.90027	-1.47937	-0.265763	0.38348	1.23319
7.605	-0.393865	1.50399	-1.90027	-1.47848	-0.265765	0.383381	1.23319
7.618	-0.396196	1.50341	-1.90027	-1.47757	-0.265765	0.383359	1.23319
7.631	-0.398546	1.50283	-1.90027	-1.47666	-0.265765	0.383326	1.23319
7.644	-0.400825	1.50219	-1.90027	-1.4758	-0.265761	0.383279	1.23319
7.657	-0.403098	1.50158	-1.90027	-1.47494	-0.265759	0.383245	1.23319
7.67	-0.405302	1.50096	-1.90028	-1.47401	-0.265759	0.383221	1.23319
7.683	-0.407549	1.50032	-1.90028	-1.473	-0.265757	0.383187	1.23319
7.696	-0.407549	1.50032	-1.90028	-1.473	-0.265757	0.383187	1.23319
7.709	-0.409738	1.49967	-1.90028	-1.47201	-0.265745	0.383004	1.23319
7.722	-0.41191	1.49901	-1.90028	-1.47103	-0.265716	0.382537	1.23319
7.735	-0.41413	1.49829	-1.90028	-1.47002	-0.265683	0.38198	1.23319
7.748	-0.416285	1.49753	-1.90028	-1.46894	-0.265675	0.381446	1.23319
7.761	-0.418476	1.49677	-1.90028	-1.46794	-0.265671	0.380659	1.23319
7.774	-0.420592	1.49603	-1.90028	-1.46689	-0.265665	0.379171	1.23319
7.787	-0.422677	1.49527	-1.90028	-1.46579	-0.265661	0.37776	1.23319
7.8	-0.424726	1.49454	-1.90028	-1.46459	-0.265653	0.3764	1.23319
7.813	-0.426804	1.49378	-1.90029	-1.46348	-0.265647	0.374301	1.23319
7.826	-0.428774	1.49299	-1.90029	-1.46237	-0.265642	0.372346	1.23319
7.839	-0.428774	1.49299	-1.90029	-1.46237	-0.265642	0.372346	1.23319
7.852	-0.430774	1.49221	-1.90029	-1.46122	-0.265644	0.369936	1.23319
7.865	-0.432786	1.49141	-1.9003	-1.46012	-0.265649	0.368041	1.23319
7.878	-0.434789	1.49065	-1.9003	-1.45901	-0.265655	0.366303	1.23319
7.891	-0.436737	1.48993	-1.9003	-1.45786	-0.265659	0.36549	1.23319
7.904	-0.438695	1.48921	-1.9003	-1.45669	-0.265665	0.365057	1.23319
7.917	-0.440562	1.48854	-1.9003	-1.45561	-0.265667	0.364828	1.23319
7.93	-0.442424	1.48794	-1.9003	-1.45456	-0.265669	0.364811	1.23319
7.943	-0.44423	1.48732	-1.9003	-1.45344	-0.265667	0.364811	1.23319
7.956	-0.446056	1.4867	-1.9003	-1.45235	-0.265669	0.364811	1.23319
7.969	-0.446056	1.4867	-1.9003	-1.45235	-0.265669	0.364811	1.23319
7.982	-0.447794	1.48611	-1.9003	-1.4513	-0.265669	0.364811	1.23319
7.995	-0.449564	1.48554	-1.9003	-1.4503	-0.265669	0.364811	1.23319
8.008	-0.451303	1.48494	-1.9003	-1.44922	-0.265669	0.364809	1.23319
8.021	-0.453061	1.48433	-1.9003	-1.44822	-0.265669	0.364809	1.23319
8.034	-0.454765	1.48373	-1.9003	-1.44724	-0.265669	0.364809	1.23319
8.047	-0.456455	1.48311	-1.9003	-1.44624	-0.265669	0.364806	1.23319
8.06	-0.458186	1.4825	-1.9003	-1.44518	-0.265667	0.364786	1.23319
8.073	-0.459853	1.48186	-1.9003	-1.44415	-0.265667	0.364729	1.23319
8.086	-0.461529	1.48125	-1.9003	-1.44315	-0.265665	0.364649	1.23319
8.099	-0.463185	1.48059	-1.9003	-1.44213	-0.265665	0.364496	1.23319
8.112	-0.463185	1.48059	-1.9003	-1.44213	-0.265665	0.364496	1.23319
8.125	-0.464898	1.47991	-1.9003	-1.44115	-0.265663	0.364118	1.23319
8.138	-0.466623	1.47928	-1.9003	-1.4402	-0.265663	0.363487	1.23319
8.151	-0.468342	1.47863	-1.9003	-1.43928	-0.265663	0.363005	1.23319
8.164	-0.470093	1.47798	-1.9003	-1.43833	-0.265663	0.362616	1.23319
8.177	-0.471851	1.47726	-1.9003	-1.43735	-0.265665	0.362369	1.23319
8.19	-0.473664	1.47656	-1.9003	-1.43638	-0.265667	0.362122	1.23319
8.203	-0.475395	1.47588	-1.9003	-1.43538	-0.265667	0.361764	1.23319
8.216	-0.477218	1.47519	-1.9003	-1.43433	-0.265667	0.361283	1.23319
8.229	-0.479028	1.47451	-1.9003	-1.43317	-0.265667	0.360346	1.23319
8.242	-0.479028	1.47451	-1.9003	-1.43317	-0.265667	0.360346	1.23319
8.255	-0.480842	1.47378	-1.9003	-1.43209	-0.265667	0.35911	1.23319
8.268	-0.482632	1.47305	-1.9003	-1.4309	-0.265667	0.358106	1.23319
8.281	-0.484443	1.4723	-1.9003	-1.4296	-0.265667	0.357097	1.23319
8.294	-0.486259	1.47152	-1.90031	-1.42834	-0.265667	0.355239	1.23319
8.307	-0.488005	1.47073	-1.90031	-1.42716	-0.265669	0.353554	1.23319
8.32	-0.489801	1.46994	-1.90032	-1.42593	-0.265669	0.351462	1.23319
8.333	-0.491593	1.46907	-1.90033	-1.42477	-0.265669	0.349684	1.23319
8.346	-0.493437	1.46823	-1.90033	-1.42364	-0.265671	0.348052	1.23319
8.359	-0.495232	1.46739	-1.90034	-1.42246	-0.265671	0.346918	1.23319
8.372	-0.497086	1.46651	-1.90034	-1.42125	-0.265673	0.346644	1.23319
8.385	-0.497086	1.46651	-1.90034	-1.42125	-0.265673	0.346644	1.23319
8.398	-0.498857	1.4657	-1.90035	-1.42006	-0.265675	0.346642	1.23319
8.411	-0.500636	1.46484	-1.90035	-1.41894	-0.265675	0.346651	1.23319
8.424	-0.50237	1.46402	-1.90034	-1.41765	-0.265677	0.346652	1.23319
8.437	-0.504088	1.46322	-1.90035	-1.41648	-0.265677	0.346652	1.23319
8.45	-0.505704	1.46244	-1.90036	-1.41536	-0.265677	0.346652	1.23319
8.463	-0.507249	1.46164	-1.90036	-1.41423	-0.265677	0.346652	1.23319
8.476	-0.508848	1.46081	-1.90036	-1.41312	-0.265677	0.346652	1.23319
8.489	-0.51036	1.45998	-1.90036	-1.41206	-0.265677	0.346652	1.23319
8.502	-0.51187	1.45925	-1.90036	-1.41098	-0.265675	0.346652	1.23319
8.515	-0.51187	1.45925	-1.90036	-1.41098	-0.265675	0.346652	1.23319
8.528	-0.513381	1.45848	-1.90036	-1.40982	-0.265677	0.346646	1.23319
8.541	-0.514861	1.45766	-1.90036	-1.40865	-0.265677	0.34663	1.23319
8.554	-0.516379	1.45692	-1.90036	-1.40747	-0.265677	0.346538	1.23319
8.567	-0.517865	1.45613	-1.90036	-1.40617	-0.265677	0.34619	1.23319
8.58	-0.519378	1.45533	-1.90036	-1.40492	-0.265675	0.345519	1.23319
8.593	-0.520846	1.45455	-1.90037	-1.40372	-0.265675	0.344143	1.23319
8.606	-0.522288	1.45368	-1.90037	-1.40246	-0.265675	0.34278	1.23319
8.619	-0.523792	1.45282	-1.90037	-1.40123	-0.265675	0.341931	1.23319
8.632	-0.525257	1.45196	-1.90038	-1.40003	-0.265677	0.340929	1.23319
8.645	-0.526691	1.45113	-1.90038	-1.39875	-0.265677	0.33962	1.23319
8.658	-0.526691	1.45113	-1.90038	-1.39875	-0.265677	0.33962	1.23319
8.671	-0.528248	1.45038	-1.90038	-1.39745	-0.265679	0.338689	1.23319
8.684	-0.529697	1.44961	-1.90038	-1.39619	-0.265679	0.338091	1.23319
8.697	-0.531174	1.44886	-1.90038	-1.3949	-0.265679	0.337431	1.23319
8.71	-0.532721	1.44818	-1.90038	-1.3936	-0.265681	0.336426	1.23319
8.723	-0.534204	1.44746	-1.90038	-1.39246	-0.265681	0.335654	1.23319
8.736	-0.535721	1.44683	-1.90038	-1.39131	-0.265681	0.335238	1.23319
8.749	-0.537236	1.44623	-1.90038	-1.39009	-0.265681	0.33513	1.23319
8.762	-0.538685	1.44564	-1.90038	-1.38891	-0.265681	0.335129	1.23319
8.775	-0.540134	1.4451	-1.90038	-1.38771	-0.265681	0.33513	1.23319
8.788	-0.540134	1.4451	-1.90038	-1.38771	-0.265681	0.33513	1.23319
8.801	-0.541532	1.44447	-1.90038	-1.38643	-0.265681	0.335132	1.23319
8.814	-0.542908	1.44389	-1.90038	-1.38522	-0.265681	0.335132	1.23319
8.827	-0.544232	1.44329	-1.90039	-1.38401	-0.265681	0.335132	1.23319
8.84	-0.54559	1.44267	-1.90039	-1.38273	-0.265683	0.33513	1.23319
8.853	-0.546906	1.44205	-1.90039	-1.38144	-0.265683	0.33511	1.23319
8.866	-0.548165	1.44147	-1.90039	-1.3802	-0.265683	0.33498	1.23319
8.879	-0.549454	1.44087	-1.90039	-1.37898	-0.265685	0.334716	1.23319
8.892	-0.550742	1.44027	-1.90039	-1.37777	-0.265685	0.334471	1.23319
8.905	-0.552049	1.43976	-1.90039	-1.37661	-0.265685	0.334137	1.23319
8.918	-0.553337	1.4392	-1.90039	-1.37544	-0.265685	0.33361	1.23319
8.931	-0.553337	1.4392	-1.90039	-1.37544	-0.265685	0.33361	1.23319
8.944	-0.554639	1.43868	-1.90039	-1.37425	-0.265687	0.332511	1.23319
8.957	-0.555966	1.43815	-1.90039	-1.37315	-0.265687	0.331491	1.23319
8.97	-0.557259	1.43766	-1.90039	-1.37197	-0.265687	0.330813	1.23319
8.983	-0.55852	1.43717	-1.90039	-1.37076	-0.265687	0.330433	1.23319
8.996	-0.559746	1.43677	-1.90039	-1.36955	-0.265687	0.330102	1.23319
9.009	-0.560931	1.43638	-1.90038	-1.36837	-0.265687	0.329799	1.23319
9.022	-0.562021	1.43603	-1.90039	-1.36713	-0.265687	0.329168	1.23319
9.035	-0.563137	1.43571	-1.90039	-1.36596	-0.265687	0.328331	1.23319
9.048	-0.564174	1.43534	-1.90039	-1.36488	-0.265687	0.32797	1.23319
9.061	-0.564174	1.43534	-1.90039	-1.36488	-0.265687	0.32797	1.23319
9.074	-0.565195	1.43499	-1.90039	-1.36382	-0.265687	0.327968	1.23319
9.087	-0.566178	1.43462	-1.90039	-1.36277	-0.265687	0.327968	1.23319
9.1	-0.567187	1.43424	-1.90039	-1.36173	-0.265687	0.327968	1.23319
9.113	-0.568107	1.4338	-1.90039	-1.3607	-0.265687	0.327968	1.23319
9.126	-0.569035	1.4334	-1.90039	-1.35961	-0.265689	0.327968	1.23319
9.139	-0.569907	1.43293	-1.90039	-1.35861	-0.265692	0.327968	1.23319
9.152	-0.570808	1.43254	-1.90039	-1.35771	-0.265692	0.327968	1.23319
9.165	-0.571667	1.43215	-1.90039	-1.35686	-0.265692	0.327968	1.23319
9.178	-0.572558	1.4318	-1.90039	-1.35604	-0.265694	0.327968	1.23319
9.191	-0.573452	1.4315	-1.90039	-1.35519	-0.265694	0.327968	1.23319
9.204	-0.573452	1.4315	-1.90039	-1.35519	-0.265694	0.327968	1.23319
9.217	-0.574335	1.4312	-1.90039	-1.35444	-0.265694	0.327968	1.23319
9.23	-0.575189	1.43094	-1.90039	-1.35372	-0.265694	0.327968	1.23319
9.243	-0.575996	1.43068	-1.90039	-1.35297	-0.265694	0.327968	1.23319
9.256	-0.576788	1.43044	-1.90039	-1.35224	-0.265694	0.327968	1.23319
9.269	-0.577523	1.4302	-1.90039	-1.35157	-0.265694	0.327968	1.23319
9.282	-0.578279	1.42995	-1.90039	-1.35092	-0.265694	0.327968	1.23319
9.295	-0.578996	1.42967	-1.90039	-1.35031	-0.265694	0.327968	1.23319
9.308	-0.579712	1.42934	-1.90039	-1.34972	-0.265694	0.327968	1.23319
9.321	-0.580387	1.42905	-1.90039	-1.34912	-0.265694	0.327968	1.23319
9.334	-0.581005	1.42872	-1.90039	-1.34856	-0.265694	0.327968	1.23319
9.347	-0.581005	1.42872	-1.90039	-1.34856	-0.265694	0.327968	1.23319
9.36	-0.581605	1.42844	-1.90039	-1.34799	-0.265694	0.327968	1.23319
9.373	-0.58222	1.42815	-1.90039	-1.34746	-0.265694	0.327968	1.23319
9.386	-0.582809	1.42786	-1.90039	-1.34697	-0.265694	0.327968	1.23319
9.399	-0.583409	1.42763	-1.90039	-1.34668	-0.265692	0.32797	1.23319
9.412	-0.584004	1.42742	-1.90039	-1.34653	-0.265692	0.32797	1.23319
9.425	-0.584502	1.42722	-1.90039	-1.34636	-0.265689	0.32797	1.23319
9.438	-0.584962	1.42703	-1.90039	-1.34624	-0.265687	0.32797	1.23319
9.451	-0.585363	1.42684	-1.90039	-1.34614	-0.265679	0.32797	1.23319
9.464	-0.585715	1.42664	-1.90039	-1.34601	-0.265669	0.32797	1.23319
9.477	-0.585715	1.42664	-1.90039	-1.34601	-0.265669	0.32797	1.23319
9.49	-0.586041	1.42647	-1.90039	-1.34581	-0.265661	0.32797	1.23319
9.503	-0.586327	1.42629	-1.90039	-1.3456	-0.265655	0.32797	1.23319
9.516	-0.586608	1.42614	-1.90039	-1.3454	-0.265653	0.32797	1.23319
9.529	-0.586829	1.42599	-1.90039	-1.34526	-0.265651	0.32797	1.23319
9.542	-0.587008	1.42586	-1.90039	-1.34515	-0.265651	0.32797	1.23319
9.555	-0.587122	1.42574	-1.90039	-1.34506	-0.265647	0.32797	1.23319
9.568	-0.587192	1.42561	-1.90039	-1.34498	-0.265644	0.32797	1.23319
9.581	-0.587232	1.42547	-1.90039	-1.34488	-0.26564	0.32797	1.23319
9.594	-0.587235	1.42532	-1.90039	-1.34476	-0.265636	0.32797	1.23319
9.607	-0.587233	1.42515	-1.90039	-1.34461	-0.26563	0.32797	1.23319
9.62	-0.587233	1.42515	-1.90039	-1.34461	-0.26563	0.32797	1.23319
9.633	-0.587233	1.42502	-1.90039	-1.34443	-0.265626	0.32797	1.23319
9.646	-0.587233	1.42493	-1.90039	-1.3443	-0.265626	0.32797	1.23319
9.659	-0.587235	1.42488	-1.90039	-1.34419	-0.265624	0.327972	1.23319
9.672	-0.587232	1.42487	-1.90039	-1.34412	-0.265622	0.327972	1.23319
9.685	-0.587232	1.42488	-1.90039	-1.34408	-0.265618	0.327972	1.23319
9.698	-0.587232	1.42488	-1.90039	-1.34403	-0.265618	0.327972	1.23319
9.711	-0.587232	1.42488	-1.90039	-1.34397	-0.26562	0.327974	1.23319
9.724	-0.587232	1.42488	-1.90039	-1.34396	-0.26562	0.327974	1.23319
9.737	-0.587233	1.42488	-1.90039	-1.34396	-0.26562	0.327974	1.23319
9.75	-0.587233	1.42488	-1.90039	-1.34396	-0.26562	0.327974	1.23319
9.763	-0.587241	1.42488	-1.90039	-1.34397	-0.26562	0.327975	1.23319
9.776	-0.587255	1.42488	-1.90039	-1.34397	-0.26562	0.327975	1.23319
9.789	-0.587279	1.42488	-1.90039	-1.34397	-0.26562	0.327975	1.23319
9.802	-0.587332	1.42488	-1.90039	-1.34397	-0.26562	0.327975	1.23319
9.815	-0.587407	1.42488	-1.90039	-1.34397	-0.265618	0.327975	1.23319
9.828	-0.587462	1.42488	-1.90039	-1.34397	-0.265616	0.327975	1.23319
9.841	-0.587511	1.42488	-1.90039	-1.34397	-0.265616	0.327975	1.23319
9.854	-0.587566	1.42488	-1.90039	-1.34397	-0.265616	0.327975	1.23319
9.867	-0.587609	1.42488	-1.90039	-1.34397	-0.265614	0.327977	1.23319
9.88	-0.587631	1.42488	-1.90039	-1.34397	-0.265612	0.327977	1.23319
9.893	-0.587631	1.42488	-1.90039	-1.34397	-0.265612	0.327977	1.23319
9.906	-0.587642	1.42488	-1.90039	-1.34396	-0.265612	0.327977	1.23319
9.919	-0.587659	1.42488	-1.90039	-1.34396	-0.265612	0.327977	1.23319
9.932	-0.587683	1.42488	-1.90039	-1.34396	-0.265614	0.327977	1.23319
9.945	-0.58769	1.42488	-1.90039	-1.34396	-0.265616	0.327977	1.23319
9.958	-0.587695	1.42488	-1.90039	-1.34396	-0.265618	0.327977	1.23319
9.971	-0.587695	1.42488	-1.90039	-1.34396	-0.265618	0.327979	1.23319
9.984	-0.587692	1.42488	-1.90039	-1.34396	-0.265618	0.327979	1.23319
9.997	-0.587692	1.42488	-1.90038	-1.34396	-0.265618	0.327979	1.23319
10.01	-0.587692	1.42488	-1.90038	-1.34396	-0.265618	0.327979	1.23319
10.023	-0.587692	1.42488	-1.90038	-1.34396	-0.265618	0.327979	1.23319
10.036	-0.587692	1.42488	-1.90038	-1.34395	-0.265616	0.327979	1.23319
10.049	-0.587695	1.42488	-1.90038	-1.34395	-0.265618	0.327979	1.23319
10.062	-0.587709	1.42488	-1.90038	-1.34395	-0.265618	0.327979	1.23319
10.075	-0.58771	1.42488	-1.90038	-1.34395	-0.26562	0.327979	1.23319
10.088	-0.587709	1.42488	-1.90038	-1.34395	-0.26562	0.327979	1.23319
10.101	-0.587708	1.42488	-1.90038	-1.34395	-0.265622	0.327979	1.23319
10.114	-0.587711	1.42488	-1.90038	-1.34395	-0.265626	0.327979	1.23319
10.127	-0.587742	1.42488	-1.90038	-1.34395	-0.26563	0.327979	1.23319
10.14	-0.587779	1.42488	-1.90038	-1.34395	-0.265632	0.327979	1.23319
10.153	-0.587826	1.42488	-1.90038	-1.34395	-0.265634	0.327979	1.23319
10.166	-0.587826	1.42488	-1.90038	-1.34395	-0.265634	0.327979	1.23319
10.179	-0.587881	1.42488	-1.90038	-1.34395	-0.265634	0.327979	1.23319
10.192	-0.587954	1.42488	-1.90038	-1.34394	-0.265636	0.327979	1.23319
10.205	-0.588034	1.42488	-1.90038	-1.34394	-0.265636	0.327979	1.23319
10.218	-0.588095	1.42488	-1.90038	-1.34394	-0.265636	0.327979	1.23319
10.231	-0.588149	1.42488	-1.90038	-1.34394	-0.265638	0.327979	1.23319
10.244	-0.588183	1.42488	-1.90038	-1.34394	-0.265638	0.327979	1.23319
10.257	-0.588202	1.42488	-1.90038	-1.34394	-0.265638	0.327979	1.23319
10.27	-0.588221	1.42488	-1.90038	-1.34393	-0.26564	0.327979	1.23319
10.283	-0.588247	1.42488	-1.90038	-1.34393	-0.26564	0.327979	1.23319
10.296	-0.588247	1.42488	-1.90038	-1.34393	-0.26564	0.327979	1.23319
10.309	-0.588259	1.42488	-1.90038	-1.34393	-0.26564	0.327979	1.23319
10.322	-0.588266	1.42488	-1.90038	-1.34393	-0.26564	0.327979	1.23319
10.335	-0.588293	1.42488	-1.90038	-1.34393	-0.265638	0.327979	1.23319
10.348	-0.588334	1.42488	-1.90038	-1.34393	-0.265636	0.327979	1.23319
10.361	-0.588372	1.42488	-1.90038	-1.34393	-0.265636	0.327979	1.23319
10.374	-0.588443	1.42488	-1.90038	-1.34393	-0.265638	0.327979	1.23319
10.387	-0.588514	1.42488	-1.90038	-1.34393	-0.265638	0.327979	1.23318
10.4	-0.588606	1.42488	-1.90038	-1.34393	-0.265638	0.327979	1.23319
10.413	-0.588705	1.42488	-1.90038	-1.34393	-0.26564	0.327979	1.23319
10.426	-0.58882	1.42488	-1.90038	-1.34393	-0.26564	0.327979	1.23319
10.439	-0.58882	1.42488	-1.90038	-1.34393	-0.26564	0.327979	1.23319
10.452	-0.588931	1.42488	-1.90038	-1.34393	-0.26564	0.327979	1.23319
10.465	-0.589061	1.42488	-1.90038	-1.34393	-0.26564	0.327979	1.23319
10.478	-0.589189	1.42488	-1.90038	-1.34393	-0.265642	0.327979	1.23319
10.491	-0.589309	1.42488	-1.90038	-1.34393	-0.265642	0.327979	1.23319
10.504	-0.589401	1.42488	-1.90038	-1.34392	-0.265642	0.327979	1.23319
10.517	-0.589451	1.42488	-1.90038	-1.34384	-0.265642	0.327979	1.23319
10.53	-0.589486	1.42488	-1.90038	-1.34376	-0.265644	0.327979	1.23319
10.543	-0.58949	1.42488	-1.90038	-1.34365	-0.265644	0.327979	1.23319
10.556	-0.589491	1.42488	-1.90038	-1.34353	-0.265642	0.327979	1.23319
10.569	-0.589491	1.42488	-1.90038	-1.34353	-0.265642	0.327979	1.23319
10.582	-0.589491	1.42488	-1.90038	-1.34342	-0.265642	0.327979	1.23319
10.595	-0.589491	1.42488	-1.90038	-1.34334	-0.265642	0.327979	1.23319
10.608	-0.589502	1.42488	-1.90038	-1.34329	-0.265644	0.327979	1.23319
10.621	-0.589538	1.42488	-1.90038	-1.34322	-0.265644	0.327979	1.23319
10.634	-0.589553	1.42488	-1.90038	-1.34316	-0.265644	0.327979	1.23319
10.647	-0.589564	1.42488	-1.90038	-1.34314	-0.265642	0.327979	1.23319
10.66	-0.589568	1.42488	-1.90038	-1.34313	-0.265642	0.327979	1.23319
10.673	-0.589593	1.42488	-1.90038	-1.34313	-0.26564	0.327979	1.23319
10.686	-0.589648	1.42488	-1.90038	-1.34313	-0.265638	0.327979	1.23319
10.699	-0.589693	1.42488	-1.90038	-1.34312	-0.265634	0.327979	1.23319
10.712	-0.589693	1.42488	-1.90038	-1.34312	-0.265634	0.327979	1.23319
10.725	-0.589736	1.42488	-1.90038	-1.34312	-0.265634	0.327979	1.23319
10.738	-0.589804	1.42488	-1.90038	-1.34312	-0.265634	0.327979	1.23319
10.751	-0.589895	1.42488	-1.90038	-1.34311	-0.265634	0.327979	1.23319
10.764	-0.589963	1.42488	-1.90038	-1.3431	-0.265634	0.327979	1.23319
10.777	-0.590033	1.42488	-1.90038	-1.34309	-0.265632	0.327979	1.23319
10.79	-0.590093	1.42488	-1.90038	-1.34308	-0.26563	0.327979	1.23319
10.803	-0.590155	1.42488	-1.90038	-1.34304	-0.265628	0.327979	1.23319
10.816	-0.590199	1.42488	-1.90038	-1.34299	-0.265624	0.327979	1.23319
10.829	-0.590227	1.42488	-1.90038	-1.34293	-0.26562	0.327979	1.23319
10.842	-0.590227	1.42488	-1.90038	-1.34293	-0.26562	0.327979	1.23319
10.855	-0.59024	1.42488	-1.90038	-1.34285	-0.265616	0.327979	1.23319
10.868	-0.590241	1.42488	-1.90038	-1.34273	-0.265612	0.327979	1.23319
10.881	-0.590244	1.42488	-1.90038	-1.34262	-0.265606	0.327979	1.23319
10.894	-0.590263	1.42488	-1.90038	-1.3425	-0.265602	0.327979	1.23319
10.907	-0.590264	1.42488	-1.90038	-1.34237	-0.265599	0.327979	1.23319
10.92	-0.590266	1.42488	-1.90038	-1.34226	-0.265599	0.327979	1.23319
10.933	-0.590264	1.42488	-1.90038	-1.34215	-0.265602	0.327979	1.23319
10.946	-0.590264	1.42488	-1.90038	-1.34207	-0.265602	0.327979	1.23319
10.959	-0.590264	1.42488	-1.90038	-1.34199	-0.265602	0.327979	1.23319
10.972	-0.590264	1.42488	-1.90038	-1.34193	-0.265599	0.327979	1.23319
10.985	-0.590264	1.42488	-1.90038	-1.34193	-0.265599	0.327979	1.23319
10.998	-0.590266	1.42488	-1.90038	-1.34191	-0.265599	0.327979	1.23319
11.011	-0.590278	1.42488	-1.90038	-1.34191	-0.265599	0.327979	1.23319
11.024	-0.590309	1.42488	-1.90038	-1.3419	-0.265599	0.327979	1.23319
11.037	-0.590324	1.42488	-1.90038	-1.3419	-0.265597	0.327979	1.23319
11.05	-0.590373	1.42488	-1.90038	-1.3419	-0.265595	0.327979	1.23319
11.063	-0.59043	1.42488	-1.90038	-1.34191	-0.265593	0.327979	1.23319
11.076	-0.590498	1.42488	-1.90038	-1.34191	-0.265595	0.327979	1.23319
11.089	-0.59057	1.42488	-1.90038	-1.34191	-0.265595	0.327979	1.23319
11.102	-0.590645	1.42488	-1.90038	-1.34191	-0.265597	0.327979	1.23319
11.115	-0.590741	1.42488	-1.90038	-1.34191	-0.265602	0.327979	1.23319
11.128	-0.590741	1.42488	-1.90038	-1.34191	-0.265602	0.327979	1.23319
11.141	-0.590841	1.42488	-1.90038	-1.34191	-0.265608	0.327979	1.23319
11.154	-0.590954	1.42488	-1.90038	-1.34191	-0.26561	0.327979	1.23319
11.167	-0.591034	1.42488	-1.90038	-1.3419	-0.265612	0.327979	1.23319
11.18	-0.591082	1.42488	-1.90038	-1.34188	-0.26561	0.327979	1.23319
11.193	-0.591121	1.42488	-1.90038	-1.34187	-0.26561	0.327979	1.23319
11.206	-0.591142	1.42488	-1.90038	-1.34187	-0.26561	0.327979	1.23319
11.219	-0.591162	1.42488	-1.90038	-1.34187	-0.265612	0.327979	1.23319
11.232	-0.591173	1.42488	-1.90038	-1.34186	-0.265612	0.327979	1.23319
11.245	-0.591181	1.42488	-1.90038	-1.34186	-0.265612	0.327979	1.23319
11.258	-0.591181	1.42488	-1.90038	-1.34186	-0.265612	0.327979	1.23319
11.271	-0.591187	1.42488	-1.90038	-1.34186	-0.265612	0.327979	1.23319
11.284	-0.591199	1.42488	-1.90038	-1.34185	-0.265612	0.327979	1.23319
11.297	-0.591217	1.42488	-1.90038	-1.34182	-0.265612	0.327979	1.23319
11.31	-0.591228	1.42488	-1.90038	-1.3418	-0.26561	0.327979	1.23319
11.323	-0.591243	1.42488	-1.90038	-1.3418	-0.26561	0.327979	1.23319
11.336	-0.591248	1.42488	-1.90038	-1.34179	-0.26561	0.327979	1.23319
11.349	-0.591256	1.42488	-1.90038	-1.34178	-0.265608	0.327979	1.23319
11.362	-0.591263	1.42488	-1.90038	-1.34177	-0.265608	0.327979	1.23319
11.375	-0.591265	1.42488	-1.90038	-1.34173	-0.265606	0.32798	1.23319
11.388	-0.591272	1.42488	-1.90038	-1.34168	-0.265606	0.32798	1.23319
11.401	-0.591272	1.42488	-1.90038	-1.34168	-0.265606	0.32798	1.23319
11.414	-0.591273	1.42488	-1.90038	-1.3416	-0.265604	0.32798	1.23319
11.427	-0.591275	1.42488	-1.90038	-1.34151	-0.265604	0.32798	1.23319
11.44	-0.591287	1.42488	-1.90038	-1.34142	-0.265602	0.32798	1.23319
11.453	-0.591287	1.42488	-1.90038	-1.34134	-0.265602	0.32798	1.23319
11.466	-0.591287	1.42488	-1.90038	-1.34127	-0.265602	0.32798	1.23319
11.479	-0.591287	1.42488	-1.90038	-1.34119	-0.265602	0.32798	1.23319
11.492	-0.591286	1.42488	-1.90038	-1.34114	-0.265602	0.32798	1.23319
11.505	-0.591286	1.42488	-1.90038	-1.34111	-0.265602	0.32798	1.23319
11.518	-0.591286	1.42488	-1.90038	-1.34109	-0.265602	0.32798	1.23319
11.531	-0.591286	1.42488	-1.90038	-1.34109	-0.265602	0.32798	1.23319
11.544	-0.591287	1.42488	-1.90038	-1.34108	-0.265599	0.32798	1.23319
11.557	-0.591298	1.42488	-1.90038	-1.34108	-0.265599	0.32798	1.23319
11.57	-0.591333	1.42488	-1.90038	-1.34108	-0.265599	0.32798	1.23319
11.583	-0.591357	1.42488	-1.90038	-1.34109	-0.265599	0.32798	1.23319
11.596	-0.591392	1.42488	-1.90038	-1.3411	-0.265599	0.32798	1.23319
11.609	-0.591426	1.42488	-1.90038	-1.3411	-0.265597	0.32798	1.23319
11.622	-0.59147	1.42488	-1.90038	-1.3411	-0.265597	0.32798	1.23319
11.635	-0.591508	1.42488	-1.90038	-1.3411	-0.265595	0.32798	1.23319
11.648	-0.591559	1.42488	-1.90038	-1.3411	-0.265593	0.32798	1.23319
11.661	-0.591614	1.42488	-1.90038	-1.3411	-0.265589	0.32798	1.23319
11.674	-0.591614	1.42488	-1.90038	-1.3411	-0.265589	0.32798	1.23319
11.687	-0.591655	1.42488	-1.90038	-1.3411	-0.265583	0.32798	1.23319
11.7	-0.5917	1.42488	-1.90038	-1.3411	-0.265579	0.32798	1.23319
11.713	-0.591742	1.42488	-1.90038	-1.34109	-0.265577	0.32798	1.23319
11.726	-0.591757	1.42488	-1.90038	-1.34106	-0.265573	0.32798	1.23319
11.739	-0.591761	1.42488	-1.90038	-1.341	-0.265569	0.32798	1.23319
11.752	-0.59176	1.42488	-1.90038	-1.3409	-0.265565	0.32798	1.23319
11.765	-0.59176	1.42488	-1.90038	-1.34079	-0.265561	0.327982	1.23319
11.778	-0.591761	1.42488	-1.90038	-1.34068	-0.265559	0.327982	1.23319
11.791	-0.59176	1.42488	-1.90038	-1.34056	-0.265557	0.327982	1.23319
11.804	-0.59176	1.42488	-1.90038	-1.34056	-0.265557	0.327982	1.23319
11.817	-0.591761	1.42488	-1.90038	-1.34044	-0.265559	0.327982	1.23319
11.83	-0.591762	1.42488	-1.90038	-1.34039	-0.265559	0.327984	1.23319
11.843	-0.591775	1.42488	-1.90038	-1.34038	-0.265559	0.327984	1.23319
11.856	-0.591798	1.42487	-1.90038	-1.34038	-0.265559	0.327984	1.23319
11.869	-0.591812	1.42488	-1.90038	-1.34038	-0.265557	0.327984	1.23319
11.882	-0.591845	1.42488	-1.90038	-1.34038	-0.265557	0.327984	1.23319
11.895	-0.591865	1.42488	-1.90038	-1.34038	-0.265557	0.327984	1.23319
11.908	-0.59188	1.42488	-1.90038	-1.34038	-0.265557	0.327984	1.23319
11.921	-0.591898	1.42488	-1.90038	-1.34038	-0.265557	0.327984	1.23319
11.934	-0.591913	1.42488	-1.90038	-1.34038	-0.265554	0.327984	1.23319
11.947	-0.591913	1.42488	-1.90038	-1.34038	-0.265554	0.327984	1.23319
11.96	-0.591932	1.42488	-1.90038	-1.34038	-0.265554	0.327984	1.23319
11.973	-0.591969	1.42488	-1.90038	-1.34038	-0.265552	0.327984	1.23319
11.986	-0.592009	1.42488	-1.90038	-1.34037	-0.265552	0.327984	1.23319
11.999	-0.592044	1.42488	-1.90038	-1.34036	-0.265554	0.327984	1.23319
12.012	-0.592084	1.42488	-1.90038	-1.34036	-0.265554	0.327984	1.23319
12.025	-0.592115	1.42488	-1.90038	-1.34036	-0.265554	0.327984	1.23319
12.038	-0.59214	1.42488	-1.90038	-1.34035	-0.265554	0.327984	1.23319
12.051	-0.592157	1.42488	-1.90038	-1.34035	-0.265554	0.327984	1.23319
12.064	-0.59218	1.42488	-1.90038	-1.34034	-0.265554	0.327984	1.23319
12.077	-0.59218	1.42488	-1.90038	-1.34034	-0.265554	0.327984	1.23319
12.09	-0.592207	1.42488	-1.90038	-1.34034	-0.265557	0.327984	1.23319
12.103	-0.592239	1.42488	-1.90038	-1.34034	-0.265557	0.327984	1.23319
12.116	-0.592288	1.42488	-1.90038	-1.34033	-0.265557	0.327984	1.23319
12.129	-0.59234	1.42487	-1.90038	-1.34031	-0.265559	0.327984	1.23319
12.142	-0.592407	1.42488	-1.90038	-1.3403	-0.265559	0.327984	1.23319
12.155	-0.59246	1.42488	-1.90038	-1.34027	-0.265559	0.327984	1.23319
12.168	-0.592503	1.42488	-1.90038	-1.34022	-0.265557	0.327984	1.23319
12.181	-0.59254	1.42488	-1.90038	-1.34018	-0.265557	0.327984	1.23319
12.194	-0.592574	1.42488	-1.90038	-1.34015	-0.265557	0.327984	1.23319
12.207	-0.592606	1.42488	-1.90038	-1.34014	-0.265557	0.327984	1.23319
12.22	-0.592606	1.42488	-1.90038	-1.34014	-0.265557	0.327984	1.23319
12.233	-0.592633	1.42488	-1.90038	-1.34013	-0.265557	0.327984	1.23319
12.246	-0.592685	1.42487	-1.90038	-1.34012	-0.265559	0.327984	1.23319
12.259	-0.592745	1.42488	-1.90038	-1.34011	-0.265561	0.327984	1.23319
12.272	-0.592795	1.42488	-1.90038	-1.34008	-0.265565	0.327984	1.23319
12.285	-0.592834	1.42488	-1.90038	-1.34004	-0.265565	0.327984	1.23319
12.298	-0.592853	1.42488	-1.90038	-1.34001	-0.265565	0.327984	1.23319
12.311	-0.592869	1.42488	-1.90038	-1.33999	-0.265565	0.327984	1.23319
12.324	-0.592886	1.42488	-1.90038	-1.33996	-0.265565	0.327984	1.23319
12.337	-0.592901	1.42488	-1.90038	-1.33993	-0.265565	0.327984	1.23319
12.35	-0.592901	1.42488	-1.90038	-1.33993	-0.265565	0.327984	1.23319
12.363	-0.592912	1.42488	-1.90038	-1.33989	-0.265563	0.327984	1.23319
12.376	-0.592931	1.42488	-1.90038	-1.33987	-0.265563	0.327984	1.23319
12.389	-0.59297	1.42488	-1.90038	-1.33985	-0.265563	0.327984	1.23319
12.402	-0.593019	1.42488	-1.90038	-1.3398	-0.265563	0.327984	1.23319
12.415	-0.593065	1.42488	-1.90038	-1.33976	-0.265563	0.327984	1.23319
12.428	-0.59312	1.42487	-1.90038	-1.33972	-0.265563	0.327984	1.23319
12.441	-0.593165	1.42488	-1.90038	-1.33966	-0.265563	0.327984	1.23319
12.454	-0.593218	1.42488	-1.90038	-1.33961	-0.265563	0.327984	1.23319
12.467	-0.593289	1.42488	-1.90038	-1.33955	-0.265563	0.327984	1.23319
12.48	-0.593376	1.42488	-1.90038	-1.33948	-0.265563	0.327984	1.23319
12.493	-0.593376	1.42488	-1.90038	-1.33948	-0.265563	0.327984	1.23319
12.506	-0.593468	1.42487	-1.90038	-1.33941	-0.265563	0.327984	1.23319
12.519	-0.593581	1.42487	-1.90038	-1.33935	-0.265563	0.327984	1.23319
12.532	-0.593711	1.42487	-1.90038	-1.33928	-0.265563	0.327984	1.23319
12.545	-0.593845	1.42487	-1.90038	-1.33923	-0.265563	0.327984	1.23319
12.558	-0.59396	1.42487	-1.90038	-1.33918	-0.265561	0.327984	1.23319
12.571	-0.594035	1.42487	-1.90038	-1.33914	-0.265561	0.327984	1.23319
12.584	-0.594092	1.42487	-1.90038	-1.3391	-0.265563	0.327984	1.23319
12.597	-0.594139	1.42487	-1.90038	-1.33909	-0.265563	0.327984	1.23319
12.61	-0.594201	1.42487	-1.90038	-1.33909	-0.265563	0.327984	1.23319
12.623	-0.594261	1.42487	-1.90038	-1.33909	-0.265565	0.327984	1.23319
12.636	-0.594261	1.42487	-1.90038	-1.33909	-0.265565	0.327984	1.23319
12.649	-0.594319	1.42487	-1.90038	-1.33908	-0.265565	0.327984	1.23319
12.662	-0.594382	1.42487	-1.90038	-1.33906	-0.265565	0.327984	1.23319
12.675	-0.594453	1.42487	-1.90038	-1.33901	-0.265565	0.327984	1.23319
12.688	-0.59452	1.42487	-1.90038	-1.33898	-0.265567	0.327984	1.23319
12.701	-0.59458	1.42487	-1.90038	-1.33898	-0.265569	0.327984	1.23319
12.714	-0.594637	1.42487	-1.90038	-1.33897	-0.265569	0.327984	1.23319
12.727	-0.594694	1.42487	-1.90038	-1.33895	-0.265569	0.327984	1.23319
12.74	-0.594743	1.42487	-1.90038	-1.33893	-0.265569	0.327984	1.23319
12.753	-0.594788	1.42487	-1.90038	-1.33889	-0.265571	0.327984	1.23319
12.766	-0.594788	1.42487	-1.90038	-1.33889	-0.265571	0.327984	1.23319
12.779	-0.594821	1.42487	-1.90038	-1.33885	-0.265571	0.327984	1.23319
12.792	-0.594862	1.42487	-1.90038	-1.33879	-0.265571	0.327984	1.23319
12.805	-0.594897	1.42487	-1.90038	-1.33869	-0.265571	0.327984	1.23319
12.818	-0.594904	1.42487	-1.90038	-1.33857	-0.265571	0.327984	1.23319
12.831	-0.594906	1.42487	-1.90038	-1.33847	-0.265569	0.327984	1.23319
12.844	-0.594904	1.42487	-1.90038	-1.33837	-0.265569	0.327984	1.23319
12.857	-0.594906	1.42487	-1.90038	-1.33827	-0.265567	0.327984	1.23319
12.87	-0.594904	1.42487	-1.90038	-1.33817	-0.265565	0.327984	1.23319
12.883	-0.594904	1.42487	-1.90038	-1.3381	-0.265565	0.327984	1.23319
12.896	-0.594906	1.42487	-1.90038	-1.33808	-0.265565	0.327984	1.23319
12.909	-0.594906	1.42487	-1.90038	-1.33808	-0.265565	0.327984	1.23319
12.922	-0.594906	1.42487	-1.90038	-1.33808	-0.265567	0.327984	1.23319
12.935	-0.594917	1.42487	-1.90038	-1.33807	-0.265567	0.327984	1.23319
12.948	-0.594948	1.42487	-1.90038	-1.33807	-0.265567	0.327984	1.23319
12.961	-0.594966	1.42487	-1.90038	-1.33807	-0.265569	0.327984	1.23319
12.974	-0.594988	1.42487	-1.90038	-1.33807	-0.265569	0.327984	1.23319
12.987	-0.595006	1.42487	-1.90038	-1.33808	-0.265569	0.327984	1.23319
13	-0.595066	1.42486	-1.90038	-1.33808	-0.265569	0.327984	1.23319
13.013	-0.595154	1.42485	-1.90038	-1.33808	-0.265571	0.327984	1.23319
13.026	-0.595276	1.42486	-1.90038	-1.33808	-0.265571	0.327984	1.23319
13.039	-0.595276	1.42486	-1.90038	-1.33808	-0.265571	0.327984	1.23319
13.052	-0.595399	1.42486	-1.90038	-1.33808	-0.265571	0.327984	1.23319
13.065	-0.595533	1.42486	-1.90038	-1.33808	-0.265571	0.327984	1.23319
13.078	-0.595652	1.42485	-1.90038	-1.33807	-0.265571	0.327984	1.23319
13.091	-0.595742	1.42485	-1.90038	-1.33806	-0.265571	0.327984	1.23319
13.104	-0.595807	1.42486	-1.90038	-1.33804	-0.265571	0.327984	1.23319
13.117	-0.595845	1.42485	-1.90038	-1.338	-0.265571	0.327984	1.23319
13.13	-0.595877	1.42485	-1.90038	-1.33796	-0.265571	0.327984	1.23319
13.143	-0.595905	1.42485	-1.90038	-1.33793	-0.265569	0.327984	1.23319
13.156	-0.595936	1.42485	-1.90038	-1.33791	-0.265569	0.327984	1.23319
13.169	-0.595962	1.42485	-1.90038	-1.33788	-0.265567	0.327984	1.23319
13.182	-0.595962	1.42485	-1.90038	-1.33788	-0.265567	0.327984	1.23319
13.195	-0.595987	1.42485	-1.90038	-1.33786	-0.265567	0.327984	1.23319
13.208	-0.596034	1.42485	-1.90038	-1.33786	-0.265567	0.327984	1.23319
13.221	-0.596088	1.42484	-1.90038	-1.33782	-0.265567	0.327984	1.23318
13.234	-0.59613	1.42484	-1.90038	-1.33777	-0.265565	0.327982	1.23319
13.247	-0.596161	1.42483	-1.90038	-1.33775	-0.265567	0.327982	1.23319
13.26	-0.596182	1.42484	-1.90038	-1.33772	-0.265567	0.327984	1.23319
13.273	-0.596202	1.42484	-1.90038	-1.33769	-0.265567	0.327984	1.23319
13.286	-0.596221	1.42483	-1.90038	-1.33766	-0.265567	0.327984	1.23319
13.299	-0.596252	1.42482	-1.90038	-1.33764	-0.265569	0.327984	1.23319
13.312	-0.596252	1.42482	-1.90038	-1.33764	-0.265569	0.327984	1.23319
13.325	-0.596285	1.42482	-1.90038	-1.33762	-0.265569	0.327984	1.23319
13.338	-0.59632	1.42483	-1.90038	-1.33757	-0.265569	0.327982	1.23319
13.351	-0.596364	1.42482	-1.90038	-1.33749	-0.265569	0.327982	1.23318
13.364	-0.596399	1.42482	-1.90038	-1.33742	-0.265569	0.327982	1.23319
13.377	-0.596419	1.42482	-1.90038	-1.33738	-0.265569	0.327982	1.23319
13.39	-0.596424	1.42482	-1.90038	-1.33735	-0.265569	0.327982	1.23319
13.403	-0.596438	1.42482	-1.90038	-1.33734	-0.265567	0.327982	1.23319
13.416	-0.596455	1.42481	-1.90038	-1.33733	-0.265567	0.327982	1.23319
13.429	-0.596467	1.42481	-1.90038	-1.33731	-0.265567	0.327982	1.23319
13.442	-0.596477	1.4248	-1.90038	-1.33729	-0.265565	0.327982	1.23319
13.455	-0.596477	1.4248	-1.90038	-1.33729	-0.265565	0.327982	1.23319
13.468	-0.596493	1.42479	-1.90038	-1.33729	-0.265567	0.327982	1.23319
13.481	-0.596527	1.42479	-1.90038	-1.33728	-0.265567	0.327982	1.23319
13.494	-0.596551	1.42479	-1.90038	-1.33721	-0.265565	0.327982	1.23319
13.507	-0.596566	1.42479	-1.90038	-1.33713	-0.265565	0.327982	1.23319
13.52	-0.596578	1.42479	-1.90038	-1.33709	-0.265565	0.327982	1.23319
13.533	-0.596579	1.42479	-1.90038	-1.33705	-0.265565	0.327982	1.23319
13.546	-0.596579	1.42479	-1.90038	-1.33701	-0.265565	0.327982	1.23319
13.559	-0.59658	1.42479	-1.90038	-1.33698	-0.265565	0.327982	1.23319
13.572	-0.596583	1.42479	-1.90038	-1.33695	-0.265565	0.327982	1.23319
13.585	-0.596583	1.42479	-1.90038	-1.33695	-0.265565	0.327982	1.23319
13.598	-0.596587	1.42479	-1.90038	-1.33691	-0.265565	0.327982	1.23319
13.611	-0.596593	1.42479	-1.90038	-1.33688	-0.265565	0.327982	1.23319
13.624	-0.596625	1.42479	-1.90038	-1.33687	-0.265565	0.327982	1.23319
13.637	-0.59667	1.42479	-1.90038	-1.33683	-0.265567	0.327982	1.23319
13.65	-0.596712	1.42479	-1.90038	-1.33682	-0.265567	0.327982	1.23319
13.663	-0.596745	1.42479	-1.90038	-1.33681	-0.265567	0.327982	1.23319
13.676	-0.596771	1.42478	-1.90038	-1.33681	-0.265567	0.327982	1.23319
13.689	-0.596794	1.42478	-1.90038	-1.3368	-0.265567	0.327982	1.23319
13.702	-0.596812	1.42478	-1.90038	-1.33678	-0.265569	0.327982	1.23318
13.715	-0.596832	1.42478	-1.90038	-1.33676	-0.265569	0.327982	1.23319
13.728	-0.596832	1.42478	-1.90038	-1.33676	-0.265569	0.327982	1.23319
13.741	-0.59686	1.42478	-1.90038	-1.33676	-0.265571	0.327982	1.23319
13.754	-0.596899	1.42478	-1.90038	-1.33675	-0.265571	0.327982	1.23319
13.767	-0.596943	1.42478	-1.90038	-1.33673	-0.265571	0.327982	1.23319
13.78	-0.596983	1.42478	-1.90038	-1.33672	-0.265569	0.327982	1.23319
13.793	-0.597019	1.42478	-1.90038	-1.33672	-0.265569	0.327982	1.23319
13.806	-0.597033	1.42478	-1.90038	-1.33671	-0.265569	0.327982	1.23319
13.819	-0.597053	1.42478	-1.90038	-1.33671	-0.265569	0.327982	1.23319
13.832	-0.597071	1.42477	-1.90038	-1.33671	-0.265569	0.327982	1.23319
13.845	-0.59708	1.42477	-1.90038	-1.33671	-0.265569	0.327982	1.23319
13.858	-0.59708	1.42477	-1.90038	-1.33671	-0.265569	0.327982	1.23319
13.871	-0.597083	1.42477	-1.90038	-1.33669	-0.265569	0.327982	1.23319
13.884	-0.597084	1.42477	-1.90038	-1.33666	-0.265567	0.327982	1.23319
13.897	-0.597115	1.42477	-1.90038	-1.33665	-0.265567	0.327982	1.23319
13.91	-0.597157	1.42477	-1.90038	-1.33662	-0.265567	0.327982	1.23319
13.923	-0.597193	1.42476	-1.90038	-1.3366	-0.265567	0.327982	1.23319
13.936	-0.597223	1.42474	-1.90038	-1.3366	-0.265567	0.327982	1.23319
13.949	-0.597237	1.42472	-1.90038	-1.33659	-0.265567	0.327982	1.23319
13.962	-0.597253	1.42471	-1.90038	-1.33657	-0.265567	0.327982	1.23319
13.975	-0.597262	1.42471	-1.90038	-1.33655	-0.265567	0.32798	1.23319
13.988	-0.597276	1.42469	-1.90038	-1.33654	-0.265567	0.32798	1.23319
14.001	-0.597276	1.42469	-1.90038	-1.33654	-0.265567	0.32798	1.23319
14.014	-0.597308	1.42468	-1.90038	-1.33654	-0.265567	0.32798	1.23319
14.027	-0.59736	1.42467	-1.90038	-1.33654	-0.265567	0.32798	1.23319
14.04	-0.597415	1.42467	-1.90038	-1.33649	-0.265567	0.32798	1.23319
14.053	-0.597466	1.42465	-1.90038	-1.33646	-0.265567	0.32798	1.23319
14.066	-0.597516	1.42465	-1.90038	-1.33644	-0.265567	0.32798	1.23319
14.079	-0.597544	1.42465	-1.90038	-1.33641	-0.265567	0.32798	1.23319
14.092	-0.597568	1.42465	-1.90038	-1.33638	-0.265565	0.32798	1.23319
14.105	-0.59759	1.42465	-1.90038	-1.33635	-0.265565	0.32798	1.23319
14.118	-0.597611	1.42465	-1.90038	-1.33633	-0.265565	0.32798	1.23319
14.131	-0.597611	1.42465	-1.90038	-1.33633	-0.265565	0.32798	1.23319
14.144	-0.597636	1.42465	-1.90038	-1.33633	-0.265565	0.32798	1.23319
14.157	-0.597659	1.42465	-1.90038	-1.33631	-0.265563	0.32798	1.23319
14.17	-0.597699	1.42465	-1.90038	-1.33628	-0.265561	0.32798	1.23319
14.183	-0.597756	1.42464	-1.90038	-1.33621	-0.265561	0.32798	1.23319
14.196	-0.597804	1.42464	-1.90038	-1.33618	-0.265561	0.32798	1.23319
14.209	-0.597842	1.42463	-1.90038	-1.33616	-0.265559	0.32798	1.23319
14.222	-0.597863	1.42463	-1.90038	-1.33615	-0.265559	0.32798	1.23319
14.235	-0.597879	1.42462	-1.90038	-1.33613	-0.265559	0.32798	1.23319
14.248	-0.597888	1.42462	-1.90038	-1.33607	-0.265557	0.32798	1.23319
14.261	-0.597889	1.42462	-1.90038	-1.33598	-0.265554	0.32798	1.23319
14.274	-0.597889	1.42462	-1.90038	-1.33598	-0.265554	0.32798	1.23319
14.287	-0.597892	1.42461	-1.90038	-1.3359	-0.265554	0.32798	1.23319
14.3	-0.597923	1.42461	-1.90038	-1.33583	-0.265554	0.32798	1.23319
14.313	-0.597975	1.42461	-1.90038	-1.33573	-0.265554	0.32798	1.23319
14.326	-0.598009	1.42461	-1.90038	-1.33563	-0.265554	0.32798	1.23319
14.339	-0.598031	1.42461	-1.90038	-1.33554	-0.265554	0.32798	1.23319
14.352	-0.598034	1.42461	-1.90038	-1.33545	-0.265554	0.32798	1.23319
14.365	-0.598035	1.42459	-1.90038	-1.33539	-0.265554	0.32798	1.23319
14.378	-0.598038	1.42459	-1.90038	-1.33533	-0.265552	0.32798	1.23319
14.391	-0.598039	1.42458	-1.90038	-1.33528	-0.265552	0.32798	1.23319
14.404	-0.598039	1.42458	-1.90038	-1.33523	-0.26555	0.32798	1.23319
14.417	-0.598039	1.42458	-1.90038	-1.33523	-0.26555	0.32798	1.23319
14.43	-0.598039	1.42457	-1.90038	-1.33516	-0.26555	0.32798	1.23319
14.443	-0.598048	1.42456	-1.90038	-1.33509	-0.26555	0.32798	1.23319
14.456	-0.598082	1.42455	-1.90038	-1.335	-0.26555	0.32798	1.23319
14.469	-0.598087	1.42454	-1.90038	-1.33494	-0.26555	0.32798	1.23319
14.482	-0.598089	1.42453	-1.90038	-1.33491	-0.26555	0.32798	1.23319
14.495	-0.598089	1.42452	-1.90038	-1.33485	-0.26555	0.32798	1.23319
14.508	-0.598089	1.42451	-1.90038	-1.3348	-0.26555	0.32798	1.23319
14.521	-0.598091	1.42449	-1.90038	-1.33479	-0.26555	0.32798	1.23318
14.534	-0.598091	1.42446	-1.90038	-1.33479	-0.265548	0.32798	1.23319
14.547	-0.598091	1.42446	-1.90038	-1.33479	-0.265548	0.32798	1.23319
14.56	-0.598093	1.42443	-1.90038	-1.33478	-0.265546	0.32798	1.23318
14.573	-0.598112	1.4244	-1.90038	-1.33476	-0.265546	0.32798	1.23319
14.586	-0.598154	1.42436	-1.90038	-1.33473	-0.265544	0.32798	1.23319
14.599	-0.598172	1.42433	-1.90038	-1.33471	-0.265544	0.32798	1.23319
14.612	-0.598191	1.42432	-1.90038	-1.33471	-0.265544	0.32798	1.23319
14.625	-0.598191	1.42429	-1.90038	-1.33471	-0.265544	0.32798	1.23319
14.638	-0.598192	1.42426	-1.90038	-1.3347	-0.265544	0.32798	1.23319
14.651	-0.598195	1.42422	-1.90038	-1.3347	-0.265544	0.32798	1.23319
14.664	-0.598196	1.42419	-1.90038	-1.33469	-0.265544	0.32798	1.23318
14.677	-0.598199	1.42415	-1.90038	-1.33469	-0.265544	0.32798	1.23319
14.69	-0.598199	1.42415	-1.90038	-1.33469	-0.265544	0.32798	1.23319
14.703	-0.598205	1.42413	-1.90038	-1.33468	-0.265544	0.32798	1.23319
14.716	-0.598233	1.4241	-1.90038	-1.33467	-0.265544	0.32798	1.23319
14.729	-0.598281	1.42409	-1.90038	-1.3346	-0.265544	0.32798	1.23319
14.742	-0.59832	1.42407	-1.90038	-1.33456	-0.265544	0.32798	1.23319
14.755	-0.598343	1.42407	-1.90038	-1.33455	-0.26554	0.32798	1.23319
