0.013	0.237732	1.33435	-1.86535	-1.48222	-0.193989	0.561363	1.23313
0.026	0.237927	1.33452	-1.86535	-1.48222	-0.193995	0.561363	1.23313
0.039	0.237927	1.33452	-1.86535	-1.48222	-0.193995	0.561363	1.23313
0.052	0.238026	1.33463	-1.86535	-1.48222	-0.193999	0.561363	1.23314
0.065	0.23811	1.33468	-1.86535	-1.48222	-0.194001	0.561365	1.23314
0.078	0.238204	1.3347	-1.86535	-1.48226	-0.194004	0.561365	1.23314
0.091	0.238204	1.3347	-1.86535	-1.48226	-0.194004	0.561365	1.23314
0.104	0.238347	1.3347	-1.86535	-1.48237	-0.194004	0.561365	1.23314
0.117	0.238511	1.33472	-1.86535	-1.48249	-0.194004	0.561367	1.23314
0.13	0.23863	1.33473	-1.86535	-1.48259	-0.194004	0.561367	1.23314
0.143	0.238654	1.33473	-1.86535	-1.48261	-0.194004	0.561365	1.23314
0.156	0.238639	1.33473	-1.86535	-1.48262	-0.194004	0.561365	1.23314
0.169	0.238629	1.33473	-1.86535	-1.48265	-0.194004	0.561365	1.23314
0.182	0.238625	1.33473	-1.86535	-1.48266	-0.194004	0.561365	1.23314
0.195	0.238617	1.33472	-1.86535	-1.48266	-0.194004	0.561365	1.23314
0.208	0.238607	1.33472	-1.86535	-1.48267	-0.194004	0.561365	1.23314
0.221	0.238607	1.33472	-1.86535	-1.48267	-0.194004	0.561365	1.23314
0.234	0.238603	1.33472	-1.86535	-1.48267	-0.194004	0.561365	1.23314
0.247	0.2386	1.33472	-1.86535	-1.48267	-0.194004	0.561365	1.23314
0.26	0.238562	1.33472	-1.86535	-1.48267	-0.194006	0.561365	1.23314
0.273	0.238502	1.33472	-1.86535	-1.48267	-0.194006	0.561363	1.23314
0.286	0.238485	1.33472	-1.86535	-1.48271	-0.194008	0.561363	1.23314
0.299	0.23848	1.33472	-1.86535	-1.48275	-0.194008	0.561363	1.23314
0.312	0.23848	1.33472	-1.86535	-1.48275	-0.19401	0.561362	1.23314
0.325	0.238479	1.33472	-1.86535	-1.48276	-0.194008	0.561362	1.23314
0.338	0.238479	1.33472	-1.86535	-1.48278	-0.19401	0.561362	1.23314
0.351	0.238479	1.33472	-1.86535	-1.48278	-0.19401	0.561362	1.23314
0.364	0.238479	1.33472	-1.86535	-1.48278	-0.19401	0.561362	1.23314
0.377	0.238479	1.33472	-1.86535	-1.48279	-0.19401	0.561362	1.23314
0.39	0.238475	1.33472	-1.86535	-1.4828	-0.194008	0.56136	1.23314
0.403	0.238473	1.33472	-1.86535	-1.4828	-0.19401	0.561357	1.23314
0.416	0.238474	1.33473	-1.86535	-1.48281	-0.19401	0.561353	1.23314
0.429	0.238474	1.33473	-1.86535	-1.48282	-0.194008	0.56135	1.23314
0.442	0.238475	1.33473	-1.86535	-1.48283	-0.19401	0.561345	1.23314
0.455	0.238476	1.33473	-1.86535	-1.48284	-0.19401	0.561338	1.23314
0.468	0.238476	1.33473	-1.86535	-1.48285	-0.19401	0.561329	1.23314
0.481	0.238478	1.33473	-1.86535	-1.48286	-0.19401	0.561317	1.23314
0.494	0.238478	1.33473	-1.86535	-1.48288	-0.19401	0.561311	1.23314
0.507	0.238478	1.33473	-1.86535	-1.48288	-0.19401	0.561311	1.23314
0.52	0.238479	1.33473	-1.86535	-1.4829	-0.19401	0.561309	1.23314
0.533	0.238478	1.33473	-1.86535	-1.48291	-0.194012	0.561309	1.23314
0.546	0.238478	1.33473	-1.86535	-1.48294	-0.19401	0.561309	1.23314
0.559	0.23848	1.33473	-1.86535	-1.48297	-0.194012	0.561309	1.23314
0.572	0.238483	1.33473	-1.86535	-1.483	-0.194012	0.561311	1.23314
0.585	0.238483	1.33473	-1.86535	-1.48303	-0.194012	0.561311	1.23314
0.598	0.238483	1.33473	-1.86535	-1.48305	-0.194012	0.561311	1.23314
0.611	0.238483	1.33473	-1.86535	-1.48308	-0.194012	0.561311	1.23314
0.624	0.238483	1.33473	-1.86535	-1.48311	-0.19401	0.561311	1.23314
0.637	0.238483	1.33473	-1.86535	-1.48311	-0.19401	0.561311	1.23314
0.65	0.238483	1.33473	-1.86535	-1.48314	-0.19401	0.561311	1.23314
0.663	0.23848	1.33473	-1.86535	-1.48318	-0.194012	0.561311	1.23314
0.676	0.238479	1.33473	-1.86535	-1.48322	-0.194012	0.561311	1.23314
0.689	0.238479	1.33473	-1.86535	-1.48327	-0.194012	0.561311	1.23314
0.702	0.238479	1.33473	-1.86535	-1.48332	-0.194012	0.561311	1.23314
0.715	0.238479	1.33473	-1.86535	-1.48336	-0.194012	0.561311	1.23314
0.728	0.238479	1.33473	-1.86535	-1.4834	-0.194014	0.561311	1.23314
0.741	0.238479	1.33473	-1.86535	-1.48344	-0.194012	0.561311	1.23314
0.754	0.238479	1.33473	-1.86535	-1.48348	-0.194012	0.561311	1.23314
0.767	0.238479	1.33473	-1.86535	-1.48352	-0.194012	0.561311	1.23314
0.78	0.238479	1.33473	-1.86535	-1.48352	-0.194012	0.561311	1.23314
0.793	0.238479	1.33473	-1.86535	-1.48356	-0.194012	0.561311	1.23314
0.806	0.238475	1.33473	-1.86535	-1.48361	-0.194012	0.561311	1.23314
0.819	0.238474	1.33473	-1.86535	-1.48366	-0.194012	0.561311	1.23314
0.832	0.238474	1.33473	-1.86535	-1.48371	-0.194012	0.561311	1.23314
0.845	0.238474	1.33473	-1.86535	-1.48375	-0.194014	0.561311	1.23314
0.858	0.238474	1.33473	-1.86535	-1.48379	-0.194014	0.561311	1.23314
0.871	0.238474	1.33473	-1.86535	-1.48382	-0.194014	0.561311	1.23314
0.884	0.238474	1.33473	-1.86535	-1.48384	-0.194016	0.561309	1.23314
0.897	0.238474	1.33473	-1.86535	-1.48387	-0.194016	0.561309	1.23314
0.91	0.238474	1.33473	-1.86535	-1.48387	-0.194016	0.561309	1.23314
0.923	0.238474	1.33473	-1.86535	-1.48389	-0.194016	0.561309	1.23314
0.936	0.238469	1.33473	-1.86535	-1.48391	-0.194016	0.561309	1.23314
0.949	0.238457	1.33473	-1.86535	-1.48393	-0.194016	0.561311	1.23314
0.962	0.238457	1.33473	-1.86535	-1.48395	-0.194016	0.561311	1.23314
0.975	0.238457	1.33473	-1.86535	-1.48397	-0.194016	0.561311	1.23314
0.988	0.238457	1.33473	-1.86535	-1.48398	-0.194016	0.561311	1.23314
1.001	0.238456	1.33473	-1.86535	-1.48398	-0.194016	0.561311	1.23314
1.014	0.238456	1.33473	-1.86535	-1.48399	-0.194016	0.561311	1.23314
1.027	0.238456	1.33473	-1.86535	-1.48399	-0.194016	0.561311	1.23314
1.04	0.238456	1.33473	-1.86535	-1.484	-0.194016	0.561311	1.23314
1.053	0.238456	1.33473	-1.86535	-1.484	-0.194016	0.561311	1.23314
1.066	0.238456	1.33473	-1.86535	-1.484	-0.194016	0.561311	1.23314
1.079	0.238448	1.33473	-1.86535	-1.48401	-0.194016	0.561311	1.23314
1.092	0.23843	1.33473	-1.86535	-1.484	-0.194016	0.561311	1.23314
1.105	0.23843	1.33473	-1.86535	-1.48401	-0.194016	0.561311	1.23314
1.118	0.23843	1.33473	-1.86535	-1.48401	-0.194018	0.561311	1.23314
1.131	0.23843	1.33473	-1.86535	-1.48401	-0.194018	0.561311	1.23314
1.144	0.23843	1.33473	-1.86535	-1.48401	-0.194018	0.561311	1.23314
1.157	0.23843	1.33473	-1.86535	-1.48401	-0.19402	0.561311	1.23314
1.17	0.23843	1.33473	-1.86535	-1.48401	-0.19402	0.561311	1.23314
1.183	0.23843	1.33473	-1.86535	-1.48401	-0.19402	0.561311	1.23314
1.196	0.23843	1.33473	-1.86535	-1.48401	-0.19402	0.561311	1.23314
1.209	0.238427	1.33473	-1.86535	-1.48401	-0.194018	0.561311	1.23314
1.222	0.238425	1.33474	-1.86535	-1.48401	-0.19402	0.561311	1.23314
1.235	0.238425	1.33474	-1.86535	-1.48401	-0.19402	0.561311	1.23314
1.248	0.238425	1.33474	-1.86535	-1.48401	-0.19402	0.561311	1.23314
1.261	0.238425	1.33474	-1.86535	-1.48401	-0.194018	0.561311	1.23314
1.274	0.238425	1.33473	-1.86535	-1.48401	-0.19402	0.561311	1.23314
1.287	0.238425	1.33474	-1.86535	-1.48401	-0.19402	0.561311	1.23314
1.3	0.238425	1.33474	-1.86535	-1.48401	-0.19402	0.561311	1.23314
1.313	0.238425	1.33474	-1.86535	-1.48401	-0.19402	0.561311	1.23314
1.326	0.238425	1.33474	-1.86535	-1.48401	-0.19402	0.561311	1.23314
1.339	0.238425	1.33474	-1.86535	-1.48401	-0.19402	0.561311	1.23314
1.352	0.238424	1.33474	-1.86535	-1.48401	-0.194018	0.561311	1.23314
1.365	0.238425	1.33474	-1.86535	-1.484	-0.19402	0.561311	1.23314
1.378	0.238425	1.33474	-1.86535	-1.484	-0.194018	0.561311	1.23314
1.391	0.238425	1.33474	-1.86535	-1.484	-0.19402	0.561311	1.23314
1.404	0.238425	1.33474	-1.86535	-1.484	-0.19402	0.561311	1.23314
1.417	0.238425	1.33474	-1.86535	-1.484	-0.19402	0.561311	1.23314
1.43	0.238425	1.33474	-1.86535	-1.484	-0.19402	0.561311	1.23314
1.443	0.238425	1.33474	-1.86535	-1.484	-0.19402	0.561311	1.23314
1.456	0.238425	1.33474	-1.86535	-1.484	-0.19402	0.561311	1.23314
1.469	0.238425	1.33474	-1.86535	-1.484	-0.19402	0.561311	1.23314
1.482	0.238425	1.33474	-1.86535	-1.484	-0.19402	0.561311	1.23314
1.495	0.238424	1.33474	-1.86535	-1.484	-0.19402	0.561311	1.23314
1.508	0.238424	1.33474	-1.86535	-1.484	-0.19402	0.561311	1.23314
1.521	0.238424	1.33474	-1.86535	-1.484	-0.19402	0.561311	1.23314
1.534	0.238424	1.33474	-1.86535	-1.484	-0.19402	0.561311	1.23314
1.547	0.238424	1.33474	-1.86535	-1.484	-0.19402	0.561311	1.23314
1.56	0.238424	1.33474	-1.86535	-1.484	-0.19402	0.561311	1.23314
1.573	0.238424	1.33474	-1.86535	-1.484	-0.194022	0.561311	1.23314
1.586	0.238423	1.33474	-1.86535	-1.484	-0.194022	0.561311	1.23314
1.599	0.238423	1.33474	-1.86535	-1.484	-0.194022	0.561311	1.23314
1.612	0.238423	1.33474	-1.86535	-1.484	-0.194022	0.561311	1.23314
1.625	0.238418	1.33474	-1.86535	-1.484	-0.194022	0.561311	1.23314
1.638	0.238406	1.33474	-1.86535	-1.484	-0.194022	0.561311	1.23314
1.651	0.238406	1.33474	-1.86535	-1.484	-0.19402	0.561311	1.23314
1.664	0.238406	1.33474	-1.86535	-1.484	-0.19402	0.561311	1.23314
1.677	0.238406	1.33474	-1.86535	-1.484	-0.19402	0.561311	1.23314
1.69	0.238406	1.33474	-1.86535	-1.484	-0.19402	0.561311	1.23314
1.703	0.238405	1.33474	-1.86535	-1.484	-0.194022	0.561311	1.23314
1.716	0.238405	1.33474	-1.86535	-1.484	-0.194022	0.561311	1.23314
1.729	0.238405	1.33474	-1.86535	-1.484	-0.194022	0.561311	1.23314
1.742	0.238404	1.33474	-1.86535	-1.484	-0.194022	0.561311	1.23314
1.755	0.238404	1.33474	-1.86535	-1.484	-0.194022	0.561309	1.23314
1.768	0.238372	1.33474	-1.86535	-1.484	-0.19402	0.561309	1.23314
1.781	0.238295	1.33474	-1.86535	-1.48399	-0.194022	0.561309	1.23314
1.794	0.238245	1.33473	-1.86535	-1.484	-0.194022	0.561311	1.23314
1.807	0.238181	1.33474	-1.86535	-1.484	-0.194024	0.561311	1.23314
1.82	0.238166	1.33474	-1.86535	-1.484	-0.194026	0.561309	1.23314
1.833	0.238133	1.33474	-1.86535	-1.484	-0.194026	0.561309	1.23314
1.846	0.238106	1.33474	-1.86535	-1.484	-0.194026	0.561309	1.23314
1.859	0.238084	1.33474	-1.86535	-1.484	-0.194026	0.561309	1.23314
1.872	0.238084	1.33474	-1.86535	-1.484	-0.194026	0.561309	1.23314
1.885	0.238053	1.33473	-1.86535	-1.484	-0.194026	0.561309	1.23314
1.898	0.237979	1.33473	-1.86535	-1.48399	-0.194026	0.561307	1.23314
1.911	0.237844	1.33474	-1.86535	-1.48399	-0.194026	0.561304	1.23314
1.924	0.237734	1.33473	-1.86535	-1.484	-0.194026	0.561302	1.23314
1.937	0.237621	1.33473	-1.86535	-1.484	-0.194026	0.5613	1.23314
1.95	0.237575	1.33473	-1.86535	-1.484	-0.194026	0.561299	1.23314
1.963	0.237502	1.33473	-1.86535	-1.484	-0.194026	0.561292	1.23314
1.976	0.237406	1.33473	-1.86535	-1.484	-0.194026	0.561287	1.23314
1.989	0.237309	1.33473	-1.86535	-1.484	-0.194026	0.56128	1.23314
2.002	0.237206	1.33473	-1.86535	-1.484	-0.194026	0.561271	1.23314
2.015	0.237206	1.33473	-1.86535	-1.484	-0.194026	0.561271	1.23314
2.028	0.237123	1.33473	-1.86535	-1.48401	-0.194026	0.56126	1.23314
2.041	0.236971	1.33473	-1.86535	-1.48401	-0.194028	0.561244	1.23314
2.054	0.236775	1.33474	-1.86535	-1.484	-0.194028	0.561208	1.23314
2.067	0.236601	1.33473	-1.86535	-1.48403	-0.194026	0.561161	1.23314
2.08	0.23643	1.33473	-1.86535	-1.48406	-0.194026	0.56113	1.23314
2.093	0.236322	1.33473	-1.86535	-1.4841	-0.194026	0.561123	1.23314
2.106	0.236188	1.33473	-1.86535	-1.48415	-0.194026	0.561118	1.23314
2.119	0.23608	1.33473	-1.86535	-1.48423	-0.194026	0.561116	1.23314
2.132	0.235977	1.33473	-1.86535	-1.48431	-0.194026	0.561116	1.23314
2.145	0.235977	1.33473	-1.86535	-1.48431	-0.194026	0.561116	1.23314
2.158	0.23589	1.33473	-1.86535	-1.4844	-0.194026	0.561115	1.23314
2.171	0.235773	1.33473	-1.86535	-1.48447	-0.194026	0.561115	1.23314
2.184	0.23561	1.33474	-1.86535	-1.48447	-0.194026	0.561113	1.23314
2.197	0.235511	1.33473	-1.86535	-1.48451	-0.194026	0.561111	1.23314
2.21	0.23543	1.33474	-1.86535	-1.4846	-0.194026	0.56111	1.23314
2.223	0.23541	1.33474	-1.86535	-1.48468	-0.194026	0.561106	1.23314
2.236	0.235361	1.33474	-1.86535	-1.48476	-0.194028	0.561104	1.23314
2.249	0.235297	1.33474	-1.86535	-1.48487	-0.19403	0.561103	1.23314
2.262	0.235236	1.33474	-1.86535	-1.48501	-0.194038	0.561101	1.23314
2.275	0.235183	1.33474	-1.86535	-1.48519	-0.194044	0.561099	1.23314
2.288	0.235183	1.33474	-1.86535	-1.48519	-0.194044	0.561099	1.23314
2.301	0.235149	1.33474	-1.86535	-1.48535	-0.194049	0.561099	1.23314
2.314	0.235044	1.33474	-1.86535	-1.48552	-0.194053	0.561099	1.23314
2.327	0.2349	1.33474	-1.86535	-1.48562	-0.194055	0.561098	1.23314
2.34	0.234749	1.33474	-1.86535	-1.48575	-0.194057	0.561098	1.23314
2.353	0.234597	1.33474	-1.86535	-1.48591	-0.194057	0.561098	1.23314
2.366	0.23448	1.33474	-1.86535	-1.48605	-0.194059	0.561098	1.23314
2.379	0.23433	1.33474	-1.86535	-1.48616	-0.194061	0.561098	1.23314
2.392	0.234179	1.33474	-1.86535	-1.48625	-0.194067	0.561098	1.23314
2.405	0.234016	1.33474	-1.86535	-1.48634	-0.194079	0.561098	1.23314
2.418	0.234016	1.33474	-1.86535	-1.48634	-0.194079	0.561098	1.23314
2.431	0.233877	1.33474	-1.86535	-1.48643	-0.194094	0.561098	1.23314
2.444	0.233712	1.33474	-1.86534	-1.48651	-0.194118	0.561098	1.23314
2.457	0.233514	1.33475	-1.86534	-1.48653	-0.194151	0.561096	1.23314
2.47	0.233341	1.33475	-1.86534	-1.48658	-0.194181	0.561094	1.23314
2.483	0.233157	1.33475	-1.86534	-1.48666	-0.194206	0.561094	1.23314
2.496	0.232963	1.33475	-1.86534	-1.4867	-0.194229	0.561094	1.23314
2.509	0.232729	1.33475	-1.86534	-1.48671	-0.194247	0.561094	1.23314
2.522	0.232491	1.33475	-1.86534	-1.48672	-0.194257	0.561094	1.23314
2.535	0.232255	1.33475	-1.86534	-1.48673	-0.194261	0.561094	1.23314
2.548	0.232027	1.33475	-1.86534	-1.48673	-0.194265	0.561094	1.23314
2.561	0.232027	1.33475	-1.86534	-1.48673	-0.194265	0.561094	1.23314
2.574	0.231834	1.33475	-1.86534	-1.48674	-0.194265	0.561094	1.23314
2.587	0.231596	1.33475	-1.86534	-1.48674	-0.194269	0.561094	1.23314
2.6	0.231345	1.33478	-1.86534	-1.48674	-0.194269	0.561094	1.23314
2.613	0.231104	1.33479	-1.86534	-1.48674	-0.194269	0.561094	1.23314
2.626	0.230851	1.3348	-1.86534	-1.48674	-0.194267	0.561094	1.23314
2.639	0.230629	1.3348	-1.86534	-1.48674	-0.194267	0.561094	1.23314
2.652	0.230411	1.3348	-1.86534	-1.48674	-0.194267	0.561094	1.23314
2.665	0.230197	1.3348	-1.86534	-1.48674	-0.194267	0.561096	1.23315
2.678	0.229987	1.3348	-1.86534	-1.48674	-0.194267	0.561096	1.23315
2.691	0.229987	1.3348	-1.86534	-1.48674	-0.194267	0.561096	1.23315
2.704	0.2298	1.3348	-1.86534	-1.48674	-0.194267	0.561096	1.23315
2.717	0.229593	1.33481	-1.86534	-1.48674	-0.194267	0.561096	1.23315
2.73	0.229336	1.33483	-1.86534	-1.48674	-0.194267	0.561096	1.23315
2.743	0.229063	1.33483	-1.86534	-1.48674	-0.194267	0.561094	1.23314
2.756	0.228746	1.33483	-1.86534	-1.48674	-0.194267	0.561094	1.23314
2.769	0.228436	1.33483	-1.86534	-1.48674	-0.194267	0.561094	1.23315
2.782	0.228102	1.33483	-1.86534	-1.48674	-0.194267	0.561094	1.23315
2.795	0.227737	1.33485	-1.86534	-1.48674	-0.194267	0.561094	1.23315
2.808	0.227373	1.33486	-1.86533	-1.48674	-0.194267	0.561094	1.23315
2.821	0.226933	1.33488	-1.86533	-1.48674	-0.194267	0.561094	1.23315
2.834	0.226933	1.33488	-1.86533	-1.48674	-0.194267	0.561094	1.23315
2.847	0.226469	1.33493	-1.86533	-1.48674	-0.194267	0.561094	1.23315
2.86	0.225926	1.33497	-1.86533	-1.48674	-0.194267	0.561096	1.23315
2.873	0.225283	1.33507	-1.86533	-1.48674	-0.194267	0.561096	1.23315
2.886	0.224618	1.33515	-1.86532	-1.48674	-0.194269	0.561096	1.23315
2.899	0.223923	1.33525	-1.86532	-1.48674	-0.194271	0.561096	1.23315
2.912	0.223209	1.33535	-1.86532	-1.48674	-0.194276	0.561094	1.23315
2.925	0.222463	1.33546	-1.86532	-1.48674	-0.19429	0.561094	1.23315
2.938	0.221692	1.33558	-1.86532	-1.48674	-0.194306	0.561096	1.23315
2.951	0.220862	1.33571	-1.86531	-1.48674	-0.194325	0.561096	1.23315
2.964	0.220862	1.33571	-1.86531	-1.48674	-0.194325	0.561096	1.23315
2.977	0.220074	1.33586	-1.86531	-1.48674	-0.194347	0.561096	1.23315
2.99	0.219247	1.33599	-1.86528	-1.48674	-0.19438	0.561096	1.23315
3.003	0.218293	1.33617	-1.86521	-1.48674	-0.194447	0.561096	1.23315
3.016	0.217327	1.33639	-1.8652	-1.48674	-0.194529	0.561096	1.23314
3.029	0.216257	1.33664	-1.86518	-1.48674	-0.194593	0.561096	1.23315
3.042	0.215237	1.33692	-1.86518	-1.48674	-0.194656	0.561096	1.23315
3.055	0.214155	1.33728	-1.86518	-1.48674	-0.194693	0.561096	1.23314
3.068	0.213095	1.33768	-1.86518	-1.48674	-0.194732	0.561096	1.23314
3.081	0.212042	1.33804	-1.86516	-1.48674	-0.194773	0.561096	1.23315
3.094	0.210972	1.33842	-1.86513	-1.48674	-0.19482	0.561096	1.23314
3.107	0.210972	1.33842	-1.86513	-1.48674	-0.19482	0.561096	1.23314
3.12	0.2099	1.33877	-1.86513	-1.48672	-0.194873	0.561096	1.23315
3.133	0.208748	1.33911	-1.86512	-1.48671	-0.194916	0.561096	1.23315
3.146	0.20753	1.33949	-1.8651	-1.4866	-0.194946	0.561096	1.23314
3.159	0.206341	1.33983	-1.8651	-1.48655	-0.194981	0.561096	1.23314
3.172	0.20518	1.34019	-1.86507	-1.48653	-0.195016	0.561096	1.23314
3.185	0.204094	1.34059	-1.86507	-1.48652	-0.195053	0.561096	1.23314
3.198	0.202951	1.34103	-1.86506	-1.48648	-0.195114	0.561096	1.23314
3.211	0.201809	1.34154	-1.86506	-1.48638	-0.195218	0.561096	1.23315
3.224	0.200629	1.34207	-1.86505	-1.48623	-0.195355	0.561096	1.23315
3.237	0.200629	1.34207	-1.86505	-1.48623	-0.195355	0.561096	1.23315
3.25	0.199521	1.34258	-1.86501	-1.48606	-0.195515	0.561096	1.23315
3.263	0.198342	1.34313	-1.86496	-1.48582	-0.195705	0.561096	1.23315
3.276	0.197077	1.34361	-1.86494	-1.48557	-0.195942	0.561096	1.23315
3.289	0.195735	1.34418	-1.86489	-1.48517	-0.196235	0.561096	1.23315
3.302	0.194372	1.34467	-1.86489	-1.4849	-0.196501	0.561096	1.23315
3.315	0.193072	1.34526	-1.86485	-1.48467	-0.196705	0.561096	1.23315
3.328	0.19182	1.34587	-1.86485	-1.48449	-0.196928	0.561096	1.23315
3.341	0.19051	1.34648	-1.86483	-1.48429	-0.197151	0.561096	1.23315
3.354	0.189234	1.34707	-1.86479	-1.48406	-0.197397	0.561096	1.23315
3.367	0.18796	1.34765	-1.86474	-1.48384	-0.197654	0.561096	1.23315
3.38	0.18796	1.34765	-1.86474	-1.48384	-0.197654	0.561096	1.23315
3.393	0.186665	1.34826	-1.86469	-1.48364	-0.197875	0.561096	1.23315
3.406	0.185281	1.34885	-1.86465	-1.48341	-0.198045	0.561096	1.23315
3.419	0.183867	1.34948	-1.86459	-1.48304	-0.19817	0.561096	1.23315
3.432	0.182446	1.35009	-1.86456	-1.4828	-0.198309	0.561096	1.23315
3.445	0.181048	1.35072	-1.86447	-1.4826	-0.198466	0.561098	1.23315
3.458	0.179767	1.35131	-1.86439	-1.4824	-0.198653	0.561096	1.23315
3.471	0.178374	1.35193	-1.86426	-1.4821	-0.19883	0.561096	1.23315
3.484	0.176975	1.35253	-1.86419	-1.48182	-0.19901	0.561096	1.23315
3.497	0.175574	1.35319	-1.86411	-1.48151	-0.199174	0.561098	1.23315
3.51	0.175574	1.35319	-1.86411	-1.48151	-0.199174	0.561098	1.23315
3.523	0.1742	1.35381	-1.86403	-1.48116	-0.199327	0.561098	1.23315
3.536	0.172818	1.3544	-1.86394	-1.48082	-0.199422	0.561098	1.23315
3.549	0.171408	1.35499	-1.8638	-1.48048	-0.199499	0.561098	1.23315
3.562	0.169929	1.35561	-1.86365	-1.48002	-0.199587	0.561098	1.23315
3.575	0.168517	1.35625	-1.86353	-1.47967	-0.199663	0.561098	1.23315
3.588	0.167109	1.35699	-1.8634	-1.47943	-0.199708	0.561098	1.23315
3.601	0.165787	1.3577	-1.86336	-1.47917	-0.199737	0.561098	1.23315
3.614	0.16447	1.35842	-1.8632	-1.47886	-0.199757	0.561098	1.23315
3.627	0.163076	1.35908	-1.86302	-1.47856	-0.199779	0.561098	1.23315
3.64	0.16172	1.3597	-1.86287	-1.47822	-0.199792	0.561098	1.23315
3.653	0.16172	1.3597	-1.86287	-1.47822	-0.199792	0.561098	1.23315
3.666	0.160379	1.36038	-1.86269	-1.47785	-0.199798	0.561098	1.23315
3.679	0.15892	1.36108	-1.86256	-1.47744	-0.199802	0.561099	1.23315
3.692	0.15743	1.36182	-1.86252	-1.47698	-0.199804	0.561099	1.23315
3.705	0.156017	1.36255	-1.86238	-1.4766	-0.199806	0.561099	1.23315
3.718	0.154614	1.36328	-1.86217	-1.4763	-0.199806	0.561099	1.23315
3.731	0.153283	1.36394	-1.86185	-1.47605	-0.199808	0.561099	1.23315
3.744	0.151928	1.3646	-1.8614	-1.47578	-0.199808	0.561099	1.23315
3.757	0.150556	1.36535	-1.86111	-1.47547	-0.199806	0.561099	1.23315
3.77	0.149189	1.36613	-1.86097	-1.4752	-0.199808	0.561099	1.23315
3.783	0.147816	1.36689	-1.86081	-1.47492	-0.199806	0.561099	1.23315
3.796	0.147816	1.36689	-1.86081	-1.47492	-0.199806	0.561099	1.23315
3.809	0.146486	1.36766	-1.86071	-1.47457	-0.199806	0.561099	1.23315
3.822	0.145134	1.36845	-1.86061	-1.4742	-0.199806	0.561099	1.23315
3.835	0.143671	1.36927	-1.86049	-1.47374	-0.199806	0.561099	1.23315
3.848	0.14226	1.37006	-1.8604	-1.47325	-0.199806	0.561099	1.23315
3.861	0.140906	1.37083	-1.86023	-1.47276	-0.199806	0.561101	1.23315
3.874	0.139512	1.37159	-1.86001	-1.47229	-0.199806	0.561099	1.23315
3.887	0.138139	1.37234	-1.85986	-1.47182	-0.199806	0.561099	1.23315
3.9	0.136724	1.37313	-1.85971	-1.47129	-0.199808	0.561099	1.23315
3.913	0.135215	1.37389	-1.85949	-1.47066	-0.199814	0.561099	1.23315
3.926	0.135215	1.37389	-1.85949	-1.47066	-0.199814	0.561099	1.23315
3.939	0.133723	1.37461	-1.85931	-1.46996	-0.199839	0.561099	1.23315
3.952	0.132168	1.3753	-1.8591	-1.4692	-0.199917	0.561101	1.23315
3.965	0.130569	1.37605	-1.85897	-1.46838	-0.200045	0.561101	1.23315
3.978	0.129035	1.37684	-1.85889	-1.46768	-0.200219	0.561101	1.23315
3.991	0.127455	1.37766	-1.85874	-1.467	-0.200424	0.561101	1.23315
4.004	0.1259	1.37842	-1.85857	-1.46625	-0.200653	0.561101	1.23315
4.017	0.124279	1.37915	-1.85833	-1.46543	-0.200859	0.561101	1.23315
4.03	0.122625	1.37988	-1.858	-1.46454	-0.201048	0.561101	1.23315
4.043	0.121035	1.38061	-1.8576	-1.46372	-0.201213	0.561101	1.23315
4.056	0.119344	1.38135	-1.85723	-1.46298	-0.20136	0.561101	1.23315
4.069	0.119344	1.38135	-1.85723	-1.46298	-0.20136	0.561101	1.23315
4.082	0.117656	1.38209	-1.85697	-1.4622	-0.201512	0.561101	1.23315
4.095	0.115795	1.38291	-1.85672	-1.46137	-0.201694	0.561101	1.23315
4.108	0.113939	1.38373	-1.85658	-1.46047	-0.201929	0.561101	1.23315
4.121	0.112038	1.38458	-1.85637	-1.45969	-0.202199	0.561101	1.23315
4.134	0.110131	1.38546	-1.85616	-1.45899	-0.202449	0.561101	1.23315
4.147	0.108261	1.38626	-1.85593	-1.45828	-0.202627	0.561101	1.23315
4.16	0.106328	1.3871	-1.85564	-1.45743	-0.202755	0.561101	1.23315
4.173	0.104415	1.38788	-1.85543	-1.45663	-0.20286	0.561101	1.23315
4.186	0.102479	1.3887	-1.85517	-1.45585	-0.202995	0.561101	1.23315
4.199	0.102479	1.3887	-1.85517	-1.45585	-0.202995	0.561101	1.23315
4.212	0.100536	1.38952	-1.85495	-1.45511	-0.203164	0.561101	1.23315
4.225	0.098493	1.39031	-1.85468	-1.45428	-0.203312	0.561103	1.23315
4.238	0.0963263	1.39111	-1.85442	-1.45335	-0.203434	0.561103	1.23315
4.251	0.0941915	1.39188	-1.85416	-1.45246	-0.203526	0.561103	1.23315
4.264	0.0920618	1.39266	-1.8538	-1.45169	-0.203598	0.561103	1.23315
4.277	0.0899922	1.3934	-1.85337	-1.45091	-0.203649	0.561103	1.23315
4.29	0.0878651	1.39414	-1.853	-1.45008	-0.203708	0.561103	1.23315
4.303	0.0857571	1.39486	-1.85269	-1.44919	-0.203776	0.561103	1.23315
4.316	0.0835968	1.39565	-1.85237	-1.44835	-0.203829	0.561103	1.23315
4.329	0.0815323	1.39648	-1.85212	-1.44755	-0.203882	0.561103	1.23315
4.342	0.0815323	1.39648	-1.85212	-1.44755	-0.203882	0.561103	1.23315
4.355	0.079386	1.39728	-1.85186	-1.44669	-0.203946	0.561103	1.23315
4.368	0.0771988	1.39805	-1.85154	-1.44577	-0.204034	0.561103	1.23315
4.381	0.0749656	1.39883	-1.85122	-1.44479	-0.204132	0.561103	1.23315
4.394	0.0727835	1.39957	-1.85093	-1.44398	-0.204236	0.561104	1.23315
4.407	0.0706359	1.40044	-1.85062	-1.4432	-0.204308	0.561104	1.23315
4.42	0.0685344	1.40122	-1.85033	-1.44244	-0.204361	0.561104	1.23315
4.433	0.066484	1.40202	-1.84987	-1.44157	-0.2044	0.561104	1.23315
4.446	0.0644003	1.40276	-1.84946	-1.44079	-0.20443	0.561104	1.23315
4.459	0.0624023	1.40358	-1.84915	-1.44004	-0.204484	0.561104	1.23315
4.472	0.0624023	1.40358	-1.84915	-1.44004	-0.204484	0.561104	1.23315
4.485	0.0603583	1.40446	-1.84888	-1.43932	-0.204541	0.561104	1.23315
4.498	0.058313	1.40533	-1.84866	-1.4386	-0.204574	0.561104	1.23315
4.511	0.0561616	1.4062	-1.84838	-1.43776	-0.204588	0.561104	1.23315
4.524	0.0540932	1.40702	-1.84811	-1.43696	-0.204608	0.561104	1.23315
4.537	0.0520121	1.4079	-1.84781	-1.43623	-0.204635	0.561104	1.23315
4.55	0.0500282	1.40877	-1.84751	-1.43554	-0.204653	0.561104	1.23315
4.563	0.0479969	1.40964	-1.84716	-1.43475	-0.204674	0.561104	1.23315
4.576	0.0460028	1.41045	-1.84678	-1.43391	-0.204698	0.561106	1.23315
4.589	0.0439293	1.41132	-1.84629	-1.43302	-0.204717	0.561106	1.23315
4.602	0.0419697	1.41215	-1.84579	-1.43222	-0.204739	0.561106	1.23315
4.615	0.0419697	1.41215	-1.84579	-1.43222	-0.204739	0.561106	1.23315
4.628	0.0399486	1.413	-1.84531	-1.43141	-0.204762	0.561106	1.23315
4.641	0.0378215	1.41382	-1.84493	-1.43058	-0.204803	0.561106	1.23315
4.654	0.035619	1.41465	-1.84454	-1.42956	-0.204891	0.561106	1.23315
4.667	0.0333973	1.41545	-1.84418	-1.42867	-0.205015	0.561106	1.23315
4.68	0.0312254	1.41636	-1.84384	-1.42782	-0.205177	0.561106	1.23315
4.693	0.0290536	1.41721	-1.84352	-1.42695	-0.205367	0.561106	1.23315
4.706	0.0268945	1.41805	-1.84316	-1.4259	-0.205619	0.561106	1.23315
4.719	0.0246677	1.41882	-1.84281	-1.42489	-0.205919	0.561106	1.23315
4.732	0.0224984	1.41966	-1.84241	-1.42389	-0.206236	0.561106	1.23315
4.745	0.0224984	1.41966	-1.84241	-1.42389	-0.206236	0.561106	1.23315
4.758	0.0202805	1.4205	-1.84195	-1.42284	-0.206596	0.561106	1.23315
4.771	0.0180166	1.42125	-1.8415	-1.42176	-0.206948	0.561106	1.23315
4.784	0.0156952	1.42214	-1.84109	-1.42059	-0.207288	0.561106	1.23315
4.797	0.0133239	1.423	-1.84077	-1.41944	-0.207642	0.561108	1.23315
4.81	0.0109858	1.42393	-1.84042	-1.4182	-0.208069	0.561108	1.23315
4.823	0.00859154	1.42483	-1.8401	-1.417	-0.208519	0.561108	1.23315
4.836	0.00633275	1.4257	-1.83979	-1.41585	-0.209053	0.561108	1.23315
4.849	0.00401005	1.42665	-1.83943	-1.41461	-0.209529	0.561108	1.23315
4.862	0.00166946	1.42753	-1.83913	-1.41331	-0.20984	0.561108	1.23315
4.875	-0.000630221	1.42848	-1.83882	-1.41201	-0.210078	0.561108	1.23315
4.888	-0.000630221	1.42848	-1.83882	-1.41201	-0.210078	0.561108	1.23315
4.901	-0.00305263	1.42934	-1.83851	-1.41072	-0.210249	0.561108	1.23315
4.914	-0.00551978	1.43016	-1.83808	-1.40927	-0.210407	0.561108	1.23315
4.927	-0.00804702	1.431	-1.83766	-1.40776	-0.210577	0.561108	1.23315
4.94	-0.0105845	1.43185	-1.83739	-1.40632	-0.210732	0.561108	1.23315
4.953	-0.0130836	1.43276	-1.83716	-1.4049	-0.210975	0.561108	1.23315
4.966	-0.0155852	1.43361	-1.83698	-1.4036	-0.211325	0.561108	1.23315
4.979	-0.0181035	1.43441	-1.83677	-1.4022	-0.211798	0.561108	1.23315
4.992	-0.0206308	1.43526	-1.8366	-1.40081	-0.212454	0.561108	1.23315
5.005	-0.0232398	1.43615	-1.83648	-1.39951	-0.213297	0.561108	1.23315
5.018	-0.0232398	1.43615	-1.83648	-1.39951	-0.213297	0.561108	1.23315
5.031	-0.0258246	1.437	-1.83633	-1.39811	-0.214162	0.561108	1.23315
5.044	-0.0283953	1.4378	-1.83617	-1.39674	-0.215207	0.561108	1.23315
5.057	-0.0310312	1.43858	-1.83602	-1.39538	-0.216426	0.561108	1.23315
5.07	-0.0337374	1.43943	-1.8359	-1.39381	-0.217414	0.561108	1.23315
5.083	-0.036386	1.4403	-1.83588	-1.39241	-0.218527	0.561108	1.23315
5.096	-0.0390679	1.44119	-1.83577	-1.39112	-0.219928	0.561108	1.23315
5.109	-0.0417728	1.44203	-1.83565	-1.38983	-0.221306	0.561108	1.23315
5.122	-0.0444011	1.4429	-1.83552	-1.3886	-0.22281	0.561108	1.23315
5.135	-0.0470676	1.44384	-1.83541	-1.38739	-0.223965	0.561108	1.23315
5.148	-0.0497291	1.44472	-1.83534	-1.38613	-0.22509	0.561108	1.23315
5.161	-0.0497291	1.44472	-1.83534	-1.38613	-0.22509	0.561108	1.23315
5.174	-0.0523113	1.44562	-1.83527	-1.38493	-0.226354	0.561108	1.23315
5.187	-0.0550111	1.44654	-1.83519	-1.38377	-0.227489	0.561108	1.23315
5.2	-0.057794	1.44741	-1.83515	-1.38242	-0.228651	0.561108	1.23315
5.213	-0.060591	1.4483	-1.83511	-1.38114	-0.229545	0.561108	1.23315
5.226	-0.0633445	1.44918	-1.83503	-1.37995	-0.23013	0.56111	1.23315
5.239	-0.0661107	1.45005	-1.83493	-1.37869	-0.230659	0.56111	1.23315
5.252	-0.0688451	1.45095	-1.83484	-1.37744	-0.231255	0.56111	1.23315
5.265	-0.0714707	1.45186	-1.83475	-1.37618	-0.231934	0.56111	1.23315
5.278	-0.0741999	1.45275	-1.83453	-1.37482	-0.232697	0.561111	1.23315
5.291	-0.0741999	1.45275	-1.83453	-1.37482	-0.232697	0.561111	1.23315
5.304	-0.0769125	1.45353	-1.83424	-1.3734	-0.233441	0.561111	1.23315
5.317	-0.0795765	1.45439	-1.83393	-1.37191	-0.234259	0.561111	1.23315
5.33	-0.0824706	1.45528	-1.83372	-1.37036	-0.234998	0.561111	1.23315
5.343	-0.085398	1.45618	-1.83367	-1.36875	-0.235566	0.561111	1.23315
5.356	-0.0882601	1.45715	-1.83361	-1.36712	-0.236059	0.561111	1.23314
5.369	-0.0910622	1.45807	-1.83352	-1.36553	-0.236507	0.561111	1.23314
5.382	-0.0938592	1.45903	-1.83347	-1.36404	-0.237055	0.561111	1.23314
5.395	-0.0966305	1.45999	-1.83347	-1.36253	-0.237726	0.561113	1.23314
5.408	-0.0993521	1.46094	-1.83346	-1.36105	-0.23852	0.561113	1.23314
5.421	-0.102164	1.46193	-1.83342	-1.3596	-0.23925	0.561113	1.23314
5.434	-0.102164	1.46193	-1.83342	-1.3596	-0.23925	0.561113	1.23314
5.447	-0.104964	1.46281	-1.83342	-1.35812	-0.239988	0.561113	1.23314
5.46	-0.107775	1.46381	-1.83342	-1.35668	-0.240794	0.561115	1.23314
5.473	-0.110557	1.46475	-1.83342	-1.35509	-0.241473	0.561115	1.23314
5.486	-0.113429	1.46566	-1.83341	-1.35362	-0.241919	0.561115	1.23314
5.499	-0.116189	1.46666	-1.83341	-1.35223	-0.242207	0.561115	1.23314
5.512	-0.118922	1.46761	-1.83341	-1.35082	-0.24249	0.561116	1.23314
5.525	-0.121735	1.46858	-1.83341	-1.34953	-0.24288	0.561116	1.23314
5.538	-0.124493	1.46949	-1.83341	-1.34825	-0.24339	0.561116	1.23314
5.551	-0.127269	1.47046	-1.83341	-1.34689	-0.244017	0.561116	1.23314
5.564	-0.129941	1.47137	-1.83341	-1.34556	-0.244725	0.561116	1.23314
5.577	-0.129941	1.47137	-1.83341	-1.34556	-0.244725	0.561116	1.23314
5.59	-0.132645	1.47225	-1.8334	-1.34426	-0.245349	0.561116	1.23314
5.603	-0.135384	1.47309	-1.8334	-1.34287	-0.245909	0.561116	1.23314
5.616	-0.138095	1.47396	-1.83341	-1.34143	-0.246652	0.561116	1.23314
5.629	-0.140885	1.47483	-1.83341	-1.34011	-0.247413	0.561118	1.23314
5.642	-0.143628	1.47565	-1.83341	-1.33873	-0.248026	0.561118	1.23314
5.655	-0.146256	1.4765	-1.83341	-1.33736	-0.248495	0.561118	1.23314
5.668	-0.148902	1.4773	-1.83341	-1.33592	-0.24899	0.56112	1.23314
5.681	-0.15155	1.478	-1.8334	-1.3344	-0.249603	0.56112	1.23314
5.694	-0.154136	1.47881	-1.83341	-1.33288	-0.250434	0.561121	1.23314
5.707	-0.154136	1.47881	-1.83341	-1.33288	-0.250434	0.561121	1.23314
5.72	-0.156789	1.47952	-1.83341	-1.33131	-0.251333	0.561123	1.23314
5.733	-0.159516	1.48017	-1.83341	-1.3298	-0.252164	0.561125	1.23314
5.746	-0.162221	1.4809	-1.83341	-1.32812	-0.253011	0.561127	1.23314
5.759	-0.16496	1.48146	-1.83341	-1.32651	-0.253782	0.561127	1.23314
5.772	-0.167622	1.48208	-1.83341	-1.32497	-0.254297	0.561128	1.23314
5.785	-0.170239	1.4827	-1.83341	-1.32337	-0.254567	0.561128	1.23314
5.798	-0.172868	1.48334	-1.83341	-1.32183	-0.254671	0.56113	1.23314
5.811	-0.175467	1.48389	-1.83341	-1.32028	-0.254684	0.56113	1.23314
5.824	-0.178082	1.48437	-1.83341	-1.31869	-0.254688	0.56113	1.23314
5.837	-0.180686	1.48483	-1.83341	-1.31715	-0.254692	0.56113	1.23314
5.85	-0.180686	1.48483	-1.83341	-1.31715	-0.254692	0.56113	1.23314
5.863	-0.183292	1.48519	-1.83341	-1.31556	-0.25469	0.561132	1.23314
5.876	-0.185874	1.48558	-1.83341	-1.31397	-0.25469	0.561132	1.23314
5.889	-0.188439	1.48602	-1.83342	-1.31226	-0.254688	0.561133	1.23314
5.902	-0.191016	1.48634	-1.83342	-1.31064	-0.254686	0.561133	1.23314
5.915	-0.193515	1.48673	-1.83342	-1.30902	-0.254686	0.561133	1.23314
5.928	-0.196006	1.48703	-1.83342	-1.30737	-0.254684	0.561133	1.23314
5.941	-0.198498	1.48729	-1.83342	-1.30584	-0.254684	0.561135	1.23314
5.954	-0.200894	1.48754	-1.83342	-1.3042	-0.254684	0.561135	1.23314
5.967	-0.20336	1.48775	-1.83342	-1.30264	-0.254684	0.561137	1.23314
5.98	-0.20336	1.48775	-1.83342	-1.30264	-0.254684	0.561137	1.23314
5.993	-0.205743	1.48795	-1.83342	-1.3011	-0.254684	0.561137	1.23314
6.006	-0.208102	1.48812	-1.83342	-1.29943	-0.254684	0.561137	1.23314
6.019	-0.210475	1.48824	-1.83342	-1.29783	-0.254684	0.561137	1.23314
6.032	-0.21279	1.48832	-1.83342	-1.29613	-0.254684	0.561137	1.23314
6.045	-0.215124	1.48835	-1.83342	-1.29448	-0.254684	0.561137	1.23314
6.058	-0.217419	1.48835	-1.83343	-1.29278	-0.254684	0.561139	1.23314
6.071	-0.219739	1.48834	-1.83344	-1.291	-0.254684	0.561139	1.23314
6.084	-0.222027	1.48833	-1.83345	-1.28926	-0.254684	0.561142	1.23314
6.097	-0.224286	1.48832	-1.83347	-1.28737	-0.25468	0.561144	1.23314
6.11	-0.226533	1.48831	-1.83349	-1.28557	-0.254676	0.561145	1.23314
6.123	-0.226533	1.48831	-1.83349	-1.28557	-0.254676	0.561145	1.23314
6.136	-0.228742	1.4883	-1.83349	-1.28367	-0.254676	0.561147	1.23314
6.149	-0.230991	1.48829	-1.8335	-1.28182	-0.254673	0.561149	1.23314
6.162	-0.233247	1.48829	-1.8335	-1.27979	-0.254673	0.561152	1.23314
6.175	-0.235463	1.48828	-1.83351	-1.27782	-0.254671	0.561154	1.23314
6.188	-0.237734	1.48827	-1.83351	-1.27581	-0.254671	0.561156	1.23314
6.201	-0.239907	1.48826	-1.83352	-1.27382	-0.254669	0.561159	1.23314
6.214	-0.242173	1.48826	-1.83352	-1.27177	-0.254669	0.561161	1.23314
6.227	-0.244358	1.48825	-1.83354	-1.26978	-0.254667	0.561162	1.23314
6.24	-0.246567	1.48825	-1.83354	-1.2677	-0.254667	0.561164	1.23314
6.253	-0.246567	1.48825	-1.83354	-1.2677	-0.254667	0.561164	1.23314
6.266	-0.248736	1.48824	-1.83356	-1.26575	-0.254667	0.561167	1.23314
6.279	-0.250926	1.48823	-1.83358	-1.26375	-0.254667	0.561171	1.23314
6.292	-0.253118	1.48821	-1.83365	-1.26189	-0.254667	0.561174	1.23314
6.305	-0.255321	1.48818	-1.83375	-1.25987	-0.254667	0.561195	1.23314
6.318	-0.257592	1.48817	-1.83388	-1.25805	-0.254667	0.561265	1.23314
6.331	-0.259835	1.48813	-1.83401	-1.25607	-0.254665	0.561565	1.23314
6.344	-0.262147	1.48811	-1.83423	-1.25418	-0.254665	0.562635	1.23314
6.357	-0.264454	1.48809	-1.83446	-1.25218	-0.254663	0.563748	1.23314
6.37	-0.266735	1.48807	-1.83477	-1.25024	-0.254661	0.564108	1.23314
6.383	-0.269065	1.48806	-1.83504	-1.24824	-0.254659	0.564218	1.23314
6.396	-0.269065	1.48806	-1.83504	-1.24824	-0.254659	0.564218	1.23314
6.409	-0.271341	1.48805	-1.83535	-1.24636	-0.254655	0.56423	1.23314
6.422	-0.273718	1.48802	-1.83563	-1.24444	-0.254653	0.564232	1.23314
6.435	-0.276102	1.48797	-1.83596	-1.24259	-0.254653	0.564232	1.23314
6.448	-0.278539	1.48792	-1.83625	-1.24065	-0.254651	0.56423	1.23314
6.461	-0.280964	1.48781	-1.83657	-1.23879	-0.254651	0.564229	1.23314
6.474	-0.283358	1.48772	-1.83697	-1.23672	-0.254651	0.564229	1.23314
6.487	-0.28577	1.4876	-1.83748	-1.2347	-0.254651	0.564229	1.23314
6.5	-0.288158	1.48745	-1.83787	-1.23253	-0.254651	0.564229	1.23314
6.513	-0.290512	1.48724	-1.83823	-1.23044	-0.254651	0.564229	1.23314
6.526	-0.290512	1.48724	-1.83823	-1.23044	-0.254651	0.564229	1.23314
6.539	-0.292907	1.48702	-1.83862	-1.22829	-0.254649	0.564229	1.23314
6.552	-0.295238	1.48677	-1.83914	-1.2262	-0.254647	0.564229	1.23314
6.565	-0.297729	1.48648	-1.83964	-1.22413	-0.254647	0.564229	1.23314
6.578	-0.300146	1.48614	-1.84022	-1.22206	-0.254645	0.564229	1.23314
6.591	-0.302634	1.48582	-1.84081	-1.21998	-0.254643	0.564229	1.23314
6.604	-0.30506	1.48553	-1.84147	-1.21794	-0.254643	0.564229	1.23314
6.617	-0.307497	1.48519	-1.842	-1.21589	-0.254641	0.564229	1.23314
6.63	-0.309908	1.48485	-1.84245	-1.21382	-0.254639	0.564229	1.23314
6.643	-0.312358	1.48443	-1.84295	-1.2118	-0.254637	0.56423	1.23314
6.656	-0.314704	1.48402	-1.84341	-1.20966	-0.254635	0.56423	1.23314
6.669	-0.314704	1.48402	-1.84341	-1.20966	-0.254635	0.56423	1.23314
6.682	-0.317205	1.48356	-1.84384	-1.2077	-0.254635	0.564232	1.23314
6.695	-0.319675	1.4831	-1.84435	-1.20571	-0.254633	0.564237	1.23314
6.708	-0.322215	1.48265	-1.84494	-1.20374	-0.254631	0.564256	1.23314
6.721	-0.324742	1.4822	-1.84556	-1.20172	-0.254631	0.564322	1.23314
6.734	-0.327233	1.48168	-1.84609	-1.19976	-0.254631	0.564457	1.23314
6.747	-0.329664	1.48118	-1.84661	-1.19773	-0.254628	0.564667	1.23314
6.76	-0.33212	1.48062	-1.84718	-1.19578	-0.254628	0.564963	1.23314
6.773	-0.334501	1.4801	-1.84779	-1.1937	-0.254626	0.565527	1.23314
6.786	-0.336961	1.47949	-1.84841	-1.19176	-0.254624	0.566801	1.23314
6.799	-0.33934	1.47892	-1.8491	-1.18978	-0.254622	0.567895	1.23314
6.812	-0.33934	1.47892	-1.8491	-1.18978	-0.254622	0.567895	1.23314
6.825	-0.341709	1.47828	-1.84982	-1.18789	-0.25462	0.568346	1.23314
6.838	-0.344092	1.4776	-1.85046	-1.18595	-0.254618	0.568614	1.23314
6.851	-0.346421	1.47691	-1.85119	-1.18405	-0.254616	0.568674	1.23314
6.864	-0.348789	1.47623	-1.85194	-1.18215	-0.254614	0.568679	1.23314
6.877	-0.351123	1.4755	-1.85273	-1.1804	-0.254612	0.568679	1.23314
6.89	-0.353382	1.47485	-1.85349	-1.17857	-0.254612	0.568679	1.23314
6.903	-0.355725	1.47408	-1.85417	-1.17685	-0.25461	0.568676	1.23314
6.916	-0.357935	1.47336	-1.85485	-1.17505	-0.25461	0.568676	1.23314
6.929	-0.360278	1.47263	-1.85544	-1.17325	-0.25461	0.568676	1.23314
6.942	-0.360278	1.47263	-1.85544	-1.17325	-0.25461	0.568676	1.23314
6.955	-0.362546	1.47194	-1.85604	-1.17148	-0.25461	0.568676	1.23314
6.968	-0.364859	1.47129	-1.85666	-1.16963	-0.25461	0.568676	1.23314
6.981	-0.367182	1.47069	-1.85727	-1.16785	-0.25461	0.568676	1.23314
6.994	-0.369507	1.47008	-1.85776	-1.166	-0.25461	0.568676	1.23314
7.007	-0.371816	1.46942	-1.85822	-1.16425	-0.254608	0.568676	1.23314
7.02	-0.374156	1.46877	-1.85863	-1.16238	-0.254608	0.568676	1.23314
7.033	-0.376545	1.46812	-1.85901	-1.16051	-0.254608	0.568676	1.23314
7.046	-0.37892	1.46746	-1.8594	-1.15858	-0.254606	0.568676	1.23314
7.059	-0.381289	1.4668	-1.85983	-1.15663	-0.254604	0.568676	1.23314
7.072	-0.383642	1.4662	-1.86024	-1.15458	-0.254604	0.568676	1.23314
7.085	-0.383642	1.4662	-1.86024	-1.15458	-0.254604	0.568676	1.23314
7.098	-0.385946	1.46556	-1.8608	-1.1526	-0.254602	0.568676	1.23314
7.111	-0.388307	1.46501	-1.86131	-1.15053	-0.254602	0.568676	1.23314
7.124	-0.390641	1.46429	-1.86169	-1.14854	-0.2546	0.568676	1.23314
7.137	-0.392933	1.46363	-1.86206	-1.14642	-0.2546	0.568676	1.23314
7.15	-0.395291	1.46293	-1.86249	-1.14449	-0.2546	0.568676	1.23314
7.163	-0.397577	1.46226	-1.86292	-1.14244	-0.254598	0.568676	1.23314
7.176	-0.39991	1.46153	-1.86335	-1.14047	-0.254598	0.568676	1.23314
7.189	-0.40218	1.46078	-1.86374	-1.13838	-0.254598	0.568674	1.23314
7.202	-0.404382	1.46003	-1.86415	-1.13637	-0.254596	0.568676	1.23314
7.215	-0.404382	1.46003	-1.86415	-1.13637	-0.254596	0.568676	1.23314
7.228	-0.406613	1.45934	-1.86458	-1.13435	-0.254596	0.568676	1.23314
7.241	-0.408812	1.45866	-1.86508	-1.13243	-0.254594	0.568676	1.23314
7.254	-0.411057	1.45793	-1.86542	-1.13038	-0.254594	0.568676	1.23314
7.267	-0.413215	1.45712	-1.8657	-1.12848	-0.254592	0.568676	1.23314
7.28	-0.415448	1.45636	-1.86593	-1.12654	-0.25459	0.568674	1.23314
7.293	-0.417584	1.45556	-1.8662	-1.12468	-0.254588	0.568674	1.23314
7.306	-0.419774	1.45486	-1.86644	-1.12268	-0.254586	0.568674	1.23314
7.319	-0.421887	1.45407	-1.8667	-1.12077	-0.254581	0.568674	1.23314
7.332	-0.423999	1.45333	-1.86685	-1.11869	-0.254577	0.568674	1.23314
7.345	-0.426089	1.45257	-1.86698	-1.11668	-0.254575	0.568674	1.23314
7.358	-0.426089	1.45257	-1.86698	-1.11668	-0.254575	0.568674	1.23314
7.371	-0.428149	1.45183	-1.86714	-1.11457	-0.254571	0.568674	1.23314
7.384	-0.430219	1.45105	-1.86732	-1.11254	-0.254569	0.568676	1.23314
7.397	-0.432309	1.4503	-1.86752	-1.11035	-0.254567	0.568676	1.23314
7.41	-0.434417	1.44949	-1.86769	-1.10827	-0.254565	0.568676	1.23314
7.423	-0.436526	1.44866	-1.8678	-1.1061	-0.254563	0.568676	1.23314
7.436	-0.438616	1.44787	-1.86799	-1.10395	-0.254561	0.568676	1.23314
7.449	-0.440716	1.44705	-1.86817	-1.10178	-0.254561	0.568676	1.23314
7.462	-0.442778	1.44632	-1.86841	-1.09947	-0.254559	0.568676	1.23314
7.475	-0.444825	1.4455	-1.86872	-1.09725	-0.254557	0.568676	1.23314
7.488	-0.444825	1.4455	-1.86872	-1.09725	-0.254557	0.568676	1.23314
7.501	-0.446901	1.4447	-1.86895	-1.09496	-0.254557	0.568676	1.23314
7.514	-0.448942	1.44385	-1.86914	-1.0928	-0.254555	0.568676	1.23314
7.527	-0.451043	1.44298	-1.86929	-1.09055	-0.254553	0.568676	1.23314
7.54	-0.453131	1.44208	-1.86942	-1.08845	-0.254549	0.568676	1.23314
7.553	-0.455262	1.44119	-1.86952	-1.08633	-0.254547	0.568676	1.23314
7.566	-0.457374	1.44026	-1.86964	-1.08426	-0.254545	0.568676	1.23314
7.579	-0.459522	1.43938	-1.86975	-1.08219	-0.254541	0.568676	1.23314
7.592	-0.46161	1.43843	-1.86989	-1.08009	-0.254539	0.568676	1.23314
7.605	-0.463693	1.43752	-1.86997	-1.078	-0.254536	0.568676	1.23314
7.618	-0.465782	1.43659	-1.87005	-1.07591	-0.254534	0.568676	1.23314
7.631	-0.465782	1.43659	-1.87005	-1.07591	-0.254534	0.568676	1.23314
7.644	-0.467841	1.43562	-1.87016	-1.07389	-0.25453	0.568676	1.23314
7.657	-0.469945	1.43469	-1.87026	-1.07179	-0.254528	0.568676	1.23314
7.67	-0.472021	1.43369	-1.87032	-1.06975	-0.254528	0.568676	1.23314
7.683	-0.474192	1.43277	-1.87034	-1.06766	-0.254526	0.568674	1.23314
7.696	-0.476266	1.43176	-1.87041	-1.06568	-0.254524	0.568676	1.23314
7.709	-0.478413	1.43085	-1.87042	-1.06354	-0.254524	0.568676	1.23314
7.722	-0.480481	1.42985	-1.87047	-1.06149	-0.254522	0.568676	1.23314
7.735	-0.482567	1.42893	-1.87046	-1.05925	-0.254522	0.568676	1.23314
7.748	-0.484602	1.42801	-1.87049	-1.05713	-0.25452	0.568676	1.23314
7.761	-0.484602	1.42801	-1.87049	-1.05713	-0.25452	0.568676	1.23314
7.774	-0.48666	1.42711	-1.87049	-1.05494	-0.254518	0.568674	1.23314
7.787	-0.488687	1.42621	-1.87048	-1.0528	-0.254516	0.568676	1.23314
7.8	-0.490734	1.42532	-1.87048	-1.05068	-0.254514	0.568674	1.23314
7.813	-0.492839	1.42448	-1.87048	-1.04855	-0.25451	0.568674	1.23314
7.826	-0.494921	1.42358	-1.87048	-1.04646	-0.254508	0.568674	1.23314
7.839	-0.497024	1.42271	-1.87048	-1.04436	-0.254504	0.568674	1.23314
7.852	-0.499105	1.42192	-1.87048	-1.0423	-0.2545	0.568674	1.23314
7.865	-0.501196	1.42113	-1.87048	-1.04015	-0.254496	0.568674	1.23314
7.878	-0.503215	1.42036	-1.87047	-1.03802	-0.254491	0.568674	1.23314
7.891	-0.505301	1.4196	-1.87047	-1.03587	-0.254487	0.568674	1.23314
7.904	-0.505301	1.4196	-1.87047	-1.03587	-0.254487	0.568674	1.23314
7.917	-0.507284	1.41882	-1.87047	-1.03376	-0.254485	0.568676	1.23314
7.93	-0.509372	1.41809	-1.87047	-1.03159	-0.254485	0.568674	1.23314
7.943	-0.511386	1.41728	-1.87047	-1.02945	-0.254483	0.568676	1.23314
7.956	-0.513524	1.41648	-1.87047	-1.02737	-0.254481	0.568676	1.23314
7.969	-0.515558	1.41574	-1.87047	-1.02531	-0.254477	0.568676	1.23314
7.982	-0.517697	1.41496	-1.87047	-1.02328	-0.254475	0.568676	1.23314
7.995	-0.519742	1.41419	-1.87047	-1.02119	-0.254473	0.568676	1.23314
8.008	-0.52182	1.41346	-1.87047	-1.01906	-0.254469	0.568676	1.23314
8.021	-0.523839	1.4127	-1.87047	-1.01691	-0.254465	0.568676	1.23314
8.034	-0.523839	1.4127	-1.87047	-1.01691	-0.254465	0.568676	1.23314
8.047	-0.525865	1.41193	-1.87047	-1.0148	-0.254461	0.568676	1.23314
8.06	-0.527868	1.41118	-1.87047	-1.01263	-0.254455	0.568676	1.23314
8.073	-0.529833	1.41039	-1.87047	-1.01056	-0.254453	0.568677	1.23314
8.086	-0.531882	1.40958	-1.87047	-1.00844	-0.254448	0.568676	1.23314
8.099	-0.533875	1.40883	-1.87047	-1.00634	-0.254446	0.568676	1.23314
8.112	-0.535905	1.40803	-1.87047	-1.00427	-0.254442	0.568676	1.23314
8.125	-0.537868	1.4073	-1.87047	-1.00216	-0.25444	0.568676	1.23314
8.138	-0.539858	1.40653	-1.87047	-1.00007	-0.25444	0.568676	1.23314
8.151	-0.541743	1.40579	-1.87047	-0.997944	-0.254438	0.568676	1.23314
8.164	-0.543686	1.40504	-1.87047	-0.995909	-0.254438	0.568676	1.23314
8.177	-0.543686	1.40504	-1.87047	-0.995909	-0.254438	0.568676	1.23314
8.19	-0.545549	1.40431	-1.87047	-0.993811	-0.254436	0.568676	1.23314
8.203	-0.547467	1.40352	-1.87047	-0.991817	-0.254434	0.568676	1.23314
8.216	-0.549321	1.40284	-1.87047	-0.989656	-0.254432	0.568676	1.23314
8.229	-0.551237	1.40204	-1.87047	-0.987665	-0.254428	0.568676	1.23314
8.242	-0.553116	1.40131	-1.87047	-0.985588	-0.254418	0.568676	1.23314
8.255	-0.555012	1.40056	-1.87047	-0.983602	-0.254408	0.568676	1.23314
8.268	-0.556912	1.39985	-1.87046	-0.98146	-0.254371	0.568676	1.23314
8.281	-0.558791	1.39909	-1.87046	-0.979392	-0.254316	0.568676	1.23314
8.294	-0.560689	1.39842	-1.87046	-0.977171	-0.254256	0.568676	1.23314
8.307	-0.562537	1.39767	-1.87046	-0.97504	-0.254226	0.568677	1.23314
8.32	-0.562537	1.39767	-1.87046	-0.97504	-0.254226	0.568677	1.23314
8.333	-0.564458	1.397	-1.87045	-0.972807	-0.254191	0.568679	1.23314
8.346	-0.566307	1.39632	-1.87045	-0.970622	-0.254162	0.568682	1.23314
8.359	-0.568253	1.39564	-1.87045	-0.968364	-0.254109	0.568686	1.23314
8.372	-0.570096	1.39495	-1.87044	-0.966102	-0.254052	0.568699	1.23314
8.385	-0.572042	1.3943	-1.87042	-0.963883	-0.254027	0.568776	1.23314
8.398	-0.573881	1.39369	-1.87041	-0.961526	-0.254017	0.569219	1.23314
8.411	-0.575758	1.39307	-1.87041	-0.959236	-0.253996	0.570763	1.23314
8.424	-0.577574	1.3925	-1.87039	-0.956856	-0.253943	0.572596	1.23314
8.437	-0.579341	1.39196	-1.87039	-0.954512	-0.253864	0.57465	1.23314
8.45	-0.579341	1.39196	-1.87039	-0.954512	-0.253864	0.57465	1.23314
8.463	-0.581074	1.39141	-1.87039	-0.952204	-0.253747	0.576783	1.23314
8.476	-0.582781	1.39088	-1.87037	-0.949868	-0.253587	0.579144	1.23314
8.489	-0.584472	1.39031	-1.87036	-0.947582	-0.253461	0.581012	1.23314
8.502	-0.586125	1.38976	-1.87035	-0.945245	-0.253403	0.582996	1.23314
8.515	-0.58776	1.38923	-1.87035	-0.943034	-0.253358	0.584165	1.23314
8.528	-0.589387	1.38867	-1.87034	-0.940838	-0.253313	0.5847	1.23314
8.541	-0.591022	1.38819	-1.87033	-0.938657	-0.253279	0.585166	1.23314
8.554	-0.59263	1.38766	-1.87033	-0.936494	-0.25326	0.586115	1.23314
8.567	-0.594219	1.38717	-1.87032	-0.934328	-0.25324	0.586971	1.23314
8.58	-0.595847	1.38667	-1.87031	-0.932197	-0.25316	0.587117	1.23314
8.593	-0.595847	1.38667	-1.87031	-0.932197	-0.25316	0.587117	1.23314
8.606	-0.597423	1.38615	-1.87029	-0.929946	-0.252945	0.587126	1.23314
8.619	-0.599027	1.38565	-1.87024	-0.927749	-0.252647	0.587131	1.23314
8.632	-0.60063	1.38517	-1.87021	-0.925408	-0.25226	0.587136	1.23314
8.645	-0.602195	1.38466	-1.87019	-0.923156	-0.251786	0.587143	1.23314
8.658	-0.603772	1.38415	-1.87015	-0.920848	-0.251256	0.58715	1.23314
8.671	-0.60529	1.38361	-1.8701	-0.918546	-0.250775	0.587162	1.23314
8.684	-0.606919	1.38308	-1.87001	-0.916314	-0.250266	0.587173	1.23314
8.697	-0.608508	1.38249	-1.86995	-0.913926	-0.249542	0.587184	1.23314
8.71	-0.610124	1.38191	-1.8699	-0.911645	-0.248658	0.587202	1.23314
8.723	-0.610124	1.38191	-1.8699	-0.911645	-0.248658	0.587202	1.23314
8.736	-0.611759	1.38132	-1.86985	-0.909275	-0.247924	0.587264	1.23314
8.749	-0.613372	1.38072	-1.86981	-0.906952	-0.247413	0.587417	1.23314
8.762	-0.615087	1.38007	-1.86975	-0.904641	-0.246969	0.587629	1.23314
8.775	-0.616723	1.37941	-1.86969	-0.902209	-0.246439	0.587867	1.23314
8.788	-0.618382	1.37879	-1.86962	-0.899869	-0.245889	0.588314	1.23314
8.801	-0.620023	1.37813	-1.86959	-0.897445	-0.245251	0.589082	1.23314
8.814	-0.621624	1.37749	-1.86956	-0.895069	-0.244735	0.590899	1.23314
8.827	-0.62325	1.37687	-1.86953	-0.892774	-0.244283	0.592512	1.23314
8.84	-0.624847	1.37628	-1.86952	-0.89043	-0.243821	0.594581	1.23314
8.853	-0.626483	1.3757	-1.8695	-0.888241	-0.243332	0.596556	1.23314
8.866	-0.626483	1.3757	-1.8695	-0.888241	-0.243332	0.596556	1.23314
8.879	-0.628113	1.37508	-1.86947	-0.885913	-0.242745	0.598803	1.23314
8.892	-0.629723	1.37448	-1.86944	-0.88363	-0.242091	0.600478	1.23314
8.905	-0.631386	1.37388	-1.86941	-0.881301	-0.241512	0.602287	1.23314
8.918	-0.633019	1.37328	-1.86939	-0.879005	-0.24105	0.603534	1.23314
8.931	-0.634742	1.37277	-1.86932	-0.876832	-0.240544	0.604039	1.23314
8.944	-0.636437	1.37227	-1.86929	-0.874598	-0.239888	0.604208	1.23314
8.957	-0.638176	1.37178	-1.86926	-0.872473	-0.239068	0.604219	1.23314
8.97	-0.639936	1.37133	-1.86922	-0.870191	-0.238178	0.604216	1.23314
8.983	-0.641706	1.37088	-1.86917	-0.86795	-0.237247	0.604216	1.23314
8.996	-0.641706	1.37088	-1.86917	-0.86795	-0.237247	0.604216	1.23314
9.009	-0.643496	1.37041	-1.86912	-0.865623	-0.236196	0.604216	1.23314
9.022	-0.645287	1.37004	-1.8691	-0.863198	-0.235282	0.604218	1.23314
9.035	-0.647067	1.36963	-1.8691	-0.860787	-0.234599	0.604216	1.23314
9.048	-0.648922	1.36924	-1.86907	-0.858321	-0.233873	0.604216	1.23314
9.061	-0.65081	1.36887	-1.86906	-0.855879	-0.233036	0.604216	1.23314
9.074	-0.65271	1.36849	-1.86904	-0.85353	-0.232112	0.604216	1.23314
9.087	-0.654705	1.36815	-1.86901	-0.851169	-0.231144	0.604216	1.23314
9.1	-0.656656	1.3678	-1.86901	-0.848889	-0.23021	0.604216	1.23314
9.113	-0.658694	1.36747	-1.86899	-0.846585	-0.2294	0.604216	1.23314
9.126	-0.660628	1.36711	-1.86897	-0.844259	-0.228806	0.604216	1.23314
9.139	-0.660628	1.36711	-1.86897	-0.844259	-0.228806	0.604216	1.23314
9.152	-0.662657	1.36672	-1.86894	-0.841989	-0.228299	0.604216	1.23314
9.165	-0.6646	1.36628	-1.86891	-0.839609	-0.2277	0.604216	1.23314
9.178	-0.666586	1.36586	-1.86887	-0.837243	-0.227101	0.604216	1.23314
9.191	-0.668573	1.36541	-1.86887	-0.834864	-0.226381	0.604216	1.23314
9.204	-0.670588	1.36497	-1.86886	-0.832509	-0.225696	0.604216	1.23314
9.217	-0.672588	1.36448	-1.86886	-0.830185	-0.225072	0.604216	1.23314
9.23	-0.674617	1.36399	-1.86886	-0.827737	-0.224376	0.604216	1.23314
9.243	-0.676603	1.36344	-1.86886	-0.825296	-0.223722	0.604216	1.23314
9.256	-0.678569	1.36288	-1.86886	-0.82272	-0.22319	0.604216	1.23314
9.269	-0.678569	1.36288	-1.86886	-0.82272	-0.22319	0.604216	1.23314
9.282	-0.680479	1.36227	-1.86886	-0.820164	-0.222814	0.604216	1.23314
9.295	-0.682424	1.36167	-1.86886	-0.81769	-0.222544	0.604216	1.23314
9.308	-0.684334	1.36105	-1.86886	-0.815157	-0.222313	0.604216	1.23314
9.321	-0.68625	1.36038	-1.86887	-0.812636	-0.22209	0.604216	1.23314
9.334	-0.688187	1.35966	-1.86886	-0.810223	-0.221832	0.604216	1.23314
9.347	-0.690162	1.359	-1.86886	-0.80771	-0.221523	0.604216	1.23314
9.36	-0.692072	1.35829	-1.86886	-0.805264	-0.221075	0.604216	1.23314
9.373	-0.694053	1.35765	-1.86886	-0.802787	-0.220529	0.604216	1.23314
9.386	-0.695962	1.35704	-1.86886	-0.800252	-0.219901	0.604218	1.23314
9.399	-0.697909	1.35642	-1.86886	-0.797823	-0.219347	0.604235	1.23314
9.412	-0.697909	1.35642	-1.86886	-0.797823	-0.219347	0.604235	1.23314
9.425	-0.699824	1.35577	-1.86885	-0.795338	-0.21887	0.604301	1.23314
9.438	-0.701787	1.35512	-1.86883	-0.792851	-0.218339	0.604656	1.23314
9.451	-0.70372	1.3545	-1.86879	-0.79036	-0.217752	0.60591	1.23314
9.464	-0.705677	1.3539	-1.86878	-0.7878	-0.217044	0.607286	1.23314
9.477	-0.707563	1.35329	-1.86875	-0.785232	-0.216434	0.607993	1.23314
9.49	-0.709526	1.35276	-1.86869	-0.78272	-0.215954	0.60868	1.23314
9.503	-0.711413	1.35219	-1.86867	-0.780159	-0.215416	0.610183	1.23314
9.516	-0.713351	1.35166	-1.86863	-0.777708	-0.214712	0.611393	1.23314
9.529	-0.715264	1.35109	-1.86855	-0.775271	-0.213786	0.612009	1.23314
9.542	-0.715264	1.35109	-1.86855	-0.775271	-0.213786	0.612009	1.23314
9.555	-0.717192	1.35057	-1.86843	-0.772789	-0.212859	0.612709	1.23314
9.568	-0.719057	1.35005	-1.86839	-0.770407	-0.211879	0.614192	1.23314
9.581	-0.72099	1.34956	-1.86835	-0.768014	-0.210701	0.615266	1.23314
9.594	-0.722827	1.34911	-1.86831	-0.765548	-0.209746	0.615835	1.23314
9.607	-0.724721	1.34866	-1.86824	-0.763215	-0.209075	0.616207	1.23314
9.62	-0.726535	1.34825	-1.8682	-0.760792	-0.208468	0.616563	1.23314
9.633	-0.728436	1.34782	-1.86816	-0.758539	-0.207879	0.617555	1.23314
9.646	-0.730287	1.34745	-1.86812	-0.756151	-0.207374	0.618538	1.23314
9.659	-0.732186	1.34704	-1.8681	-0.753857	-0.206926	0.618762	1.23314
9.672	-0.734044	1.34661	-1.86804	-0.751543	-0.206611	0.618762	1.23314
9.685	-0.734044	1.34661	-1.86804	-0.751543	-0.206611	0.618762	1.23314
9.698	-0.735941	1.34621	-1.86797	-0.749206	-0.206286	0.61876	1.23314
9.711	-0.737765	1.34575	-1.86798	-0.746886	-0.205944	0.61876	1.23314
9.724	-0.739616	1.34528	-1.86798	-0.74445	-0.205611	0.61876	1.23314
9.737	-0.741401	1.34476	-1.86798	-0.741961	-0.205257	0.61876	1.23314
9.75	-0.743176	1.34419	-1.86799	-0.739563	-0.20487	0.618762	1.23314
9.763	-0.744943	1.34363	-1.86799	-0.737044	-0.204574	0.618762	1.23314
9.776	-0.746688	1.34299	-1.86799	-0.734617	-0.204363	0.618762	1.23314
9.789	-0.748527	1.34236	-1.86799	-0.732253	-0.204128	0.618762	1.23314
9.802	-0.750266	1.34173	-1.86799	-0.729827	-0.203868	0.618762	1.23314
9.815	-0.752094	1.34108	-1.86799	-0.727569	-0.203623	0.618762	1.23314
9.828	-0.752094	1.34108	-1.86799	-0.727569	-0.203623	0.618762	1.23314
9.841	-0.753835	1.34042	-1.86799	-0.725127	-0.203394	0.618762	1.23314
9.854	-0.755604	1.33976	-1.86799	-0.722769	-0.203191	0.618763	1.23314
9.867	-0.757324	1.33912	-1.86799	-0.720307	-0.203027	0.618763	1.23314
9.88	-0.759002	1.33849	-1.86798	-0.717879	-0.202841	0.618765	1.23314
9.893	-0.760663	1.33788	-1.86799	-0.715557	-0.202627	0.618768	1.23314
9.906	-0.762317	1.3373	-1.86799	-0.713224	-0.202389	0.618777	1.23314
9.919	-0.763957	1.33672	-1.86799	-0.71093	-0.202168	0.618806	1.23314
9.932	-0.765584	1.33615	-1.86798	-0.708622	-0.201997	0.618906	1.23314
9.945	-0.767192	1.33559	-1.86797	-0.706296	-0.201831	0.61914	1.23314
9.958	-0.767192	1.33559	-1.86797	-0.706296	-0.201831	0.61914	1.23314
9.971	-0.768799	1.33508	-1.86797	-0.703977	-0.20169	0.6196	1.23314
9.984	-0.770392	1.33456	-1.86797	-0.701624	-0.201555	0.620459	1.23314
9.997	-0.772005	1.33407	-1.86797	-0.699326	-0.201481	0.622005	1.23314
10.01	-0.773583	1.33359	-1.86797	-0.697082	-0.20145	0.623181	1.23314
10.023	-0.775146	1.33317	-1.86797	-0.694868	-0.201438	0.623868	1.23314
10.036	-0.776656	1.33272	-1.86797	-0.692749	-0.201428	0.624683	1.23314
10.049	-0.77814	1.33233	-1.86796	-0.690599	-0.201422	0.626106	1.23314
10.062	-0.779667	1.33194	-1.86795	-0.688573	-0.201412	0.626957	1.23314
10.075	-0.781146	1.33151	-1.86789	-0.686376	-0.201342	0.62718	1.23314
10.088	-0.782555	1.33108	-1.86776	-0.684274	-0.201264	0.627207	1.23314
10.101	-0.782555	1.33108	-1.86776	-0.684274	-0.201264	0.627207	1.23314
10.114	-0.783989	1.33068	-1.86766	-0.682036	-0.201166	0.627204	1.23314
10.127	-0.78537	1.33028	-1.86762	-0.679892	-0.201031	0.6272	1.23314
10.14	-0.786821	1.32992	-1.86753	-0.677779	-0.200763	0.6272	1.23314
10.153	-0.788154	1.32953	-1.86748	-0.675621	-0.200426	0.627198	1.23314
10.166	-0.78957	1.32919	-1.8674	-0.673557	-0.200117	0.627198	1.23314
10.179	-0.790954	1.32887	-1.86731	-0.67143	-0.199816	0.627198	1.23314
10.192	-0.792324	1.32857	-1.86722	-0.669361	-0.19952	0.627198	1.23314
10.205	-0.793662	1.3283	-1.8671	-0.667291	-0.199237	0.627198	1.23314
10.218	-0.795051	1.32804	-1.86697	-0.665395	-0.199066	0.627198	1.23314
10.231	-0.795051	1.32804	-1.86697	-0.665395	-0.199066	0.627198	1.23314
10.244	-0.796388	1.32779	-1.86687	-0.66344	-0.198974	0.6272	1.23314
10.257	-0.797731	1.32752	-1.86675	-0.661688	-0.198904	0.6272	1.23314
10.27	-0.79911	1.32726	-1.86658	-0.659866	-0.198845	0.627205	1.23314
10.283	-0.800487	1.32696	-1.86637	-0.658195	-0.198837	0.627226	1.23314
10.296	-0.801781	1.32669	-1.8661	-0.65665	-0.198837	0.627378	1.23314
10.309	-0.803187	1.32637	-1.86571	-0.655143	-0.198835	0.627943	1.23314
10.322	-0.804479	1.32604	-1.86531	-0.653702	-0.198835	0.629406	1.23314
10.335	-0.805755	1.32578	-1.86512	-0.652233	-0.19883	0.631475	1.23314
10.348	-0.807054	1.32555	-1.86508	-0.650791	-0.198826	0.63382	1.23314
10.361	-0.808208	1.32532	-1.86508	-0.649397	-0.198824	0.636321	1.23314
10.374	-0.808208	1.32532	-1.86508	-0.649397	-0.198824	0.636321	1.23314
10.387	-0.809337	1.32507	-1.86508	-0.647988	-0.198822	0.638995	1.23314
10.4	-0.810418	1.32479	-1.86508	-0.646719	-0.198822	0.641222	1.23314
10.413	-0.811402	1.32451	-1.86508	-0.645351	-0.19882	0.643072	1.23314
10.426	-0.812391	1.32421	-1.86509	-0.643899	-0.198818	0.64433	1.23314
10.439	-0.813267	1.3239	-1.86509	-0.642555	-0.198818	0.645761	1.23314
10.452	-0.814095	1.32358	-1.86509	-0.641195	-0.198816	0.646285	1.23314
10.465	-0.814919	1.32321	-1.86509	-0.639703	-0.198814	0.646288	1.23314
10.478	-0.815736	1.32286	-1.86509	-0.63837	-0.198814	0.646288	1.23314
10.491	-0.816471	1.32251	-1.86509	-0.636984	-0.198812	0.646288	1.23314
10.504	-0.816471	1.32251	-1.86509	-0.636984	-0.198812	0.646288	1.23314
10.517	-0.817233	1.32213	-1.86509	-0.635669	-0.198812	0.646288	1.23314
10.53	-0.817995	1.32177	-1.86509	-0.634417	-0.19881	0.646288	1.23314
10.543	-0.818715	1.32143	-1.86509	-0.633115	-0.19881	0.646288	1.23314
10.556	-0.819538	1.32109	-1.86509	-0.631899	-0.19881	0.646288	1.23314
10.569	-0.820334	1.32077	-1.86509	-0.630774	-0.198808	0.646288	1.23314
10.582	-0.821124	1.32049	-1.86509	-0.629694	-0.198808	0.646288	1.23314
10.595	-0.821989	1.3202	-1.86509	-0.628504	-0.198808	0.64629	1.23314
10.608	-0.82283	1.31992	-1.86509	-0.627384	-0.198806	0.64629	1.23314
10.621	-0.823653	1.31965	-1.86509	-0.626383	-0.198806	0.64629	1.23314
10.634	-0.824486	1.3194	-1.86509	-0.625258	-0.198804	0.64629	1.23314
10.647	-0.824486	1.3194	-1.86509	-0.625258	-0.198804	0.64629	1.23314
10.66	-0.825316	1.31916	-1.86508	-0.624114	-0.198804	0.64629	1.23314
10.673	-0.826166	1.31895	-1.86509	-0.623007	-0.198802	0.64629	1.23314
10.686	-0.826939	1.31876	-1.86508	-0.621816	-0.198802	0.64629	1.23314
10.699	-0.827759	1.31859	-1.86508	-0.620604	-0.198802	0.646291	1.23314
10.712	-0.828568	1.31842	-1.86508	-0.619471	-0.1988	0.646291	1.23314
10.725	-0.829326	1.31829	-1.86508	-0.618447	-0.1988	0.64629	1.23314
10.738	-0.830115	1.31817	-1.86508	-0.617348	-0.198798	0.646291	1.23314
10.751	-0.830948	1.31805	-1.86508	-0.616366	-0.198798	0.646291	1.23314
10.764	-0.831757	1.31795	-1.86508	-0.615552	-0.198796	0.646291	1.23314
10.777	-0.831757	1.31795	-1.86508	-0.615552	-0.198796	0.646291	1.23314
10.79	-0.832538	1.31785	-1.86508	-0.614809	-0.198794	0.646291	1.23314
10.803	-0.833326	1.31777	-1.86508	-0.614125	-0.198787	0.646291	1.23314
10.816	-0.834153	1.31769	-1.86508	-0.613354	-0.198777	0.646291	1.23314
10.829	-0.834994	1.31759	-1.86508	-0.612635	-0.198757	0.646291	1.23314
10.842	-0.835779	1.3175	-1.86508	-0.611997	-0.1987	0.646291	1.23314
10.855	-0.836499	1.31742	-1.86508	-0.611408	-0.198628	0.646291	1.23314
10.868	-0.837216	1.31737	-1.86508	-0.610899	-0.198593	0.646293	1.23314
10.881	-0.837913	1.31732	-1.86508	-0.610306	-0.198567	0.646293	1.23314
10.894	-0.8386	1.31727	-1.86508	-0.609702	-0.198542	0.646293	1.23314
10.907	-0.839284	1.31724	-1.86508	-0.609061	-0.19853	0.646293	1.23314
10.92	-0.839284	1.31724	-1.86508	-0.609061	-0.19853	0.646293	1.23314
10.933	-0.839897	1.31721	-1.86508	-0.608397	-0.198507	0.646293	1.23314
10.946	-0.840446	1.31719	-1.86508	-0.607837	-0.198483	0.646293	1.23314
10.959	-0.84094	1.31717	-1.86508	-0.607265	-0.198466	0.646293	1.23314
10.972	-0.841462	1.31712	-1.86508	-0.606671	-0.198458	0.646293	1.23314
10.985	-0.841956	1.31705	-1.86508	-0.606017	-0.19845	0.646293	1.23314
10.998	-0.842445	1.31696	-1.86508	-0.605346	-0.19844	0.646293	1.23314
11.011	-0.842903	1.31687	-1.86508	-0.604704	-0.198421	0.646295	1.23314
11.024	-0.843353	1.31676	-1.86508	-0.604168	-0.198389	0.646295	1.23314
11.037	-0.843772	1.31666	-1.86508	-0.603656	-0.198333	0.646295	1.23314
11.05	-0.843772	1.31666	-1.86508	-0.603656	-0.198333	0.646295	1.23314
11.063	-0.844185	1.31655	-1.86508	-0.603173	-0.19826	0.646295	1.23314
11.076	-0.84458	1.31641	-1.86508	-0.602655	-0.198196	0.646295	1.23314
11.089	-0.844992	1.31628	-1.86508	-0.602093	-0.198178	0.646297	1.23314
11.102	-0.845415	1.31609	-1.86508	-0.601455	-0.198168	0.646297	1.23314
11.115	-0.84582	1.31589	-1.86508	-0.600842	-0.19816	0.646298	1.23314
11.128	-0.846186	1.31573	-1.86508	-0.600332	-0.198151	0.646298	1.23314
11.141	-0.846495	1.31559	-1.86508	-0.599912	-0.198147	0.646298	1.23314
11.154	-0.846793	1.31548	-1.86508	-0.599554	-0.198143	0.646298	1.23314
11.167	-0.847093	1.31542	-1.86508	-0.599187	-0.198139	0.646298	1.23314
11.18	-0.847355	1.31535	-1.86508	-0.598805	-0.198137	0.646298	1.23314
11.193	-0.847355	1.31535	-1.86508	-0.598805	-0.198137	0.646298	1.23314
11.206	-0.847592	1.31531	-1.86509	-0.598408	-0.198137	0.646298	1.23314
11.219	-0.847831	1.31528	-1.86509	-0.597999	-0.198137	0.646298	1.23314
11.232	-0.848034	1.31527	-1.86509	-0.597558	-0.198137	0.646298	1.23314
11.245	-0.848199	1.31527	-1.86509	-0.59719	-0.198137	0.646298	1.23314
11.258	-0.848307	1.31527	-1.86509	-0.596919	-0.198137	0.646298	1.23314
11.271	-0.848384	1.31527	-1.86509	-0.596686	-0.198137	0.646298	1.23314
11.284	-0.848413	1.31527	-1.86509	-0.596438	-0.198137	0.646298	1.23314
11.297	-0.848418	1.31527	-1.86509	-0.596198	-0.198137	0.646298	1.23314
11.31	-0.848416	1.31527	-1.86509	-0.59598	-0.198137	0.646298	1.23314
11.323	-0.848416	1.31527	-1.86509	-0.59598	-0.198137	0.646298	1.23314
11.336	-0.848416	1.31527	-1.86509	-0.595792	-0.198137	0.646298	1.23314
11.349	-0.848416	1.31527	-1.86509	-0.595613	-0.198137	0.646298	1.23314
11.362	-0.848416	1.31527	-1.86509	-0.595458	-0.198137	0.646298	1.23314
11.375	-0.848416	1.31527	-1.86509	-0.595354	-0.198137	0.6463	1.23314
11.388	-0.848416	1.31527	-1.86509	-0.595239	-0.198137	0.6463	1.23314
11.401	-0.848416	1.31527	-1.86509	-0.595087	-0.198137	0.6463	1.23314
11.414	-0.848416	1.31527	-1.86509	-0.594943	-0.198137	0.6463	1.23314
11.427	-0.848415	1.31527	-1.86509	-0.594823	-0.198137	0.646302	1.23314
11.44	-0.848415	1.31527	-1.86509	-0.594737	-0.198137	0.646302	1.23314
11.453	-0.848415	1.31527	-1.86509	-0.59472	-0.198137	0.646303	1.23314
11.466	-0.848415	1.31527	-1.86509	-0.59472	-0.198137	0.646303	1.23314
11.479	-0.848419	1.31527	-1.86509	-0.59472	-0.198137	0.646303	1.23314
11.492	-0.848425	1.31527	-1.86509	-0.594719	-0.198137	0.646303	1.23314
11.505	-0.848425	1.31527	-1.86509	-0.594685	-0.198137	0.646303	1.23314
11.518	-0.848425	1.31527	-1.86509	-0.5946	-0.198137	0.646303	1.23314
11.531	-0.848425	1.31527	-1.86509	-0.594527	-0.198137	0.646303	1.23314
11.544	-0.848425	1.31527	-1.86509	-0.594432	-0.198137	0.646303	1.23314
11.557	-0.848425	1.31527	-1.86509	-0.594347	-0.198137	0.646305	1.23314
11.57	-0.848427	1.31527	-1.86509	-0.594281	-0.198137	0.646305	1.23314
11.583	-0.848427	1.31526	-1.86509	-0.594214	-0.198137	0.646305	1.23314
11.596	-0.848427	1.31526	-1.86509	-0.594152	-0.198137	0.646305	1.23314
11.609	-0.848427	1.31526	-1.86509	-0.594152	-0.198137	0.646305	1.23314
11.622	-0.848428	1.31526	-1.86509	-0.594113	-0.198137	0.646305	1.23314
11.635	-0.848431	1.31526	-1.86509	-0.59407	-0.198137	0.646305	1.23314
11.648	-0.848432	1.31525	-1.86509	-0.594005	-0.198137	0.646305	1.23314
11.661	-0.848432	1.31525	-1.86509	-0.593956	-0.198135	0.646305	1.23314
11.674	-0.848432	1.31525	-1.86509	-0.593939	-0.198135	0.646305	1.23314
11.687	-0.848436	1.31525	-1.86509	-0.593934	-0.198135	0.646305	1.23314
11.7	-0.848452	1.31525	-1.86509	-0.593928	-0.198133	0.646305	1.23314
11.713	-0.84846	1.31525	-1.86509	-0.593916	-0.198131	0.646305	1.23314
11.726	-0.848466	1.31525	-1.86509	-0.593911	-0.198129	0.646307	1.23314
11.739	-0.848466	1.31525	-1.86509	-0.593911	-0.198129	0.646307	1.23314
11.752	-0.848493	1.31525	-1.86509	-0.593907	-0.198125	0.646305	1.23314
11.765	-0.848525	1.31525	-1.86509	-0.593902	-0.198121	0.646305	1.23314
11.778	-0.848549	1.31525	-1.86509	-0.593896	-0.198104	0.646305	1.23314
11.791	-0.848576	1.31525	-1.86509	-0.593893	-0.198068	0.646305	1.23314
11.804	-0.848618	1.31525	-1.86509	-0.59389	-0.198012	0.646305	1.23314
11.817	-0.848644	1.31525	-1.86508	-0.593879	-0.197982	0.646305	1.23314
11.83	-0.848657	1.31525	-1.86508	-0.593869	-0.197941	0.646305	1.23314
11.843	-0.848679	1.31525	-1.86508	-0.593865	-0.197861	0.646305	1.23314
11.856	-0.848701	1.31523	-1.86508	-0.593858	-0.197761	0.646305	1.23314
11.869	-0.84871	1.31523	-1.86508	-0.593842	-0.197638	0.646305	1.23314
11.882	-0.84871	1.31523	-1.86508	-0.593842	-0.197638	0.646305	1.23314
11.895	-0.848712	1.31523	-1.86509	-0.593831	-0.197503	0.646305	1.23314
11.908	-0.848739	1.31522	-1.86508	-0.593824	-0.197362	0.646305	1.23314
11.921	-0.848781	1.31521	-1.86508	-0.593814	-0.197184	0.646305	1.23314
11.934	-0.848819	1.3152	-1.86508	-0.593809	-0.196965	0.646305	1.23314
11.947	-0.84888	1.31519	-1.86508	-0.593804	-0.196642	0.646305	1.23314
11.96	-0.848924	1.31519	-1.86508	-0.593798	-0.196343	0.646305	1.23314
11.973	-0.84896	1.31518	-1.86508	-0.593792	-0.196102	0.646303	1.23314
11.986	-0.849005	1.31518	-1.86508	-0.593789	-0.195865	0.646303	1.23314
11.999	-0.849057	1.31518	-1.86508	-0.593785	-0.195627	0.646303	1.23314
12.012	-0.849057	1.31518	-1.86508	-0.593785	-0.195627	0.646303	1.23314
12.025	-0.849109	1.31517	-1.86508	-0.59378	-0.195421	0.646305	1.23314
12.038	-0.849159	1.31518	-1.86508	-0.593774	-0.195286	0.646305	1.23314
12.051	-0.849217	1.31517	-1.86508	-0.593769	-0.195223	0.646305	1.23314
12.064	-0.849251	1.31516	-1.86509	-0.593767	-0.195192	0.646303	1.23314
12.077	-0.849277	1.31515	-1.86508	-0.593763	-0.195175	0.646303	1.23314
12.09	-0.849287	1.31515	-1.86508	-0.593758	-0.195163	0.646303	1.23314
12.103	-0.849293	1.31515	-1.86508	-0.593754	-0.195151	0.646303	1.23314
12.116	-0.849307	1.31515	-1.86508	-0.593751	-0.195126	0.646303	1.23314
12.129	-0.84932	1.31514	-1.86508	-0.593748	-0.195088	0.646303	1.23314
12.142	-0.849323	1.31514	-1.86508	-0.59374	-0.195049	0.646303	1.23314
12.155	-0.849323	1.31514	-1.86508	-0.59374	-0.195049	0.646303	1.23314
12.168	-0.84932	1.31514	-1.86508	-0.593708	-0.195012	0.646303	1.23314
12.181	-0.849322	1.31514	-1.86508	-0.593654	-0.194979	0.646303	1.23314
12.194	-0.849327	1.31514	-1.86508	-0.593627	-0.194934	0.646303	1.23314
12.207	-0.849327	1.31514	-1.86508	-0.593581	-0.194897	0.646303	1.23314
12.22	-0.849325	1.31514	-1.86508	-0.593512	-0.194865	0.646303	1.23314
12.233	-0.849325	1.31514	-1.86508	-0.593441	-0.194818	0.646303	1.23314
12.246	-0.849325	1.31513	-1.86508	-0.593355	-0.19477	0.646303	1.23314
12.259	-0.849324	1.31513	-1.86508	-0.593258	-0.194732	0.646303	1.23314
12.272	-0.849324	1.31513	-1.86508	-0.593176	-0.194699	0.646303	1.23314
12.285	-0.849324	1.31513	-1.86508	-0.593176	-0.194699	0.646303	1.23314
12.298	-0.849324	1.31513	-1.86508	-0.593121	-0.194662	0.646303	1.23314
12.311	-0.849324	1.31513	-1.86508	-0.593075	-0.194636	0.646303	1.23314
12.324	-0.849324	1.31513	-1.86508	-0.593061	-0.194611	0.646303	1.23314
12.337	-0.849327	1.31512	-1.86508	-0.593059	-0.19458	0.646303	1.23314
12.35	-0.849341	1.31509	-1.86508	-0.593057	-0.19455	0.646303	1.23314
12.363	-0.849342	1.31506	-1.86508	-0.59305	-0.194523	0.646303	1.23314
12.376	-0.849341	1.31504	-1.86508	-0.593043	-0.194496	0.646303	1.23314
12.389	-0.849341	1.31503	-1.86508	-0.593042	-0.19447	0.646303	1.23314
12.402	-0.849348	1.31501	-1.86508	-0.593041	-0.194449	0.646303	1.23314
12.415	-0.849351	1.31499	-1.86508	-0.593037	-0.194421	0.646303	1.23314
12.428	-0.849351	1.31499	-1.86508	-0.593037	-0.194421	0.646303	1.23314
12.441	-0.84935	1.31497	-1.86508	-0.593027	-0.194396	0.646303	1.23314
12.454	-0.84935	1.31495	-1.86508	-0.593023	-0.194384	0.646305	1.23314
12.467	-0.84935	1.31494	-1.86508	-0.59302	-0.194378	0.646303	1.23314
12.48	-0.849348	1.31494	-1.86508	-0.593014	-0.194372	0.646303	1.23314
12.493	-0.849348	1.31494	-1.86508	-0.592996	-0.194368	0.646303	1.23314
12.506	-0.849347	1.31494	-1.86508	-0.592979	-0.194368	0.646303	1.23314
12.519	-0.849347	1.31494	-1.86508	-0.592965	-0.194368	0.646303	1.23314
12.532	-0.849347	1.31494	-1.86508	-0.592941	-0.194366	0.646303	1.23314
12.545	-0.849347	1.31494	-1.86508	-0.592921	-0.194366	0.646303	1.23314
12.558	-0.849347	1.31494	-1.86508	-0.592921	-0.194366	0.646303	1.23314
12.571	-0.849347	1.31494	-1.86508	-0.592914	-0.194366	0.646303	1.23314
12.584	-0.849347	1.31494	-1.86508	-0.592906	-0.194366	0.646303	1.23314
12.597	-0.849347	1.31494	-1.86508	-0.592892	-0.194366	0.646303	1.23314
12.61	-0.849347	1.31494	-1.86508	-0.592876	-0.194366	0.646303	1.23314
12.623	-0.849347	1.31494	-1.86508	-0.592859	-0.194366	0.646303	1.23314
12.636	-0.849347	1.31494	-1.86508	-0.592839	-0.194363	0.646303	1.23314
12.649	-0.849347	1.31494	-1.86508	-0.592812	-0.194363	0.646303	1.23314
12.662	-0.849347	1.31494	-1.86508	-0.592799	-0.194359	0.646303	1.23314
12.675	-0.849347	1.31494	-1.86508	-0.592791	-0.194351	0.646303	1.23314
12.688	-0.849347	1.31494	-1.86508	-0.59278	-0.194335	0.646303	1.23314
12.701	-0.849347	1.31494	-1.86508	-0.59278	-0.194335	0.646303	1.23314
12.714	-0.849347	1.31494	-1.86508	-0.592767	-0.194325	0.646303	1.23314
12.727	-0.849347	1.31494	-1.86508	-0.592762	-0.194316	0.646303	1.23314
12.74	-0.849347	1.31494	-1.86508	-0.592762	-0.1943	0.646303	1.23314
12.753	-0.849347	1.31494	-1.86508	-0.592763	-0.194286	0.646303	1.23314
12.766	-0.84935	1.31494	-1.86508	-0.592763	-0.194278	0.646303	1.23314
12.779	-0.84935	1.31494	-1.86508	-0.592762	-0.194267	0.646303	1.23314
12.792	-0.84935	1.31494	-1.86508	-0.592762	-0.194259	0.646303	1.23314
12.805	-0.84935	1.31494	-1.86508	-0.592763	-0.194253	0.646303	1.23314
12.818	-0.849351	1.31494	-1.86508	-0.592763	-0.194249	0.646303	1.23314
12.831	-0.849351	1.31494	-1.86508	-0.592763	-0.194249	0.646303	1.23314
12.844	-0.849361	1.31494	-1.86508	-0.592763	-0.194243	0.646303	1.23314
12.857	-0.849365	1.31494	-1.86508	-0.592763	-0.194241	0.646303	1.23314
12.87	-0.849364	1.31494	-1.86508	-0.592763	-0.194241	0.646303	1.23314
12.883	-0.849362	1.31494	-1.86508	-0.592763	-0.194241	0.646303	1.23314
12.896	-0.849362	1.31494	-1.86508	-0.592763	-0.194237	0.646302	1.23314
12.909	-0.849362	1.31494	-1.86508	-0.592763	-0.194229	0.646303	1.23314
12.922	-0.849361	1.31494	-1.86508	-0.592763	-0.194224	0.646303	1.23314
12.935	-0.849361	1.31494	-1.86508	-0.592763	-0.19422	0.646303	1.23314
12.948	-0.849361	1.31494	-1.86508	-0.592763	-0.194216	0.646303	1.23314
12.961	-0.849362	1.31494	-1.86508	-0.592763	-0.194214	0.646303	1.23314
12.974	-0.849362	1.31494	-1.86508	-0.592763	-0.194214	0.646303	1.23314
12.987	-0.849361	1.31494	-1.86508	-0.592762	-0.194212	0.646303	1.23314
13	-0.849361	1.31494	-1.86508	-0.592763	-0.194208	0.646303	1.23314
13.013	-0.849361	1.31494	-1.86508	-0.592762	-0.194204	0.646303	1.23314
13.026	-0.849361	1.31494	-1.86508	-0.592762	-0.194202	0.646303	1.23314
13.039	-0.84936	1.31494	-1.86508	-0.592756	-0.1942	0.646303	1.23314
13.052	-0.84936	1.31494	-1.86508	-0.59274	-0.1942	0.646303	1.23314
13.065	-0.84936	1.31494	-1.86508	-0.592729	-0.194198	0.646303	1.23314
13.078	-0.84936	1.31494	-1.86508	-0.592726	-0.194198	0.646303	1.23314
13.091	-0.84936	1.31494	-1.86508	-0.592725	-0.194196	0.646303	1.23314
13.104	-0.84936	1.31494	-1.86508	-0.592725	-0.194192	0.646303	1.23314
13.117	-0.84936	1.31494	-1.86508	-0.592725	-0.194192	0.646303	1.23314
13.13	-0.84936	1.31494	-1.86508	-0.592713	-0.194188	0.646303	1.23314
13.143	-0.84936	1.31494	-1.86508	-0.592701	-0.194186	0.646303	1.23314
13.156	-0.84936	1.31494	-1.86508	-0.592701	-0.194186	0.646303	1.23314
13.169	-0.84936	1.31494	-1.86508	-0.592701	-0.194186	0.646303	1.23314
13.182	-0.84936	1.31494	-1.86508	-0.592698	-0.194186	0.646303	1.23314
13.195	-0.84936	1.31494	-1.86508	-0.59269	-0.194186	0.646303	1.23314
13.208	-0.84936	1.31494	-1.86508	-0.592688	-0.194186	0.646303	1.23314
13.221	-0.84936	1.31494	-1.86508	-0.592685	-0.194186	0.646303	1.23314
13.234	-0.849359	1.31494	-1.86508	-0.592671	-0.194186	0.646303	1.23314
13.247	-0.849359	1.31494	-1.86508	-0.592671	-0.194186	0.646303	1.23314
13.26	-0.849359	1.31493	-1.86508	-0.592648	-0.194186	0.646303	1.23314
13.273	-0.84936	1.31493	-1.86508	-0.592637	-0.194186	0.646303	1.23314
13.286	-0.84936	1.31493	-1.86508	-0.592624	-0.194186	0.646303	1.23314
13.299	-0.849359	1.31493	-1.86508	-0.5926	-0.194183	0.646303	1.23314
13.312	-0.849359	1.31493	-1.86508	-0.592591	-0.194186	0.646303	1.23314
13.325	-0.849359	1.31493	-1.86508	-0.592588	-0.194183	0.646303	1.23314
13.338	-0.849359	1.31493	-1.86508	-0.592583	-0.194183	0.646303	1.23314
13.351	-0.849359	1.31493	-1.86508	-0.592568	-0.194181	0.646303	1.23314
13.364	-0.849359	1.31493	-1.86508	-0.592561	-0.194175	0.646303	1.23314
13.377	-0.849359	1.31493	-1.86508	-0.592561	-0.194169	0.646303	1.23314
13.39	-0.849359	1.31493	-1.86508	-0.592561	-0.194169	0.646303	1.23314
13.403	-0.849359	1.31493	-1.86508	-0.592561	-0.194163	0.646303	1.23314
13.416	-0.849359	1.31492	-1.86508	-0.592561	-0.194157	0.646303	1.23314
13.429	-0.849359	1.31492	-1.86508	-0.59256	-0.194157	0.646303	1.23314
13.442	-0.849359	1.31492	-1.86508	-0.592556	-0.194157	0.646303	1.23314
13.455	-0.849359	1.31492	-1.86508	-0.592556	-0.194157	0.646303	1.23314
13.468	-0.849359	1.31492	-1.86508	-0.592556	-0.194157	0.646303	1.23314
13.481	-0.849359	1.31492	-1.86508	-0.592554	-0.194157	0.646303	1.23314
13.494	-0.849359	1.31492	-1.86508	-0.592543	-0.194157	0.646303	1.23314
13.507	-0.849359	1.31492	-1.86508	-0.592543	-0.194157	0.646303	1.23314
13.52	-0.849359	1.31492	-1.86508	-0.592543	-0.194157	0.646303	1.23314
13.533	-0.849359	1.31492	-1.86508	-0.592543	-0.194155	0.646303	1.23314
13.546	-0.849359	1.31492	-1.86508	-0.592543	-0.194151	0.646303	1.23314
13.559	-0.849359	1.31492	-1.86508	-0.592543	-0.194149	0.646303	1.23314
13.572	-0.849359	1.31491	-1.86508	-0.592543	-0.194143	0.646303	1.23314
13.585	-0.849359	1.31491	-1.86508	-0.592545	-0.194138	0.646303	1.23314
13.598	-0.849359	1.3149	-1.86508	-0.592543	-0.194132	0.646303	1.23314
13.611	-0.849359	1.3149	-1.86508	-0.592545	-0.194128	0.646303	1.23314
13.624	-0.849359	1.31489	-1.86508	-0.592545	-0.194124	0.646303	1.23314
13.637	-0.849359	1.31487	-1.86508	-0.592545	-0.194122	0.646303	1.23314
13.65	-0.849359	1.31484	-1.86508	-0.592545	-0.19412	0.646303	1.23314
13.663	-0.849359	1.31484	-1.86508	-0.592545	-0.19412	0.646303	1.23314
13.676	-0.849359	1.31483	-1.86508	-0.592545	-0.194116	0.646303	1.23314
13.689	-0.849359	1.31481	-1.86508	-0.592545	-0.19411	0.646303	1.23314
13.702	-0.849359	1.31479	-1.86508	-0.592543	-0.194106	0.646303	1.23314
13.715	-0.849359	1.31478	-1.86508	-0.592543	-0.1941	0.646303	1.23314
13.728	-0.849359	1.31477	-1.86508	-0.592543	-0.194096	0.646303	1.23314
13.741	-0.849359	1.31477	-1.86508	-0.592542	-0.194091	0.646303	1.23314
13.754	-0.849359	1.31477	-1.86508	-0.592529	-0.194087	0.646303	1.23314
13.767	-0.849359	1.31477	-1.86508	-0.592517	-0.194083	0.646303	1.23314
13.78	-0.849359	1.31477	-1.86508	-0.592509	-0.194079	0.646303	1.23314
13.793	-0.849359	1.31477	-1.86508	-0.592509	-0.194079	0.646303	1.23314
13.806	-0.849359	1.31477	-1.86508	-0.592476	-0.194077	0.646303	1.23314
13.819	-0.849359	1.31477	-1.86508	-0.592411	-0.194077	0.646302	1.23314
13.832	-0.849359	1.31476	-1.86508	-0.592388	-0.194075	0.646302	1.23314
13.845	-0.849359	1.31476	-1.86508	-0.592385	-0.194071	0.646302	1.23314
13.858	-0.849359	1.31477	-1.86508	-0.592386	-0.194065	0.646302	1.23314
13.871	-0.849359	1.31476	-1.86508	-0.592388	-0.194061	0.646303	1.23314
13.884	-0.849359	1.31476	-1.86508	-0.592388	-0.194061	0.646303	1.23314
13.897	-0.849359	1.31475	-1.86508	-0.592388	-0.194059	0.646303	1.23314
13.91	-0.849359	1.31475	-1.86508	-0.592388	-0.194059	0.646303	1.23314
13.923	-0.849359	1.31475	-1.86508	-0.592388	-0.194059	0.646303	1.23314
13.936	-0.849359	1.31475	-1.86508	-0.592388	-0.194059	0.646303	1.23314
13.949	-0.849359	1.31475	-1.86508	-0.592388	-0.194059	0.646303	1.23314
13.962	-0.849359	1.31475	-1.86508	-0.592388	-0.194059	0.646303	1.23314
13.975	-0.849359	1.31475	-1.86508	-0.592388	-0.194059	0.646303	1.23314
13.988	-0.849359	1.31475	-1.86508	-0.592388	-0.194061	0.646303	1.23314
14.001	-0.849359	1.31475	-1.86508	-0.592389	-0.194061	0.646303	1.23314
14.014	-0.849359	1.31475	-1.86508	-0.592389	-0.194061	0.646303	1.23314
14.027	-0.849359	1.31475	-1.86508	-0.592389	-0.194059	0.646303	1.23314
14.04	-0.849359	1.31475	-1.86508	-0.592389	-0.194059	0.646303	1.23314
14.053	-0.849359	1.31475	-1.86508	-0.592389	-0.194059	0.646303	1.23314
14.066	-0.849359	1.31475	-1.86508	-0.592389	-0.194059	0.646303	1.23314
14.079	-0.849359	1.31475	-1.86508	-0.592389	-0.194057	0.646303	1.23314
14.092	-0.849359	1.31475	-1.86508	-0.59239	-0.194057	0.646303	1.23314
14.105	-0.849359	1.31475	-1.86508	-0.59239	-0.194057	0.646303	1.23314
14.118	-0.849359	1.31475	-1.86508	-0.59239	-0.194055	0.646303	1.23314
14.131	-0.849359	1.31475	-1.86508	-0.59239	-0.194053	0.646303	1.23314
14.144	-0.849359	1.31475	-1.86508	-0.59239	-0.194053	0.646303	1.23314
14.157	-0.849359	1.31475	-1.86508	-0.59239	-0.194053	0.646303	1.23314
14.17	-0.849359	1.31475	-1.86508	-0.59239	-0.194051	0.646303	1.23314
14.183	-0.849359	1.31475	-1.86508	-0.592391	-0.194051	0.646303	1.23314
14.196	-0.849359	1.31475	-1.86508	-0.592391	-0.194051	0.646303	1.23314
14.209	-0.849359	1.31475	-1.86508	-0.592391	-0.194051	0.646303	1.23314
14.222	-0.849361	1.31474	-1.86508	-0.592393	-0.194051	0.646303	1.23314
14.235	-0.849362	1.31474	-1.86508	-0.592393	-0.194051	0.646303	1.23314
14.248	-0.849362	1.31474	-1.86508	-0.592393	-0.194049	0.646303	1.23314
14.261	-0.849362	1.31474	-1.86508	-0.592393	-0.194049	0.646303	1.23314
14.274	-0.849361	1.31474	-1.86508	-0.592393	-0.194046	0.646303	1.23314
14.287	-0.849361	1.31474	-1.86508	-0.592393	-0.194044	0.646303	1.23314
14.3	-0.84936	1.31474	-1.86508	-0.592393	-0.194042	0.646302	1.23314
14.313	-0.84936	1.31474	-1.86508	-0.592393	-0.194042	0.646303	1.23314
14.326	-0.84936	1.31474	-1.86508	-0.592393	-0.194044	0.646302	1.23314
14.339	-0.84936	1.31474	-1.86508	-0.592393	-0.194044	0.646302	1.23314
14.352	-0.84936	1.31474	-1.86508	-0.592393	-0.194044	0.646302	1.23314
14.365	-0.84936	1.31474	-1.86508	-0.592394	-0.194044	0.646303	1.23314
14.378	-0.84936	1.31474	-1.86508	-0.592394	-0.194044	0.646303	1.23314
14.391	-0.849361	1.31474	-1.86508	-0.592394	-0.194044	0.646303	1.23314
14.404	-0.849362	1.31474	-1.86508	-0.592394	-0.194044	0.646303	1.23314
14.417	-0.849366	1.31474	-1.86508	-0.592395	-0.194044	0.646303	1.23314
14.43	-0.849369	1.31474	-1.86508	-0.592395	-0.194044	0.646303	1.23314
14.443	-0.849369	1.31474	-1.86508	-0.592395	-0.194044	0.646303	1.23314
14.456	-0.849368	1.31472	-1.86508	-0.592395	-0.194046	0.646303	1.23314
14.469	-0.849366	1.31472	-1.86508	-0.592395	-0.194044	0.646303	1.23314
14.482	-0.849366	1.31472	-1.86508	-0.592395	-0.194044	0.646303	1.23314
14.495	-0.849366	1.31471	-1.86508	-0.592395	-0.194044	0.646302	1.23314
14.508	-0.849366	1.31471	-1.86508	-0.592395	-0.194044	0.646303	1.23314
14.521	-0.849366	1.31471	-1.86508	-0.592395	-0.194044	0.646303	1.23314
14.534	-0.849366	1.31471	-1.86508	-0.592395	-0.194044	0.646303	1.23314
14.547	-0.849365	1.31471	-1.86508	-0.592395	-0.194044	0.646303	1.23314
14.56	-0.849365	1.31471	-1.86508	-0.592395	-0.194044	0.646303	1.23314
14.573	-0.849365	1.31471	-1.86508	-0.592395	-0.194042	0.646303	1.23314
14.586	-0.849365	1.31471	-1.86508	-0.592395	-0.194042	0.646303	1.23314
14.599	-0.849365	1.3147	-1.86508	-0.592394	-0.19404	0.646303	1.23314
14.612	-0.849364	1.3147	-1.86508	-0.592386	-0.19404	0.646303	1.23314
14.625	-0.849364	1.3147	-1.86508	-0.592386	-0.19404	0.646303	1.23314
14.638	-0.849364	1.31469	-1.86508	-0.592377	-0.194036	0.646303	1.23314
14.651	-0.849364	1.31468	-1.86508	-0.592376	-0.194034	0.646303	1.23314
14.664	-0.849364	1.31468	-1.86508	-0.592376	-0.194032	0.646303	1.23314
14.677	-0.849364	1.31468	-1.86508	-0.592367	-0.194032	0.646303	1.23314
14.69	-0.849364	1.31468	-1.86508	-0.592341	-0.194032	0.646303	1.23314
14.703	-0.849364	1.31468	-1.86508	-0.592325	-0.19403	0.646303	1.23314
14.716	-0.849364	1.31468	-1.86508	-0.592313	-0.19403	0.646303	1.23314
14.729	-0.849364	1.31468	-1.86508	-0.592303	-0.19403	0.646303	1.23314
14.742	-0.849364	1.31468	-1.86508	-0.592297	-0.194028	0.646303	1.23314
14.755	-0.849364	1.31468	-1.86508	-0.592297	-0.194028	0.646303	1.23314
