0.013	0.241595	1.51894	-1.94774	-1.59429	-0.171157	0.351863	1.23321
0.026	0.241959	1.51894	-1.94774	-1.59428	-0.171294	0.351863	1.23321
0.039	0.241959	1.51894	-1.94774	-1.59428	-0.171294	0.351863	1.23321
0.052	0.241959	1.51894	-1.94774	-1.59428	-0.171294	0.351863	1.23321
0.065	0.242187	1.51894	-1.94774	-1.59428	-0.171362	0.351863	1.23321
0.078	0.242348	1.51894	-1.94774	-1.59428	-0.171415	0.351863	1.23321
0.091	0.242555	1.51896	-1.94774	-1.59429	-0.171454	0.351864	1.23321
0.104	0.242806	1.51896	-1.94774	-1.59429	-0.171485	0.351866	1.2332
0.117	0.243069	1.51897	-1.94774	-1.59429	-0.171546	0.351864	1.23321
0.13	0.243274	1.51896	-1.94774	-1.59429	-0.171628	0.351864	1.23321
0.143	0.243374	1.51896	-1.94774	-1.59429	-0.171716	0.351864	1.2332
0.156	0.243417	1.51896	-1.94774	-1.59429	-0.1718	0.351864	1.23321
0.169	0.24342	1.51896	-1.94774	-1.59429	-0.171851	0.351864	1.23321
0.182	0.24342	1.51896	-1.94774	-1.59429	-0.171888	0.351864	1.23321
0.195	0.24342	1.51896	-1.94774	-1.59429	-0.171888	0.351864	1.23321
0.208	0.243415	1.51896	-1.94774	-1.59429	-0.171924	0.351864	1.2332
0.221	0.243366	1.51895	-1.94774	-1.59429	-0.171943	0.351864	1.23321
0.234	0.243299	1.51895	-1.94774	-1.59428	-0.171955	0.351864	1.23321
0.247	0.243283	1.51895	-1.94774	-1.59429	-0.171965	0.351864	1.23321
0.26	0.243274	1.51895	-1.94774	-1.59428	-0.171976	0.351864	1.23321
0.273	0.243283	1.51895	-1.94774	-1.59428	-0.17199	0.351863	1.23321
0.286	0.243285	1.51895	-1.94774	-1.59428	-0.172	0.351864	1.23321
0.299	0.243285	1.51895	-1.94774	-1.59428	-0.172012	0.351864	1.2332
0.312	0.243294	1.51895	-1.94774	-1.59428	-0.172025	0.351864	1.23321
0.325	0.243294	1.51895	-1.94774	-1.59428	-0.172037	0.351864	1.23321
0.338	0.243294	1.51895	-1.94774	-1.59428	-0.172037	0.351864	1.23321
0.351	0.243294	1.51895	-1.94774	-1.59428	-0.172049	0.351864	1.23321
0.364	0.243285	1.51895	-1.94774	-1.59428	-0.172059	0.351864	1.23321
0.377	0.243273	1.51895	-1.94774	-1.59428	-0.172068	0.351864	1.2332
0.39	0.243296	1.51895	-1.94774	-1.59428	-0.172074	0.351864	1.23321
0.403	0.243303	1.51895	-1.94774	-1.59428	-0.172078	0.351864	1.23321
0.416	0.243306	1.51895	-1.94774	-1.59428	-0.17208	0.351864	1.23321
0.429	0.243317	1.51895	-1.94774	-1.59428	-0.172082	0.351864	1.23321
0.442	0.243328	1.51895	-1.94774	-1.59428	-0.172084	0.351864	1.23321
0.455	0.243333	1.51895	-1.94774	-1.59428	-0.172084	0.351864	1.23321
0.468	0.243333	1.51895	-1.94774	-1.59428	-0.172084	0.351864	1.23321
0.481	0.243334	1.51895	-1.94774	-1.59428	-0.172086	0.351864	1.2332
0.494	0.243333	1.51895	-1.94774	-1.59428	-0.172088	0.351864	1.23321
0.507	0.24333	1.51895	-1.94774	-1.59428	-0.172092	0.351864	1.23321
0.52	0.243338	1.51895	-1.94774	-1.59428	-0.172096	0.351863	1.2332
0.533	0.243344	1.51895	-1.94774	-1.59428	-0.1721	0.351863	1.23321
0.546	0.243347	1.51895	-1.94774	-1.59428	-0.172102	0.351863	1.23321
0.559	0.243348	1.51895	-1.94774	-1.59428	-0.172109	0.351863	1.23321
0.572	0.243349	1.51895	-1.94774	-1.59428	-0.172113	0.351863	1.23321
0.585	0.243351	1.51895	-1.94774	-1.59428	-0.172115	0.351863	1.2332
0.598	0.243351	1.51895	-1.94774	-1.59428	-0.172117	0.351864	1.23321
0.611	0.243351	1.51895	-1.94774	-1.59428	-0.172117	0.351864	1.23321
0.624	0.243352	1.51895	-1.94774	-1.59428	-0.172119	0.351864	1.2332
0.637	0.243352	1.51895	-1.94774	-1.59428	-0.172119	0.351864	1.2332
0.65	0.243352	1.51895	-1.94774	-1.59428	-0.172121	0.351864	1.2332
0.663	0.243353	1.51895	-1.94774	-1.59428	-0.172121	0.351864	1.23321
0.676	0.243354	1.51895	-1.94774	-1.59428	-0.172121	0.351864	1.23321
0.689	0.243354	1.51895	-1.94774	-1.59428	-0.172121	0.351864	1.23321
0.702	0.243356	1.51895	-1.94774	-1.59428	-0.172123	0.351864	1.23321
0.715	0.243356	1.51895	-1.94774	-1.59428	-0.172127	0.351864	1.23321
0.728	0.243356	1.51895	-1.94774	-1.59428	-0.172129	0.351864	1.2332
0.741	0.243356	1.51895	-1.94774	-1.59428	-0.172129	0.351864	1.2332
0.754	0.243356	1.51895	-1.94774	-1.59428	-0.172131	0.351864	1.23321
0.767	0.243352	1.51895	-1.94774	-1.59428	-0.172133	0.351864	1.2332
0.78	0.243346	1.51895	-1.94774	-1.59428	-0.172137	0.351864	1.23321
0.793	0.243352	1.51895	-1.94774	-1.59428	-0.172139	0.351864	1.2332
0.806	0.243353	1.51895	-1.94774	-1.59428	-0.172141	0.351864	1.23321
0.819	0.243353	1.51895	-1.94774	-1.59428	-0.172141	0.351864	1.2332
0.832	0.243353	1.51895	-1.94774	-1.59428	-0.172141	0.351864	1.2332
0.845	0.243353	1.51895	-1.94774	-1.59428	-0.172141	0.351864	1.23321
0.858	0.243352	1.51895	-1.94774	-1.59428	-0.172141	0.351864	1.2332
0.871	0.243351	1.51895	-1.94774	-1.59428	-0.172141	0.351864	1.23321
0.884	0.243351	1.51895	-1.94774	-1.59428	-0.172141	0.351864	1.23321
0.897	0.243349	1.51895	-1.94774	-1.59428	-0.172143	0.351864	1.23321
0.91	0.243334	1.51895	-1.94774	-1.59428	-0.172143	0.351864	1.23321
0.923	0.243319	1.51895	-1.94774	-1.59428	-0.172145	0.351864	1.23321
0.936	0.243334	1.51895	-1.94774	-1.59428	-0.172147	0.351864	1.23321
0.949	0.243337	1.51895	-1.94774	-1.59428	-0.172149	0.351863	1.23321
0.962	0.243337	1.51895	-1.94774	-1.59428	-0.172151	0.351864	1.23321
0.975	0.243335	1.51895	-1.94774	-1.59428	-0.172153	0.351864	1.23321
0.988	0.243334	1.51895	-1.94774	-1.59428	-0.172156	0.351863	1.23321
1.001	0.243334	1.51895	-1.94774	-1.59428	-0.172158	0.351864	1.23321
1.014	0.243334	1.51895	-1.94774	-1.59428	-0.172158	0.351864	1.23321
1.027	0.243333	1.51895	-1.94774	-1.59428	-0.172158	0.351864	1.23321
1.04	0.243331	1.51895	-1.94774	-1.59428	-0.17216	0.351864	1.23321
1.053	0.243312	1.51895	-1.94774	-1.59428	-0.17216	0.351864	1.23321
1.066	0.243276	1.51895	-1.94774	-1.59428	-0.17216	0.351864	1.23321
1.079	0.243288	1.51895	-1.94774	-1.59428	-0.17216	0.351864	1.23321
1.092	0.243294	1.51895	-1.94774	-1.59428	-0.172162	0.351864	1.23321
1.105	0.243298	1.51895	-1.94774	-1.59428	-0.172162	0.351864	1.23321
1.118	0.243297	1.51895	-1.94774	-1.59428	-0.172162	0.351864	1.23321
1.131	0.243297	1.51895	-1.94774	-1.59428	-0.172164	0.351864	1.23321
1.144	0.243297	1.51895	-1.94774	-1.59428	-0.172164	0.351864	1.23321
1.157	0.243297	1.51895	-1.94774	-1.59428	-0.172164	0.351864	1.23321
1.17	0.243297	1.51895	-1.94774	-1.59428	-0.172166	0.351864	1.2332
1.183	0.243285	1.51896	-1.94774	-1.59428	-0.172168	0.351864	1.2332
1.196	0.243278	1.51895	-1.94774	-1.59428	-0.17217	0.351864	1.23321
1.209	0.243294	1.51895	-1.94774	-1.59428	-0.172172	0.351864	1.2332
1.222	0.243299	1.51896	-1.94774	-1.59428	-0.172174	0.351864	1.23321
1.235	0.243301	1.51895	-1.94774	-1.59428	-0.172176	0.351864	1.23321
1.248	0.243301	1.51895	-1.94774	-1.59428	-0.172176	0.351864	1.23321
1.261	0.243303	1.51895	-1.94774	-1.59428	-0.172176	0.351864	1.23321
1.274	0.243306	1.51895	-1.94774	-1.59428	-0.172176	0.351864	1.2332
1.287	0.243306	1.51895	-1.94774	-1.59428	-0.172176	0.351864	1.2332
1.3	0.243307	1.51895	-1.94774	-1.59428	-0.172176	0.351864	1.23321
1.313	0.243307	1.51896	-1.94774	-1.59428	-0.172176	0.351864	1.23321
1.326	0.243303	1.51896	-1.94774	-1.59428	-0.172176	0.351864	1.2332
1.339	0.243297	1.51896	-1.94774	-1.59428	-0.172178	0.351864	1.23321
1.352	0.24331	1.51896	-1.94774	-1.59428	-0.17218	0.351864	1.23321
1.365	0.243312	1.51896	-1.94774	-1.59428	-0.17218	0.351864	1.23321
1.378	0.243314	1.51896	-1.94774	-1.59428	-0.172182	0.351864	1.23321
1.391	0.243315	1.51896	-1.94774	-1.59428	-0.172184	0.351864	1.23321
1.404	0.243316	1.51896	-1.94774	-1.59428	-0.172184	0.351864	1.23321
1.417	0.243317	1.51896	-1.94774	-1.59428	-0.172186	0.351864	1.23321
1.43	0.243317	1.51896	-1.94774	-1.59428	-0.172186	0.351864	1.23321
1.443	0.243319	1.51896	-1.94774	-1.59428	-0.172186	0.351864	1.23321
1.456	0.243317	1.51896	-1.94774	-1.59428	-0.172186	0.351864	1.23321
1.469	0.243312	1.51896	-1.94774	-1.59428	-0.172186	0.351864	1.23321
1.482	0.243319	1.51896	-1.94774	-1.59428	-0.172188	0.351864	1.23321
1.495	0.24332	1.51896	-1.94774	-1.59428	-0.172188	0.351864	1.23321
1.508	0.243321	1.51896	-1.94774	-1.59428	-0.172188	0.351864	1.23321
1.521	0.243321	1.51896	-1.94774	-1.59428	-0.172188	0.351864	1.23321
1.534	0.243322	1.51896	-1.94774	-1.59428	-0.172188	0.351864	1.23321
1.547	0.243322	1.51896	-1.94774	-1.59428	-0.172188	0.351864	1.2332
1.56	0.243322	1.51896	-1.94774	-1.59428	-0.172188	0.351864	1.2332
1.573	0.243321	1.51896	-1.94774	-1.59428	-0.172188	0.351864	1.2332
1.586	0.243321	1.51896	-1.94774	-1.59428	-0.172188	0.351864	1.2332
1.599	0.243306	1.51896	-1.94774	-1.59428	-0.17219	0.351864	1.2332
1.612	0.243297	1.51896	-1.94774	-1.59428	-0.172192	0.351864	1.2332
1.625	0.243314	1.51895	-1.94774	-1.59428	-0.172194	0.351864	1.2332
1.638	0.243316	1.51895	-1.94774	-1.59427	-0.172194	0.351864	1.2332
1.651	0.243316	1.51895	-1.94774	-1.59427	-0.172196	0.351864	1.23321
1.664	0.243315	1.51895	-1.94774	-1.59427	-0.172196	0.351864	1.2332
1.677	0.243314	1.51895	-1.94774	-1.59427	-0.172199	0.351864	1.23321
1.69	0.243311	1.51895	-1.94774	-1.59427	-0.172199	0.351864	1.23321
1.703	0.243311	1.51895	-1.94774	-1.59427	-0.172199	0.351864	1.23321
1.716	0.24331	1.51895	-1.94774	-1.59427	-0.172199	0.351864	1.23321
1.729	0.243289	1.51895	-1.94774	-1.59427	-0.172199	0.351864	1.23321
1.742	0.243268	1.51895	-1.94774	-1.59427	-0.172199	0.351864	1.23321
1.755	0.243279	1.51895	-1.94774	-1.59427	-0.172199	0.351864	1.23321
1.768	0.243283	1.51895	-1.94774	-1.59427	-0.172199	0.351864	1.23321
1.781	0.243285	1.51895	-1.94774	-1.59427	-0.172199	0.351864	1.23321
1.794	0.243284	1.51895	-1.94774	-1.59427	-0.172199	0.351864	1.23321
1.807	0.243282	1.51895	-1.94774	-1.59427	-0.172199	0.351864	1.23321
1.82	0.24328	1.51895	-1.94774	-1.59427	-0.172201	0.351864	1.23321
1.833	0.243276	1.51895	-1.94774	-1.59427	-0.172201	0.351864	1.23321
1.846	0.243276	1.51895	-1.94774	-1.59427	-0.172201	0.351864	1.23321
1.859	0.243275	1.51895	-1.94774	-1.59426	-0.172201	0.351864	1.23321
1.872	0.243243	1.51895	-1.94774	-1.59426	-0.172203	0.351864	1.23321
1.885	0.243163	1.51895	-1.94774	-1.59425	-0.172203	0.351864	1.2332
1.898	0.243133	1.51895	-1.94774	-1.59425	-0.172205	0.351864	1.23321
1.911	0.243103	1.51895	-1.94774	-1.59425	-0.172205	0.351864	1.2332
1.924	0.243108	1.51895	-1.94774	-1.59425	-0.172205	0.351864	1.23321
1.937	0.243108	1.51895	-1.94774	-1.59425	-0.172205	0.351864	1.23321
1.95	0.243106	1.51895	-1.94774	-1.59425	-0.172205	0.351864	1.23321
1.963	0.243105	1.51895	-1.94774	-1.59425	-0.172205	0.351864	1.23321
1.976	0.243105	1.51895	-1.94774	-1.59425	-0.172205	0.351864	1.23321
1.989	0.243103	1.51895	-1.94774	-1.59425	-0.172205	0.351864	1.23321
2.002	0.243054	1.51895	-1.94774	-1.59425	-0.172205	0.351864	1.23321
2.015	0.242953	1.51895	-1.94774	-1.59423	-0.172205	0.351864	1.2332
2.028	0.242867	1.51895	-1.94774	-1.59423	-0.172205	0.351864	1.23321
2.041	0.242778	1.51895	-1.94774	-1.59423	-0.172205	0.351864	1.23321
2.054	0.24275	1.51895	-1.94774	-1.59423	-0.172207	0.351864	1.2332
2.067	0.24269	1.51895	-1.94774	-1.59423	-0.172207	0.351864	1.23321
2.08	0.242671	1.51895	-1.94774	-1.59423	-0.172209	0.351864	1.23321
2.093	0.242656	1.51895	-1.94774	-1.59423	-0.172209	0.351863	1.23321
2.106	0.242651	1.51895	-1.94774	-1.59423	-0.172209	0.351863	1.23321
2.119	0.242651	1.51895	-1.94774	-1.59423	-0.172209	0.351863	1.23321
2.132	0.242653	1.51895	-1.94774	-1.59423	-0.172209	0.351863	1.23321
2.145	0.242599	1.51895	-1.94774	-1.59423	-0.172209	0.351863	1.23321
2.158	0.242494	1.51895	-1.94774	-1.59422	-0.172209	0.351863	1.23321
2.171	0.242423	1.51895	-1.94774	-1.59422	-0.172209	0.351863	1.23321
2.184	0.242339	1.51895	-1.94774	-1.59422	-0.172209	0.351864	1.23321
2.197	0.242302	1.51895	-1.94774	-1.59422	-0.172209	0.351864	1.23321
2.21	0.242246	1.51895	-1.94774	-1.59422	-0.172209	0.351864	1.23321
2.223	0.242217	1.51895	-1.94774	-1.59422	-0.172209	0.351864	1.23321
2.236	0.242215	1.51895	-1.94774	-1.59422	-0.172209	0.351864	1.23321
2.249	0.242215	1.51895	-1.94774	-1.59422	-0.172209	0.351864	1.23321
2.262	0.242215	1.51895	-1.94774	-1.59422	-0.172211	0.351864	1.23321
2.275	0.24218	1.51895	-1.94774	-1.59422	-0.172211	0.351863	1.23321
2.288	0.242095	1.51895	-1.94774	-1.59422	-0.172209	0.351864	1.23321
2.301	0.242051	1.51895	-1.94774	-1.59422	-0.172211	0.351864	1.23321
2.314	0.242011	1.51895	-1.94774	-1.59422	-0.172209	0.351864	1.2332
2.327	0.242011	1.51895	-1.94774	-1.59422	-0.172211	0.351864	1.23321
2.34	0.242006	1.51895	-1.94774	-1.59422	-0.172211	0.351864	1.23321
2.353	0.241994	1.51895	-1.94774	-1.59422	-0.172213	0.351864	1.23321
2.366	0.241994	1.51895	-1.94774	-1.59422	-0.172213	0.351864	1.23321
2.379	0.241994	1.51895	-1.94774	-1.59422	-0.172213	0.351864	1.23321
2.392	0.241994	1.51895	-1.94774	-1.59422	-0.172213	0.351864	1.23321
2.405	0.241994	1.51895	-1.94774	-1.59422	-0.172213	0.351864	1.23321
2.418	0.241987	1.51895	-1.94774	-1.59422	-0.172213	0.351864	1.2332
2.431	0.241957	1.51895	-1.94774	-1.59422	-0.172213	0.351864	1.23321
2.444	0.241957	1.51895	-1.94774	-1.59422	-0.172213	0.351864	1.2332
2.457	0.241957	1.51895	-1.94774	-1.59422	-0.172213	0.351864	1.23321
2.47	0.241957	1.51895	-1.94774	-1.59422	-0.172213	0.351864	1.23321
2.483	0.241957	1.51895	-1.94774	-1.59422	-0.172213	0.351864	1.2332
2.496	0.241957	1.51895	-1.94774	-1.59422	-0.172213	0.351864	1.23321
2.509	0.241957	1.51895	-1.94774	-1.59422	-0.172213	0.351864	1.23321
2.522	0.241957	1.51895	-1.94774	-1.59422	-0.172213	0.351864	1.23321
2.535	0.241957	1.51895	-1.94774	-1.59422	-0.172213	0.351864	1.23321
2.548	0.241937	1.51895	-1.94774	-1.59422	-0.172215	0.351864	1.23321
2.561	0.241886	1.51895	-1.94774	-1.59422	-0.172215	0.351864	1.23321
2.574	0.241843	1.51895	-1.94774	-1.59422	-0.172215	0.351864	1.23321
2.587	0.241795	1.51895	-1.94774	-1.59422	-0.172215	0.351864	1.23321
2.6	0.241762	1.51895	-1.94774	-1.59422	-0.172215	0.351864	1.23321
2.613	0.241703	1.51895	-1.94774	-1.59422	-0.172215	0.351864	1.23321
2.626	0.241653	1.51895	-1.94774	-1.59422	-0.172215	0.351864	1.23321
2.639	0.241608	1.51895	-1.94774	-1.59422	-0.172215	0.351864	1.23321
2.652	0.241578	1.51895	-1.94774	-1.59422	-0.172215	0.351864	1.23321
2.665	0.241578	1.51895	-1.94774	-1.59422	-0.172215	0.351864	1.23321
2.678	0.241555	1.51895	-1.94774	-1.59422	-0.172215	0.351864	1.23321
2.691	0.241498	1.51895	-1.94774	-1.59422	-0.172215	0.351864	1.23321
2.704	0.241406	1.51895	-1.94775	-1.59422	-0.172215	0.351864	1.23321
2.717	0.24129	1.51894	-1.94775	-1.59422	-0.172215	0.351864	1.23321
2.73	0.241146	1.51894	-1.94775	-1.59422	-0.172215	0.351866	1.23321
2.743	0.24099	1.51894	-1.94776	-1.59423	-0.172215	0.35187	1.23321
2.756	0.240799	1.51894	-1.94776	-1.59423	-0.172217	0.351875	1.23321
2.769	0.240591	1.51894	-1.94776	-1.59423	-0.172217	0.351885	1.23321
2.782	0.240361	1.51894	-1.94776	-1.59423	-0.172217	0.351899	1.23321
2.795	0.240361	1.51894	-1.94776	-1.59423	-0.172217	0.351899	1.23321
2.808	0.240129	1.51894	-1.94776	-1.59423	-0.172219	0.351921	1.23321
2.821	0.239911	1.51894	-1.94776	-1.59423	-0.172219	0.35195	1.2332
2.834	0.239684	1.51894	-1.94776	-1.59423	-0.172219	0.351973	1.23321
2.847	0.239465	1.51894	-1.94776	-1.59423	-0.172219	0.351987	1.23321
2.86	0.239271	1.51894	-1.94776	-1.59423	-0.172219	0.351997	1.23321
2.873	0.239105	1.51894	-1.94776	-1.59423	-0.172219	0.352001	1.23321
2.886	0.238963	1.51894	-1.94776	-1.59423	-0.172219	0.352001	1.23321
2.899	0.238813	1.51893	-1.94776	-1.59423	-0.172219	0.351999	1.23321
2.912	0.238659	1.51894	-1.94776	-1.59423	-0.172219	0.351999	1.23321
2.925	0.238501	1.51893	-1.94776	-1.59423	-0.172219	0.351999	1.2332
2.938	0.238501	1.51893	-1.94776	-1.59423	-0.172219	0.351999	1.2332
2.951	0.238328	1.51893	-1.94776	-1.59423	-0.172219	0.351999	1.2332
2.964	0.23811	1.51893	-1.94776	-1.59423	-0.172221	0.352001	1.23321
2.977	0.237818	1.51893	-1.94776	-1.59423	-0.172221	0.352002	1.23321
2.99	0.237498	1.51892	-1.94776	-1.59423	-0.172221	0.352008	1.2332
3.003	0.237132	1.51892	-1.94776	-1.59423	-0.172221	0.352021	1.2332
3.016	0.236712	1.51891	-1.94776	-1.59423	-0.172221	0.352045	1.2332
3.029	0.236227	1.51889	-1.94777	-1.59423	-0.172221	0.352072	1.2332
3.042	0.235725	1.51888	-1.94779	-1.59424	-0.172223	0.352122	1.2332
3.055	0.235174	1.51887	-1.94781	-1.59424	-0.172223	0.352161	1.2332
3.068	0.235174	1.51887	-1.94781	-1.59424	-0.172223	0.352161	1.2332
3.081	0.234579	1.51887	-1.94784	-1.59425	-0.172223	0.352215	1.2332
3.094	0.23391	1.51886	-1.94787	-1.59425	-0.172223	0.352256	1.2332
3.107	0.233152	1.51885	-1.94791	-1.59425	-0.172223	0.352287	1.2332
3.12	0.232324	1.51885	-1.94799	-1.59425	-0.172223	0.352306	1.2332
3.133	0.231497	1.51884	-1.9481	-1.59425	-0.172223	0.352311	1.2332
3.146	0.230599	1.51883	-1.94818	-1.59428	-0.172223	0.352311	1.2332
3.159	0.229702	1.51882	-1.94832	-1.5943	-0.172223	0.352311	1.2332
3.172	0.228743	1.5188	-1.94845	-1.5943	-0.172225	0.352311	1.2332
3.185	0.227804	1.51879	-1.9486	-1.59431	-0.172227	0.352314	1.2332
3.198	0.226836	1.51877	-1.94874	-1.59431	-0.172233	0.352325	1.2332
3.211	0.226836	1.51877	-1.94874	-1.59431	-0.172233	0.352325	1.2332
3.224	0.225854	1.51876	-1.9489	-1.59432	-0.172246	0.352348	1.2332
3.237	0.224732	1.51874	-1.94903	-1.59433	-0.172262	0.352401	1.2332
3.25	0.223592	1.51873	-1.94919	-1.59433	-0.172274	0.352517	1.2332
3.263	0.222327	1.51869	-1.94935	-1.59434	-0.172284	0.352688	1.2332
3.276	0.221086	1.51866	-1.94951	-1.59434	-0.172288	0.352802	1.2332
3.289	0.219823	1.51859	-1.94977	-1.59434	-0.172295	0.352902	1.2332
3.302	0.218468	1.51849	-1.95004	-1.59434	-0.172315	0.35301	1.2332
3.315	0.21714	1.51837	-1.9504	-1.59433	-0.172362	0.353126	1.2332
3.328	0.215696	1.51821	-1.95077	-1.59433	-0.172397	0.353354	1.2332
3.341	0.215696	1.51821	-1.95077	-1.59433	-0.172397	0.353354	1.2332
3.354	0.214275	1.51802	-1.95121	-1.59433	-0.172421	0.354271	1.2332
3.367	0.212933	1.5178	-1.95168	-1.59433	-0.172471	0.355619	1.2332
3.38	0.2115	1.51752	-1.9521	-1.59434	-0.172575	0.356477	1.2332
3.393	0.209994	1.51724	-1.95254	-1.59433	-0.172775	0.357363	1.2332
3.406	0.208532	1.51695	-1.95299	-1.59433	-0.172992	0.359233	1.2332
3.419	0.207081	1.51663	-1.95335	-1.59433	-0.17317	0.360976	1.23321
3.432	0.205681	1.5163	-1.95374	-1.59433	-0.173348	0.363219	1.23321
3.445	0.20426	1.51597	-1.95408	-1.59433	-0.173522	0.365127	1.23321
3.458	0.202877	1.51563	-1.95444	-1.59432	-0.173726	0.367257	1.23321
3.471	0.201545	1.51531	-1.95486	-1.59433	-0.174011	0.368489	1.23321
3.484	0.201545	1.51531	-1.95486	-1.59433	-0.174011	0.368489	1.23321
3.497	0.200241	1.51498	-1.95529	-1.59432	-0.174346	0.369474	1.23321
3.51	0.19888	1.51459	-1.95559	-1.59432	-0.174729	0.370703	1.23321
3.523	0.1976	1.51425	-1.95595	-1.59431	-0.175156	0.371216	1.23321
3.536	0.196219	1.51389	-1.95625	-1.59431	-0.175583	0.371295	1.23321
3.549	0.194906	1.51354	-1.95648	-1.59431	-0.176011	0.371297	1.2332
3.562	0.193688	1.51319	-1.95673	-1.59431	-0.17652	0.371297	1.23321
3.575	0.192412	1.5128	-1.9569	-1.59431	-0.177036	0.371297	1.23321
3.588	0.191222	1.51234	-1.95706	-1.59431	-0.177578	0.371298	1.23321
3.601	0.190021	1.51185	-1.95722	-1.59431	-0.178128	0.371303	1.23321
3.614	0.188814	1.51134	-1.95742	-1.59431	-0.178531	0.371327	1.2332
3.627	0.188814	1.51134	-1.95742	-1.59431	-0.178531	0.371327	1.2332
3.64	0.187648	1.51083	-1.95764	-1.59431	-0.178772	0.371377	1.23321
3.653	0.186395	1.5103	-1.95788	-1.59431	-0.178956	0.371489	1.2332
3.666	0.185067	1.50981	-1.95816	-1.5943	-0.179097	0.371622	1.23321
3.679	0.18377	1.50928	-1.95845	-1.59431	-0.179146	0.371828	1.23321
3.692	0.182446	1.50874	-1.95876	-1.59431	-0.179161	0.372173	1.23321
3.705	0.181162	1.50812	-1.95917	-1.5943	-0.179165	0.372669	1.23321
3.718	0.179926	1.50748	-1.95947	-1.5943	-0.179169	0.373684	1.23321
3.731	0.178665	1.50677	-1.95978	-1.59431	-0.179173	0.375343	1.23321
3.744	0.177437	1.50605	-1.9601	-1.59431	-0.179173	0.376396	1.23321
3.757	0.177437	1.50605	-1.9601	-1.59431	-0.179173	0.376396	1.23321
3.77	0.176277	1.50534	-1.96042	-1.59431	-0.179173	0.377753	1.23321
3.783	0.17505	1.50457	-1.96078	-1.59431	-0.179173	0.379653	1.23321
3.796	0.173863	1.50382	-1.96119	-1.59431	-0.179175	0.381266	1.23321
3.809	0.172702	1.50306	-1.96153	-1.59431	-0.179177	0.383509	1.23321
3.822	0.17154	1.50229	-1.96183	-1.59433	-0.179177	0.385452	1.23321
3.835	0.17048	1.50152	-1.96216	-1.59433	-0.179177	0.387477	1.23321
3.848	0.169409	1.50076	-1.96246	-1.59433	-0.179177	0.388738	1.23321
3.861	0.168412	1.49999	-1.96284	-1.59433	-0.179177	0.390355	1.23321
3.874	0.167388	1.49927	-1.96324	-1.59433	-0.179177	0.391405	1.23321
3.887	0.166455	1.49853	-1.96363	-1.59433	-0.179179	0.391876	1.23321
3.9	0.166455	1.49853	-1.96363	-1.59433	-0.179179	0.391876	1.23321
3.913	0.16552	1.49775	-1.96397	-1.59433	-0.179189	0.392266	1.23321
3.926	0.164592	1.49695	-1.96425	-1.59433	-0.179204	0.392823	1.23321
3.939	0.163603	1.4962	-1.96457	-1.59432	-0.17922	0.394252	1.2332
3.952	0.162705	1.49543	-1.96497	-1.59433	-0.17923	0.395366	1.2332
3.965	0.16177	1.49467	-1.96529	-1.59434	-0.179249	0.396089	1.2332
3.978	0.160932	1.49392	-1.96569	-1.59434	-0.179275	0.397343	1.23321
3.991	0.160044	1.49315	-1.96598	-1.59434	-0.179298	0.399249	1.23321
4.004	0.159199	1.49236	-1.96627	-1.59433	-0.17931	0.400795	1.23321
4.017	0.158368	1.49158	-1.96659	-1.59434	-0.179316	0.402886	1.23321
4.03	0.158368	1.49158	-1.96659	-1.59434	-0.179316	0.402886	1.23321
4.043	0.157507	1.49082	-1.96699	-1.59434	-0.179326	0.404453	1.23321
4.056	0.156704	1.4901	-1.96737	-1.59434	-0.179335	0.406295	1.23321
4.069	0.155813	1.48934	-1.96775	-1.59434	-0.179339	0.407314	1.23321
4.082	0.155014	1.48855	-1.96815	-1.59435	-0.179345	0.407703	1.23321
4.095	0.154164	1.48776	-1.96841	-1.59435	-0.179353	0.407882	1.23321
4.108	0.153383	1.487	-1.96878	-1.59436	-0.179359	0.407955	1.23321
4.121	0.152618	1.48623	-1.96916	-1.59436	-0.179363	0.407955	1.23321
4.134	0.151821	1.48548	-1.96956	-1.59436	-0.179367	0.407954	1.23321
4.147	0.151027	1.48467	-1.97002	-1.59438	-0.179371	0.407954	1.23321
4.16	0.150203	1.48385	-1.97047	-1.59442	-0.179378	0.407954	1.23321
4.173	0.150203	1.48385	-1.97047	-1.59442	-0.179378	0.407954	1.23321
4.186	0.149425	1.48305	-1.97097	-1.59446	-0.179386	0.407954	1.23321
4.199	0.14859	1.48219	-1.97141	-1.59451	-0.179392	0.407954	1.23321
4.212	0.147672	1.48135	-1.97186	-1.59451	-0.1794	0.407954	1.23321
4.225	0.146743	1.48046	-1.97235	-1.59454	-0.17941	0.407954	1.23321
4.238	0.145791	1.47957	-1.97278	-1.59457	-0.179418	0.407954	1.23321
4.251	0.144901	1.47866	-1.97325	-1.59466	-0.17942	0.407954	1.23321
4.264	0.143921	1.4777	-1.97367	-1.59475	-0.179425	0.407952	1.23321
4.277	0.142959	1.47672	-1.9741	-1.59482	-0.179427	0.407952	1.23321
4.29	0.141912	1.47571	-1.9746	-1.59494	-0.179427	0.407952	1.23321
4.303	0.141912	1.47571	-1.9746	-1.59494	-0.179427	0.407952	1.23321
4.316	0.140952	1.47474	-1.9751	-1.59508	-0.179427	0.407952	1.23321
4.329	0.1399	1.47368	-1.97552	-1.59523	-0.179427	0.40795	1.23321
4.342	0.138897	1.47261	-1.97596	-1.59537	-0.179425	0.40795	1.23321
4.355	0.137736	1.4716	-1.97639	-1.5955	-0.179425	0.40795	1.23321
4.368	0.136665	1.47052	-1.97693	-1.59574	-0.179425	0.407948	1.23321
4.381	0.135511	1.46946	-1.97738	-1.59591	-0.179425	0.407948	1.23321
4.394	0.134435	1.4683	-1.9779	-1.59607	-0.179425	0.407947	1.23321
4.407	0.133312	1.4672	-1.9784	-1.59618	-0.179427	0.407945	1.23321
4.42	0.132197	1.46609	-1.97897	-1.59636	-0.179427	0.407945	1.23321
4.433	0.13107	1.46497	-1.97947	-1.59649	-0.179429	0.407943	1.23321
4.446	0.13107	1.46497	-1.97947	-1.59649	-0.179429	0.407943	1.23321
4.459	0.129995	1.46378	-1.97999	-1.59665	-0.179433	0.407942	1.23321
4.472	0.128853	1.46266	-1.98052	-1.59683	-0.179443	0.407942	1.23321
4.485	0.127646	1.46155	-1.98112	-1.59694	-0.179474	0.40794	1.23321
4.498	0.126456	1.46041	-1.9817	-1.59709	-0.179515	0.40794	1.23321
4.511	0.125345	1.45937	-1.98223	-1.59726	-0.179582	0.40794	1.23321
4.524	0.124213	1.45827	-1.98282	-1.59751	-0.179695	0.40794	1.23321
4.537	0.12312	1.45715	-1.98333	-1.59773	-0.179866	0.40794	1.23321
4.55	0.121995	1.45603	-1.98378	-1.59795	-0.180036	0.40794	1.2332
4.563	0.120933	1.45489	-1.9843	-1.59827	-0.1802	0.40794	1.23321
4.576	0.120933	1.45489	-1.9843	-1.59827	-0.1802	0.40794	1.23321
4.589	0.119836	1.4538	-1.98485	-1.5986	-0.180425	0.40794	1.23321
4.602	0.118752	1.4527	-1.98538	-1.599	-0.18076	0.40794	1.23321
4.615	0.11761	1.45162	-1.98589	-1.59941	-0.1812	0.40794	1.23321
4.628	0.116416	1.45058	-1.98648	-1.59984	-0.181683	0.40794	1.23321
4.641	0.115231	1.44952	-1.98704	-1.60028	-0.182204	0.40794	1.23321
4.654	0.114071	1.44841	-1.98755	-1.60071	-0.182767	0.407938	1.23321
4.667	0.112953	1.44729	-1.98812	-1.60113	-0.183482	0.407938	1.23321
4.68	0.111795	1.44621	-1.98875	-1.60144	-0.184425	0.407936	1.23321
4.693	0.110665	1.44509	-1.98941	-1.6017	-0.185403	0.407936	1.23321
4.706	0.109585	1.444	-1.99006	-1.60191	-0.186233	0.407936	1.23321
4.719	0.109585	1.444	-1.99006	-1.60191	-0.186233	0.407936	1.23321
4.732	0.108457	1.4429	-1.99071	-1.60209	-0.187291	0.407935	1.23321
4.745	0.107389	1.44178	-1.99135	-1.60222	-0.188608	0.407935	1.23321
4.758	0.106297	1.4407	-1.99201	-1.60232	-0.18997	0.407933	1.23321
4.771	0.105244	1.4396	-1.9927	-1.6025	-0.1915	0.407933	1.23321
4.784	0.104211	1.43849	-1.9934	-1.60262	-0.192731	0.407933	1.23321
4.797	0.103214	1.43737	-1.99408	-1.60271	-0.194073	0.407933	1.23321
4.81	0.102209	1.43625	-1.9947	-1.60276	-0.195448	0.407935	1.23321
4.823	0.101267	1.43513	-1.9953	-1.60295	-0.196679	0.407933	1.23321
4.836	0.100284	1.43398	-1.99587	-1.60307	-0.197646	0.407933	1.23321
4.849	0.100284	1.43398	-1.99587	-1.60307	-0.197646	0.407933	1.23321
4.862	0.0993329	1.43284	-1.99646	-1.60317	-0.198151	0.407933	1.23321
4.875	0.0983652	1.4317	-1.99704	-1.60329	-0.198475	0.407933	1.23321
4.888	0.0973988	1.43054	-1.99768	-1.60342	-0.198753	0.407933	1.23321
4.901	0.0962854	1.42941	-1.9983	-1.60344	-0.199033	0.407933	1.23321
4.914	0.0952001	1.42831	-1.99889	-1.60346	-0.199274	0.407933	1.23321
4.927	0.0941007	1.42712	-1.9994	-1.60352	-0.19946	0.407933	1.23321
4.94	0.0929924	1.42593	-1.99994	-1.60357	-0.199622	0.407931	1.23321
4.953	0.0918509	1.42471	-2.00044	-1.60357	-0.199759	0.407931	1.23321
4.966	0.0906787	1.42352	-2.00093	-1.60357	-0.199808	0.40793	1.23321
4.979	0.0895282	1.4223	-2.0014	-1.60357	-0.199824	0.40793	1.23321
4.992	0.0895282	1.4223	-2.0014	-1.60357	-0.199824	0.40793	1.23321
5.005	0.0883381	1.42109	-2.0019	-1.60357	-0.199845	0.407928	1.23321
5.018	0.0870892	1.4199	-2.00246	-1.60357	-0.199867	0.407926	1.23321
5.031	0.08583	1.41872	-2.00298	-1.60356	-0.199888	0.407926	1.23321
5.044	0.0845287	1.41748	-2.00338	-1.60356	-0.1999	0.407925	1.23321
5.057	0.0832478	1.41629	-2.00375	-1.60356	-0.199906	0.407923	1.23321
5.07	0.0820283	1.41513	-2.0042	-1.60356	-0.199912	0.407923	1.23321
5.083	0.080718	1.41393	-2.00456	-1.60356	-0.199921	0.407923	1.23321
5.096	0.0794972	1.41283	-2.00493	-1.60356	-0.199929	0.407923	1.23321
5.109	0.0782138	1.41167	-2.00527	-1.60356	-0.199935	0.407921	1.23321
5.122	0.0768984	1.41055	-2.0056	-1.60356	-0.199937	0.407921	1.23321
5.135	0.0768984	1.41055	-2.0056	-1.60356	-0.199937	0.407921	1.23321
5.148	0.0756533	1.40942	-2.00596	-1.60356	-0.199937	0.407921	1.23321
5.161	0.0742945	1.40837	-2.00633	-1.60356	-0.199939	0.407921	1.23321
5.174	0.072873	1.40732	-2.00667	-1.60355	-0.199939	0.407919	1.23321
5.187	0.0714579	1.40629	-2.00699	-1.60355	-0.199939	0.407919	1.23321
5.2	0.070076	1.4052	-2.00724	-1.60355	-0.199941	0.407919	1.23321
5.213	0.0686839	1.40418	-2.00753	-1.60355	-0.199941	0.407918	1.23321
5.226	0.0673046	1.40311	-2.00786	-1.60355	-0.199941	0.407916	1.23321
5.239	0.0659356	1.40208	-2.00817	-1.60355	-0.199943	0.407914	1.23321
5.252	0.0645205	1.40102	-2.00847	-1.60355	-0.199945	0.407913	1.23321
5.265	0.0645205	1.40102	-2.00847	-1.60355	-0.199945	0.407913	1.23321
5.278	0.0631169	1.4	-2.00882	-1.60355	-0.199945	0.407911	1.23321
5.291	0.0616251	1.39888	-2.00921	-1.60355	-0.199945	0.407909	1.23321
5.304	0.0600975	1.39788	-2.00964	-1.60348	-0.199945	0.407906	1.23321
5.317	0.0585303	1.39676	-2.01013	-1.60348	-0.199947	0.407906	1.23321
5.33	0.0569106	1.39568	-2.01051	-1.60348	-0.199947	0.407906	1.23321
5.343	0.0554316	1.39456	-2.01093	-1.60348	-0.199949	0.407904	1.23321
5.356	0.0539002	1.3935	-2.01124	-1.60348	-0.199949	0.407902	1.23321
5.369	0.0523854	1.3924	-2.01163	-1.60348	-0.199949	0.407902	1.23321
5.382	0.0509153	1.39139	-2.01204	-1.60348	-0.199951	0.407902	1.2332
5.395	0.0494325	1.3903	-2.01245	-1.60347	-0.199953	0.407901	1.23321
5.408	0.0494325	1.3903	-2.01245	-1.60347	-0.199953	0.407901	1.23321
5.421	0.0480455	1.38927	-2.01289	-1.60347	-0.199953	0.407901	1.23321
5.434	0.0465934	1.38827	-2.0133	-1.60347	-0.199953	0.407901	1.23321
5.447	0.0450594	1.38737	-2.01379	-1.60341	-0.199953	0.407899	1.23321
5.46	0.0435868	1.38642	-2.01429	-1.60339	-0.199953	0.407899	1.23321
5.473	0.0421934	1.38548	-2.01465	-1.60339	-0.199953	0.407897	1.23321
5.486	0.0408499	1.38453	-2.01504	-1.60331	-0.199953	0.407896	1.23321
5.499	0.0394859	1.38355	-2.01541	-1.60325	-0.199955	0.407894	1.23321
5.512	0.0381795	1.38267	-2.01573	-1.6032	-0.199953	0.407892	1.23321
5.525	0.036873	1.38176	-2.01607	-1.60314	-0.199953	0.407891	1.23321
5.538	0.036873	1.38176	-2.01607	-1.60314	-0.199953	0.407891	1.23321
5.551	0.0355947	1.38087	-2.0164	-1.6031	-0.199953	0.407887	1.23321
5.564	0.0342691	1.38	-2.01672	-1.60309	-0.199955	0.407884	1.23321
5.577	0.0329026	1.37915	-2.01711	-1.60296	-0.199953	0.407879	1.23321
5.59	0.0315706	1.37831	-2.0175	-1.60292	-0.199953	0.407872	1.23321
5.603	0.0302501	1.37749	-2.01793	-1.60291	-0.199953	0.407867	1.23321
5.616	0.0290114	1.37673	-2.01838	-1.60289	-0.199953	0.407863	1.23321
5.629	0.0277612	1.37591	-2.01871	-1.60289	-0.199953	0.407856	1.23321
5.642	0.0265698	1.37504	-2.01897	-1.60288	-0.199953	0.40785	1.23321
5.655	0.0253899	1.37419	-2.01918	-1.60287	-0.199953	0.407843	1.23321
5.668	0.0242075	1.37334	-2.01945	-1.60286	-0.199953	0.407838	1.23321
5.681	0.0242075	1.37334	-2.01945	-1.60286	-0.199953	0.407838	1.23321
5.694	0.023103	1.37254	-2.01976	-1.60286	-0.199953	0.407831	1.23321
5.707	0.0218375	1.37175	-2.02005	-1.60285	-0.199953	0.407822	1.23321
5.72	0.0206154	1.37099	-2.02041	-1.60283	-0.199953	0.407814	1.23321
5.733	0.0193741	1.37019	-2.02067	-1.60283	-0.199953	0.407807	1.23321
5.746	0.0180971	1.36937	-2.02091	-1.60283	-0.199955	0.407802	1.23321
5.759	0.0169287	1.36855	-2.02123	-1.60283	-0.199953	0.407795	1.23321
5.772	0.015699	1.36776	-2.02152	-1.60282	-0.199953	0.40779	1.23321
5.785	0.0144718	1.36695	-2.02189	-1.60282	-0.199953	0.407785	1.23321
5.798	0.013283	1.36614	-2.02225	-1.60279	-0.199953	0.407778	1.23321
5.811	0.013283	1.36614	-2.02225	-1.60279	-0.199953	0.407778	1.23321
5.824	0.0121542	1.36532	-2.02255	-1.60279	-0.199953	0.407773	1.23321
5.837	0.0109897	1.36447	-2.02283	-1.60278	-0.199953	0.407768	1.23321
5.85	0.00978549	1.36368	-2.02312	-1.60266	-0.199955	0.407758	1.23321
5.863	0.00858388	1.36284	-2.02344	-1.60261	-0.199955	0.407742	1.23321
5.876	0.00744617	1.36203	-2.02368	-1.60258	-0.199955	0.40773	1.23321
5.889	0.00627779	1.36121	-2.02391	-1.60255	-0.199957	0.407718	1.23321
5.902	0.00512603	1.36037	-2.02417	-1.6025	-0.199966	0.407703	1.23321
5.915	0.00398066	1.35949	-2.02439	-1.60241	-0.199982	0.407671	1.23321
5.928	0.00285318	1.35859	-2.0246	-1.60236	-0.2	0.407602	1.23321
5.941	0.00175383	1.35774	-2.02481	-1.6023	-0.200029	0.407538	1.23321
5.954	0.00175383	1.35774	-2.02481	-1.6023	-0.200029	0.407538	1.23321
5.967	0.000628912	1.35688	-2.02501	-1.60229	-0.200062	0.407461	1.23321
5.98	-0.000508781	1.35602	-2.02522	-1.60228	-0.200096	0.407384	1.23321
5.993	-0.00177303	1.35517	-2.02543	-1.60222	-0.200123	0.407308	1.23321
6.006	-0.00295674	1.35434	-2.02569	-1.60212	-0.200158	0.407274	1.23321
6.019	-0.00415837	1.3535	-2.02595	-1.60207	-0.200207	0.407251	1.23321
6.032	-0.00534338	1.35265	-2.02614	-1.60203	-0.200246	0.407231	1.23321
6.045	-0.00651559	1.35179	-2.02633	-1.60194	-0.200268	0.40721	1.23321
6.058	-0.00769931	1.35088	-2.02645	-1.60188	-0.200283	0.407193	1.23321
6.071	-0.00888687	1.34996	-2.02657	-1.60183	-0.200307	0.407173	1.23321
6.084	-0.00888687	1.34996	-2.02657	-1.60183	-0.200307	0.407173	1.23321
6.097	-0.0100514	1.34905	-2.02673	-1.60174	-0.200338	0.407151	1.23321
6.11	-0.0112991	1.34818	-2.02684	-1.60163	-0.20036	0.407122	1.23321
6.123	-0.0125914	1.34727	-2.02699	-1.60151	-0.200368	0.407093	1.23321
6.136	-0.0139196	1.34632	-2.02713	-1.60138	-0.200379	0.407071	1.23321
6.149	-0.0152976	1.34536	-2.02725	-1.60123	-0.200389	0.407031	1.23321
6.162	-0.0166015	1.34431	-2.02742	-1.60107	-0.200391	0.406951	1.23321
6.175	-0.0179936	1.34328	-2.02754	-1.60087	-0.200393	0.406854	1.23321
6.188	-0.0193844	1.34218	-2.0277	-1.60073	-0.200397	0.406779	1.23321
6.201	-0.0208021	1.3411	-2.02785	-1.60057	-0.200399	0.406742	1.23321
6.214	-0.0222082	1.33997	-2.02802	-1.6004	-0.200401	0.406711	1.23321
6.227	-0.0222082	1.33997	-2.02802	-1.6004	-0.200401	0.406711	1.23321
6.24	-0.023608	1.33889	-2.02813	-1.60024	-0.200401	0.406689	1.23321
6.253	-0.0250768	1.33777	-2.02824	-1.60011	-0.200401	0.406675	1.23321
6.266	-0.0265711	1.33674	-2.02842	-1.59991	-0.200401	0.406665	1.23321
6.279	-0.0280552	1.33563	-2.02857	-1.59971	-0.200401	0.40666	1.23321
6.292	-0.029579	1.33459	-2.02859	-1.59947	-0.200401	0.406653	1.23321
6.305	-0.0310248	1.33346	-2.02873	-1.59921	-0.200401	0.406638	1.23321
6.318	-0.0325217	1.33239	-2.02881	-1.59893	-0.200401	0.406626	1.23321
6.331	-0.0339789	1.33128	-2.02889	-1.59864	-0.200401	0.406617	1.23321
6.344	-0.0354503	1.3302	-2.02894	-1.59833	-0.200401	0.406607	1.23321
6.357	-0.0354503	1.3302	-2.02894	-1.59833	-0.200401	0.406607	1.23321
6.37	-0.0369574	1.32909	-2.02903	-1.59804	-0.200401	0.406599	1.23321
6.383	-0.0384045	1.32803	-2.0292	-1.59769	-0.200401	0.406592	1.23321
6.396	-0.0399423	1.32692	-2.02935	-1.59737	-0.200401	0.406583	1.23321
6.409	-0.0415862	1.3259	-2.02952	-1.59697	-0.200401	0.406566	1.23321
6.422	-0.043156	1.32475	-2.02974	-1.5966	-0.200401	0.406539	1.23321
6.435	-0.0447807	1.32362	-2.02978	-1.59623	-0.200401	0.40652	1.23321
6.448	-0.0463658	1.32242	-2.02984	-1.59581	-0.200401	0.4065	1.23321
6.461	-0.0479599	1.32125	-2.02988	-1.59532	-0.200401	0.406462	1.23321
6.474	-0.0495693	1.32003	-2.02988	-1.5948	-0.200403	0.406377	1.23321
6.487	-0.0511391	1.31884	-2.02988	-1.59426	-0.200409	0.406234	1.23321
6.5	-0.0511391	1.31884	-2.02988	-1.59426	-0.200409	0.406234	1.23321
6.513	-0.0527843	1.31763	-2.02988	-1.59374	-0.200416	0.406062	1.23321
6.526	-0.0544844	1.31644	-2.02988	-1.59315	-0.20042	0.405833	1.23321
6.539	-0.0562191	1.31527	-2.02988	-1.59245	-0.200426	0.405508	1.23321
6.552	-0.0579985	1.31411	-2.02988	-1.59175	-0.20043	0.405102	1.23321
6.565	-0.0597767	1.31288	-2.02988	-1.59103	-0.200432	0.404645	1.23321
6.578	-0.0615791	1.31163	-2.02988	-1.59029	-0.20044	0.403786	1.23321
6.591	-0.0633406	1.3104	-2.02988	-1.58951	-0.200448	0.402513	1.23321
6.604	-0.0651763	1.30916	-2.02988	-1.58878	-0.200477	0.401555	1.23321
6.617	-0.0669723	1.30793	-2.02988	-1.58805	-0.200542	0.400884	1.23321
6.63	-0.0669723	1.30793	-2.02988	-1.58805	-0.200542	0.400884	1.23321
6.643	-0.0687965	1.30667	-2.02988	-1.58729	-0.200622	0.399864	1.23321
6.656	-0.0706232	1.30542	-2.02988	-1.58651	-0.200771	0.398261	1.23321
6.669	-0.0725036	1.30411	-2.02988	-1.58579	-0.201017	0.396829	1.23321
6.682	-0.0744888	1.30286	-2.02989	-1.58502	-0.201277	0.394749	1.23321
6.695	-0.0764613	1.30156	-2.02989	-1.58433	-0.201614	0.3925	1.23321
6.708	-0.0784427	1.30028	-2.02989	-1.58361	-0.202254	0.389653	1.23321
6.721	-0.0805046	1.29899	-2.02989	-1.58294	-0.203121	0.386754	1.23321
6.734	-0.0825077	1.29771	-2.02989	-1.58225	-0.204036	0.384063	1.23321
6.747	-0.0845466	1.2964	-2.02989	-1.58167	-0.204909	0.381523	1.23321
6.76	-0.0865651	1.2952	-2.02989	-1.58101	-0.206059	0.379582	1.23321
6.773	-0.0865651	1.2952	-2.02989	-1.58101	-0.206059	0.379582	1.23321
6.786	-0.0885887	1.29395	-2.02989	-1.58043	-0.20757	0.377966	1.23321
6.799	-0.0905943	1.2927	-2.0299	-1.57978	-0.209347	0.377182	1.23321
6.812	-0.0927163	1.29142	-2.0299	-1.57909	-0.211012	0.376301	1.23321
6.825	-0.0947732	1.29015	-2.02993	-1.57845	-0.212442	0.374993	1.23321
6.838	-0.0967954	1.28889	-2.02994	-1.57785	-0.214021	0.373915	1.23321
6.851	-0.098727	1.28759	-2.02998	-1.57728	-0.215631	0.373084	1.23321
6.864	-0.100685	1.28632	-2.03003	-1.57669	-0.217134	0.371833	1.23321
6.877	-0.102581	1.28494	-2.03016	-1.57605	-0.218232	0.370567	1.23321
6.89	-0.104493	1.28358	-2.03023	-1.57533	-0.219378	0.369706	1.23321
6.903	-0.104493	1.28358	-2.03023	-1.57533	-0.219378	0.369706	1.23321
6.916	-0.106305	1.2822	-2.03037	-1.57467	-0.220402	0.368921	1.23321
6.929	-0.10807	1.28081	-2.03049	-1.57404	-0.221333	0.367676	1.23321
6.942	-0.10985	1.27941	-2.03063	-1.57338	-0.222231	0.366741	1.23321
6.955	-0.111651	1.278	-2.03079	-1.57268	-0.222926	0.366286	1.23321
6.968	-0.113425	1.27658	-2.03093	-1.57194	-0.223397	0.366122	1.23321
6.981	-0.115179	1.27522	-2.03099	-1.57113	-0.223808	0.366047	1.23321
6.994	-0.11687	1.27382	-2.03111	-1.57036	-0.224299	0.365911	1.23321
7.007	-0.118584	1.27235	-2.03124	-1.56964	-0.224839	0.365657	1.23321
7.02	-0.120336	1.27098	-2.03128	-1.56889	-0.225526	0.365309	1.23321
7.033	-0.122054	1.26953	-2.03138	-1.56821	-0.226246	0.364719	1.23321
7.046	-0.122054	1.26953	-2.03138	-1.56821	-0.226246	0.364719	1.23321
7.059	-0.123875	1.26811	-2.03144	-1.56747	-0.226841	0.363802	1.23321
7.072	-0.125688	1.26664	-2.03152	-1.56674	-0.227405	0.362923	1.23321
7.085	-0.127558	1.26516	-2.03159	-1.56599	-0.22799	0.362323	1.23321
7.098	-0.129372	1.26371	-2.03165	-1.56524	-0.228545	0.361953	1.23321
7.111	-0.131217	1.26226	-2.03166	-1.56453	-0.229038	0.361501	1.23321
7.124	-0.133028	1.26083	-2.03166	-1.56376	-0.229359	0.360719	1.23321
7.137	-0.134861	1.25939	-2.03165	-1.56303	-0.229625	0.359388	1.23321
7.15	-0.136698	1.25803	-2.03167	-1.5623	-0.229929	0.358282	1.23321
7.163	-0.13854	1.25663	-2.03166	-1.56162	-0.23034	0.357431	1.23321
7.176	-0.140447	1.25535	-2.03166	-1.56091	-0.230872	0.355955	1.23321
7.189	-0.140447	1.25535	-2.03166	-1.56091	-0.230872	0.355955	1.23321
7.202	-0.14232	1.25403	-2.03166	-1.5602	-0.231486	0.354263	1.23321
7.215	-0.14429	1.25273	-2.03166	-1.55941	-0.232134	0.35273	1.23321
7.228	-0.146284	1.25152	-2.03166	-1.55858	-0.232809	0.350753	1.23321
7.241	-0.148227	1.25028	-2.03166	-1.55784	-0.233466	0.349345	1.23321
7.254	-0.150113	1.24907	-2.03166	-1.55714	-0.234182	0.347779	1.23321
7.267	-0.152039	1.24785	-2.03166	-1.55641	-0.234949	0.346862	1.23321
7.28	-0.153931	1.24659	-2.03166	-1.55562	-0.235519	0.346599	1.23321
7.293	-0.1558	1.24535	-2.03166	-1.55479	-0.235857	0.34656	1.23321
7.306	-0.157664	1.24413	-2.03166	-1.55397	-0.236061	0.346562	1.23321
7.319	-0.157664	1.24413	-2.03166	-1.55397	-0.236061	0.346562	1.23321
7.332	-0.15952	1.24297	-2.03166	-1.5532	-0.236243	0.346565	1.23321
7.345	-0.161357	1.24176	-2.03166	-1.55242	-0.236386	0.346567	1.23321
7.358	-0.163263	1.2406	-2.03166	-1.55152	-0.236507	0.346567	1.23321
7.371	-0.165101	1.23938	-2.03166	-1.55069	-0.236652	0.346567	1.23321
7.384	-0.166903	1.23822	-2.03166	-1.54994	-0.236849	0.346567	1.23321
7.397	-0.168625	1.23708	-2.03166	-1.54914	-0.237082	0.346565	1.23321
7.41	-0.170397	1.23597	-2.03166	-1.54831	-0.237329	0.346562	1.23321
7.423	-0.172161	1.23483	-2.03166	-1.54743	-0.237663	0.346555	1.23321
7.436	-0.173873	1.23367	-2.03166	-1.54664	-0.238143	0.346504	1.23321
7.449	-0.175592	1.23253	-2.03166	-1.54587	-0.238691	0.346325	1.23321
7.462	-0.175592	1.23253	-2.03166	-1.54587	-0.238691	0.346325	1.23321
7.475	-0.177349	1.23139	-2.03165	-1.5451	-0.239242	0.345984	1.23321
7.488	-0.179188	1.23029	-2.03165	-1.54425	-0.239904	0.345502	1.23321
7.501	-0.181092	1.2292	-2.03165	-1.54336	-0.24069	0.3446	1.23321
7.514	-0.18301	1.22809	-2.03165	-1.54255	-0.241459	0.343537	1.23321
7.527	-0.184919	1.22699	-2.03165	-1.54185	-0.242052	0.342822	1.23321
7.54	-0.186792	1.22586	-2.03164	-1.54115	-0.242569	0.342476	1.23321
7.553	-0.18866	1.22475	-2.03164	-1.54037	-0.243191	0.342083	1.23321
7.566	-0.190587	1.22363	-2.03164	-1.53956	-0.243839	0.341513	1.23321
7.579	-0.192438	1.22253	-2.03164	-1.53872	-0.244435	0.34036	1.23321
7.592	-0.192438	1.22253	-2.03164	-1.53872	-0.244435	0.34036	1.23321
7.605	-0.194284	1.22142	-2.03163	-1.53789	-0.244983	0.339112	1.23321
7.618	-0.19615	1.22032	-2.03163	-1.53704	-0.245474	0.338207	1.23321
7.631	-0.198069	1.21922	-2.03163	-1.53621	-0.245899	0.33709	1.23321
7.644	-0.199984	1.21813	-2.03163	-1.53538	-0.246437	0.335338	1.23321
7.657	-0.201869	1.21707	-2.03161	-1.53461	-0.24693	0.333861	1.23321
7.67	-0.203756	1.21601	-2.03161	-1.53385	-0.247312	0.331858	1.23321
7.683	-0.205607	1.21495	-2.03161	-1.53301	-0.24765	0.33007	1.23321
7.696	-0.207527	1.21389	-2.03161	-1.532	-0.247873	0.328152	1.23321
7.709	-0.209386	1.21285	-2.0316	-1.53096	-0.248018	0.326397	1.23321
7.722	-0.211225	1.21187	-2.0316	-1.52998	-0.248165	0.324899	1.23321
7.735	-0.211225	1.21187	-2.0316	-1.52998	-0.248165	0.324899	1.23321
7.748	-0.213	1.21087	-2.0316	-1.52904	-0.248315	0.323409	1.23321
7.761	-0.214839	1.20991	-2.03159	-1.52805	-0.248515	0.322632	1.23321
7.774	-0.216691	1.20888	-2.03159	-1.52708	-0.248781	0.322018	1.23321
7.787	-0.218553	1.20793	-2.03158	-1.52617	-0.249151	0.321103	1.23321
7.8	-0.220373	1.20696	-2.03158	-1.52537	-0.249744	0.319966	1.23321
7.813	-0.222212	1.20607	-2.03156	-1.52459	-0.250423	0.319041	1.23321
7.826	-0.224046	1.20512	-2.03156	-1.52384	-0.251121	0.318286	1.23321
7.839	-0.225843	1.20427	-2.03154	-1.52312	-0.251777	0.316948	1.23321
7.852	-0.227615	1.20345	-2.03153	-1.5224	-0.252444	0.315332	1.23321
7.865	-0.227615	1.20345	-2.03153	-1.5224	-0.252444	0.315332	1.23321
7.878	-0.229344	1.20262	-2.0315	-1.52167	-0.253062	0.314036	1.23321
7.891	-0.231085	1.20181	-2.03145	-1.52086	-0.253657	0.312078	1.23321
7.904	-0.232853	1.201	-2.03144	-1.52006	-0.254185	0.310445	1.23321
7.917	-0.23461	1.20022	-2.03143	-1.51929	-0.254651	0.308744	1.23321
7.93	-0.236379	1.19942	-2.03141	-1.51859	-0.255033	0.307306	1.23321
7.943	-0.238142	1.19866	-2.03138	-1.51786	-0.255492	0.306598	1.23321
7.956	-0.239872	1.19785	-2.03135	-1.51704	-0.255993	0.305942	1.23321
7.969	-0.241667	1.19707	-2.0313	-1.51608	-0.25652	0.304848	1.23321
7.982	-0.243424	1.19624	-2.03129	-1.51514	-0.257138	0.303798	1.23321
7.995	-0.24517	1.1955	-2.03122	-1.5142	-0.25768	0.30315	1.23321
8.008	-0.24517	1.1955	-2.03122	-1.5142	-0.25768	0.30315	1.23321
8.021	-0.246925	1.19473	-2.03118	-1.51324	-0.258079	0.30274	1.23321
8.034	-0.248729	1.19391	-2.0311	-1.51217	-0.258335	0.3023	1.23321
8.047	-0.250567	1.19311	-2.03097	-1.51106	-0.258596	0.301402	1.23321
8.06	-0.252377	1.19228	-2.03084	-1.51003	-0.258846	0.30029	1.23321
8.073	-0.254211	1.19153	-2.03061	-1.50898	-0.259079	0.299453	1.23321
8.086	-0.256074	1.19071	-2.0304	-1.50789	-0.259212	0.298831	1.23321
8.099	-0.257963	1.18989	-2.03021	-1.5068	-0.259245	0.29774	1.23321
8.112	-0.259814	1.18907	-2.0301	-1.50574	-0.259277	0.295973	1.23321
8.125	-0.261801	1.18831	-2.03005	-1.50466	-0.259367	0.294551	1.23321
8.138	-0.261801	1.18831	-2.03005	-1.50466	-0.259367	0.294551	1.23321
8.151	-0.263794	1.18754	-2.03005	-1.50362	-0.259511	0.292733	1.23321
8.164	-0.265793	1.18682	-2.03003	-1.50258	-0.259744	0.291219	1.23321
8.177	-0.267791	1.18606	-2.03002	-1.50156	-0.260044	0.290129	1.23321
8.19	-0.269834	1.18534	-2.03001	-1.50046	-0.260323	0.288854	1.23321
8.203	-0.271841	1.18462	-2.03001	-1.49938	-0.260488	0.288185	1.23321
8.216	-0.273817	1.18392	-2.03	-1.4983	-0.260572	0.287954	1.23321
8.229	-0.275733	1.18321	-2.02999	-1.49721	-0.260613	0.287894	1.23321
8.242	-0.277693	1.18251	-2.02992	-1.49606	-0.260642	0.28788	1.23321
8.255	-0.279608	1.1818	-2.02992	-1.49498	-0.260662	0.287867	1.23321
8.268	-0.28153	1.18112	-2.02992	-1.49394	-0.260668	0.287831	1.23321
8.281	-0.28153	1.18112	-2.02992	-1.49394	-0.260668	0.287831	1.23321
8.294	-0.283416	1.18042	-2.02992	-1.49289	-0.260672	0.287761	1.23321
8.307	-0.285346	1.17971	-2.0299	-1.49181	-0.260676	0.287649	1.23321
8.32	-0.287206	1.17899	-2.0299	-1.49072	-0.260678	0.287427	1.23321
8.333	-0.289098	1.17822	-2.02983	-1.4896	-0.260678	0.287021	1.23321
8.346	-0.290954	1.17746	-2.02981	-1.48843	-0.260678	0.286239	1.23321
8.359	-0.292816	1.17664	-2.0298	-1.48731	-0.260687	0.284891	1.23321
8.372	-0.294635	1.1759	-2.02978	-1.48613	-0.260699	0.283739	1.23321
8.385	-0.296515	1.1751	-2.02972	-1.48485	-0.260707	0.282922	1.23321
8.398	-0.298372	1.1743	-2.02966	-1.48353	-0.260744	0.281763	1.23321
8.411	-0.298372	1.1743	-2.02966	-1.48353	-0.260744	0.281763	1.23321
8.424	-0.300268	1.17352	-2.02954	-1.48229	-0.260852	0.280354	1.23321
8.437	-0.30222	1.17276	-2.02943	-1.48099	-0.261036	0.279271	1.23321
8.45	-0.304192	1.17199	-2.02934	-1.47971	-0.261335	0.277852	1.23321
8.463	-0.306154	1.17129	-2.02918	-1.47836	-0.261781	0.275863	1.23321
8.476	-0.308137	1.17053	-2.02896	-1.47707	-0.262329	0.274097	1.23321
8.489	-0.31014	1.16976	-2.02867	-1.47575	-0.263031	0.271963	1.23321
8.502	-0.312124	1.16903	-2.02834	-1.47451	-0.263873	0.27039	1.23321
8.515	-0.314098	1.16831	-2.02797	-1.47323	-0.264716	0.268689	1.23321
8.528	-0.316123	1.16761	-2.0275	-1.47194	-0.265599	0.267763	1.23321
8.541	-0.318048	1.16693	-2.02701	-1.47063	-0.266313	0.26726	1.23321
8.554	-0.318048	1.16693	-2.02701	-1.47063	-0.266313	0.26726	1.23321
8.567	-0.319946	1.16617	-2.02646	-1.46931	-0.266645	0.266834	1.23321
8.58	-0.321846	1.16541	-2.02597	-1.46799	-0.266798	0.26628	1.23321
8.593	-0.323716	1.16474	-2.02556	-1.46674	-0.266868	0.265733	1.23321
8.606	-0.325517	1.16409	-2.02516	-1.46544	-0.266882	0.265143	1.23321
8.619	-0.327284	1.16339	-2.02473	-1.46422	-0.26689	0.264814	1.23321
8.632	-0.329007	1.16271	-2.02427	-1.46303	-0.266898	0.264603	1.23321
8.645	-0.330655	1.16198	-2.02383	-1.46184	-0.266898	0.264385	1.23321
8.658	-0.33235	1.16125	-2.02334	-1.4606	-0.2669	0.264111	1.23321
8.671	-0.333991	1.16052	-2.02283	-1.45944	-0.266906	0.263736	1.23321
8.684	-0.333991	1.16052	-2.02283	-1.45944	-0.266906	0.263736	1.23321
8.697	-0.335662	1.15972	-2.02227	-1.45832	-0.266915	0.263238	1.23321
8.71	-0.337318	1.15893	-2.02182	-1.4571	-0.266927	0.262229	1.23321
8.723	-0.339045	1.15814	-2.02131	-1.45594	-0.266945	0.260751	1.23321
8.736	-0.340788	1.15736	-2.02084	-1.45482	-0.266972	0.259531	1.23321
8.749	-0.342477	1.15659	-2.02041	-1.45368	-0.267029	0.257893	1.23321
8.762	-0.344228	1.15584	-2.01994	-1.45252	-0.267117	0.255842	1.23321
8.775	-0.345838	1.15509	-2.0195	-1.45143	-0.267219	0.253753	1.23321
8.788	-0.34753	1.15434	-2.01883	-1.45031	-0.267316	0.251699	1.23321
8.801	-0.349156	1.1536	-2.01819	-1.4491	-0.267455	0.249974	1.23321
8.814	-0.350803	1.1529	-2.01771	-1.44799	-0.26772	0.248764	1.23321
8.827	-0.350803	1.1529	-2.01771	-1.44799	-0.26772	0.248764	1.23321
8.84	-0.352424	1.15235	-2.01723	-1.44681	-0.268056	0.248491	1.23321
8.853	-0.354022	1.15173	-2.01683	-1.44564	-0.268383	0.248489	1.23321
8.866	-0.355675	1.1511	-2.0164	-1.44445	-0.268678	0.248491	1.23321
8.879	-0.357258	1.15041	-2.01605	-1.44338	-0.268917	0.248491	1.23321
8.892	-0.358804	1.14974	-2.01565	-1.44229	-0.269081	0.248489	1.23321
8.905	-0.360361	1.14908	-2.01529	-1.44119	-0.269179	0.248489	1.23321
8.918	-0.361809	1.1484	-2.01486	-1.44009	-0.269222	0.248489	1.23321
8.931	-0.36322	1.14769	-2.01437	-1.43897	-0.269244	0.248466	1.23321
8.944	-0.364533	1.14697	-2.01405	-1.4377	-0.269244	0.248319	1.23321
8.957	-0.365796	1.14626	-2.01381	-1.43646	-0.269244	0.247903	1.23321
8.97	-0.365796	1.14626	-2.01381	-1.43646	-0.269244	0.247903	1.23321
8.983	-0.367053	1.14558	-2.0136	-1.4353	-0.269244	0.247324	1.23321
8.996	-0.368306	1.14487	-2.01344	-1.43413	-0.269244	0.246197	1.23321
9.009	-0.369546	1.14413	-2.01321	-1.43294	-0.269246	0.244914	1.23321
9.022	-0.370821	1.14335	-2.01289	-1.43187	-0.26925	0.244162	1.23321
9.035	-0.372002	1.14261	-2.01266	-1.43079	-0.269269	0.243576	1.23321
9.048	-0.373247	1.14187	-2.01238	-1.42973	-0.269306	0.242657	1.23321
9.061	-0.374498	1.14114	-2.01206	-1.42867	-0.269326	0.241346	1.23321
9.074	-0.375682	1.14048	-2.01181	-1.42759	-0.269344	0.240295	1.23321
9.087	-0.3769	1.13977	-2.01155	-1.42647	-0.269416	0.239384	1.23321
9.1	-0.3769	1.13977	-2.01155	-1.42647	-0.269416	0.239384	1.23321
9.113	-0.378129	1.13904	-2.01113	-1.4253	-0.269637	0.237753	1.23321
9.126	-0.379385	1.13832	-2.0106	-1.42417	-0.269956	0.236163	1.23321
9.139	-0.38063	1.13763	-2.01009	-1.42303	-0.270326	0.2345	1.23321
9.152	-0.381892	1.13704	-2.00958	-1.42186	-0.270831	0.232737	1.23321
9.165	-0.383112	1.1365	-2.00911	-1.42072	-0.271455	0.231798	1.23321
9.178	-0.384256	1.13597	-2.00865	-1.41968	-0.272245	0.23098	1.23321
9.191	-0.38531	1.13547	-2.00814	-1.41867	-0.273087	0.230175	1.23321
9.204	-0.386399	1.13491	-2.0076	-1.4177	-0.273779	0.22991	1.23321
9.217	-0.387375	1.13441	-2.00704	-1.41682	-0.274568	0.229908	1.23321
9.23	-0.388371	1.13389	-2.00657	-1.41612	-0.275527	0.229906	1.23321
9.243	-0.388371	1.13389	-2.00657	-1.41612	-0.275527	0.229906	1.23321
9.256	-0.389281	1.1334	-2.0062	-1.41556	-0.276499	0.229908	1.23321
9.269	-0.39025	1.13288	-2.00584	-1.41505	-0.277229	0.229908	1.23321
9.282	-0.391105	1.13236	-2.00557	-1.4145	-0.277861	0.229908	1.23321
9.295	-0.391977	1.1318	-2.00529	-1.41403	-0.278383	0.22991	1.23321
9.308	-0.392719	1.13128	-2.00508	-1.41366	-0.2788	0.229911	1.23321
9.321	-0.393421	1.13068	-2.0049	-1.41342	-0.279058	0.229911	1.23321
9.334	-0.394119	1.13014	-2.0047	-1.41313	-0.279195	0.229911	1.23321
9.347	-0.394748	1.12959	-2.00462	-1.41289	-0.279268	0.229913	1.23321
9.36	-0.395417	1.12908	-2.0045	-1.41274	-0.279375	0.229913	1.23321
9.373	-0.395417	1.12908	-2.0045	-1.41274	-0.279375	0.229913	1.23321
9.386	-0.396053	1.12853	-2.00438	-1.41263	-0.279489	0.229913	1.23321
9.399	-0.396691	1.12798	-2.00421	-1.41246	-0.279553	0.229913	1.23321
9.412	-0.397338	1.12742	-2.00396	-1.41226	-0.279624	0.229913	1.23321
9.425	-0.397996	1.12691	-2.00363	-1.41203	-0.27971	0.229913	1.23321
9.438	-0.398646	1.12637	-2.00317	-1.41183	-0.279786	0.229913	1.23321
9.451	-0.399244	1.12586	-2.00267	-1.41166	-0.279825	0.229913	1.23321
9.464	-0.399847	1.12541	-2.00222	-1.41149	-0.279839	0.229913	1.23321
9.477	-0.400379	1.12502	-2.00173	-1.41129	-0.279849	0.229913	1.23321
9.49	-0.400905	1.12463	-2.00119	-1.4111	-0.279859	0.229913	1.23321
9.503	-0.401455	1.12423	-2.00064	-1.41095	-0.279866	0.229913	1.23321
9.516	-0.401455	1.12423	-2.00064	-1.41095	-0.279866	0.229913	1.23321
9.529	-0.402009	1.12381	-2.00013	-1.41073	-0.279868	0.229913	1.23321
9.542	-0.402563	1.1234	-1.99961	-1.41049	-0.27987	0.229913	1.23321
9.555	-0.403124	1.12295	-1.99897	-1.41021	-0.279872	0.229913	1.23321
9.568	-0.403661	1.1225	-1.99841	-1.40991	-0.279874	0.229911	1.23321
9.581	-0.404171	1.12211	-1.99796	-1.40966	-0.279872	0.229911	1.23321
9.594	-0.404615	1.12175	-1.99755	-1.40944	-0.279872	0.229911	1.23321
9.607	-0.405033	1.1214	-1.99719	-1.4092	-0.27987	0.229911	1.23321
9.62	-0.405463	1.12109	-1.99685	-1.40893	-0.27987	0.229911	1.23321
9.633	-0.405861	1.12079	-1.99654	-1.40864	-0.27987	0.229911	1.23321
9.646	-0.405861	1.12079	-1.99654	-1.40864	-0.27987	0.229911	1.23321
9.659	-0.406258	1.12048	-1.99625	-1.40839	-0.27987	0.229911	1.23321
9.672	-0.406613	1.12015	-1.99596	-1.40811	-0.279868	0.229911	1.23321
9.685	-0.406983	1.11977	-1.99564	-1.40777	-0.279863	0.229911	1.23321
9.698	-0.407314	1.11936	-1.99531	-1.40737	-0.279861	0.229911	1.23321
9.711	-0.407639	1.11894	-1.99499	-1.40696	-0.279863	0.229911	1.23321
9.724	-0.407929	1.11857	-1.99473	-1.40657	-0.279863	0.229911	1.23321
9.737	-0.408159	1.1183	-1.99459	-1.40621	-0.279863	0.229911	1.23321
9.75	-0.40834	1.11804	-1.99453	-1.40593	-0.279863	0.229911	1.23321
9.763	-0.408475	1.11784	-1.99451	-1.4057	-0.279863	0.229911	1.23321
9.776	-0.408558	1.11765	-1.99451	-1.40547	-0.279863	0.229911	1.23321
9.789	-0.408558	1.11765	-1.99451	-1.40547	-0.279863	0.229911	1.23321
9.802	-0.408578	1.11749	-1.99451	-1.40528	-0.279861	0.229911	1.23321
9.815	-0.40858	1.1173	-1.99452	-1.40514	-0.279861	0.229911	1.23321
9.828	-0.408578	1.1171	-1.99452	-1.40504	-0.279861	0.229911	1.23321
9.841	-0.408576	1.11689	-1.99452	-1.40494	-0.279859	0.229911	1.23321
9.854	-0.408576	1.11667	-1.99452	-1.40487	-0.279859	0.229911	1.23321
9.867	-0.408718	1.11632	-1.99451	-1.40482	-0.279859	0.229911	1.23321
9.88	-0.409078	1.11597	-1.99448	-1.40443	-0.279859	0.229911	1.23321
9.893	-0.409455	1.11558	-1.99448	-1.40402	-0.279859	0.229911	1.23321
9.906	-0.409825	1.11518	-1.99447	-1.40371	-0.279859	0.229911	1.23321
9.919	-0.409825	1.11518	-1.99447	-1.40371	-0.279859	0.229911	1.23321
9.932	-0.410083	1.11488	-1.99448	-1.40344	-0.279859	0.229911	1.23321
9.945	-0.410296	1.11454	-1.99447	-1.40314	-0.279861	0.229911	1.23321
9.958	-0.410497	1.11433	-1.99447	-1.40281	-0.279861	0.229911	1.23321
9.971	-0.410682	1.11415	-1.99447	-1.40241	-0.279861	0.229913	1.23321
9.984	-0.410857	1.11401	-1.99447	-1.40208	-0.279861	0.229913	1.23321
9.997	-0.41102	1.11389	-1.99447	-1.40181	-0.279861	0.229913	1.23321
10.01	-0.411191	1.11379	-1.99447	-1.4016	-0.279859	0.229913	1.23321
10.023	-0.411377	1.1137	-1.99447	-1.40145	-0.279859	0.229915	1.23321
10.036	-0.41158	1.11363	-1.99446	-1.40139	-0.279857	0.229915	1.23321
10.049	-0.411793	1.11354	-1.99445	-1.40137	-0.279857	0.229915	1.23321
10.062	-0.411793	1.11354	-1.99445	-1.40137	-0.279857	0.229915	1.23321
10.075	-0.412026	1.11345	-1.99442	-1.40137	-0.279857	0.229915	1.23321
10.088	-0.41227	1.11337	-1.99439	-1.40137	-0.279857	0.229915	1.23321
10.101	-0.412524	1.11328	-1.99435	-1.40136	-0.279857	0.229915	1.23321
10.114	-0.412792	1.11321	-1.99434	-1.40136	-0.279855	0.229915	1.23321
10.127	-0.413049	1.11315	-1.99433	-1.40136	-0.279855	0.229916	1.23321
10.14	-0.413298	1.11312	-1.99432	-1.40136	-0.279855	0.229916	1.23321
10.153	-0.413532	1.11312	-1.99432	-1.40135	-0.279855	0.229916	1.23321
10.166	-0.413745	1.11311	-1.99433	-1.40135	-0.279855	0.229918	1.23321
10.179	-0.413959	1.11311	-1.99433	-1.40135	-0.279853	0.229918	1.23321
10.192	-0.413959	1.11311	-1.99433	-1.40135	-0.279853	0.229918	1.23321
10.205	-0.41418	1.1131	-1.99433	-1.40135	-0.279853	0.22992	1.23321
10.218	-0.414404	1.1131	-1.99433	-1.40135	-0.279853	0.229921	1.23321
10.231	-0.414632	1.1131	-1.99433	-1.40135	-0.279853	0.229923	1.23321
10.244	-0.414892	1.1131	-1.99433	-1.40135	-0.279851	0.229925	1.23321
10.257	-0.41513	1.1131	-1.99433	-1.40135	-0.279851	0.229925	1.23321
10.27	-0.415374	1.1131	-1.99433	-1.40136	-0.279849	0.229927	1.23321
10.283	-0.415621	1.11309	-1.99433	-1.40136	-0.279847	0.229927	1.23321
10.296	-0.415863	1.11309	-1.99433	-1.40136	-0.279845	0.229928	1.23321
10.309	-0.416072	1.11308	-1.99434	-1.40136	-0.279841	0.22993	1.23321
10.322	-0.416284	1.11305	-1.99434	-1.40138	-0.279837	0.22993	1.23321
10.335	-0.416284	1.11305	-1.99434	-1.40138	-0.279837	0.22993	1.23321
10.348	-0.416508	1.11301	-1.99434	-1.40139	-0.279833	0.229932	1.23321
10.361	-0.416721	1.11298	-1.99434	-1.4014	-0.279829	0.229932	1.23321
10.374	-0.416922	1.11292	-1.99434	-1.4014	-0.279827	0.229932	1.23321
10.387	-0.417161	1.11286	-1.99434	-1.40141	-0.279823	0.229933	1.23321
10.4	-0.417414	1.1128	-1.99434	-1.40144	-0.279819	0.229933	1.23321
10.413	-0.417617	1.11275	-1.99434	-1.40145	-0.279816	0.229933	1.23321
10.426	-0.41779	1.11272	-1.99434	-1.40145	-0.279812	0.229933	1.23321
10.439	-0.417941	1.11271	-1.99434	-1.40145	-0.27981	0.229933	1.23321
10.452	-0.418098	1.11269	-1.99434	-1.40148	-0.279808	0.229933	1.23321
10.465	-0.418226	1.11266	-1.99434	-1.4015	-0.279806	0.229933	1.23321
10.478	-0.418226	1.11266	-1.99434	-1.4015	-0.279806	0.229933	1.23321
10.491	-0.41832	1.11263	-1.99434	-1.4015	-0.279804	0.229935	1.23321
10.504	-0.418394	1.11262	-1.99434	-1.4015	-0.279802	0.229935	1.23321
10.517	-0.418456	1.11262	-1.99434	-1.40149	-0.279802	0.229937	1.23321
10.53	-0.418489	1.11262	-1.99434	-1.40149	-0.279802	0.229939	1.23321
10.543	-0.418512	1.11262	-1.99434	-1.40149	-0.2798	0.22994	1.23321
10.556	-0.41851	1.11262	-1.99434	-1.40149	-0.2798	0.229942	1.23321
10.569	-0.418508	1.11262	-1.99434	-1.40149	-0.2798	0.229944	1.23321
10.582	-0.418508	1.11263	-1.99434	-1.40148	-0.2798	0.229947	1.23321
10.595	-0.418507	1.11264	-1.99434	-1.40148	-0.2798	0.229949	1.23321
10.608	-0.418507	1.11264	-1.99434	-1.40148	-0.2798	0.229949	1.23321
10.621	-0.418507	1.11264	-1.99434	-1.40148	-0.279798	0.22995	1.23321
10.634	-0.418508	1.11263	-1.99434	-1.40148	-0.279798	0.229954	1.23321
10.647	-0.41851	1.11263	-1.99434	-1.40148	-0.279798	0.229957	1.23321
10.66	-0.418508	1.11264	-1.99434	-1.40148	-0.279798	0.229961	1.23321
10.673	-0.418508	1.11264	-1.99434	-1.40148	-0.279796	0.229966	1.23321
10.686	-0.418508	1.11264	-1.99434	-1.40148	-0.279796	0.229971	1.23321
10.699	-0.418538	1.11263	-1.99434	-1.40148	-0.279796	0.229981	1.23321
10.712	-0.418611	1.11263	-1.99434	-1.40148	-0.279796	0.229995	1.23321
10.725	-0.418619	1.11264	-1.99434	-1.40148	-0.279794	0.230003	1.23321
10.738	-0.418617	1.11264	-1.99435	-1.40148	-0.279794	0.230019	1.23321
10.751	-0.418617	1.11264	-1.99435	-1.40148	-0.279794	0.230019	1.23321
10.764	-0.418618	1.11263	-1.99435	-1.40148	-0.279794	0.230048	1.23321
10.777	-0.418655	1.11263	-1.99435	-1.40148	-0.279794	0.230083	1.23321
10.79	-0.41872	1.11263	-1.99435	-1.40148	-0.279792	0.230114	1.23321
10.803	-0.418727	1.11263	-1.99435	-1.40148	-0.27979	0.230148	1.23321
10.816	-0.418732	1.11263	-1.99435	-1.40148	-0.27979	0.230218	1.23321
10.829	-0.418735	1.11263	-1.99435	-1.40148	-0.27979	0.230303	1.23321
10.842	-0.41875	1.11263	-1.99435	-1.40148	-0.279788	0.230385	1.23321
10.855	-0.418818	1.11261	-1.99436	-1.40148	-0.279786	0.230448	1.23321
10.868	-0.418893	1.11261	-1.99436	-1.40148	-0.279784	0.230496	1.23321
10.881	-0.418893	1.11261	-1.99436	-1.40148	-0.279784	0.230496	1.23321
10.894	-0.418953	1.1126	-1.99436	-1.40148	-0.279782	0.230508	1.23321
10.907	-0.419035	1.11257	-1.99436	-1.40148	-0.27978	0.230513	1.23321
10.92	-0.419174	1.11256	-1.99436	-1.40149	-0.27978	0.230516	1.23321
10.933	-0.419339	1.11256	-1.99436	-1.40149	-0.279778	0.230515	1.23321
10.946	-0.419466	1.11256	-1.99435	-1.40149	-0.279778	0.230513	1.23321
10.959	-0.419559	1.11257	-1.99435	-1.40149	-0.279778	0.230511	1.23321
10.972	-0.41968	1.11258	-1.99435	-1.40148	-0.279778	0.230511	1.23321
10.985	-0.419784	1.11258	-1.99435	-1.40148	-0.279778	0.230511	1.23321
10.998	-0.419844	1.11258	-1.99435	-1.40148	-0.279776	0.230511	1.23321
11.011	-0.4199	1.11258	-1.99435	-1.40148	-0.279776	0.230511	1.23321
11.024	-0.4199	1.11258	-1.99435	-1.40148	-0.279776	0.230511	1.23321
11.037	-0.419962	1.11258	-1.99435	-1.40148	-0.279776	0.230511	1.23321
11.05	-0.420042	1.11258	-1.99435	-1.40148	-0.279776	0.230511	1.23321
11.063	-0.420128	1.11259	-1.99435	-1.40148	-0.279776	0.230511	1.23321
11.076	-0.420185	1.11259	-1.99435	-1.40148	-0.279776	0.230511	1.23321
11.089	-0.420224	1.11259	-1.99435	-1.40148	-0.279776	0.230511	1.23321
11.102	-0.42023	1.11259	-1.99435	-1.40148	-0.279776	0.230511	1.23321
11.115	-0.42023	1.11259	-1.99435	-1.40147	-0.279776	0.230511	1.23321
11.128	-0.420226	1.11261	-1.99435	-1.40144	-0.279776	0.230511	1.23321
11.141	-0.420226	1.11261	-1.99435	-1.40139	-0.279776	0.230513	1.23321
11.154	-0.420226	1.11261	-1.99435	-1.40139	-0.279776	0.230513	1.23321
11.167	-0.420225	1.11261	-1.99435	-1.40133	-0.279776	0.230513	1.23321
11.18	-0.420226	1.11261	-1.99435	-1.40125	-0.279776	0.230513	1.23321
11.193	-0.42023	1.11261	-1.99435	-1.4012	-0.279776	0.230515	1.23321
11.206	-0.420229	1.11261	-1.99435	-1.4012	-0.279776	0.23052	1.23321
11.219	-0.420226	1.11261	-1.99435	-1.4012	-0.279776	0.230528	1.23321
11.232	-0.420225	1.11261	-1.99435	-1.4012	-0.279773	0.230532	1.23321
11.245	-0.420224	1.11261	-1.99435	-1.40119	-0.279773	0.230532	1.23321
11.258	-0.420222	1.11262	-1.99435	-1.40114	-0.279773	0.230533	1.23321
11.271	-0.420224	1.11262	-1.99435	-1.4011	-0.279773	0.230539	1.23321
11.284	-0.420224	1.11262	-1.99435	-1.40107	-0.279773	0.230552	1.23321
11.297	-0.420224	1.11262	-1.99435	-1.40107	-0.279773	0.230552	1.23321
11.31	-0.420224	1.11262	-1.99435	-1.40103	-0.279773	0.230564	1.23321
11.323	-0.420228	1.11262	-1.99435	-1.40099	-0.279773	0.230574	1.23321
11.336	-0.42023	1.11262	-1.99435	-1.40098	-0.279773	0.23059	1.23321
11.349	-0.420228	1.11262	-1.99435	-1.40098	-0.279773	0.2306	1.23321
11.362	-0.420225	1.11262	-1.99435	-1.40098	-0.279773	0.230603	1.23321
11.375	-0.420224	1.11262	-1.99435	-1.40098	-0.279773	0.230603	1.23321
11.388	-0.420224	1.11262	-1.99435	-1.40099	-0.279773	0.230603	1.23321
11.401	-0.420224	1.11262	-1.99435	-1.40099	-0.279773	0.230605	1.23321
11.414	-0.420225	1.11262	-1.99435	-1.40099	-0.279773	0.230605	1.23321
11.427	-0.420225	1.11262	-1.99435	-1.40099	-0.279773	0.230605	1.23321
11.44	-0.420225	1.11262	-1.99435	-1.40099	-0.279773	0.230605	1.23321
11.453	-0.420224	1.11262	-1.99435	-1.40099	-0.279773	0.230603	1.23321
11.466	-0.420224	1.11263	-1.99435	-1.40098	-0.279773	0.230603	1.23321
11.479	-0.420226	1.11263	-1.99435	-1.40097	-0.279773	0.230603	1.23321
11.492	-0.420226	1.11263	-1.99435	-1.40097	-0.279773	0.230602	1.23321
11.505	-0.420222	1.11264	-1.99435	-1.40095	-0.279773	0.230602	1.23321
11.518	-0.420221	1.11265	-1.99435	-1.40087	-0.279773	0.230602	1.23321
11.531	-0.420221	1.11265	-1.99435	-1.40081	-0.279773	0.230603	1.23321
11.544	-0.420221	1.11265	-1.99435	-1.40078	-0.279771	0.230605	1.23321
11.557	-0.420221	1.11265	-1.99435	-1.40074	-0.279771	0.230607	1.23321
11.57	-0.420221	1.11265	-1.99435	-1.40074	-0.279771	0.230607	1.23321
11.583	-0.420222	1.11265	-1.99435	-1.40071	-0.279771	0.230612	1.23321
11.596	-0.420226	1.11265	-1.99435	-1.40069	-0.279771	0.230622	1.23321
11.609	-0.42023	1.11265	-1.99435	-1.40069	-0.279771	0.230637	1.23321
11.622	-0.420229	1.11265	-1.99435	-1.40069	-0.279771	0.230646	1.23321
11.635	-0.420226	1.11265	-1.99435	-1.40069	-0.279771	0.230648	1.23321
11.648	-0.420226	1.11265	-1.99435	-1.4007	-0.279771	0.230646	1.23321
11.661	-0.420228	1.11265	-1.99435	-1.4007	-0.279769	0.230648	1.23321
11.674	-0.420238	1.11265	-1.99435	-1.40071	-0.279769	0.230648	1.23321
11.687	-0.420256	1.11265	-1.99435	-1.40071	-0.279769	0.230648	1.23321
11.7	-0.420256	1.11265	-1.99435	-1.40071	-0.279769	0.230648	1.23321
11.713	-0.420258	1.11265	-1.99435	-1.40071	-0.279769	0.230649	1.23321
11.726	-0.42026	1.11265	-1.99435	-1.40071	-0.279769	0.230654	1.23321
11.739	-0.420286	1.11265	-1.99435	-1.40071	-0.279769	0.230663	1.23321
11.752	-0.420323	1.11265	-1.99435	-1.40071	-0.279769	0.230665	1.23321
11.765	-0.420323	1.11265	-1.99435	-1.40069	-0.279767	0.230665	1.23321
11.778	-0.420322	1.11265	-1.99435	-1.40064	-0.279767	0.230663	1.23321
11.791	-0.42032	1.11265	-1.99435	-1.40061	-0.279769	0.230663	1.23321
11.804	-0.42032	1.11265	-1.99435	-1.40058	-0.279767	0.230665	1.23321
11.817	-0.42032	1.11266	-1.99434	-1.40054	-0.279769	0.230665	1.23321
11.83	-0.420321	1.11266	-1.9943	-1.40043	-0.279767	0.230668	1.23321
11.843	-0.420321	1.11266	-1.9943	-1.40043	-0.279767	0.230668	1.23321
11.856	-0.420322	1.11266	-1.99424	-1.4003	-0.279769	0.230671	1.23321
11.869	-0.420325	1.11266	-1.99414	-1.40015	-0.279769	0.230682	1.23321
11.882	-0.420329	1.11267	-1.99397	-1.4	-0.279767	0.230697	1.23321
11.895	-0.420327	1.11268	-1.99381	-1.39985	-0.279767	0.230726	1.23321
11.908	-0.420326	1.11268	-1.99367	-1.39968	-0.279767	0.230796	1.23321
11.921	-0.420325	1.1127	-1.99353	-1.39944	-0.279767	0.230941	1.23321
11.934	-0.420325	1.11271	-1.99344	-1.39916	-0.279767	0.231203	1.23321
11.947	-0.420325	1.11271	-1.99341	-1.39893	-0.279767	0.231771	1.23321
11.96	-0.420325	1.11271	-1.99341	-1.39877	-0.279767	0.232962	1.23321
11.973	-0.420325	1.11271	-1.99341	-1.39877	-0.279767	0.232962	1.23321
11.986	-0.420325	1.11271	-1.99341	-1.39864	-0.279767	0.233741	1.23321
11.999	-0.420326	1.11271	-1.99341	-1.39849	-0.279767	0.233894	1.23321
12.012	-0.420336	1.11271	-1.99341	-1.39837	-0.279767	0.233894	1.23321
12.025	-0.420362	1.11271	-1.99341	-1.39827	-0.279767	0.233894	1.23321
12.038	-0.420376	1.11271	-1.99341	-1.39821	-0.279767	0.233896	1.23321
12.051	-0.42043	1.11272	-1.99341	-1.3982	-0.279767	0.233896	1.23321
12.064	-0.420539	1.11271	-1.9934	-1.3982	-0.279767	0.233898	1.23321
12.077	-0.420683	1.11271	-1.99341	-1.3982	-0.279767	0.233898	1.23321
12.09	-0.420865	1.11272	-1.99341	-1.39819	-0.279767	0.233898	1.23321
12.103	-0.421053	1.11272	-1.99341	-1.39819	-0.279767	0.233898	1.23321
12.116	-0.421053	1.11272	-1.99341	-1.39819	-0.279767	0.233898	1.23321
12.129	-0.421231	1.11272	-1.99341	-1.39817	-0.279767	0.233898	1.23321
12.142	-0.421378	1.11272	-1.99341	-1.39813	-0.279767	0.233898	1.23321
12.155	-0.421502	1.11272	-1.99341	-1.39803	-0.279767	0.233898	1.23321
12.168	-0.421579	1.11272	-1.99341	-1.39797	-0.279767	0.233898	1.23321
12.181	-0.421644	1.11272	-1.99341	-1.39797	-0.279767	0.233898	1.23321
12.194	-0.421708	1.11272	-1.99341	-1.39796	-0.279767	0.233898	1.23321
12.207	-0.421744	1.11272	-1.99341	-1.39795	-0.279767	0.2339	1.23321
12.22	-0.421747	1.11273	-1.99341	-1.39793	-0.279767	0.2339	1.23321
12.233	-0.421749	1.11273	-1.99341	-1.39793	-0.279767	0.2339	1.23321
12.246	-0.421773	1.11273	-1.99341	-1.39793	-0.279767	0.233901	1.23321
12.259	-0.421773	1.11273	-1.99341	-1.39793	-0.279767	0.233901	1.23321
12.272	-0.421811	1.11273	-1.99341	-1.39793	-0.279767	0.233901	1.23321
12.285	-0.421856	1.11273	-1.99341	-1.39793	-0.279767	0.233901	1.23321
12.298	-0.421919	1.11273	-1.99341	-1.39793	-0.279767	0.233901	1.23321
12.311	-0.421967	1.11273	-1.99341	-1.39793	-0.279767	0.233901	1.23321
12.324	-0.422022	1.11273	-1.99341	-1.39793	-0.279767	0.233901	1.23321
12.337	-0.422077	1.11273	-1.99341	-1.39793	-0.279767	0.233901	1.23321
12.35	-0.422126	1.11273	-1.99341	-1.39793	-0.279767	0.233901	1.23321
12.363	-0.422165	1.11273	-1.99341	-1.39793	-0.279769	0.233901	1.23321
12.376	-0.4222	1.11273	-1.99341	-1.39793	-0.279769	0.233901	1.23321
12.389	-0.4222	1.11273	-1.99341	-1.39793	-0.279769	0.233901	1.23321
12.402	-0.422232	1.11273	-1.99341	-1.39793	-0.279767	0.233901	1.23321
12.415	-0.422249	1.11273	-1.99341	-1.3979	-0.279767	0.233901	1.23321
12.428	-0.422255	1.11273	-1.99341	-1.3978	-0.279767	0.233901	1.23321
12.441	-0.422254	1.11273	-1.99341	-1.3977	-0.279767	0.233901	1.23321
12.454	-0.422254	1.11273	-1.99341	-1.39765	-0.279767	0.233901	1.23321
12.467	-0.422254	1.11273	-1.99341	-1.39761	-0.279767	0.233903	1.23321
12.48	-0.422254	1.11273	-1.99341	-1.39756	-0.279767	0.233903	1.23321
12.493	-0.422252	1.11273	-1.99341	-1.39748	-0.279767	0.233903	1.23321
12.506	-0.422252	1.11273	-1.99341	-1.39739	-0.279767	0.233903	1.23321
12.519	-0.422254	1.11273	-1.99341	-1.39732	-0.279767	0.233903	1.23321
12.532	-0.422254	1.11273	-1.99341	-1.39732	-0.279767	0.233903	1.23321
12.545	-0.422254	1.11273	-1.99341	-1.39727	-0.279767	0.233903	1.23321
12.558	-0.422255	1.11274	-1.99341	-1.3972	-0.279767	0.233903	1.23321
12.571	-0.422258	1.11274	-1.99341	-1.3971	-0.279767	0.233906	1.23321
12.584	-0.422258	1.11275	-1.9934	-1.39701	-0.279767	0.23392	1.23321
12.597	-0.422258	1.11275	-1.9934	-1.39692	-0.279767	0.233939	1.23321
12.61	-0.422258	1.11275	-1.9934	-1.39682	-0.279767	0.23399	1.23321
12.623	-0.422264	1.11275	-1.99341	-1.39678	-0.279767	0.234118	1.23321
12.636	-0.422301	1.11275	-1.99341	-1.39678	-0.279767	0.234312	1.23321
12.649	-0.42235	1.11274	-1.99341	-1.39678	-0.279767	0.234513	1.23321
12.662	-0.42235	1.11274	-1.99341	-1.39678	-0.279767	0.234513	1.23321
12.675	-0.422411	1.11274	-1.99341	-1.39678	-0.279767	0.234777	1.23321
12.688	-0.4225	1.11274	-1.99341	-1.39678	-0.279767	0.234955	1.23321
12.701	-0.422608	1.11274	-1.99341	-1.39678	-0.279767	0.234994	1.23321
12.714	-0.4227	1.11274	-1.99341	-1.39678	-0.279767	0.234999	1.23321
12.727	-0.422783	1.11274	-1.99341	-1.39678	-0.279765	0.234997	1.23321
12.74	-0.422823	1.11274	-1.99341	-1.39678	-0.279765	0.234994	1.23321
12.753	-0.422861	1.11274	-1.99341	-1.39678	-0.279763	0.23499	1.23321
12.766	-0.42289	1.11274	-1.99341	-1.39678	-0.279761	0.23499	1.23321
12.779	-0.422894	1.11274	-1.99341	-1.39676	-0.279761	0.23499	1.23321
12.792	-0.422894	1.11274	-1.99341	-1.39667	-0.279759	0.23499	1.23321
12.805	-0.422894	1.11274	-1.99341	-1.39667	-0.279759	0.23499	1.23321
12.818	-0.422894	1.11274	-1.99341	-1.39655	-0.279757	0.234992	1.23321
12.831	-0.422897	1.11274	-1.99341	-1.39642	-0.279757	0.23499	1.23321
12.844	-0.422902	1.11274	-1.99341	-1.39627	-0.279757	0.234992	1.23321
12.857	-0.422902	1.11274	-1.99341	-1.39611	-0.279757	0.234992	1.23321
12.87	-0.422902	1.11275	-1.99341	-1.39595	-0.279755	0.234992	1.23321
12.883	-0.422902	1.11275	-1.99341	-1.39577	-0.279755	0.234996	1.23321
12.896	-0.422902	1.11275	-1.99341	-1.39555	-0.279755	0.235006	1.23321
12.909	-0.422902	1.11275	-1.99341	-1.39529	-0.279755	0.235048	1.23321
12.922	-0.422902	1.11275	-1.99341	-1.395	-0.279753	0.235234	1.23321
12.935	-0.422902	1.11275	-1.99341	-1.395	-0.279753	0.235234	1.23321
12.948	-0.422902	1.11275	-1.99341	-1.39471	-0.279753	0.235892	1.23321
12.961	-0.422902	1.11275	-1.99341	-1.39443	-0.279753	0.237409	1.23321
12.974	-0.422902	1.11275	-1.99341	-1.39415	-0.279751	0.238416	1.23321
12.987	-0.422903	1.11275	-1.99341	-1.39385	-0.279751	0.239018	1.23321
13	-0.422903	1.11275	-1.99339	-1.39356	-0.279749	0.239848	1.23321
13.013	-0.422903	1.11275	-1.99336	-1.39325	-0.279749	0.24137	1.23321
13.026	-0.422903	1.11275	-1.99334	-1.39301	-0.279749	0.242337	1.23321
13.039	-0.422903	1.11276	-1.99331	-1.39282	-0.279747	0.243103	1.23321
13.052	-0.422903	1.11276	-1.99322	-1.39263	-0.279747	0.244215	1.23321
13.065	-0.422903	1.11276	-1.99317	-1.39249	-0.279745	0.245336	1.23321
13.078	-0.422903	1.11276	-1.99317	-1.39249	-0.279745	0.245336	1.23321
13.091	-0.422903	1.11276	-1.99316	-1.3924	-0.279745	0.245728	1.23321
13.104	-0.422904	1.11276	-1.99312	-1.39231	-0.279743	0.245779	1.23321
13.117	-0.422907	1.11276	-1.99309	-1.39219	-0.279743	0.245776	1.23321
13.13	-0.422907	1.11276	-1.99305	-1.39207	-0.279741	0.245778	1.23321
13.143	-0.422907	1.11276	-1.993	-1.39195	-0.279741	0.245778	1.23321
13.156	-0.422907	1.11276	-1.99296	-1.39181	-0.279739	0.245778	1.23321
13.169	-0.422907	1.11276	-1.99293	-1.39167	-0.279737	0.245778	1.23321
13.182	-0.422907	1.11276	-1.99288	-1.39151	-0.279737	0.245778	1.23321
13.195	-0.422907	1.11276	-1.99281	-1.39133	-0.279735	0.245778	1.23321
13.208	-0.422907	1.11276	-1.99281	-1.39133	-0.279735	0.245778	1.23321
13.221	-0.422907	1.11276	-1.99275	-1.39113	-0.279733	0.245779	1.23321
13.234	-0.422907	1.11276	-1.99274	-1.39097	-0.279733	0.245788	1.23321
13.247	-0.422909	1.11276	-1.99274	-1.39085	-0.279731	0.245798	1.23321
13.26	-0.422917	1.11276	-1.99273	-1.39076	-0.279731	0.245798	1.23321
13.273	-0.422917	1.11276	-1.99271	-1.39068	-0.279731	0.245802	1.23321
13.286	-0.422918	1.11276	-1.9927	-1.39061	-0.279728	0.24581	1.23321
13.299	-0.422918	1.11276	-1.9927	-1.39056	-0.279726	0.245822	1.23321
13.312	-0.422918	1.11276	-1.9927	-1.39053	-0.279724	0.245825	1.23321
13.325	-0.42292	1.11276	-1.9927	-1.39047	-0.279722	0.245824	1.23321
13.338	-0.42292	1.11276	-1.99269	-1.39044	-0.279722	0.245822	1.23321
13.351	-0.42292	1.11276	-1.99269	-1.39044	-0.279722	0.245822	1.23321
13.364	-0.422921	1.11276	-1.99269	-1.39041	-0.27972	0.245822	1.23321
13.377	-0.42293	1.11276	-1.99268	-1.39039	-0.27972	0.245822	1.23321
13.39	-0.422958	1.11276	-1.99266	-1.39036	-0.27972	0.245822	1.23321
13.403	-0.422961	1.11276	-1.99265	-1.39033	-0.279718	0.245822	1.23321
13.416	-0.422963	1.11276	-1.99265	-1.39031	-0.279718	0.245822	1.23321
13.429	-0.422963	1.11277	-1.99265	-1.3903	-0.279718	0.245822	1.23321
13.442	-0.422964	1.11277	-1.99264	-1.39025	-0.279718	0.245822	1.23321
13.455	-0.422966	1.11277	-1.99262	-1.39022	-0.279718	0.245822	1.23321
13.468	-0.422967	1.11277	-1.99261	-1.3902	-0.279718	0.245822	1.23321
13.481	-0.422967	1.11277	-1.99261	-1.3902	-0.279718	0.245822	1.23321
13.494	-0.42297	1.11277	-1.9926	-1.39017	-0.279718	0.245822	1.23321
13.507	-0.422973	1.11277	-1.99259	-1.39016	-0.279718	0.245822	1.23321
13.52	-0.422994	1.11277	-1.99258	-1.39015	-0.279716	0.245822	1.23321
13.533	-0.423035	1.11277	-1.99257	-1.39015	-0.279716	0.245822	1.23321
13.546	-0.423048	1.11277	-1.99257	-1.39014	-0.279716	0.245822	1.23321
13.559	-0.423067	1.11277	-1.99256	-1.39014	-0.279716	0.245822	1.23321
13.572	-0.423071	1.11277	-1.99256	-1.39013	-0.279716	0.24582	1.23321
13.585	-0.423074	1.11277	-1.99255	-1.39011	-0.279714	0.24582	1.23321
13.598	-0.42308	1.11277	-1.99254	-1.39007	-0.279714	0.24582	1.23321
13.611	-0.423085	1.11277	-1.99254	-1.39005	-0.279712	0.24582	1.23321
13.624	-0.423085	1.11277	-1.99254	-1.39005	-0.279712	0.24582	1.23321
13.637	-0.423111	1.11277	-1.99254	-1.39005	-0.279712	0.24582	1.23321
13.65	-0.423197	1.11277	-1.99254	-1.39005	-0.27971	0.24582	1.23321
13.663	-0.423287	1.11277	-1.99254	-1.39003	-0.27971	0.24582	1.23321
13.676	-0.423362	1.11277	-1.99254	-1.39002	-0.279708	0.24582	1.23321
13.689	-0.42345	1.11277	-1.99254	-1.39002	-0.279708	0.24582	1.23321
13.702	-0.423529	1.11277	-1.99254	-1.39002	-0.279706	0.24582	1.23321
13.715	-0.423605	1.11277	-1.99254	-1.39001	-0.279704	0.24582	1.23321
13.728	-0.423669	1.11277	-1.99254	-1.39001	-0.279704	0.24582	1.23321
13.741	-0.423737	1.11277	-1.99253	-1.39001	-0.279702	0.24582	1.23321
13.754	-0.423822	1.11277	-1.99253	-1.39001	-0.279702	0.245819	1.23321
13.767	-0.423822	1.11277	-1.99253	-1.39001	-0.279702	0.245819	1.23321
13.78	-0.423912	1.11277	-1.99253	-1.39001	-0.279702	0.245819	1.23321
13.793	-0.424013	1.11277	-1.99253	-1.39	-0.279702	0.245817	1.23321
13.806	-0.424109	1.11277	-1.99253	-1.38997	-0.279702	0.245817	1.23321
13.819	-0.424195	1.11277	-1.99253	-1.38993	-0.2797	0.245817	1.23321
13.832	-0.42427	1.11277	-1.99253	-1.3899	-0.2797	0.245817	1.23321
13.845	-0.424318	1.11277	-1.99253	-1.38987	-0.2797	0.245817	1.23321
13.858	-0.424367	1.11277	-1.99252	-1.3898	-0.279698	0.245817	1.23321
13.871	-0.424399	1.11277	-1.99252	-1.38972	-0.279698	0.245819	1.23321
13.884	-0.42442	1.11277	-1.99251	-1.38963	-0.279698	0.245819	1.23321
13.897	-0.42442	1.11277	-1.99251	-1.38963	-0.279698	0.245819	1.23321
13.91	-0.424443	1.11277	-1.99251	-1.38956	-0.279698	0.245819	1.23321
13.923	-0.424482	1.11277	-1.99251	-1.3895	-0.279698	0.245817	1.23321
13.936	-0.424541	1.11277	-1.99251	-1.38942	-0.279698	0.245817	1.23321
13.949	-0.424583	1.11277	-1.99251	-1.38935	-0.279698	0.245819	1.23321
13.962	-0.424617	1.11277	-1.99251	-1.38932	-0.279698	0.245817	1.23321
13.975	-0.424644	1.11277	-1.99251	-1.38929	-0.279698	0.245819	1.23321
13.988	-0.424672	1.11277	-1.99251	-1.38925	-0.279698	0.245819	1.23321
14.001	-0.424694	1.11277	-1.99251	-1.38921	-0.279696	0.245819	1.23321
14.014	-0.424712	1.11277	-1.99251	-1.38919	-0.279696	0.245819	1.23321
14.027	-0.424732	1.11277	-1.99251	-1.38917	-0.279696	0.245819	1.23321
14.04	-0.424732	1.11277	-1.99251	-1.38917	-0.279696	0.245819	1.23321
14.053	-0.424737	1.11277	-1.9925	-1.38913	-0.279694	0.245819	1.23321
14.066	-0.424762	1.11277	-1.9925	-1.38907	-0.279694	0.245817	1.23321
14.079	-0.424815	1.11277	-1.9925	-1.38898	-0.279694	0.245817	1.23321
14.092	-0.424849	1.11277	-1.9925	-1.3889	-0.279694	0.245817	1.23321
14.105	-0.424882	1.11277	-1.9925	-1.38886	-0.279692	0.245817	1.23321
14.118	-0.424887	1.11277	-1.9925	-1.38879	-0.27969	0.245815	1.23321
14.131	-0.424895	1.11277	-1.9925	-1.38872	-0.27969	0.245815	1.23321
14.144	-0.424905	1.11277	-1.9925	-1.38867	-0.279688	0.245815	1.23321
14.157	-0.424916	1.11277	-1.9925	-1.38862	-0.279688	0.245817	1.23321
14.17	-0.424916	1.11277	-1.9925	-1.38862	-0.279688	0.245817	1.23321
14.183	-0.424937	1.11277	-1.9925	-1.38858	-0.279688	0.245817	1.23321
14.196	-0.424965	1.11277	-1.9925	-1.38852	-0.279686	0.245815	1.23321
14.209	-0.425026	1.11277	-1.9925	-1.38842	-0.279686	0.245817	1.23321
14.222	-0.425075	1.11277	-1.9925	-1.38836	-0.279684	0.245817	1.23321
14.235	-0.42512	1.11277	-1.9925	-1.38833	-0.279684	0.245817	1.23321
14.248	-0.425139	1.11277	-1.99249	-1.38829	-0.279684	0.245817	1.23321
14.261	-0.425162	1.11277	-1.99249	-1.38822	-0.279684	0.245817	1.23321
14.274	-0.425176	1.11277	-1.99249	-1.38817	-0.279684	0.245817	1.23321
14.287	-0.425185	1.11277	-1.99249	-1.38815	-0.279684	0.245817	1.23321
14.3	-0.425214	1.11277	-1.99249	-1.38814	-0.279684	0.245817	1.23321
14.313	-0.425214	1.11277	-1.99249	-1.38814	-0.279684	0.245817	1.23321
14.326	-0.425269	1.11277	-1.99249	-1.38814	-0.279684	0.245817	1.23321
14.339	-0.425346	1.11277	-1.99249	-1.38814	-0.279684	0.245815	1.23321
14.352	-0.425432	1.11277	-1.99249	-1.38809	-0.279684	0.245817	1.23321
14.365	-0.425508	1.11277	-1.99249	-1.38802	-0.279684	0.245817	1.23321
14.378	-0.425593	1.11277	-1.99249	-1.38797	-0.279681	0.245817	1.23321
14.391	-0.425649	1.11277	-1.99249	-1.38793	-0.279681	0.245815	1.23321
14.404	-0.425713	1.11277	-1.99248	-1.38788	-0.279681	0.245815	1.23321
14.417	-0.425759	1.11277	-1.99248	-1.38781	-0.279681	0.245815	1.23321
14.43	-0.425801	1.11277	-1.99248	-1.38775	-0.279681	0.245815	1.23321
14.443	-0.425801	1.11277	-1.99248	-1.38775	-0.279681	0.245815	1.23321
14.456	-0.425851	1.11277	-1.99248	-1.3877	-0.279679	0.245815	1.23321
14.469	-0.425914	1.11277	-1.99248	-1.38764	-0.279679	0.245814	1.23321
14.482	-0.426008	1.11277	-1.99248	-1.38753	-0.279679	0.245814	1.23321
14.495	-0.426095	1.11277	-1.99248	-1.38746	-0.279677	0.245814	1.23321
14.508	-0.426172	1.11277	-1.99248	-1.38744	-0.279677	0.245814	1.23321
14.521	-0.426227	1.11277	-1.99248	-1.38742	-0.279675	0.245814	1.23321
14.534	-0.426273	1.11277	-1.99248	-1.38737	-0.279675	0.245815	1.23321
14.547	-0.426326	1.11277	-1.99248	-1.38734	-0.279673	0.245815	1.23321
14.56	-0.426381	1.11277	-1.99248	-1.3873	-0.279673	0.245815	1.23321
14.573	-0.426443	1.11277	-1.99248	-1.38724	-0.279671	0.245814	1.23321
14.586	-0.426443	1.11277	-1.99248	-1.38724	-0.279671	0.245814	1.23321
14.599	-0.426495	1.11277	-1.99248	-1.38717	-0.279671	0.245814	1.23321
14.612	-0.42658	1.11277	-1.99247	-1.38709	-0.279669	0.245814	1.23321
14.625	-0.426697	1.11277	-1.99247	-1.38695	-0.279669	0.245812	1.23321
14.638	-0.42681	1.11277	-1.99247	-1.38683	-0.279669	0.245812	1.23321
14.651	-0.426916	1.11277	-1.99247	-1.38672	-0.279667	0.245812	1.23321
14.664	-0.42699	1.11277	-1.99246	-1.38662	-0.279667	0.245812	1.23321
14.677	-0.42707	1.11277	-1.99246	-1.38652	-0.279665	0.245812	1.23321
14.69	-0.427134	1.11277	-1.99246	-1.38641	-0.279665	0.245812	1.23321
14.703	-0.427199	1.11277	-1.99246	-1.38631	-0.279663	0.245812	1.23321
14.716	-0.427199	1.11277	-1.99246	-1.38631	-0.279663	0.245812	1.23321
14.729	-0.427254	1.11277	-1.99246	-1.38622	-0.279663	0.245812	1.23321
14.742	-0.427336	1.11277	-1.99246	-1.38615	-0.279661	0.245812	1.23321
14.755	-0.427456	1.11277	-1.99246	-1.38602	-0.279661	0.245812	1.23321
