0.013	0.237502	1.38811	-2.0144	-1.73427	-0.244635	0.352338	1.23313
0.026	0.237887	1.38816	-2.0144	-1.73391	-0.244635	0.352338	1.23313
0.039	0.237887	1.38816	-2.0144	-1.73391	-0.244635	0.352338	1.23313
0.052	0.238171	1.38816	-2.0144	-1.73363	-0.244635	0.352338	1.23313
0.065	0.238354	1.38816	-2.0144	-1.73342	-0.244635	0.352338	1.23313
0.078	0.238562	1.38817	-2.0144	-1.7333	-0.244635	0.352338	1.23313
0.091	0.238811	1.38818	-2.0144	-1.73328	-0.244635	0.352338	1.23313
0.104	0.238811	1.38818	-2.0144	-1.73328	-0.244635	0.352338	1.23313
0.117	0.239087	1.3882	-2.0144	-1.73328	-0.244637	0.352338	1.23313
0.13	0.23937	1.3882	-2.0144	-1.73328	-0.244637	0.352338	1.23313
0.143	0.239537	1.38821	-2.0144	-1.73327	-0.244637	0.352337	1.23313
0.156	0.239595	1.38821	-2.0144	-1.73318	-0.244637	0.352337	1.23313
0.169	0.239595	1.38821	-2.0144	-1.73309	-0.244637	0.352337	1.23313
0.182	0.239594	1.38821	-2.0144	-1.73304	-0.244637	0.352337	1.23313
0.195	0.239594	1.38821	-2.0144	-1.73295	-0.244637	0.352337	1.23313
0.208	0.239592	1.38821	-2.0144	-1.73285	-0.244635	0.352337	1.23313
0.221	0.239592	1.38821	-2.0144	-1.73275	-0.244637	0.352337	1.23313
0.234	0.239592	1.38821	-2.0144	-1.73262	-0.244637	0.352337	1.23313
0.247	0.239592	1.38821	-2.0144	-1.73262	-0.244637	0.352337	1.23313
0.26	0.239592	1.3882	-2.0144	-1.73251	-0.244637	0.352337	1.23313
0.273	0.239572	1.3882	-2.0144	-1.73239	-0.244637	0.352337	1.23313
0.286	0.239526	1.3882	-2.0144	-1.73219	-0.244637	0.352335	1.23313
0.299	0.239527	1.3882	-2.0144	-1.73201	-0.244637	0.352335	1.23313
0.312	0.239542	1.38821	-2.0144	-1.73184	-0.244637	0.352335	1.23313
0.325	0.239553	1.38821	-2.0144	-1.73172	-0.244637	0.352337	1.23313
0.338	0.239555	1.38821	-2.0144	-1.73165	-0.244637	0.352337	1.23313
0.351	0.239558	1.38821	-2.0144	-1.73162	-0.244637	0.352337	1.23313
0.364	0.239559	1.38821	-2.0144	-1.73159	-0.244635	0.352337	1.23313
0.377	0.239559	1.38821	-2.0144	-1.73159	-0.244635	0.352337	1.23313
0.39	0.23956	1.38821	-2.0144	-1.73157	-0.244637	0.352337	1.23313
0.403	0.23956	1.38821	-2.0144	-1.73154	-0.244637	0.352337	1.23313
0.416	0.239562	1.38821	-2.0144	-1.73152	-0.244637	0.352337	1.23313
0.429	0.239563	1.38821	-2.0144	-1.7315	-0.244637	0.352337	1.23313
0.442	0.239323	1.3882	-2.0144	-1.73142	-0.244637	0.352337	1.23313
0.455	0.238632	1.38822	-2.01443	-1.73087	-0.244637	0.352337	1.23313
0.468	0.238246	1.38816	-2.01439	-1.73065	-0.244637	0.352337	1.23313
0.481	0.23795	1.3882	-2.0143	-1.73065	-0.244637	0.352337	1.23313
0.494	0.237943	1.38821	-2.0143	-1.73065	-0.244635	0.352337	1.23313
0.507	0.237941	1.38821	-2.0143	-1.73057	-0.244637	0.352337	1.23313
0.52	0.237941	1.38821	-2.0143	-1.73057	-0.244637	0.352337	1.23313
0.533	0.237947	1.38822	-2.0143	-1.73056	-0.244637	0.352337	1.23313
0.546	0.238039	1.38822	-2.01431	-1.73052	-0.244637	0.352337	1.23313
0.559	0.238099	1.38822	-2.01431	-1.73052	-0.244637	0.352337	1.23313
0.572	0.238207	1.38822	-2.01431	-1.73051	-0.244637	0.352337	1.23313
0.585	0.238254	1.38822	-2.0143	-1.73051	-0.244637	0.352335	1.23313
0.598	0.238287	1.38822	-2.0143	-1.73047	-0.244637	0.352335	1.23313
0.611	0.238288	1.38822	-2.01431	-1.73044	-0.244637	0.352335	1.23313
0.624	0.238288	1.38822	-2.01431	-1.73041	-0.244637	0.352335	1.23313
0.637	0.238288	1.38822	-2.01431	-1.73039	-0.244637	0.352337	1.23313
0.65	0.238288	1.38822	-2.01431	-1.73039	-0.244637	0.352337	1.23313
0.663	0.238288	1.38822	-2.01431	-1.73038	-0.244637	0.352337	1.23313
0.676	0.238297	1.38822	-2.01431	-1.73038	-0.244637	0.352337	1.23313
0.689	0.238303	1.38822	-2.01431	-1.73038	-0.244637	0.352337	1.23313
0.702	0.238296	1.38823	-2.01431	-1.73038	-0.244637	0.352337	1.23313
0.715	0.238296	1.38822	-2.01431	-1.73038	-0.244637	0.352337	1.23313
0.728	0.238297	1.38822	-2.01431	-1.73037	-0.244637	0.352337	1.23313
0.741	0.238306	1.38822	-2.01431	-1.73037	-0.244637	0.352337	1.23313
0.754	0.238327	1.38822	-2.01431	-1.73037	-0.244637	0.352337	1.23313
0.767	0.238338	1.38822	-2.01431	-1.73037	-0.244637	0.352337	1.23313
0.78	0.238335	1.38822	-2.01431	-1.73036	-0.244637	0.352337	1.23313
0.793	0.238335	1.38822	-2.01431	-1.73036	-0.244637	0.352337	1.23313
0.806	0.238319	1.38822	-2.01431	-1.73034	-0.244637	0.352337	1.23313
0.819	0.238313	1.38822	-2.01431	-1.73034	-0.244635	0.352338	1.23313
0.832	0.238313	1.38822	-2.01431	-1.73034	-0.244635	0.352338	1.23313
0.845	0.23832	1.38822	-2.01431	-1.73034	-0.244635	0.352338	1.23313
0.858	0.23832	1.38822	-2.01431	-1.73034	-0.244637	0.352337	1.23313
0.871	0.238314	1.38822	-2.01431	-1.73034	-0.244637	0.352337	1.23313
0.884	0.238304	1.38822	-2.01431	-1.73033	-0.244637	0.352337	1.23313
0.897	0.238301	1.38822	-2.01431	-1.73032	-0.244637	0.352337	1.23313
0.91	0.238301	1.38822	-2.01431	-1.73031	-0.244637	0.352337	1.23313
0.923	0.238301	1.38822	-2.01431	-1.73031	-0.244637	0.352337	1.23313
0.936	0.238301	1.38822	-2.01431	-1.73031	-0.244637	0.352337	1.23313
0.949	0.2383	1.38822	-2.01431	-1.73031	-0.244637	0.352337	1.23313
0.962	0.238294	1.38822	-2.01431	-1.73031	-0.244637	0.352337	1.23313
0.975	0.23829	1.38822	-2.01431	-1.73031	-0.244637	0.352337	1.23313
0.988	0.23829	1.38822	-2.01431	-1.73031	-0.244637	0.352337	1.23313
1.001	0.23829	1.38822	-2.01431	-1.7303	-0.244637	0.352337	1.23313
1.014	0.23829	1.38822	-2.01431	-1.73029	-0.244637	0.352337	1.23313
1.027	0.238288	1.38822	-2.01431	-1.73028	-0.244637	0.352337	1.23313
1.04	0.238288	1.38822	-2.01431	-1.73027	-0.244637	0.352337	1.23313
1.053	0.238288	1.38822	-2.01431	-1.73026	-0.244637	0.352335	1.23313
1.066	0.238288	1.38822	-2.01431	-1.73026	-0.244637	0.352335	1.23313
1.079	0.238288	1.38822	-2.01431	-1.73025	-0.244637	0.352337	1.23313
1.092	0.238281	1.38822	-2.01431	-1.73023	-0.244637	0.352337	1.23313
1.105	0.238272	1.38822	-2.01431	-1.73019	-0.244637	0.352337	1.23313
1.118	0.238272	1.38822	-2.01431	-1.73018	-0.244637	0.352337	1.23313
1.131	0.238272	1.38822	-2.01431	-1.73016	-0.244635	0.352338	1.23313
1.144	0.238272	1.38822	-2.01431	-1.73014	-0.244635	0.352337	1.23313
1.157	0.238272	1.38822	-2.01431	-1.73011	-0.244637	0.352337	1.23313
1.17	0.238271	1.38822	-2.01431	-1.73006	-0.244637	0.352337	1.23313
1.183	0.238271	1.38822	-2.01431	-1.73001	-0.244637	0.352337	1.23313
1.196	0.238271	1.38822	-2.01431	-1.72997	-0.244637	0.352337	1.23313
1.209	0.238271	1.38822	-2.01431	-1.72997	-0.244637	0.352337	1.23313
1.222	0.238271	1.38822	-2.01431	-1.72994	-0.244637	0.352337	1.23313
1.235	0.238268	1.38822	-2.01431	-1.72991	-0.244637	0.352337	1.23313
1.248	0.238264	1.38822	-2.01431	-1.72985	-0.244637	0.352337	1.23313
1.261	0.238264	1.38822	-2.01431	-1.72978	-0.244637	0.352337	1.23313
1.274	0.238264	1.38822	-2.01431	-1.72969	-0.244637	0.352337	1.23313
1.287	0.238264	1.38822	-2.01431	-1.7296	-0.244637	0.352337	1.23313
1.3	0.238264	1.38822	-2.01431	-1.72952	-0.244637	0.352337	1.23313
1.313	0.238264	1.38822	-2.01431	-1.72946	-0.244637	0.352337	1.23313
1.326	0.238264	1.38822	-2.01431	-1.72939	-0.244637	0.352337	1.23313
1.339	0.238264	1.38822	-2.01431	-1.72939	-0.244637	0.352337	1.23313
1.352	0.238264	1.38822	-2.01431	-1.72931	-0.244637	0.352337	1.23313
1.365	0.238263	1.38822	-2.01431	-1.72919	-0.244637	0.352337	1.23313
1.378	0.238262	1.38822	-2.01431	-1.72903	-0.244637	0.352335	1.23313
1.391	0.238262	1.38822	-2.01431	-1.72886	-0.244637	0.352337	1.23313
1.404	0.238262	1.38822	-2.01431	-1.72868	-0.244637	0.352337	1.23313
1.417	0.238263	1.38822	-2.01431	-1.72852	-0.244637	0.352337	1.23313
1.43	0.238263	1.38822	-2.01431	-1.72838	-0.244637	0.352337	1.23313
1.443	0.238263	1.38822	-2.01431	-1.72824	-0.244637	0.352337	1.23313
1.456	0.238263	1.38822	-2.01431	-1.7281	-0.244637	0.352337	1.23313
1.469	0.238263	1.38822	-2.01431	-1.72795	-0.244637	0.352337	1.23313
1.482	0.238263	1.38822	-2.01431	-1.72795	-0.244637	0.352337	1.23313
1.495	0.238263	1.38822	-2.01431	-1.7278	-0.244637	0.352337	1.23313
1.508	0.238263	1.38822	-2.01431	-1.72764	-0.244637	0.352337	1.23313
1.521	0.238263	1.38822	-2.01431	-1.72746	-0.244637	0.352337	1.23313
1.534	0.238263	1.38822	-2.01431	-1.72728	-0.244637	0.352337	1.23313
1.547	0.238264	1.38822	-2.01431	-1.7271	-0.244637	0.352337	1.23313
1.56	0.238264	1.38822	-2.01431	-1.72691	-0.244635	0.352338	1.23313
1.573	0.238265	1.38822	-2.01431	-1.72674	-0.244637	0.352338	1.23313
1.586	0.238267	1.38822	-2.01431	-1.72654	-0.244637	0.352338	1.23313
1.599	0.238267	1.38822	-2.01431	-1.72636	-0.244637	0.352338	1.23313
1.612	0.238267	1.38822	-2.01431	-1.72636	-0.244637	0.352338	1.23313
1.625	0.238265	1.38822	-2.01431	-1.72616	-0.244637	0.352338	1.23313
1.638	0.238264	1.38822	-2.01431	-1.72592	-0.244637	0.352337	1.23313
1.651	0.238263	1.38822	-2.01431	-1.72564	-0.244637	0.352337	1.23313
1.664	0.238263	1.38822	-2.01431	-1.72533	-0.244637	0.352337	1.23313
1.677	0.238263	1.38822	-2.01431	-1.72503	-0.244637	0.352337	1.23313
1.69	0.238263	1.38822	-2.01431	-1.72475	-0.244637	0.352337	1.23313
1.703	0.238263	1.38822	-2.01431	-1.72448	-0.244637	0.352337	1.23313
1.716	0.238263	1.38822	-2.01431	-1.7242	-0.244637	0.352337	1.23313
1.729	0.238263	1.38822	-2.01431	-1.72394	-0.244637	0.352337	1.23313
1.742	0.238263	1.38822	-2.01431	-1.72369	-0.244637	0.352337	1.23314
1.755	0.238263	1.38822	-2.01431	-1.72369	-0.244637	0.352337	1.23314
1.768	0.238263	1.38822	-2.01431	-1.72345	-0.244637	0.352337	1.23314
1.781	0.238262	1.38822	-2.01431	-1.7232	-0.244637	0.352337	1.23314
1.794	0.23826	1.38822	-2.01431	-1.72294	-0.244637	0.352337	1.23314
1.807	0.23826	1.38822	-2.01431	-1.72269	-0.244637	0.352337	1.23314
1.82	0.23826	1.38822	-2.01431	-1.72245	-0.244637	0.352337	1.23314
1.833	0.23826	1.38822	-2.01431	-1.72221	-0.244637	0.352337	1.23314
1.846	0.238259	1.38822	-2.01431	-1.72197	-0.244635	0.352337	1.23314
1.859	0.238259	1.38822	-2.01431	-1.72171	-0.244635	0.352338	1.23314
1.872	0.238259	1.38822	-2.01431	-1.72146	-0.244635	0.352338	1.23314
1.885	0.238259	1.38822	-2.01431	-1.72146	-0.244635	0.352338	1.23314
1.898	0.238259	1.38822	-2.01431	-1.7212	-0.244637	0.352338	1.23314
1.911	0.238253	1.38822	-2.01431	-1.7209	-0.244637	0.352338	1.23313
1.924	0.238232	1.38822	-2.01431	-1.72057	-0.244637	0.352338	1.23313
1.937	0.238232	1.38822	-2.01431	-1.72027	-0.244637	0.352337	1.23313
1.95	0.238231	1.38822	-2.01431	-1.72	-0.244637	0.352337	1.23313
1.963	0.238231	1.38822	-2.01431	-1.71975	-0.244637	0.352337	1.23313
1.976	0.238231	1.38822	-2.01431	-1.71954	-0.244637	0.352337	1.23313
1.989	0.23823	1.38822	-2.01431	-1.71935	-0.244637	0.352337	1.23314
2.002	0.238228	1.38822	-2.01431	-1.71914	-0.244637	0.352337	1.23314
2.015	0.238226	1.38822	-2.01431	-1.71895	-0.244637	0.352337	1.23314
2.028	0.238226	1.38822	-2.01431	-1.71895	-0.244637	0.352337	1.23314
2.041	0.238225	1.38822	-2.01431	-1.71875	-0.244637	0.352337	1.23313
2.054	0.238211	1.38822	-2.01431	-1.71855	-0.244637	0.352337	1.23314
2.067	0.238164	1.38822	-2.01431	-1.71831	-0.244637	0.352337	1.23314
2.08	0.238162	1.38822	-2.01431	-1.71809	-0.244637	0.352335	1.23314
2.093	0.238161	1.38822	-2.01431	-1.71789	-0.244637	0.352335	1.23314
2.106	0.238159	1.38822	-2.01431	-1.71765	-0.244637	0.352335	1.23314
2.119	0.238156	1.38822	-2.01431	-1.71742	-0.244637	0.352335	1.23314
2.132	0.238156	1.38822	-2.01431	-1.71721	-0.244637	0.352337	1.23314
2.145	0.238154	1.38822	-2.01431	-1.71697	-0.244637	0.352337	1.23314
2.158	0.238154	1.38822	-2.01431	-1.71697	-0.244637	0.352337	1.23314
2.171	0.238154	1.38822	-2.01431	-1.71676	-0.244637	0.352337	1.23314
2.184	0.238153	1.38822	-2.01431	-1.71655	-0.244637	0.352337	1.23314
2.197	0.238121	1.38822	-2.01431	-1.71635	-0.244637	0.352337	1.23314
2.21	0.238039	1.38822	-2.01431	-1.7161	-0.244637	0.352337	1.23314
2.223	0.238023	1.38822	-2.01431	-1.71592	-0.244637	0.352337	1.23314
2.236	0.238014	1.38822	-2.01431	-1.71578	-0.244637	0.352337	1.23314
2.249	0.238012	1.38822	-2.01431	-1.71564	-0.244637	0.352337	1.23313
2.262	0.238009	1.38822	-2.01431	-1.7155	-0.244637	0.352337	1.23313
2.275	0.238007	1.38822	-2.0143	-1.7154	-0.244637	0.352337	1.23313
2.288	0.238006	1.38822	-2.01431	-1.71527	-0.244637	0.352337	1.23313
2.301	0.238006	1.38822	-2.01431	-1.71527	-0.244637	0.352337	1.23313
2.314	0.238005	1.38822	-2.01431	-1.71517	-0.244637	0.352337	1.23313
2.327	0.237988	1.38822	-2.01431	-1.71507	-0.244637	0.352337	1.23313
2.34	0.237941	1.38822	-2.01431	-1.71491	-0.244637	0.352337	1.23313
2.353	0.237938	1.38822	-2.01431	-1.71482	-0.244637	0.352337	1.23313
2.366	0.237938	1.38822	-2.01431	-1.71473	-0.244637	0.352337	1.23313
2.379	0.237937	1.38822	-2.01431	-1.71461	-0.244637	0.352337	1.23313
2.392	0.237937	1.38822	-2.01431	-1.71451	-0.244637	0.352335	1.23313
2.405	0.237937	1.38822	-2.01431	-1.71443	-0.244637	0.352335	1.23313
2.418	0.237936	1.38822	-2.01431	-1.71433	-0.244637	0.352337	1.23314
2.431	0.237936	1.38822	-2.01431	-1.71433	-0.244637	0.352337	1.23314
2.444	0.237936	1.38822	-2.01431	-1.71429	-0.244637	0.352337	1.23313
2.457	0.237936	1.38822	-2.01431	-1.71423	-0.244637	0.352337	1.23313
2.47	0.237924	1.38822	-2.0143	-1.71419	-0.244637	0.352337	1.23313
2.483	0.237897	1.38822	-2.01431	-1.71413	-0.244637	0.352337	1.23313
2.496	0.237897	1.38822	-2.0143	-1.71408	-0.244637	0.352337	1.23314
2.509	0.237897	1.38822	-2.01431	-1.71404	-0.244637	0.352337	1.23314
2.522	0.237897	1.38822	-2.01431	-1.71398	-0.244637	0.352335	1.23313
2.535	0.237897	1.38822	-2.01431	-1.71392	-0.244637	0.352335	1.23314
2.548	0.237897	1.38822	-2.0143	-1.71387	-0.244637	0.352337	1.23313
2.561	0.237897	1.38822	-2.01431	-1.7138	-0.244637	0.352337	1.23313
2.574	0.237897	1.38822	-2.01431	-1.7138	-0.244637	0.352337	1.23313
2.587	0.237897	1.38822	-2.01431	-1.71374	-0.244635	0.352337	1.23313
2.6	0.237896	1.38822	-2.01431	-1.71369	-0.244635	0.352337	1.23313
2.613	0.237896	1.38822	-2.01431	-1.71364	-0.244635	0.352338	1.23313
2.626	0.237896	1.38822	-2.01431	-1.71361	-0.244635	0.352338	1.23313
2.639	0.237896	1.38822	-2.01431	-1.71355	-0.244637	0.352338	1.23313
2.652	0.237896	1.38822	-2.01431	-1.71349	-0.244637	0.352337	1.23313
2.665	0.237896	1.38822	-2.01431	-1.71343	-0.244637	0.352337	1.23313
2.678	0.237896	1.38822	-2.0143	-1.71336	-0.244637	0.352337	1.23314
2.691	0.237896	1.38822	-2.01431	-1.71329	-0.244637	0.352337	1.23313
2.704	0.237896	1.38822	-2.01431	-1.71322	-0.244637	0.352337	1.23313
2.717	0.237896	1.38822	-2.01431	-1.71322	-0.244637	0.352337	1.23313
2.73	0.237896	1.38822	-2.01431	-1.71314	-0.244637	0.352337	1.23313
2.743	0.237896	1.38822	-2.0143	-1.71308	-0.244637	0.352337	1.23313
2.756	0.237896	1.38822	-2.01431	-1.71299	-0.244637	0.352337	1.23313
2.769	0.237896	1.38822	-2.01431	-1.7129	-0.244637	0.352337	1.23313
2.782	0.237896	1.38822	-2.01431	-1.71282	-0.244637	0.352337	1.23313
2.795	0.237896	1.38822	-2.0143	-1.71273	-0.244637	0.352337	1.23313
2.808	0.237896	1.38822	-2.01431	-1.71262	-0.244637	0.352337	1.23314
2.821	0.237896	1.38822	-2.0143	-1.71248	-0.244637	0.352337	1.23314
2.834	0.237897	1.38822	-2.0143	-1.71233	-0.244637	0.352335	1.23314
2.847	0.237897	1.38822	-2.0143	-1.71233	-0.244637	0.352335	1.23314
2.86	0.237897	1.38822	-2.01431	-1.71219	-0.244637	0.352335	1.23314
2.873	0.237896	1.38822	-2.0143	-1.71208	-0.244637	0.352335	1.23314
2.886	0.237897	1.38822	-2.0143	-1.71199	-0.244637	0.352337	1.23314
2.899	0.237897	1.38822	-2.01431	-1.71191	-0.244637	0.352337	1.23314
2.912	0.237899	1.38822	-2.01431	-1.71185	-0.244637	0.352337	1.23314
2.925	0.237899	1.38822	-2.0143	-1.71179	-0.244637	0.352337	1.23313
2.938	0.237899	1.38822	-2.01431	-1.71173	-0.244635	0.352337	1.23313
2.951	0.237899	1.38822	-2.01431	-1.71167	-0.244637	0.352337	1.23314
2.964	0.237897	1.38822	-2.01431	-1.7116	-0.244637	0.352337	1.23314
2.977	0.237899	1.38822	-2.01431	-1.71153	-0.244637	0.352337	1.23314
2.99	0.237899	1.38822	-2.01431	-1.71153	-0.244637	0.352337	1.23314
3.003	0.237899	1.38822	-2.01431	-1.71146	-0.244637	0.352337	1.23314
3.016	0.237897	1.38823	-2.01431	-1.71138	-0.244637	0.352337	1.23314
3.029	0.237897	1.38823	-2.01431	-1.71129	-0.244637	0.352337	1.23314
3.042	0.237897	1.38822	-2.01431	-1.7112	-0.244637	0.352338	1.23314
3.055	0.237897	1.38823	-2.01431	-1.71112	-0.244637	0.352338	1.23314
3.068	0.237897	1.38822	-2.01431	-1.71104	-0.244637	0.352338	1.23314
3.081	0.237897	1.38822	-2.0143	-1.71098	-0.244637	0.352338	1.23314
3.094	0.237897	1.38823	-2.01431	-1.71093	-0.244637	0.352337	1.23314
3.107	0.237897	1.38822	-2.01431	-1.71088	-0.244637	0.352337	1.23314
3.12	0.237897	1.38822	-2.01431	-1.71088	-0.244637	0.352337	1.23314
3.133	0.237897	1.38823	-2.0143	-1.71083	-0.244637	0.352337	1.23314
3.146	0.237896	1.38823	-2.0143	-1.71077	-0.244637	0.352337	1.23314
3.159	0.237896	1.38823	-2.0143	-1.71072	-0.244637	0.352337	1.23314
3.172	0.237896	1.38823	-2.0143	-1.71067	-0.244637	0.352337	1.23314
3.185	0.237896	1.38823	-2.01431	-1.71062	-0.244637	0.352337	1.23314
3.198	0.237896	1.38823	-2.01431	-1.71058	-0.244637	0.352337	1.23314
3.211	0.237896	1.38823	-2.01431	-1.71054	-0.244637	0.352337	1.23314
3.224	0.237896	1.38823	-2.01431	-1.7105	-0.244637	0.352337	1.23314
3.237	0.237896	1.38823	-2.01431	-1.71049	-0.244637	0.352337	1.23314
3.25	0.237896	1.38822	-2.01431	-1.71049	-0.244637	0.352337	1.23314
3.263	0.237896	1.38822	-2.01431	-1.71049	-0.244637	0.352337	1.23314
3.276	0.237896	1.38822	-2.01431	-1.71051	-0.244637	0.352337	1.23314
3.289	0.237891	1.38822	-2.01431	-1.71051	-0.244637	0.352337	1.23314
3.302	0.237882	1.38822	-2.01431	-1.71051	-0.244637	0.352337	1.23314
3.315	0.237882	1.38822	-2.01431	-1.71052	-0.244637	0.352337	1.23314
3.328	0.237881	1.38822	-2.01431	-1.71052	-0.244637	0.352337	1.23314
3.341	0.237879	1.38822	-2.01431	-1.71053	-0.244635	0.352338	1.23314
3.354	0.237868	1.38822	-2.01431	-1.71053	-0.244635	0.352338	1.23314
3.367	0.237851	1.38822	-2.01431	-1.71053	-0.244635	0.352338	1.23314
3.38	0.23783	1.38822	-2.01431	-1.71054	-0.244635	0.352338	1.23314
3.393	0.23783	1.38822	-2.01431	-1.71054	-0.244635	0.352338	1.23314
3.406	0.237799	1.38822	-2.01431	-1.71054	-0.244637	0.352338	1.23314
3.419	0.23772	1.38822	-2.01431	-1.71054	-0.244637	0.352338	1.23314
3.432	0.237582	1.38822	-2.01431	-1.71054	-0.244637	0.352338	1.23314
3.445	0.237441	1.38822	-2.01431	-1.71055	-0.244637	0.352338	1.23314
3.458	0.237276	1.38822	-2.01431	-1.71055	-0.244637	0.352337	1.23314
3.471	0.237138	1.38822	-2.01431	-1.71055	-0.244637	0.352338	1.23314
3.484	0.236965	1.38821	-2.01431	-1.71055	-0.244637	0.352338	1.23314
3.497	0.23678	1.38821	-2.01431	-1.71055	-0.244637	0.352338	1.23314
3.51	0.236578	1.38821	-2.01431	-1.71055	-0.244637	0.352338	1.23314
3.523	0.236338	1.38821	-2.01431	-1.71055	-0.244637	0.352338	1.23314
3.536	0.236338	1.38821	-2.01431	-1.71055	-0.244637	0.352338	1.23314
3.549	0.236087	1.38821	-2.01431	-1.71056	-0.244637	0.352338	1.23314
3.562	0.23572	1.38821	-2.01431	-1.71056	-0.244637	0.352337	1.23314
3.575	0.23526	1.38821	-2.01431	-1.71057	-0.244637	0.352337	1.23314
3.588	0.234726	1.3882	-2.01431	-1.7106	-0.244637	0.352338	1.23314
3.601	0.234097	1.3882	-2.01431	-1.71063	-0.244637	0.352337	1.23314
3.614	0.233497	1.3882	-2.01431	-1.71065	-0.244637	0.352337	1.23314
3.627	0.23284	1.3882	-2.01431	-1.71066	-0.244635	0.352338	1.23314
3.64	0.232179	1.3882	-2.01431	-1.71069	-0.244635	0.352338	1.23314
3.653	0.231517	1.38819	-2.01431	-1.71074	-0.244635	0.352338	1.23314
3.666	0.230826	1.38819	-2.01431	-1.71086	-0.244635	0.352338	1.23314
3.679	0.230826	1.38819	-2.01431	-1.71086	-0.244635	0.352338	1.23314
3.692	0.230097	1.38818	-2.01432	-1.71096	-0.244635	0.352338	1.23314
3.705	0.229242	1.38814	-2.01432	-1.7111	-0.244635	0.352338	1.23314
3.718	0.228293	1.38812	-2.01434	-1.7112	-0.244635	0.352338	1.23314
3.731	0.227384	1.38807	-2.01439	-1.71138	-0.244637	0.352338	1.23314
3.744	0.22641	1.38804	-2.0144	-1.7116	-0.244635	0.352338	1.23314
3.757	0.225484	1.38798	-2.01447	-1.71184	-0.244637	0.352338	1.23314
3.77	0.224481	1.38795	-2.01446	-1.71205	-0.244637	0.352338	1.23313
3.783	0.223583	1.38793	-2.01447	-1.71226	-0.244635	0.352338	1.23314
3.796	0.222662	1.3879	-2.01447	-1.71245	-0.244635	0.352338	1.23314
3.809	0.222662	1.3879	-2.01447	-1.71245	-0.244635	0.352338	1.23314
3.822	0.221798	1.38788	-2.0145	-1.71266	-0.244635	0.352338	1.23314
3.835	0.220873	1.38783	-2.01452	-1.7129	-0.244635	0.352337	1.23314
3.848	0.219924	1.38781	-2.0146	-1.71308	-0.244637	0.352338	1.23314
3.861	0.219022	1.38776	-2.01465	-1.71339	-0.244637	0.352337	1.23314
3.874	0.218143	1.38775	-2.01465	-1.71379	-0.244637	0.352337	1.23314
3.887	0.217369	1.38771	-2.01466	-1.71422	-0.244637	0.352337	1.23314
3.9	0.216523	1.38769	-2.01465	-1.71463	-0.244637	0.352337	1.23314
3.913	0.215779	1.38766	-2.01467	-1.71505	-0.244637	0.35234	1.23314
3.926	0.215012	1.38761	-2.01466	-1.71547	-0.244637	0.352343	1.23314
3.939	0.214264	1.38761	-2.01467	-1.71585	-0.244635	0.352352	1.23314
3.952	0.214264	1.38761	-2.01467	-1.71585	-0.244635	0.352352	1.23314
3.965	0.213549	1.38757	-2.01467	-1.71621	-0.244635	0.352401	1.23314
3.978	0.212764	1.38756	-2.01467	-1.71657	-0.244635	0.352606	1.23314
3.991	0.211986	1.38753	-2.01473	-1.71692	-0.244635	0.352851	1.23314
4.004	0.21123	1.38748	-2.01479	-1.71743	-0.244635	0.353158	1.23314
4.017	0.210511	1.38747	-2.01481	-1.71802	-0.244635	0.354027	1.23314
4.03	0.209855	1.3874	-2.01488	-1.71861	-0.244635	0.35556	1.23314
4.043	0.209175	1.38732	-2.01492	-1.71916	-0.244635	0.356523	1.23314
4.056	0.208564	1.38722	-2.01501	-1.71967	-0.244635	0.357474	1.23314
4.069	0.207937	1.38708	-2.0151	-1.72021	-0.244635	0.359355	1.23314
4.082	0.207937	1.38708	-2.0151	-1.72021	-0.244635	0.359355	1.23314
4.095	0.207363	1.38695	-2.01522	-1.72081	-0.244635	0.360963	1.23314
4.108	0.206743	1.38681	-2.01536	-1.72142	-0.244635	0.363085	1.23314
4.121	0.20609	1.38669	-2.01552	-1.72206	-0.244635	0.364874	1.23314
4.134	0.205483	1.38653	-2.01571	-1.72275	-0.244635	0.366918	1.23314
4.147	0.204905	1.38635	-2.01588	-1.7235	-0.244637	0.368358	1.23314
4.16	0.204395	1.38605	-2.01604	-1.72426	-0.244637	0.369452	1.23314
4.173	0.203893	1.38571	-2.01614	-1.72501	-0.244637	0.370911	1.23314
4.186	0.203389	1.38541	-2.01633	-1.72584	-0.244637	0.371648	1.23314
4.199	0.202861	1.38513	-2.01662	-1.72672	-0.244637	0.371786	1.23314
4.212	0.202341	1.38487	-2.01693	-1.72761	-0.244637	0.371794	1.23314
4.225	0.202341	1.38487	-2.01693	-1.72761	-0.244637	0.371794	1.23314
4.238	0.20186	1.38459	-2.01727	-1.72851	-0.244637	0.371793	1.23314
4.251	0.201318	1.38433	-2.01764	-1.72948	-0.244637	0.371789	1.23314
4.264	0.200751	1.38412	-2.01811	-1.73043	-0.244637	0.371784	1.23314
4.277	0.200204	1.38388	-2.01848	-1.73143	-0.244637	0.371784	1.23314
4.29	0.199722	1.38359	-2.01878	-1.73243	-0.244637	0.371786	1.23314
4.303	0.199189	1.38329	-2.01908	-1.73348	-0.244637	0.371786	1.23314
4.316	0.198676	1.383	-2.01944	-1.73457	-0.244637	0.371786	1.23314
4.329	0.198147	1.3827	-2.01981	-1.73568	-0.244637	0.371787	1.23314
4.342	0.197602	1.38238	-2.02016	-1.73678	-0.244637	0.371787	1.23314
4.355	0.197602	1.38238	-2.02016	-1.73678	-0.244637	0.371787	1.23314
4.368	0.197032	1.38207	-2.02049	-1.73795	-0.244637	0.371787	1.23314
4.381	0.196468	1.38176	-2.02081	-1.73913	-0.244637	0.371789	1.23314
4.394	0.195855	1.38146	-2.02114	-1.7403	-0.244637	0.371789	1.23314
4.407	0.195244	1.38117	-2.02151	-1.74156	-0.244637	0.371789	1.23314
4.42	0.194624	1.38095	-2.02194	-1.74285	-0.244637	0.371789	1.23314
4.433	0.194024	1.38069	-2.02235	-1.74412	-0.244637	0.371789	1.23314
4.446	0.193427	1.3804	-2.0227	-1.7455	-0.244637	0.371789	1.23314
4.459	0.192849	1.38012	-2.02306	-1.74698	-0.244637	0.371789	1.23314
4.472	0.192286	1.37982	-2.02346	-1.74839	-0.244637	0.371791	1.23314
4.485	0.191748	1.37952	-2.02392	-1.74994	-0.244637	0.371793	1.23314
4.498	0.191748	1.37952	-2.02392	-1.74994	-0.244637	0.371793	1.23314
4.511	0.191203	1.3792	-2.02443	-1.75151	-0.244637	0.371794	1.23314
4.524	0.190588	1.37888	-2.02498	-1.75306	-0.244637	0.371799	1.23314
4.537	0.189958	1.37862	-2.02556	-1.75471	-0.244637	0.371799	1.23313
4.55	0.189331	1.37834	-2.02615	-1.75631	-0.244637	0.371801	1.23313
4.563	0.188759	1.37804	-2.02673	-1.75808	-0.244639	0.371801	1.23313
4.576	0.188204	1.37773	-2.02733	-1.75989	-0.244637	0.371801	1.23313
4.589	0.187602	1.37738	-2.02796	-1.76175	-0.244637	0.371801	1.23313
4.602	0.187024	1.37707	-2.02861	-1.76354	-0.244637	0.371799	1.23313
4.615	0.186426	1.37674	-2.02932	-1.76535	-0.244637	0.371798	1.23314
4.628	0.186426	1.37674	-2.02932	-1.76535	-0.244637	0.371798	1.23314
4.641	0.185853	1.37647	-2.02993	-1.7672	-0.244637	0.371793	1.23313
4.654	0.185277	1.37615	-2.03051	-1.76908	-0.244637	0.371791	1.23314
4.667	0.184714	1.37586	-2.03103	-1.771	-0.244637	0.371791	1.23314
4.68	0.18412	1.37557	-2.0316	-1.77286	-0.244637	0.371789	1.23314
4.693	0.183538	1.37527	-2.03217	-1.77476	-0.244637	0.371789	1.23314
4.706	0.18293	1.37491	-2.03269	-1.77662	-0.244637	0.371787	1.23314
4.719	0.182385	1.37456	-2.03318	-1.77853	-0.244637	0.371787	1.23314
4.732	0.181772	1.3742	-2.03369	-1.78047	-0.244637	0.371786	1.23314
4.745	0.181228	1.37392	-2.03417	-1.7824	-0.244637	0.371786	1.23314
4.758	0.180673	1.37362	-2.03458	-1.78432	-0.244637	0.371784	1.23314
4.771	0.180673	1.37362	-2.03458	-1.78432	-0.244637	0.371784	1.23314
4.784	0.180195	1.37335	-2.03502	-1.78629	-0.244637	0.371784	1.23313
4.797	0.179597	1.37309	-2.03548	-1.78817	-0.244637	0.371782	1.23314
4.81	0.178966	1.37287	-2.03602	-1.78999	-0.244637	0.371781	1.23314
4.823	0.178323	1.37265	-2.03651	-1.79178	-0.244637	0.371779	1.23314
4.836	0.177703	1.37245	-2.037	-1.79362	-0.244637	0.371777	1.23314
4.849	0.177113	1.37231	-2.03756	-1.79546	-0.244637	0.371775	1.23314
4.862	0.176498	1.37216	-2.03807	-1.79733	-0.244637	0.371774	1.23314
4.875	0.175884	1.37196	-2.03846	-1.79911	-0.244639	0.371772	1.23314
4.888	0.175235	1.37176	-2.03888	-1.80089	-0.244639	0.371769	1.23314
4.901	0.175235	1.37176	-2.03888	-1.80089	-0.244639	0.371769	1.23314
4.914	0.174576	1.37159	-2.03932	-1.80259	-0.244639	0.371767	1.23314
4.927	0.173919	1.3714	-2.0398	-1.80426	-0.244639	0.371764	1.23314
4.94	0.173258	1.37124	-2.04027	-1.80597	-0.244639	0.371762	1.23314
4.953	0.172554	1.37106	-2.04075	-1.80755	-0.244639	0.371762	1.23314
4.966	0.171859	1.37081	-2.04124	-1.8092	-0.244639	0.37176	1.23314
4.979	0.171156	1.37052	-2.04173	-1.81074	-0.244639	0.371758	1.23314
4.992	0.170467	1.37019	-2.0422	-1.81227	-0.244641	0.371757	1.23314
5.005	0.169766	1.3699	-2.04263	-1.81382	-0.244641	0.371752	1.23314
5.018	0.169107	1.36968	-2.0431	-1.81534	-0.244641	0.371752	1.23314
5.031	0.16844	1.36947	-2.04358	-1.81697	-0.244643	0.371748	1.23314
5.044	0.16844	1.36947	-2.04358	-1.81697	-0.244643	0.371748	1.23314
5.057	0.167768	1.36929	-2.04412	-1.81852	-0.244643	0.371748	1.23314
5.07	0.167056	1.3691	-2.04469	-1.82009	-0.244643	0.371743	1.23314
5.083	0.166301	1.36894	-2.04523	-1.8216	-0.244643	0.37174	1.23314
5.096	0.165562	1.36881	-2.04577	-1.82308	-0.244643	0.371738	1.23314
5.109	0.164871	1.36864	-2.04621	-1.82463	-0.244643	0.371735	1.23314
5.122	0.164204	1.36847	-2.04661	-1.82613	-0.244643	0.371731	1.23314
5.135	0.163486	1.36827	-2.04705	-1.82759	-0.244643	0.371726	1.23314
5.148	0.162787	1.3681	-2.04751	-1.82908	-0.244645	0.371721	1.23314
5.161	0.162084	1.36794	-2.04796	-1.83058	-0.244645	0.371718	1.23314
5.174	0.161389	1.36774	-2.04848	-1.83214	-0.244645	0.371707	1.23314
5.187	0.161389	1.36774	-2.04848	-1.83214	-0.244645	0.371707	1.23314
5.2	0.160719	1.36753	-2.04901	-1.83365	-0.244645	0.3717	1.23314
5.213	0.159979	1.36727	-2.04954	-1.83515	-0.244645	0.371697	1.23314
5.226	0.159217	1.36702	-2.05007	-1.83656	-0.244645	0.371694	1.23314
5.239	0.158452	1.36674	-2.05049	-1.83793	-0.244645	0.37169	1.23314
5.252	0.157678	1.36639	-2.05081	-1.83936	-0.244645	0.37166	1.23314
5.265	0.156996	1.36601	-2.05118	-1.84085	-0.244647	0.371614	1.23314
5.278	0.156295	1.36565	-2.05164	-1.84234	-0.244647	0.371579	1.23314
5.291	0.155589	1.36526	-2.05223	-1.84393	-0.244647	0.371564	1.23314
5.304	0.154871	1.36491	-2.05283	-1.84549	-0.244649	0.37153	1.23314
5.317	0.154871	1.36491	-2.05283	-1.84549	-0.244649	0.37153	1.23314
5.33	0.154157	1.36452	-2.05348	-1.84713	-0.244649	0.371489	1.23314
5.343	0.153493	1.36411	-2.05409	-1.84883	-0.244649	0.371424	1.23314
5.356	0.152824	1.36365	-2.05471	-1.8505	-0.244651	0.371382	1.23314
5.369	0.152121	1.36316	-2.0554	-1.85227	-0.244651	0.371349	1.23314
5.382	0.151447	1.36267	-2.05611	-1.85402	-0.244653	0.371329	1.23314
5.395	0.150789	1.36209	-2.05688	-1.85585	-0.244656	0.371273	1.23314
5.408	0.150119	1.36155	-2.05762	-1.85763	-0.24466	0.37121	1.23314
5.421	0.149499	1.36095	-2.05836	-1.85935	-0.244662	0.371128	1.23314
5.434	0.148933	1.36032	-2.05905	-1.86104	-0.244668	0.370915	1.23314
5.447	0.148331	1.35966	-2.05969	-1.86262	-0.244676	0.370593	1.23314
5.46	0.148331	1.35966	-2.05969	-1.86262	-0.244676	0.370593	1.23314
5.473	0.147748	1.35898	-2.06033	-1.86413	-0.244701	0.370315	1.23314
5.486	0.147125	1.3583	-2.06096	-1.86557	-0.244762	0.370078	1.23314
5.499	0.146485	1.35763	-2.06159	-1.86692	-0.244854	0.369749	1.23314
5.512	0.145902	1.35697	-2.06216	-1.86824	-0.244983	0.369233	1.23314
5.525	0.145323	1.35627	-2.0627	-1.86955	-0.245151	0.368426	1.23314
5.538	0.144727	1.35554	-2.0632	-1.87081	-0.245416	0.367249	1.23314
5.551	0.144133	1.35484	-2.06368	-1.87198	-0.245823	0.366434	1.23314
5.564	0.143523	1.35414	-2.06418	-1.87309	-0.246502	0.365946	1.23314
5.577	0.142923	1.35345	-2.06464	-1.87415	-0.247404	0.365686	1.23314
5.59	0.142923	1.35345	-2.06464	-1.87415	-0.247404	0.365686	1.23314
5.603	0.142323	1.35283	-2.06512	-1.87535	-0.248349	0.365292	1.23314
5.616	0.141712	1.3522	-2.06561	-1.87651	-0.249184	0.364443	1.23314
5.629	0.141081	1.35158	-2.06601	-1.87753	-0.250239	0.363281	1.23314
5.642	0.140431	1.35086	-2.0664	-1.87856	-0.251595	0.362335	1.23314
5.655	0.139817	1.35023	-2.06682	-1.87962	-0.253111	0.361544	1.23314
5.668	0.139209	1.34957	-2.06729	-1.8807	-0.254761	0.36026	1.23314
5.681	0.138561	1.34895	-2.06766	-1.88172	-0.256212	0.358646	1.23314
5.694	0.137932	1.34836	-2.06808	-1.88278	-0.257864	0.357274	1.23314
5.707	0.137317	1.34774	-2.06856	-1.88397	-0.259439	0.355166	1.23314
5.72	0.136678	1.34712	-2.06899	-1.88507	-0.260906	0.353143	1.23314
5.733	0.136678	1.34712	-2.06899	-1.88507	-0.260906	0.353143	1.23314
5.746	0.13601	1.34641	-2.06943	-1.88621	-0.261932	0.350525	1.23314
5.759	0.135328	1.34574	-2.06984	-1.88736	-0.262912	0.348142	1.23314
5.772	0.134594	1.34505	-2.07028	-1.8885	-0.263937	0.345994	1.23314
5.785	0.133868	1.34435	-2.07075	-1.88965	-0.264863	0.344333	1.23314
5.798	0.133166	1.34365	-2.07118	-1.89091	-0.265794	0.342974	1.23314
5.811	0.132444	1.34293	-2.07158	-1.89221	-0.266626	0.342466	1.23314
5.824	0.131665	1.34223	-2.07195	-1.89344	-0.267244	0.342291	1.23314
5.837	0.130863	1.34155	-2.07235	-1.89463	-0.267749	0.34212	1.23314
5.85	0.130069	1.34087	-2.07279	-1.89585	-0.268322	0.341842	1.23314
5.863	0.130069	1.34087	-2.07279	-1.89585	-0.268322	0.341842	1.23314
5.876	0.129288	1.34019	-2.07316	-1.89701	-0.269083	0.341362	1.23314
5.889	0.12847	1.33949	-2.07342	-1.8981	-0.270021	0.340133	1.23314
5.902	0.127619	1.33884	-2.07366	-1.89914	-0.271048	0.338793	1.23314
5.915	0.126735	1.33819	-2.07381	-1.90015	-0.272269	0.337593	1.23314
5.928	0.125889	1.33758	-2.07393	-1.90109	-0.273435	0.335574	1.23314
5.941	0.125045	1.33699	-2.07404	-1.90209	-0.274433	0.333595	1.23314
5.954	0.124154	1.33645	-2.07411	-1.90312	-0.275761	0.331062	1.23314
5.967	0.123254	1.33585	-2.07421	-1.90417	-0.27726	0.328843	1.23314
5.98	0.122294	1.33522	-2.07427	-1.90518	-0.278968	0.326584	1.23314
5.993	0.121406	1.33458	-2.07442	-1.9063	-0.280485	0.324822	1.23314
6.006	0.121406	1.33458	-2.07442	-1.9063	-0.280485	0.324822	1.23314
6.019	0.120421	1.33396	-2.07453	-1.90746	-0.282046	0.323176	1.23315
6.032	0.119436	1.33338	-2.0747	-1.90862	-0.283776	0.322325	1.23315
6.045	0.118299	1.33277	-2.0749	-1.90981	-0.285535	0.321301	1.23315
6.058	0.11727	1.33215	-2.0752	-1.91106	-0.286893	0.31975	1.23315
6.071	0.116121	1.33148	-2.07539	-1.91225	-0.288259	0.318534	1.23315
6.084	0.115028	1.33076	-2.07568	-1.91335	-0.289716	0.31704	1.23315
6.097	0.113863	1.33006	-2.07601	-1.91445	-0.291059	0.315064	1.23314
6.11	0.112716	1.32936	-2.07644	-1.91558	-0.292139	0.313239	1.23314
6.123	0.111556	1.32868	-2.07705	-1.91667	-0.292749	0.310977	1.23314
6.136	0.111556	1.32868	-2.07705	-1.91667	-0.292749	0.310977	1.23314
6.149	0.110315	1.32794	-2.07765	-1.91781	-0.293352	0.30893	1.23314
6.162	0.109161	1.32714	-2.07822	-1.91898	-0.294005	0.306936	1.23314
6.175	0.107924	1.32634	-2.07877	-1.92008	-0.294708	0.305356	1.23314
6.188	0.106585	1.3255	-2.07937	-1.92117	-0.295371	0.303604	1.23315
6.201	0.105346	1.32466	-2.07998	-1.92235	-0.295997	0.302428	1.23315
6.214	0.104049	1.32383	-2.08056	-1.92357	-0.296729	0.300914	1.23315
6.227	0.102743	1.32295	-2.08122	-1.92474	-0.297486	0.299414	1.23315
6.24	0.101461	1.32207	-2.0818	-1.92594	-0.298159	0.298141	1.23315
6.253	0.100134	1.32115	-2.0824	-1.92719	-0.298676	0.296087	1.23314
6.266	0.0988036	1.32023	-2.08296	-1.92843	-0.299053	0.294165	1.23314
6.279	0.0988036	1.32023	-2.08296	-1.92843	-0.299053	0.294165	1.23314
6.292	0.0974895	1.31928	-2.08351	-1.9297	-0.29947	0.291673	1.23314
6.305	0.0960974	1.31833	-2.08404	-1.93104	-0.300028	0.289442	1.23314
6.318	0.0946913	1.31746	-2.08459	-1.93227	-0.300681	0.287159	1.23314
6.331	0.0932762	1.31655	-2.08514	-1.93351	-0.301364	0.285157	1.23314
6.344	0.091902	1.31561	-2.08559	-1.93477	-0.302018	0.283282	1.23314
6.357	0.0905981	1.31468	-2.08603	-1.93599	-0.302861	0.281692	1.23315
6.37	0.0892623	1.31377	-2.08648	-1.93721	-0.303875	0.279795	1.23314
6.383	0.0880044	1.31291	-2.08703	-1.93847	-0.304757	0.278048	1.23314
6.396	0.0867555	1.31199	-2.08756	-1.9397	-0.305452	0.275709	1.23314
6.409	0.0867555	1.31199	-2.08756	-1.9397	-0.305452	0.275709	1.23314
6.422	0.0855501	1.3111	-2.08803	-1.94092	-0.306383	0.27349	1.23314
6.435	0.0843369	1.31023	-2.08859	-1.9422	-0.307608	0.271182	1.23314
6.448	0.0830612	1.30936	-2.0891	-1.94354	-0.308807	0.269058	1.23314
6.461	0.0818212	1.30852	-2.08961	-1.94478	-0.310103	0.267485	1.23314
6.474	0.0805569	1.30765	-2.09016	-1.94613	-0.311316	0.266123	1.23314
6.487	0.0793425	1.30678	-2.09067	-1.94744	-0.31222	0.264574	1.23315
6.5	0.0781806	1.3059	-2.09121	-1.94868	-0.313276	0.26357	1.23315
6.513	0.0769777	1.30501	-2.09176	-1.94997	-0.314358	0.262423	1.23315
6.526	0.0758527	1.30417	-2.09237	-1.95119	-0.315309	0.260695	1.23315
6.539	0.074701	1.30326	-2.093	-1.95242	-0.316301	0.259151	1.23315
6.552	0.074701	1.30326	-2.093	-1.95242	-0.316301	0.259151	1.23315
6.565	0.073608	1.30236	-2.09359	-1.95372	-0.317201	0.256773	1.23315
6.578	0.0725125	1.30148	-2.09422	-1.95502	-0.317867	0.254208	1.23314
6.591	0.07127	1.30056	-2.09488	-1.95629	-0.318775	0.251603	1.23315
6.604	0.0700786	1.29963	-2.09553	-1.9575	-0.319982	0.249323	1.23314
6.617	0.0688821	1.29875	-2.09611	-1.95867	-0.321324	0.247736	1.23315
6.63	0.0677035	1.29795	-2.09676	-1.95982	-0.322897	0.24625	1.23315
6.643	0.066544	1.29708	-2.09739	-1.96102	-0.324316	0.244639	1.23315
6.656	0.0654076	1.29616	-2.09794	-1.96216	-0.325599	0.243634	1.23315
6.669	0.0643262	1.2953	-2.09849	-1.9632	-0.326936	0.2422	1.23315
6.682	0.0632102	1.29441	-2.09903	-1.96413	-0.328208	0.240354	1.23315
6.695	0.0632102	1.29441	-2.09903	-1.96413	-0.328208	0.240354	1.23315
6.708	0.0622221	1.29357	-2.09961	-1.96515	-0.329485	0.238382	1.23315
6.721	0.061092	1.29273	-2.10021	-1.96616	-0.330444	0.235924	1.23315
6.734	0.0599671	1.29188	-2.10085	-1.96715	-0.331309	0.23324	1.23315
6.747	0.0588077	1.29102	-2.1014	-1.96808	-0.332289	0.23067	1.23315
6.76	0.0576879	1.2901	-2.10205	-1.96915	-0.33324	0.228128	1.23315
6.773	0.0566281	1.28932	-2.10271	-1.97014	-0.334215	0.225848	1.23315
6.786	0.0555569	1.28846	-2.1034	-1.97108	-0.335287	0.224019	1.23315
6.799	0.0545215	1.28759	-2.10404	-1.97194	-0.336181	0.222192	1.23315
6.812	0.0534758	1.28675	-2.10466	-1.97275	-0.336852	0.220488	1.23315
6.825	0.0534758	1.28675	-2.10466	-1.97275	-0.336852	0.220488	1.23315
6.838	0.0524289	1.2859	-2.10531	-1.9736	-0.337672	0.218723	1.23315
6.851	0.0513985	1.28505	-2.10594	-1.97443	-0.33868	0.216465	1.23315
6.864	0.0503273	1.28418	-2.10662	-1.97521	-0.339766	0.213973	1.23315
6.877	0.0492702	1.28332	-2.10733	-1.97594	-0.34102	0.211463	1.23315
6.89	0.0482283	1.2825	-2.10798	-1.97672	-0.342466	0.208872	1.23315
6.903	0.0472338	1.28169	-2.10856	-1.97753	-0.343608	0.206757	1.23315
6.916	0.0462648	1.28084	-2.10903	-1.97827	-0.344919	0.204803	1.23315
6.929	0.0452754	1.28001	-2.10951	-1.97887	-0.346297	0.203319	1.23315
6.942	0.0442847	1.27915	-2.11011	-1.97945	-0.347702	0.201596	1.23315
6.955	0.0433273	1.27834	-2.11074	-1.97999	-0.349044	0.200101	1.23315
6.968	0.0433273	1.27834	-2.11074	-1.97999	-0.349044	0.200101	1.23315
6.981	0.042412	1.27748	-2.11143	-1.98061	-0.350105	0.197841	1.23315
6.994	0.0414251	1.27666	-2.11203	-1.98113	-0.351298	0.195775	1.23315
7.007	0.0404472	1.27583	-2.1126	-1.98164	-0.352429	0.193317	1.23315
7.02	0.039399	1.27498	-2.11312	-1.98216	-0.353535	0.191175	1.23315
7.033	0.0384287	1.27416	-2.11367	-1.9827	-0.354693	0.189048	1.23315
7.046	0.0373959	1.27336	-2.11422	-1.98316	-0.35554	0.187265	1.23315
7.059	0.0363873	1.27252	-2.11476	-1.98366	-0.356264	0.185571	1.23315
7.072	0.0353915	1.27169	-2.11518	-1.98418	-0.357129	0.184449	1.23315
7.085	0.0343957	1.27087	-2.11565	-1.98482	-0.358072	0.182764	1.23315
7.098	0.0343957	1.27087	-2.11565	-1.98482	-0.358072	0.182764	1.23315
7.111	0.0333398	1.27011	-2.11615	-1.98541	-0.358931	0.181122	1.23315
7.124	0.032234	1.26934	-2.11663	-1.98602	-0.359874	0.179353	1.23315
7.137	0.0311334	1.26854	-2.11701	-1.98657	-0.360759	0.177405	1.23315
7.15	0.0299625	1.2677	-2.11734	-1.98714	-0.3614	0.17547	1.23315
7.163	0.0288132	1.26684	-2.11772	-1.98769	-0.361893	0.173169	1.23315
7.176	0.027664	1.266	-2.11806	-1.98824	-0.362439	0.170855	1.23315
7.189	0.0264918	1.26516	-2.11829	-1.98877	-0.363142	0.168925	1.23315
7.202	0.0253247	1.26432	-2.11855	-1.98922	-0.363946	0.166987	1.23315
7.215	0.0240835	1.26345	-2.11875	-1.98963	-0.364754	0.16531	1.23315
7.228	0.022933	1.26261	-2.119	-1.99	-0.365642	0.163561	1.23315
7.241	0.022933	1.26261	-2.119	-1.99	-0.365642	0.163561	1.23315
7.254	0.0216943	1.26175	-2.11924	-1.99034	-0.366652	0.161668	1.23315
7.267	0.0204415	1.26087	-2.11951	-1.99068	-0.367534	0.159853	1.23315
7.28	0.0191389	1.25999	-2.11985	-1.99094	-0.368084	0.157669	1.23315
7.293	0.0177315	1.25912	-2.12023	-1.99122	-0.368705	0.155259	1.23315
7.306	0.0163854	1.25828	-2.1206	-1.99148	-0.369485	0.152687	1.23315
7.319	0.015033	1.25737	-2.12091	-1.99183	-0.370444	0.149924	1.23315
7.332	0.0136614	1.25643	-2.12112	-1.99217	-0.371328	0.147291	1.23315
7.345	0.0123345	1.25545	-2.12141	-1.99253	-0.372223	0.144583	1.23315
7.358	0.0109986	1.2545	-2.12172	-1.99291	-0.373281	0.14167	1.23315
7.371	0.0109986	1.2545	-2.12172	-1.99291	-0.373281	0.14167	1.23315
7.384	0.0095899	1.25356	-2.12205	-1.99334	-0.374314	0.138774	1.23315
7.397	0.00815435	1.25258	-2.12237	-1.99376	-0.375383	0.135935	1.23315
7.41	0.00669452	1.25164	-2.1227	-1.99417	-0.376764	0.132988	1.23315
7.423	0.00518995	1.25066	-2.12313	-1.9946	-0.37819	0.13007	1.23315
7.436	0.00366236	1.24972	-2.12357	-1.99506	-0.379748	0.127613	1.23315
7.449	0.00206319	1.24867	-2.12409	-1.99553	-0.380994	0.12548	1.23315
7.462	0.000494679	1.24768	-2.1246	-1.99595	-0.382129	0.122995	1.23315
7.475	-0.00114155	1.24656	-2.12506	-1.99639	-0.38327	0.120574	1.23315
7.488	-0.0028123	1.24548	-2.1255	-1.99681	-0.384309	0.117827	1.23315
7.501	-0.00451119	1.24429	-2.126	-1.99731	-0.385459	0.114987	1.23315
7.514	-0.00451119	1.24429	-2.126	-1.99731	-0.385459	0.114987	1.23315
7.527	-0.00626503	1.24316	-2.12644	-1.99775	-0.386457	0.112521	1.23315
7.54	-0.00798949	1.24197	-2.12696	-1.99815	-0.387105	0.110365	1.23315
7.553	-0.00977018	1.2408	-2.12741	-1.9984	-0.387696	0.108679	1.23315
7.566	-0.0115061	1.23963	-2.12794	-1.99859	-0.388302	0.10701	1.23315
7.579	-0.0132574	1.23846	-2.12835	-1.99875	-0.388909	0.105782	1.23315
7.592	-0.0149359	1.23725	-2.12871	-1.99885	-0.389439	0.103816	1.23315
7.605	-0.0165747	1.2361	-2.12899	-1.9989	-0.389885	0.101826	1.23315
7.618	-0.0182646	1.23489	-2.1293	-1.99896	-0.390367	0.0991906	1.23315
7.631	-0.0199597	1.23373	-2.12965	-1.99907	-0.391012	0.0965623	1.23315
7.644	-0.0199597	1.23373	-2.12965	-1.99907	-0.391012	0.0965623	1.23315
7.657	-0.0217148	1.23252	-2.12988	-1.99914	-0.391799	0.0938489	1.23315
7.67	-0.0234188	1.23138	-2.13014	-1.99918	-0.392519	0.0911815	1.23315
7.683	-0.025188	1.23026	-2.13034	-1.99924	-0.393188	0.0890765	1.23315
7.696	-0.0269751	1.22914	-2.13056	-1.99928	-0.393855	0.0869682	1.23315
7.709	-0.0287033	1.228	-2.13078	-1.99931	-0.39481	0.0849263	1.23315
7.722	-0.0304367	1.22687	-2.13094	-1.99931	-0.395961	0.0826611	1.23315
7.735	-0.0321075	1.22573	-2.13108	-1.99931	-0.397211	0.0800431	1.23315
7.748	-0.0338562	1.22461	-2.13116	-1.99931	-0.398608	0.0775546	1.23315
7.761	-0.0355513	1.22354	-2.13137	-1.9993	-0.399688	0.0749145	1.23315
7.774	-0.0373269	1.22245	-2.13165	-1.99929	-0.400854	0.072668	1.23315
7.787	-0.0373269	1.22245	-2.13165	-1.99929	-0.400854	0.072668	1.23315
7.8	-0.0390309	1.22143	-2.13194	-1.99925	-0.402287	0.0712772	1.23315
7.813	-0.0407873	1.22031	-2.13217	-1.99925	-0.403754	0.0706841	1.23315
7.826	-0.0425015	1.21919	-2.1324	-1.99923	-0.405175	0.0699819	1.23315
7.839	-0.0442259	1.21799	-2.13259	-1.99923	-0.406018	0.0689575	1.23315
7.852	-0.0459223	1.21685	-2.13269	-1.99922	-0.406724	0.0680491	1.23315
7.865	-0.0475674	1.21565	-2.13286	-1.99922	-0.407579	0.0674303	1.23315
7.878	-0.0492063	1.21451	-2.13295	-1.99921	-0.40847	0.066602	1.23315
7.891	-0.0507492	1.21334	-2.13306	-1.9992	-0.409153	0.0649538	1.23315
7.904	-0.0522678	1.21223	-2.13312	-1.99919	-0.409906	0.063142	1.23315
7.917	-0.0537711	1.21109	-2.13326	-1.99919	-0.410759	0.0609024	1.23315
7.93	-0.0537711	1.21109	-2.13326	-1.99919	-0.410759	0.0609024	1.23315
7.943	-0.0552706	1.21	-2.13338	-1.99918	-0.41142	0.0583714	1.23315
7.956	-0.0568225	1.20882	-2.13348	-1.99917	-0.411943	0.0553971	1.23315
7.969	-0.0583718	1.20772	-2.13366	-1.99917	-0.412577	0.0526735	1.23315
7.982	-0.0599863	1.20656	-2.13376	-1.99917	-0.413498	0.0506281	1.23315
7.995	-0.0616366	1.20542	-2.13381	-1.99917	-0.414635	0.0484721	1.23315
8.008	-0.0632754	1.20421	-2.13387	-1.99917	-0.415729	0.0468	1.23315
8.021	-0.064996	1.20308	-2.13387	-1.99916	-0.416979	0.0447087	1.23315
8.034	-0.0666694	1.20194	-2.13388	-1.99916	-0.418112	0.0428492	1.23315
8.047	-0.0684373	1.20078	-2.13388	-1.99917	-0.418961	0.0403795	1.23315
8.06	-0.0684373	1.20078	-2.13388	-1.99917	-0.418961	0.0403795	1.23315
8.073	-0.0701489	1.19968	-2.13397	-1.99916	-0.419758	0.0382592	1.23315
8.086	-0.0719232	1.19851	-2.13409	-1.99917	-0.420482	0.0360485	1.23315
8.099	-0.0737154	1.19737	-2.13422	-1.99917	-0.421204	0.0343441	1.23315
8.112	-0.0754846	1.1962	-2.1344	-1.99916	-0.421841	0.0325545	1.23315
8.125	-0.0772717	1.19508	-2.13453	-1.99914	-0.422581	0.0314807	1.23315
8.138	-0.0790256	1.19394	-2.13469	-1.99913	-0.423233	0.0303609	1.23315
8.151	-0.0808178	1.19284	-2.13479	-1.99908	-0.423706	0.0289598	1.23315
8.164	-0.0825128	1.19172	-2.13502	-1.99905	-0.424072	0.0278332	1.23315
8.177	-0.0842334	1.19068	-2.13516	-1.99896	-0.424391	0.0262259	1.23315
8.19	-0.0859195	1.18962	-2.13535	-1.99889	-0.424722	0.0241874	1.23315
8.203	-0.0859195	1.18962	-2.13535	-1.99889	-0.424722	0.0241874	1.23315
8.216	-0.0875992	1.18863	-2.13561	-1.99884	-0.425215	0.0220791	1.23315
8.229	-0.0893084	1.18767	-2.13593	-1.99877	-0.425937	0.0195651	1.23315
8.242	-0.0909574	1.18671	-2.13616	-1.99872	-0.426856	0.0166607	1.23315
8.255	-0.092678	1.1857	-2.13623	-1.99867	-0.427823	0.0141518	1.23315
8.268	-0.0943577	1.18472	-2.13629	-1.99862	-0.428968	0.0121167	1.23315
8.281	-0.0960873	1.18375	-2.1363	-1.99856	-0.430177	0.0104191	1.23315
8.294	-0.0977631	1.18279	-2.13631	-1.99842	-0.431053	0.00869766	1.23315
8.307	-0.0994787	1.18184	-2.13631	-1.99827	-0.432006	0.00734604	1.23315
8.32	-0.101216	1.1809	-2.13631	-1.9981	-0.433082	0.00535697	1.23315
8.333	-0.101216	1.1809	-2.13631	-1.9981	-0.433082	0.00535697	1.23315
8.346	-0.102935	1.17998	-2.1363	-1.99795	-0.434055	0.0035571	1.23315
8.359	-0.104725	1.17903	-2.1363	-1.9978	-0.435035	0.00109252	1.23315
8.372	-0.106444	1.1781	-2.1363	-1.99764	-0.436113	-0.0012732	1.23315
8.385	-0.108198	1.17715	-2.1363	-1.99739	-0.43689	-0.00384348	1.23315
8.398	-0.109894	1.17622	-2.13631	-1.99713	-0.437452	-0.00629954	1.23315
8.411	-0.11163	1.17532	-2.13631	-1.99688	-0.438107	-0.00792386	1.23315
8.424	-0.113351	1.17439	-2.13632	-1.99662	-0.43889	-0.0095158	1.23315
8.437	-0.114991	1.17347	-2.13632	-1.9963	-0.439586	-0.0109407	1.23315
8.45	-0.116641	1.17258	-2.13633	-1.99594	-0.440117	-0.0118628	1.23315
8.463	-0.118299	1.17168	-2.13635	-1.99567	-0.440592	-0.0131326	1.23315
8.476	-0.118299	1.17168	-2.13635	-1.99567	-0.440592	-0.0131326	1.23315
8.489	-0.120021	1.17078	-2.13635	-1.99535	-0.441064	-0.0146052	1.23315
8.502	-0.121695	1.16985	-2.13637	-1.99505	-0.441408	-0.0158852	1.23315
8.515	-0.123391	1.16893	-2.13635	-1.99474	-0.441729	-0.0180226	1.23315
8.528	-0.125145	1.16802	-2.13636	-1.99446	-0.442066	-0.0199707	1.23315
8.541	-0.126805	1.16712	-2.13636	-1.99418	-0.442349	-0.0224251	1.23315
8.554	-0.128489	1.1662	-2.13636	-1.99385	-0.442539	-0.0244551	1.23315
8.567	-0.130107	1.1653	-2.13636	-1.99348	-0.442633	-0.0265754	1.23315
8.58	-0.131796	1.16444	-2.13636	-1.99306	-0.442782	-0.0282269	1.23315
8.593	-0.133406	1.16359	-2.13636	-1.99253	-0.442962	-0.0304734	1.23315
8.606	-0.133406	1.16359	-2.13636	-1.99253	-0.442962	-0.0304734	1.23315
8.619	-0.135027	1.16277	-2.13635	-1.9919	-0.443214	-0.032517	1.23315
8.632	-0.136656	1.16198	-2.13636	-1.99123	-0.443492	-0.0349185	1.23315
8.645	-0.138316	1.16114	-2.13635	-1.99064	-0.443885	-0.0375314	1.23315
8.658	-0.140051	1.16038	-2.13635	-1.99	-0.444394	-0.0402823	1.23315
8.671	-0.141747	1.15962	-2.13635	-1.98932	-0.444883	-0.0431083	1.23315
8.684	-0.143478	1.15886	-2.13634	-1.98857	-0.445445	-0.0455268	1.23315
8.697	-0.145182	1.15813	-2.13635	-1.9877	-0.44585	-0.046962	1.23315
8.71	-0.146899	1.15733	-2.13635	-1.98682	-0.446045	-0.0481942	1.23315
8.723	-0.148565	1.15661	-2.13635	-1.98588	-0.446098	-0.0496072	1.23315
8.736	-0.150198	1.15593	-2.13635	-1.98495	-0.44612	-0.0504373	1.23315
8.749	-0.150198	1.15593	-2.13635	-1.98495	-0.44612	-0.0504373	1.23315
8.762	-0.151835	1.15524	-2.13635	-1.98394	-0.446124	-0.0510509	1.23315
8.775	-0.153448	1.15452	-2.13635	-1.98287	-0.446126	-0.0520156	1.23315
8.788	-0.155133	1.15383	-2.13634	-1.98181	-0.446129	-0.0533587	1.23315
8.801	-0.156786	1.15314	-2.13637	-1.9808	-0.446131	-0.0543949	1.23315
8.814	-0.158451	1.15242	-2.13636	-1.97978	-0.446133	-0.0554364	1.23315
8.827	-0.160114	1.15175	-2.13635	-1.97872	-0.446133	-0.0571868	1.23315
8.84	-0.161767	1.15105	-2.13635	-1.97774	-0.446143	-0.0586526	1.23314
8.853	-0.163444	1.15036	-2.13635	-1.9767	-0.446159	-0.0603127	1.23314
8.866	-0.165084	1.14969	-2.13634	-1.97558	-0.446192	-0.062041	1.23314
8.879	-0.165084	1.14969	-2.13634	-1.97558	-0.446192	-0.062041	1.23314
8.892	-0.166762	1.14905	-2.13634	-1.97451	-0.44629	-0.0629307	1.23314
8.905	-0.16838	1.14848	-2.13634	-1.97344	-0.446382	-0.0638477	1.23314
8.918	-0.169994	1.14787	-2.13634	-1.9723	-0.446462	-0.0649283	1.23314
8.931	-0.17165	1.1473	-2.13633	-1.9711	-0.446574	-0.0656203	1.23314
8.944	-0.173245	1.14667	-2.13633	-1.96995	-0.446673	-0.0661129	1.23314
8.957	-0.174903	1.14605	-2.13629	-1.96883	-0.446785	-0.0664605	1.23314
8.97	-0.176518	1.14549	-2.13629	-1.96766	-0.446877	-0.0667094	1.23314
8.983	-0.178195	1.14491	-2.13628	-1.96657	-0.446926	-0.0670776	1.23314
8.996	-0.179841	1.14436	-2.13628	-1.96549	-0.446938	-0.0677713	1.23314
9.009	-0.181488	1.14369	-2.13628	-1.96442	-0.446953	-0.0687309	1.23314
9.022	-0.181488	1.14369	-2.13628	-1.96442	-0.446953	-0.0687309	1.23314
9.035	-0.183216	1.14306	-2.13627	-1.96327	-0.446973	-0.0693751	1.23314
9.048	-0.184901	1.14243	-2.13627	-1.96221	-0.446986	-0.0697296	1.23314
9.061	-0.186597	1.14182	-2.13626	-1.9611	-0.446992	-0.0701319	1.23315
9.074	-0.188262	1.14126	-2.13626	-1.95991	-0.446994	-0.0707472	1.23315
9.087	-0.189949	1.14069	-2.13626	-1.95877	-0.446998	-0.0718755	1.23315
9.1	-0.191589	1.1402	-2.13625	-1.95763	-0.447	-0.0733737	1.23315
9.113	-0.193174	1.13965	-2.13625	-1.95644	-0.447002	-0.0745821	1.23314
9.126	-0.19481	1.13908	-2.13622	-1.95518	-0.447006	-0.0763138	1.23314
9.139	-0.196456	1.13857	-2.13621	-1.95398	-0.447026	-0.0778154	1.23314
9.152	-0.198151	1.13808	-2.1362	-1.95281	-0.447071	-0.0786642	1.23314
9.165	-0.198151	1.13808	-2.1362	-1.95281	-0.447071	-0.0786642	1.23314
9.178	-0.199816	1.13762	-2.1362	-1.95162	-0.447082	-0.0797244	1.23314
9.191	-0.201524	1.13713	-2.1362	-1.95042	-0.447084	-0.0808936	1.23314
9.204	-0.203249	1.13673	-2.13619	-1.94921	-0.447084	-0.0815532	1.23314
9.217	-0.20491	1.1363	-2.13619	-1.948	-0.447086	-0.0818259	1.23314
9.23	-0.206584	1.13592	-2.13616	-1.94683	-0.447088	-0.0819384	1.23314
9.243	-0.208207	1.13555	-2.13616	-1.94572	-0.447088	-0.0819503	1.23314
9.256	-0.209837	1.1351	-2.13615	-1.94457	-0.447086	-0.0819572	1.23314
9.269	-0.211427	1.13463	-2.13615	-1.94337	-0.447086	-0.0819929	1.23314
9.282	-0.212983	1.13417	-2.13614	-1.94224	-0.447086	-0.0820731	1.23314
9.295	-0.212983	1.13417	-2.13614	-1.94224	-0.447086	-0.0820731	1.23314
9.308	-0.214546	1.13377	-2.13614	-1.94111	-0.447086	-0.0823015	1.23314
9.321	-0.216108	1.13334	-2.13613	-1.93996	-0.447086	-0.0827923	1.23314
9.334	-0.217667	1.13292	-2.13612	-1.93885	-0.447086	-0.084086	1.23314
9.347	-0.21916	1.13259	-2.1361	-1.93774	-0.447096	-0.0853353	1.23314
9.36	-0.220687	1.13228	-2.136	-1.93662	-0.447131	-0.0860836	1.23314
9.373	-0.222252	1.13199	-2.13584	-1.93559	-0.447235	-0.0870381	1.23314
9.386	-0.223772	1.13172	-2.13561	-1.93467	-0.447421	-0.0884595	1.23314
9.399	-0.225333	1.13148	-2.13529	-1.9338	-0.44762	-0.0894225	1.23314
9.412	-0.226869	1.13126	-2.13497	-1.93291	-0.447755	-0.0899662	1.23314
9.425	-0.228391	1.13099	-2.13461	-1.93204	-0.447773	-0.0906991	1.23314
9.438	-0.228391	1.13099	-2.13461	-1.93204	-0.447773	-0.0906991	1.23314
9.451	-0.229914	1.13072	-2.13411	-1.93115	-0.447775	-0.0920746	1.23314
9.464	-0.231386	1.13045	-2.13365	-1.93032	-0.447777	-0.0934399	1.23314
9.477	-0.232891	1.13025	-2.13315	-1.92953	-0.447783	-0.0944386	1.23314
9.49	-0.234385	1.13011	-2.13256	-1.9287	-0.447785	-0.0960374	1.23314
9.503	-0.235902	1.12994	-2.13188	-1.9279	-0.447785	-0.0974146	1.23314
9.516	-0.237444	1.12981	-2.1312	-1.9272	-0.447785	-0.0980998	1.23314
9.529	-0.238993	1.12972	-2.13051	-1.92659	-0.447785	-0.098727	1.23314
9.542	-0.240578	1.12961	-2.12981	-1.92599	-0.447785	-0.0997087	1.23314
9.555	-0.242214	1.12954	-2.12908	-1.92529	-0.447785	-0.100535	1.23314
9.568	-0.242214	1.12954	-2.12908	-1.92529	-0.447785	-0.100535	1.23314
9.581	-0.243778	1.12946	-2.12836	-1.92454	-0.447785	-0.100781	1.23314
9.594	-0.245359	1.12938	-2.12766	-1.92381	-0.447785	-0.100786	1.23314
9.607	-0.246917	1.12934	-2.1271	-1.92308	-0.447785	-0.100786	1.23314
9.62	-0.248472	1.12925	-2.12654	-1.92234	-0.447785	-0.100786	1.23314
9.633	-0.250038	1.12917	-2.12594	-1.92154	-0.447785	-0.100789	1.23314
9.646	-0.251589	1.12905	-2.12533	-1.92069	-0.447785	-0.100791	1.23314
9.659	-0.25315	1.1289	-2.12466	-1.91984	-0.447785	-0.100791	1.23314
9.672	-0.254628	1.12875	-2.12416	-1.91903	-0.447785	-0.100793	1.23314
9.685	-0.256118	1.1286	-2.1237	-1.9182	-0.447785	-0.100798	1.23314
9.698	-0.257591	1.12845	-2.12326	-1.91726	-0.447785	-0.100808	1.23314
9.711	-0.257591	1.12845	-2.12326	-1.91726	-0.447785	-0.100808	1.23314
9.724	-0.259006	1.12828	-2.12289	-1.91631	-0.447785	-0.100811	1.23314
9.737	-0.260432	1.12812	-2.12249	-1.91541	-0.447785	-0.100815	1.23314
9.75	-0.261836	1.12797	-2.12214	-1.91453	-0.447785	-0.100829	1.23314
9.763	-0.26325	1.1278	-2.12174	-1.91354	-0.447785	-0.100834	1.23314
9.776	-0.264724	1.12763	-2.12135	-1.91267	-0.447785	-0.100832	1.23314
9.789	-0.266156	1.1274	-2.12098	-1.91185	-0.447785	-0.100832	1.23314
9.802	-0.267549	1.12719	-2.12052	-1.91108	-0.447785	-0.100832	1.23314
9.815	-0.269005	1.12699	-2.12008	-1.91036	-0.447783	-0.100834	1.23314
9.828	-0.270383	1.12682	-2.11966	-1.90952	-0.447785	-0.100834	1.23314
9.841	-0.270383	1.12682	-2.11966	-1.90952	-0.447785	-0.100834	1.23314
9.854	-0.271715	1.12662	-2.11917	-1.90865	-0.447783	-0.100834	1.23314
9.867	-0.273061	1.12642	-2.11861	-1.90786	-0.447783	-0.100834	1.23314
9.88	-0.274393	1.1262	-2.1181	-1.90712	-0.447783	-0.100834	1.23314
9.893	-0.2757	1.12599	-2.11762	-1.90636	-0.447783	-0.100834	1.23314
9.906	-0.277046	1.12576	-2.11713	-1.9055	-0.447783	-0.100835	1.23314
9.919	-0.278378	1.1255	-2.1166	-1.90454	-0.447783	-0.100842	1.23314
9.932	-0.279625	1.12524	-2.11616	-1.90361	-0.447783	-0.100869	1.23314
9.945	-0.280868	1.125	-2.11575	-1.90265	-0.447783	-0.100892	1.23314
9.958	-0.282079	1.12475	-2.11538	-1.90163	-0.447783	-0.100893	1.23314
9.971	-0.283244	1.12448	-2.11497	-1.90054	-0.447783	-0.100893	1.23314
9.984	-0.283244	1.12448	-2.11497	-1.90054	-0.447783	-0.100893	1.23314
9.997	-0.284429	1.12422	-2.11453	-1.89948	-0.447781	-0.100898	1.23314
10.01	-0.285538	1.12395	-2.11417	-1.8984	-0.447781	-0.100936	1.23314
10.023	-0.286604	1.1237	-2.11386	-1.89724	-0.447781	-0.101086	1.23314
10.036	-0.287679	1.1234	-2.11362	-1.89613	-0.447781	-0.101365	1.23314
10.049	-0.288691	1.12319	-2.11337	-1.895	-0.447781	-0.101805	1.23314
10.062	-0.2897	1.12296	-2.11301	-1.89391	-0.447783	-0.102288	1.23314
10.075	-0.290673	1.12274	-2.11263	-1.8929	-0.447783	-0.103012	1.23314
10.088	-0.291672	1.12256	-2.11227	-1.89203	-0.447781	-0.10381	1.23314
10.101	-0.292618	1.12247	-2.11196	-1.89119	-0.447781	-0.104007	1.23314
10.114	-0.292618	1.12247	-2.11196	-1.89119	-0.447781	-0.104007	1.23314
10.127	-0.29358	1.12235	-2.11168	-1.89042	-0.447781	-0.104007	1.23314
10.14	-0.294514	1.12226	-2.11135	-1.8896	-0.447781	-0.104009	1.23314
10.153	-0.295376	1.12215	-2.11106	-1.88881	-0.447781	-0.104009	1.23314
10.166	-0.296273	1.12208	-2.11075	-1.88804	-0.447779	-0.104009	1.23314
10.179	-0.297117	1.12201	-2.11049	-1.88733	-0.447779	-0.104009	1.23314
10.192	-0.298003	1.12194	-2.11021	-1.88664	-0.447779	-0.104009	1.23314
10.205	-0.298836	1.12187	-2.10995	-1.88597	-0.447779	-0.104009	1.23314
10.218	-0.299712	1.12181	-2.10966	-1.88525	-0.447779	-0.104009	1.23314
10.231	-0.300557	1.12177	-2.10942	-1.88454	-0.447779	-0.104009	1.23314
10.244	-0.301395	1.1217	-2.10912	-1.88385	-0.447779	-0.104009	1.23314
10.257	-0.301395	1.1217	-2.10912	-1.88385	-0.447779	-0.104009	1.23314
10.27	-0.302166	1.12164	-2.10878	-1.8831	-0.447779	-0.104009	1.23314
10.283	-0.302922	1.12158	-2.1085	-1.88231	-0.447779	-0.104011	1.23314
10.296	-0.303713	1.12155	-2.10828	-1.88145	-0.447779	-0.104011	1.23314
10.309	-0.304478	1.1215	-2.10815	-1.88067	-0.447777	-0.104011	1.23314
10.322	-0.305279	1.12144	-2.10796	-1.88001	-0.447777	-0.104011	1.23314
10.335	-0.306033	1.12137	-2.10781	-1.87946	-0.447777	-0.104011	1.23314
10.348	-0.306787	1.12127	-2.10767	-1.87896	-0.447777	-0.104011	1.23314
10.361	-0.307576	1.12117	-2.10756	-1.87846	-0.447777	-0.104011	1.23314
10.374	-0.308303	1.12106	-2.10754	-1.87796	-0.447777	-0.104009	1.23314
10.387	-0.308303	1.12106	-2.10754	-1.87796	-0.447777	-0.104009	1.23314
10.4	-0.309055	1.12093	-2.10745	-1.87754	-0.447777	-0.104009	1.23314
10.413	-0.309761	1.12083	-2.1074	-1.87716	-0.447775	-0.104009	1.23314
10.426	-0.310446	1.12071	-2.10732	-1.87687	-0.447777	-0.104009	1.23314
10.439	-0.31111	1.12063	-2.10718	-1.87663	-0.447775	-0.104009	1.23314
10.452	-0.311719	1.12057	-2.10704	-1.8764	-0.447775	-0.104009	1.23314
10.465	-0.312301	1.12052	-2.10685	-1.87611	-0.447775	-0.104009	1.23314
10.478	-0.312795	1.12047	-2.10669	-1.87575	-0.447775	-0.104009	1.23314
10.491	-0.313273	1.12042	-2.10654	-1.87532	-0.447775	-0.104011	1.23314
10.504	-0.313727	1.12038	-2.1064	-1.87493	-0.447773	-0.104009	1.23314
10.517	-0.314222	1.12031	-2.1062	-1.8746	-0.447773	-0.104009	1.23314
10.53	-0.314222	1.12031	-2.1062	-1.8746	-0.447773	-0.104009	1.23314
10.543	-0.314731	1.12022	-2.106	-1.87432	-0.447773	-0.104009	1.23314
10.556	-0.315274	1.12009	-2.10579	-1.87403	-0.447773	-0.104009	1.23314
10.569	-0.315884	1.11992	-2.10549	-1.87371	-0.447773	-0.104009	1.23314
10.582	-0.316486	1.11966	-2.10514	-1.87339	-0.447773	-0.104009	1.23314
10.595	-0.317087	1.11939	-2.10479	-1.87309	-0.447773	-0.104011	1.23314
10.608	-0.317687	1.11919	-2.10456	-1.87282	-0.447773	-0.104011	1.23314
10.621	-0.318278	1.11906	-2.1044	-1.87254	-0.447771	-0.104011	1.23314
10.634	-0.318857	1.11897	-2.10427	-1.87221	-0.447771	-0.104011	1.23314
10.647	-0.319426	1.1189	-2.10418	-1.87187	-0.447771	-0.104011	1.23314
10.66	-0.319426	1.1189	-2.10418	-1.87187	-0.447771	-0.104011	1.23314
10.673	-0.320019	1.11883	-2.10408	-1.87159	-0.447769	-0.104011	1.23314
10.686	-0.320594	1.11876	-2.10396	-1.87129	-0.447769	-0.104011	1.23314
10.699	-0.321154	1.11872	-2.10383	-1.87091	-0.447769	-0.104011	1.23314
10.712	-0.321648	1.11869	-2.10373	-1.87045	-0.447769	-0.104011	1.23314
10.725	-0.322163	1.11864	-2.10361	-1.87006	-0.447769	-0.104011	1.23314
10.738	-0.322665	1.11858	-2.10353	-1.86973	-0.447769	-0.104011	1.23314
10.751	-0.323176	1.11852	-2.10347	-1.86936	-0.447769	-0.104011	1.23314
10.764	-0.323653	1.11847	-2.10342	-1.86897	-0.447769	-0.104011	1.23314
10.777	-0.324136	1.11842	-2.10337	-1.86867	-0.447769	-0.104011	1.23314
10.79	-0.324609	1.11836	-2.10336	-1.86841	-0.447769	-0.104011	1.23314
10.803	-0.324609	1.11836	-2.10336	-1.86841	-0.447769	-0.104011	1.23314
10.816	-0.325068	1.11831	-2.10332	-1.86814	-0.447767	-0.104011	1.23314
10.829	-0.325484	1.11826	-2.10325	-1.86786	-0.447767	-0.104011	1.23314
10.842	-0.32587	1.11822	-2.10318	-1.8676	-0.447767	-0.104011	1.23314
10.855	-0.326251	1.11818	-2.10308	-1.86737	-0.447765	-0.104011	1.23314
10.868	-0.326622	1.11816	-2.10297	-1.86709	-0.447765	-0.104011	1.23314
10.881	-0.327006	1.11814	-2.10287	-1.86678	-0.447763	-0.104011	1.23314
10.894	-0.327395	1.11812	-2.10279	-1.86647	-0.447763	-0.104011	1.23314
10.907	-0.327784	1.11809	-2.1027	-1.86617	-0.447761	-0.104011	1.23314
10.92	-0.328116	1.11807	-2.10262	-1.86583	-0.447759	-0.104011	1.23314
10.933	-0.328448	1.11804	-2.10254	-1.86552	-0.447757	-0.104011	1.23314
10.946	-0.328448	1.11804	-2.10254	-1.86552	-0.447757	-0.104011	1.23314
10.959	-0.328778	1.11803	-2.10249	-1.8652	-0.447755	-0.104011	1.23314
10.972	-0.32911	1.11802	-2.10243	-1.86489	-0.447753	-0.104011	1.23314
10.985	-0.32942	1.11801	-2.10235	-1.86458	-0.447748	-0.104011	1.23314
10.998	-0.329712	1.11799	-2.10229	-1.86436	-0.447742	-0.104011	1.23314
11.011	-0.330008	1.11795	-2.10222	-1.86419	-0.447738	-0.104011	1.23314
11.024	-0.330276	1.11791	-2.10215	-1.86406	-0.447732	-0.104011	1.23314
11.037	-0.330566	1.11789	-2.10209	-1.8639	-0.447726	-0.104011	1.23314
11.05	-0.330885	1.11787	-2.10204	-1.86374	-0.44772	-0.104009	1.23314
11.063	-0.331217	1.11786	-2.10198	-1.86357	-0.447708	-0.104009	1.23314
11.076	-0.331217	1.11786	-2.10198	-1.86357	-0.447708	-0.104009	1.23314
11.089	-0.331526	1.11783	-2.10188	-1.86337	-0.447677	-0.104011	1.23314
11.102	-0.331792	1.11779	-2.10173	-1.86316	-0.447634	-0.104011	1.23314
11.115	-0.332058	1.11773	-2.10149	-1.86298	-0.447579	-0.104011	1.23314
11.128	-0.332307	1.11765	-2.10122	-1.8628	-0.447521	-0.104009	1.23314
11.141	-0.332566	1.11758	-2.10099	-1.86263	-0.447462	-0.104009	1.23314
11.154	-0.33283	1.11755	-2.10087	-1.86246	-0.447403	-0.104009	1.23314
11.167	-0.333106	1.11754	-2.10082	-1.86233	-0.447368	-0.104009	1.23314
11.18	-0.333383	1.11752	-2.10082	-1.86226	-0.447352	-0.104009	1.23314
11.193	-0.33362	1.1175	-2.10082	-1.86219	-0.447333	-0.104009	1.23314
11.206	-0.333813	1.11748	-2.10081	-1.86211	-0.447303	-0.104009	1.23314
11.219	-0.333813	1.11748	-2.10081	-1.86211	-0.447303	-0.104009	1.23314
11.232	-0.333982	1.11747	-2.10081	-1.86203	-0.447276	-0.104009	1.23314
11.245	-0.334162	1.11745	-2.10081	-1.86195	-0.447264	-0.104009	1.23314
11.258	-0.334378	1.11743	-2.10081	-1.86187	-0.447253	-0.104009	1.23314
11.271	-0.334598	1.11741	-2.10081	-1.86177	-0.447235	-0.104009	1.23314
11.284	-0.334827	1.11739	-2.10081	-1.86166	-0.447223	-0.104011	1.23314
11.297	-0.335038	1.11737	-2.10081	-1.86154	-0.447215	-0.104011	1.23314
11.31	-0.335244	1.11736	-2.10081	-1.86145	-0.447204	-0.104009	1.23314
11.323	-0.335437	1.11735	-2.10081	-1.86138	-0.447194	-0.104009	1.23314
11.336	-0.335595	1.11733	-2.10081	-1.86131	-0.447184	-0.104009	1.23314
11.349	-0.335595	1.11733	-2.10081	-1.86131	-0.447184	-0.104009	1.23314
11.362	-0.335749	1.11733	-2.10081	-1.86125	-0.44718	-0.104009	1.23314
11.375	-0.335884	1.11733	-2.10081	-1.86119	-0.447172	-0.104009	1.23314
11.388	-0.335998	1.11733	-2.10081	-1.86112	-0.447157	-0.104009	1.23314
11.401	-0.336081	1.11732	-2.10081	-1.86105	-0.447143	-0.104009	1.23314
11.414	-0.336164	1.11731	-2.10081	-1.86101	-0.447127	-0.104009	1.23314
11.427	-0.336256	1.11731	-2.10081	-1.86099	-0.447102	-0.104009	1.23314
11.44	-0.33635	1.11731	-2.10081	-1.86098	-0.447069	-0.104009	1.23314
11.453	-0.336445	1.1173	-2.10081	-1.86096	-0.447037	-0.104009	1.23314
11.466	-0.33654	1.1173	-2.10081	-1.86091	-0.447016	-0.104009	1.23314
11.479	-0.336627	1.1173	-2.10081	-1.86087	-0.447004	-0.104009	1.23314
11.492	-0.336627	1.1173	-2.10081	-1.86087	-0.447004	-0.104009	1.23314
11.505	-0.336718	1.1173	-2.10081	-1.86084	-0.446994	-0.104009	1.23314
11.518	-0.336837	1.1173	-2.10081	-1.86082	-0.44699	-0.104009	1.23314
11.531	-0.336971	1.1173	-2.10081	-1.86077	-0.446986	-0.104009	1.23314
11.544	-0.337085	1.1173	-2.10081	-1.8607	-0.446979	-0.104009	1.23314
11.557	-0.337192	1.1173	-2.10081	-1.86064	-0.446977	-0.104009	1.23314
11.57	-0.337299	1.1173	-2.10081	-1.86057	-0.446975	-0.104009	1.23314
11.583	-0.337396	1.11729	-2.10081	-1.86051	-0.446969	-0.104009	1.23314
11.596	-0.337477	1.11729	-2.10081	-1.86044	-0.446967	-0.104009	1.23314
11.609	-0.337577	1.11729	-2.10081	-1.86039	-0.446967	-0.104009	1.23314
11.622	-0.337577	1.11729	-2.10081	-1.86039	-0.446967	-0.104009	1.23314
11.635	-0.337685	1.11729	-2.10081	-1.86033	-0.446967	-0.104009	1.23314
11.648	-0.337786	1.11729	-2.10081	-1.86026	-0.446967	-0.104009	1.23314
11.661	-0.337898	1.11729	-2.10081	-1.86016	-0.446967	-0.104009	1.23314
11.674	-0.337995	1.11729	-2.1008	-1.86006	-0.446967	-0.104009	1.23314
11.687	-0.338092	1.11728	-2.1008	-1.85998	-0.446965	-0.104009	1.23314
11.7	-0.338183	1.11728	-2.1008	-1.85995	-0.446965	-0.104009	1.23314
11.713	-0.338289	1.11729	-2.10078	-1.8599	-0.446965	-0.104009	1.23314
11.726	-0.338374	1.11729	-2.10075	-1.85981	-0.446965	-0.104009	1.23314
11.739	-0.338474	1.11729	-2.10074	-1.85975	-0.446965	-0.104009	1.23314
11.752	-0.33858	1.11729	-2.10074	-1.8597	-0.446967	-0.104009	1.23314
11.765	-0.33858	1.11729	-2.10074	-1.8597	-0.446967	-0.104009	1.23314
11.778	-0.338676	1.11729	-2.10072	-1.85965	-0.446965	-0.104009	1.23314
11.791	-0.338777	1.11729	-2.1007	-1.85961	-0.446967	-0.104009	1.23314
11.804	-0.338888	1.11729	-2.10069	-1.85958	-0.446965	-0.104009	1.23314
11.817	-0.338996	1.11728	-2.10069	-1.85954	-0.446965	-0.104009	1.23314
11.83	-0.339099	1.11728	-2.10069	-1.85951	-0.446965	-0.104009	1.23314
11.843	-0.339217	1.11728	-2.10069	-1.8595	-0.446965	-0.104009	1.23314
11.856	-0.339341	1.11728	-2.10069	-1.85946	-0.446963	-0.104009	1.23314
11.869	-0.33943	1.11728	-2.10069	-1.85937	-0.446963	-0.104009	1.23314
11.882	-0.339518	1.11728	-2.10069	-1.85928	-0.446961	-0.104009	1.23314
11.895	-0.339518	1.11728	-2.10069	-1.85928	-0.446961	-0.104009	1.23314
11.908	-0.339627	1.11728	-2.10069	-1.85923	-0.446959	-0.104009	1.23314
11.921	-0.339737	1.11728	-2.10069	-1.85918	-0.446957	-0.104009	1.23314
11.934	-0.33985	1.11728	-2.10068	-1.85914	-0.446957	-0.104009	1.23314
11.947	-0.339962	1.11728	-2.10065	-1.85908	-0.446955	-0.104009	1.23314
11.96	-0.34005	1.11728	-2.10062	-1.85899	-0.446949	-0.104009	1.23314
11.973	-0.340113	1.11728	-2.1006	-1.85889	-0.446924	-0.104009	1.23314
11.986	-0.340172	1.11728	-2.10059	-1.85881	-0.446881	-0.104007	1.23314
11.999	-0.340243	1.11728	-2.1006	-1.85877	-0.446844	-0.104007	1.23314
12.012	-0.340301	1.11728	-2.1006	-1.85874	-0.44682	-0.104007	1.23314
12.025	-0.340349	1.11728	-2.1006	-1.85872	-0.446801	-0.104007	1.23314
12.038	-0.340349	1.11728	-2.1006	-1.85872	-0.446801	-0.104007	1.23314
12.051	-0.340399	1.11728	-2.1006	-1.85871	-0.446791	-0.104007	1.23314
12.064	-0.340461	1.11728	-2.1006	-1.8587	-0.446787	-0.104007	1.23314
12.077	-0.340521	1.11728	-2.10059	-1.85866	-0.446781	-0.104007	1.23314
12.09	-0.340571	1.11728	-2.10056	-1.85859	-0.446781	-0.104007	1.23314
12.103	-0.340627	1.11728	-2.10052	-1.85854	-0.446779	-0.104007	1.23314
12.116	-0.340674	1.11728	-2.10051	-1.85848	-0.446779	-0.104007	1.23314
12.129	-0.340709	1.11728	-2.10051	-1.85839	-0.446779	-0.104007	1.23314
12.142	-0.340737	1.11728	-2.10051	-1.85832	-0.446779	-0.104007	1.23314
12.155	-0.34076	1.11728	-2.10051	-1.85824	-0.446779	-0.104007	1.23314
12.168	-0.34076	1.11728	-2.10051	-1.85824	-0.446779	-0.104007	1.23314
12.181	-0.340781	1.11728	-2.10051	-1.85817	-0.446779	-0.104006	1.23314
12.194	-0.340813	1.11728	-2.10051	-1.85813	-0.446779	-0.104006	1.23314
12.207	-0.340852	1.11728	-2.1005	-1.8581	-0.446779	-0.104006	1.23314
12.22	-0.340881	1.11728	-2.10049	-1.85806	-0.446779	-0.104006	1.23314
12.233	-0.340905	1.11728	-2.10049	-1.85803	-0.446779	-0.104006	1.23314
12.246	-0.340931	1.11728	-2.10049	-1.85799	-0.446779	-0.104006	1.23314
12.259	-0.340937	1.11728	-2.10049	-1.85795	-0.446779	-0.104006	1.23314
12.272	-0.340946	1.11728	-2.10047	-1.85791	-0.446779	-0.104006	1.23314
12.285	-0.340972	1.11728	-2.10044	-1.85789	-0.446779	-0.104006	1.23314
12.298	-0.341005	1.11728	-2.1004	-1.85784	-0.446779	-0.104006	1.23314
12.311	-0.341005	1.11728	-2.1004	-1.85784	-0.446779	-0.104006	1.23314
12.324	-0.341022	1.11728	-2.10038	-1.85778	-0.446779	-0.104006	1.23314
12.337	-0.341035	1.11728	-2.10037	-1.85773	-0.446779	-0.104006	1.23314
12.35	-0.341081	1.11728	-2.10036	-1.85771	-0.446779	-0.104006	1.23314
12.363	-0.341134	1.11728	-2.10033	-1.8577	-0.446779	-0.104006	1.23314
12.376	-0.34118	1.11728	-2.10026	-1.85768	-0.446779	-0.104004	1.23314
12.389	-0.341196	1.11728	-2.10021	-1.85763	-0.446779	-0.104004	1.23314
12.402	-0.341217	1.11728	-2.10019	-1.85759	-0.446779	-0.104004	1.23314
12.415	-0.341258	1.11728	-2.10019	-1.85757	-0.446779	-0.104004	1.23314
12.428	-0.341294	1.11728	-2.10019	-1.85755	-0.446779	-0.104004	1.23314
12.441	-0.341312	1.11729	-2.10015	-1.8575	-0.446779	-0.104004	1.23314
12.454	-0.341312	1.11729	-2.10015	-1.8575	-0.446779	-0.104004	1.23314
12.467	-0.341315	1.11729	-2.10011	-1.85745	-0.446779	-0.104004	1.23314
12.48	-0.341326	1.11729	-2.1001	-1.85743	-0.446779	-0.104004	1.23314
12.493	-0.341369	1.11729	-2.10008	-1.85741	-0.446779	-0.104002	1.23314
12.506	-0.341392	1.11729	-2.10006	-1.85738	-0.446779	-0.104002	1.23314
12.519	-0.341431	1.11729	-2.10004	-1.85738	-0.446779	-0.104002	1.23314
12.532	-0.34147	1.11729	-2.10004	-1.85737	-0.446779	-0.104002	1.23314
12.545	-0.341516	1.11729	-2.10004	-1.85737	-0.446781	-0.104002	1.23314
12.558	-0.341554	1.11729	-2.10004	-1.85736	-0.446779	-0.104002	1.23314
12.571	-0.341565	1.11729	-2.10004	-1.85735	-0.446779	-0.104002	1.23314
12.584	-0.341565	1.11729	-2.10004	-1.85735	-0.446779	-0.104002	1.23314
12.597	-0.341566	1.11729	-2.10005	-1.85734	-0.446781	-0.104002	1.23314
12.61	-0.341568	1.11729	-2.10004	-1.85731	-0.446779	-0.104002	1.23314
12.623	-0.341571	1.11729	-2.10002	-1.85725	-0.446779	-0.104002	1.23314
12.636	-0.341571	1.11729	-2.09998	-1.85721	-0.446779	-0.104002	1.23314
12.649	-0.341571	1.11729	-2.09994	-1.85719	-0.446779	-0.104002	1.23314
12.662	-0.341574	1.11729	-2.09992	-1.85719	-0.446779	-0.104	1.23314
12.675	-0.341574	1.11729	-2.09992	-1.85718	-0.446779	-0.104	1.23314
12.688	-0.341578	1.11729	-2.09991	-1.85718	-0.446779	-0.104	1.23314
12.701	-0.341586	1.11729	-2.09991	-1.85718	-0.446779	-0.104	1.23314
12.714	-0.341588	1.11729	-2.09989	-1.85718	-0.446779	-0.104	1.23314
12.727	-0.341588	1.11729	-2.09989	-1.85718	-0.446779	-0.104	1.23314
12.74	-0.341589	1.11729	-2.09987	-1.85718	-0.446779	-0.104	1.23314
12.753	-0.341624	1.11729	-2.09985	-1.85718	-0.446779	-0.104	1.23314
12.766	-0.341688	1.11729	-2.09983	-1.85718	-0.446779	-0.104	1.23314
12.779	-0.341738	1.11729	-2.09982	-1.85718	-0.446779	-0.104	1.23314
12.792	-0.341782	1.11729	-2.09979	-1.85718	-0.446779	-0.104	1.23314
12.805	-0.341841	1.11729	-2.09979	-1.85718	-0.446779	-0.104	1.23314
12.818	-0.341913	1.11729	-2.09977	-1.85718	-0.446779	-0.104	1.23314
12.831	-0.341965	1.11729	-2.09974	-1.85718	-0.446779	-0.104	1.23314
12.844	-0.342014	1.11729	-2.09972	-1.85718	-0.446779	-0.104	1.23314
12.857	-0.342014	1.11729	-2.09972	-1.85718	-0.446779	-0.104	1.23314
12.87	-0.342076	1.11729	-2.09972	-1.85718	-0.446779	-0.104	1.23314
12.883	-0.342145	1.11729	-2.09972	-1.85718	-0.446779	-0.104	1.23314
12.896	-0.342225	1.11729	-2.09972	-1.85718	-0.446779	-0.104	1.23314
12.909	-0.342319	1.11729	-2.09972	-1.85718	-0.446779	-0.104	1.23314
12.922	-0.342418	1.11729	-2.09971	-1.85718	-0.446779	-0.104	1.23314
12.935	-0.34248	1.11729	-2.09968	-1.85718	-0.446779	-0.104	1.23314
12.948	-0.342521	1.11729	-2.09966	-1.85717	-0.446779	-0.104	1.23314
12.961	-0.342563	1.11729	-2.09964	-1.85717	-0.446779	-0.104	1.23314
12.974	-0.3426	1.11729	-2.09964	-1.85717	-0.446779	-0.104	1.23314
12.987	-0.342625	1.11729	-2.09964	-1.85717	-0.446779	-0.104	1.23314
13	-0.342625	1.11729	-2.09964	-1.85717	-0.446779	-0.104	1.23314
13.013	-0.342635	1.11729	-2.09964	-1.85717	-0.446779	-0.103999	1.23314
13.026	-0.342652	1.11729	-2.09963	-1.85717	-0.446779	-0.103999	1.23314
13.039	-0.34268	1.11729	-2.09961	-1.85717	-0.446779	-0.103999	1.23314
13.052	-0.342695	1.11729	-2.09961	-1.85717	-0.446779	-0.103999	1.23314
13.065	-0.342721	1.11729	-2.09961	-1.85717	-0.446781	-0.103999	1.23314
13.078	-0.342732	1.11729	-2.09961	-1.85717	-0.446781	-0.103999	1.23314
13.091	-0.34274	1.11729	-2.09961	-1.85717	-0.446779	-0.103997	1.23314
13.104	-0.342754	1.11729	-2.09961	-1.85717	-0.446781	-0.103997	1.23314
13.117	-0.342786	1.11729	-2.09961	-1.85717	-0.446781	-0.103997	1.23314
13.13	-0.342786	1.11729	-2.09961	-1.85717	-0.446781	-0.103997	1.23314
13.143	-0.342823	1.11729	-2.09961	-1.85717	-0.446779	-0.103997	1.23314
13.156	-0.34287	1.11729	-2.09959	-1.85717	-0.446779	-0.103997	1.23314
13.169	-0.342924	1.11729	-2.09959	-1.85717	-0.446779	-0.103997	1.23314
13.182	-0.342939	1.11729	-2.09958	-1.85717	-0.446779	-0.103997	1.23314
13.195	-0.342947	1.11729	-2.09955	-1.85717	-0.446779	-0.103997	1.23314
13.208	-0.342961	1.11729	-2.09954	-1.85717	-0.446779	-0.103997	1.23314
13.221	-0.343001	1.11729	-2.09954	-1.85717	-0.446779	-0.103997	1.23314
13.234	-0.343034	1.11729	-2.09954	-1.85717	-0.446779	-0.103997	1.23314
13.247	-0.343071	1.11729	-2.09954	-1.85717	-0.446779	-0.103997	1.23314
13.26	-0.343091	1.11729	-2.09953	-1.85717	-0.446779	-0.103997	1.23314
13.273	-0.343091	1.11729	-2.09953	-1.85717	-0.446779	-0.103997	1.23314
13.286	-0.343098	1.11729	-2.09953	-1.85717	-0.446779	-0.103997	1.23314
13.299	-0.343104	1.11729	-2.09953	-1.85717	-0.446779	-0.103997	1.23314
13.312	-0.343125	1.11729	-2.09953	-1.85717	-0.446779	-0.103997	1.23314
13.325	-0.343132	1.11729	-2.09952	-1.85717	-0.446779	-0.103997	1.23314
13.338	-0.343134	1.11729	-2.09951	-1.85716	-0.446779	-0.103997	1.23314
13.351	-0.343137	1.11729	-2.09951	-1.85716	-0.446779	-0.103997	1.23314
13.364	-0.343164	1.11729	-2.09951	-1.85716	-0.446779	-0.103997	1.23314
13.377	-0.343183	1.11729	-2.09951	-1.85716	-0.446781	-0.103997	1.23314
13.39	-0.343233	1.11729	-2.09951	-1.85716	-0.446781	-0.103995	1.23314
13.403	-0.343233	1.11729	-2.09951	-1.85716	-0.446781	-0.103995	1.23314
13.416	-0.343321	1.11729	-2.09951	-1.85716	-0.446781	-0.103995	1.23314
13.429	-0.343413	1.11729	-2.09951	-1.85716	-0.446781	-0.103995	1.23314
13.442	-0.343516	1.11729	-2.0995	-1.85716	-0.446779	-0.103995	1.23314
13.455	-0.343635	1.11729	-2.0995	-1.85716	-0.446779	-0.103995	1.23314
13.468	-0.343771	1.11729	-2.0995	-1.85716	-0.446779	-0.103995	1.23314
13.481	-0.343886	1.11729	-2.0995	-1.85716	-0.446779	-0.103995	1.23314
13.494	-0.343971	1.1173	-2.0995	-1.85716	-0.446779	-0.103995	1.23314
13.507	-0.344057	1.11729	-2.0995	-1.85716	-0.446779	-0.103995	1.23314
13.52	-0.344133	1.11729	-2.0995	-1.85716	-0.446779	-0.103995	1.23314
13.533	-0.344201	1.11729	-2.0995	-1.85716	-0.446779	-0.103995	1.23314
13.546	-0.344201	1.11729	-2.0995	-1.85716	-0.446779	-0.103995	1.23314
13.559	-0.34426	1.11729	-2.09948	-1.85716	-0.446781	-0.103995	1.23314
13.572	-0.344326	1.11729	-2.09945	-1.85716	-0.446781	-0.103995	1.23314
13.585	-0.344408	1.11729	-2.09945	-1.85716	-0.446781	-0.103995	1.23314
13.598	-0.344455	1.1173	-2.09945	-1.85714	-0.446781	-0.103995	1.23314
13.611	-0.344504	1.1173	-2.09944	-1.85711	-0.446781	-0.103995	1.23314
13.624	-0.344544	1.1173	-2.09945	-1.8571	-0.446781	-0.103995	1.23314
13.637	-0.344568	1.1173	-2.09944	-1.85709	-0.446781	-0.103995	1.23314
13.65	-0.344582	1.1173	-2.09942	-1.85708	-0.446781	-0.103995	1.23314
13.663	-0.344586	1.1173	-2.09941	-1.85708	-0.446779	-0.103995	1.23314
13.676	-0.344586	1.1173	-2.09941	-1.85708	-0.446779	-0.103995	1.23314
13.689	-0.344586	1.1173	-2.0994	-1.85706	-0.446781	-0.103995	1.23314
13.702	-0.344586	1.1173	-2.09937	-1.85705	-0.446779	-0.103995	1.23314
13.715	-0.344591	1.1173	-2.09935	-1.85704	-0.446779	-0.103995	1.23314
13.728	-0.3446	1.1173	-2.09935	-1.85704	-0.446781	-0.103995	1.23314
13.741	-0.3446	1.1173	-2.09935	-1.85703	-0.446781	-0.103995	1.23314
13.754	-0.3446	1.1173	-2.09935	-1.85703	-0.446781	-0.103995	1.23314
13.767	-0.344604	1.1173	-2.09935	-1.85703	-0.446781	-0.103995	1.23314
13.78	-0.344615	1.1173	-2.09935	-1.85703	-0.446781	-0.103995	1.23314
13.793	-0.344621	1.1173	-2.09935	-1.85703	-0.446779	-0.103995	1.23314
13.806	-0.344625	1.1173	-2.09935	-1.85703	-0.446779	-0.103995	1.23314
13.819	-0.344625	1.1173	-2.09935	-1.85703	-0.446779	-0.103995	1.23314
13.832	-0.344627	1.1173	-2.09935	-1.85703	-0.446779	-0.103995	1.23314
13.845	-0.344629	1.1173	-2.09935	-1.85703	-0.446779	-0.103995	1.23314
13.858	-0.344634	1.1173	-2.09935	-1.85703	-0.446781	-0.103995	1.23314
13.871	-0.344637	1.1173	-2.09935	-1.85703	-0.446779	-0.103995	1.23314
13.884	-0.344637	1.1173	-2.09933	-1.85701	-0.446781	-0.103995	1.23314
13.897	-0.344637	1.1173	-2.09931	-1.85696	-0.446781	-0.103995	1.23314
13.91	-0.344637	1.1173	-2.09929	-1.85692	-0.446781	-0.103995	1.23314
13.923	-0.344637	1.1173	-2.09928	-1.85691	-0.446781	-0.103995	1.23314
13.936	-0.344638	1.1173	-2.09928	-1.8569	-0.446781	-0.103995	1.23314
13.949	-0.344639	1.1173	-2.09928	-1.85688	-0.446781	-0.103995	1.23314
13.962	-0.344639	1.1173	-2.09928	-1.85688	-0.446781	-0.103995	1.23314
13.975	-0.344639	1.1173	-2.09928	-1.85683	-0.446779	-0.103995	1.23314
13.988	-0.344643	1.1173	-2.09928	-1.85679	-0.446779	-0.103995	1.23314
14.001	-0.344671	1.1173	-2.09927	-1.85678	-0.446779	-0.103995	1.23314
14.014	-0.344697	1.1173	-2.09924	-1.85675	-0.446779	-0.103995	1.23314
14.027	-0.344708	1.1173	-2.09921	-1.85671	-0.446781	-0.103995	1.23314
14.04	-0.344715	1.1173	-2.09921	-1.85667	-0.446781	-0.103995	1.23314
14.053	-0.344731	1.1173	-2.0992	-1.85664	-0.446781	-0.103994	1.23314
14.066	-0.344758	1.1173	-2.0992	-1.85664	-0.446781	-0.103994	1.23314
14.079	-0.344772	1.1173	-2.0992	-1.85662	-0.446781	-0.103994	1.23314
14.092	-0.344772	1.1173	-2.0992	-1.85662	-0.446781	-0.103994	1.23314
14.105	-0.34478	1.1173	-2.09919	-1.85658	-0.446781	-0.103994	1.23314
14.118	-0.344797	1.1173	-2.09918	-1.85654	-0.446781	-0.103994	1.23314
14.131	-0.344836	1.1173	-2.09918	-1.85649	-0.446781	-0.103994	1.23314
14.144	-0.344868	1.1173	-2.09916	-1.85645	-0.446781	-0.103994	1.23314
14.157	-0.344912	1.1173	-2.09913	-1.85643	-0.446781	-0.103994	1.23314
14.17	-0.344954	1.1173	-2.0991	-1.85641	-0.446781	-0.103994	1.23314
14.183	-0.34499	1.1173	-2.09905	-1.85636	-0.446781	-0.103994	1.23314
14.196	-0.345027	1.1173	-2.09899	-1.85631	-0.446781	-0.103994	1.23314
14.209	-0.34507	1.1173	-2.09896	-1.85627	-0.446781	-0.103994	1.23314
14.222	-0.345124	1.1173	-2.09895	-1.85623	-0.446781	-0.103994	1.23314
14.235	-0.345124	1.1173	-2.09895	-1.85623	-0.446781	-0.103994	1.23314
14.248	-0.345187	1.1173	-2.09895	-1.8562	-0.446781	-0.103994	1.23314
14.261	-0.345256	1.1173	-2.09895	-1.85618	-0.446781	-0.103994	1.23314
14.274	-0.345319	1.1173	-2.09895	-1.85614	-0.446781	-0.103994	1.23314
14.287	-0.345364	1.1173	-2.09895	-1.85608	-0.446781	-0.103994	1.23314
14.3	-0.34539	1.1173	-2.09894	-1.85601	-0.446781	-0.103994	1.23314
14.313	-0.345423	1.1173	-2.09893	-1.85597	-0.446779	-0.103994	1.23314
14.326	-0.345472	1.1173	-2.09891	-1.85596	-0.446779	-0.103994	1.23314
14.339	-0.345512	1.1173	-2.09892	-1.85596	-0.446779	-0.103994	1.23314
14.352	-0.345538	1.1173	-2.09892	-1.85596	-0.446779	-0.103994	1.23314
14.365	-0.345538	1.1173	-2.09892	-1.85596	-0.446779	-0.103994	1.23314
14.378	-0.345566	1.1173	-2.09892	-1.85597	-0.446779	-0.103992	1.23314
14.391	-0.345599	1.1173	-2.09892	-1.85597	-0.446779	-0.103994	1.23314
14.404	-0.345639	1.1173	-2.09892	-1.85597	-0.446781	-0.103992	1.23314
14.417	-0.345656	1.1173	-2.09892	-1.85597	-0.446781	-0.103992	1.23314
14.43	-0.345668	1.1173	-2.09892	-1.85597	-0.446781	-0.103992	1.23314
14.443	-0.345677	1.1173	-2.09892	-1.85597	-0.446781	-0.103992	1.23314
14.456	-0.345679	1.1173	-2.09892	-1.85597	-0.446781	-0.103992	1.23314
14.469	-0.345679	1.1173	-2.09892	-1.85597	-0.446779	-0.103992	1.23314
14.482	-0.345677	1.1173	-2.09892	-1.85597	-0.446779	-0.103992	1.23314
14.495	-0.345679	1.1173	-2.09892	-1.85596	-0.446779	-0.103992	1.23314
14.508	-0.345679	1.1173	-2.09892	-1.85596	-0.446779	-0.103992	1.23314
14.521	-0.345679	1.1173	-2.09891	-1.85595	-0.446779	-0.103992	1.23314
14.534	-0.34568	1.1173	-2.09891	-1.85592	-0.446779	-0.103992	1.23314
14.547	-0.34569	1.1173	-2.09891	-1.8559	-0.446779	-0.103992	1.23314
14.56	-0.345689	1.1173	-2.09891	-1.85587	-0.446779	-0.103992	1.23314
14.573	-0.345686	1.1173	-2.09891	-1.8558	-0.446779	-0.103992	1.23314
14.586	-0.345685	1.1173	-2.0989	-1.85573	-0.446781	-0.103992	1.23314
14.599	-0.345685	1.1173	-2.0989	-1.85566	-0.446779	-0.103992	1.23314
14.612	-0.345684	1.1173	-2.09889	-1.85561	-0.446781	-0.103992	1.23314
14.625	-0.345684	1.1173	-2.09888	-1.85556	-0.446779	-0.103992	1.23314
14.638	-0.345684	1.1173	-2.09888	-1.85556	-0.446779	-0.103992	1.23314
14.651	-0.345684	1.1173	-2.09887	-1.85551	-0.446781	-0.10399	1.23314
14.664	-0.345684	1.1173	-2.09887	-1.8555	-0.446779	-0.10399	1.23314
14.677	-0.345686	1.1173	-2.09887	-1.8555	-0.446779	-0.10399	1.23314
14.69	-0.345689	1.1173	-2.09887	-1.8555	-0.446781	-0.10399	1.23314
14.703	-0.345688	1.1173	-2.09887	-1.8555	-0.446779	-0.10399	1.23314
14.716	-0.345688	1.1173	-2.09887	-1.8555	-0.446781	-0.10399	1.23314
14.729	-0.345688	1.1173	-2.09886	-1.85551	-0.446781	-0.10399	1.23314
14.742	-0.345691	1.1173	-2.09885	-1.85551	-0.446781	-0.103989	1.23314
14.755	-0.345697	1.1173	-2.09884	-1.85551	-0.446781	-0.103989	1.23314
