joint_A1	joint_A2	joint_E1	joint_A3	joint_A4	joint_A5	joint_A6	cart_pos_x	cart_pos_y	cart_pos_z	cart_quat_x	cart_quat_y	cart_quat_z	cart_quat_w	force_joint_A1	force_joint_A2	force_joint_E1	force_joint_A3	force_joint_A4	force_joint_A5	force_joint_A6	cart_force_x	cart_force_y	cart_force_z	cart_trq_x	cart_trq_y	cart_trq_z	
11.354	-0.225159	1.31737	-2.16709	0.491212	0.851003	-1.56998	1.05763	0	0.881325	0.325219	-0.109049	-0.200516	-0.154093	-0.422779	-0.187231	-3.39774	6.92138	-0.811138	1.00308	0.281044	-0.177267	
11.354	-0.225159	1.31737	-2.16709	0.491212	0.851003	-1.56998	1.05763	0	0.881325	0.325219	-0.109049	-0.200516	-0.154093	-0.422779	-0.187231	-3.39774	6.92138	-0.811138	1.00308	0.281044	-0.177267	
11.368	-0.225159	1.31737	-2.16709	0.491212	0.851003	-1.56998	1.05763	0	0.878381	0.305698	-0.105196	-0.205315	-0.151359	-0.423571	-0.187489	-3.36516	6.90852	-0.80592	1.0018	0.280174	-0.177334	
11.382	-0.225159	1.31737	-2.16709	0.491212	0.851003	-1.56998	1.05763	0	0.881028	0.303334	-0.101595	-0.204987	-0.151005	-0.423749	-0.187405	-3.36237	6.90985	-0.801825	1.00151	0.281446	-0.17744	
11.396	-0.225159	1.31737	-2.16709	0.491212	0.851003	-1.56998	1.05763	0	0.886281	0.341836	-0.109764	-0.194211	-0.152465	-0.422378	-0.186751	-3.42018	6.92	-0.810052	1.00176	0.284225	-0.176823	
11.396	-0.225159	1.31737	-2.16709	0.491212	0.851003	-1.56998	1.05763	0	0.886281	0.341836	-0.109764	-0.194211	-0.152465	-0.422378	-0.186751	-3.42018	6.92	-0.810052	1.00176	0.284225	-0.176823	
11.41	-0.225159	1.31737	-2.16709	0.491212	0.851003	-1.56998	1.05763	0	0.915163	0.313374	-0.102894	-0.19499	-0.151198	-0.421676	-0.187439	-3.40983	6.9708	-0.770504	1.00509	0.282381	-0.177199	
11.424	-0.225159	1.31737	-2.16709	0.491212	0.851003	-1.56998	1.05763	0	0.883895	0.340294	-0.108376	-0.19817	-0.153464	-0.421067	-0.18796	-3.4242	6.93595	-0.813601	1.00198	0.284127	-0.178223	
11.424	-0.225159	1.31737	-2.16709	0.491212	0.851003	-1.56998	1.05763	0	0.883895	0.340294	-0.108376	-0.19817	-0.153464	-0.421067	-0.18796	-3.4242	6.93595	-0.813601	1.00198	0.284127	-0.178223	
11.438	-0.225159	1.31737	-2.16709	0.491212	0.851003	-1.56998	1.05763	0	0.881373	0.326741	-0.105803	-0.200878	-0.153105	-0.421372	-0.188479	-3.39911	6.91749	-0.808818	1.00066	0.282523	-0.178723	
11.452	-0.225159	1.31737	-2.16709	0.491212	0.851003	-1.56998	1.05763	0	0.876657	0.329073	-0.105814	-0.202422	-0.152382	-0.421586	-0.188456	-3.40065	6.91908	-0.816076	1.00056	0.283546	-0.17873	
11.452	-0.225159	1.31737	-2.16709	0.491212	0.851003	-1.56998	1.05763	0	0.876657	0.329073	-0.105814	-0.202422	-0.152382	-0.421586	-0.188456	-3.40065	6.91908	-0.816076	1.00056	0.283546	-0.17873	
11.466	-0.225159	1.31737	-2.16709	0.491212	0.851003	-1.56998	1.05763	0	0.847866	0.326987	-0.109462	-0.211182	-0.153354	-0.421721	-0.187965	-3.37602	6.88553	-0.846275	0.998399	0.281261	-0.178311	
11.48	-0.225159	1.31737	-2.16709	0.491212	0.851003	-1.56998	1.05763	0	0.815448	0.327373	-0.112258	-0.222801	-0.152955	-0.421559	-0.187977	-3.35833	6.86684	-0.883933	0.996389	0.280792	-0.178434	
11.494	-0.225159	1.31737	-2.16709	0.491212	0.851003	-1.56998	1.05763	0	0.926937	0.31864	-0.105108	-0.188055	-0.156098	-0.421273	-0.188078	-3.42152	6.96312	-0.756556	1.00625	0.279685	-0.177987	
11.494	-0.225159	1.31737	-2.16709	0.491212	0.851003	-1.56998	1.05763	0	0.926937	0.31864	-0.105108	-0.188055	-0.156098	-0.421273	-0.188078	-3.42152	6.96312	-0.756556	1.00625	0.279685	-0.177987	
11.508	-0.225159	1.31737	-2.16709	0.491212	0.851003	-1.56998	1.05763	0	0.896073	0.325467	-0.107893	-0.196304	-0.156798	-0.420809	-0.188363	-3.40927	6.93157	-0.792135	1.00319	0.279505	-0.178552	
11.522	-0.225159	1.31737	-2.16709	0.491212	0.851003	-1.56998	1.05763	0	0.859849	0.314849	-0.106872	-0.210325	-0.156341	-0.420654	-0.188339	-3.36796	6.8932	-0.826811	0.999297	0.27821	-0.178807	
11.522	-0.225159	1.31737	-2.16709	0.491212	0.851003	-1.56998	1.05763	0	0.859849	0.314849	-0.106872	-0.210325	-0.156341	-0.420654	-0.188339	-3.36796	6.8932	-0.826811	0.999297	0.27821	-0.178807	
11.536	-0.225159	1.31737	-2.16709	0.491212	0.851003	-1.56998	1.05763	0	0.858541	0.313934	-0.106358	-0.206556	-0.158643	-0.420836	-0.18856	-3.35226	6.84929	-0.821002	0.996754	0.27628	-0.179238	
11.55	-0.225159	1.31737	-2.16709	0.491212	0.851003	-1.56998	1.05763	0	0.877845	0.318832	-0.104505	-0.197105	-0.158549	-0.421313	-0.187982	-3.3655	6.85117	-0.799253	0.997262	0.277657	-0.178665	
11.55	-0.225159	1.31737	-2.16709	0.491212	0.851003	-1.56998	1.05763	0	0.877845	0.318832	-0.104505	-0.197105	-0.158549	-0.421313	-0.187982	-3.3655	6.85117	-0.799253	0.997262	0.277657	-0.178665	
11.564	-0.225159	1.31737	-2.16709	0.491212	0.851003	-1.56998	1.05763	0	0.853458	0.321182	-0.10482	-0.204196	-0.157014	-0.422242	-0.18796	-3.35091	6.82789	-0.827837	0.995214	0.279167	-0.178791	
11.578	-0.225159	1.31737	-2.16709	0.491212	0.851003	-1.56998	1.05763	0	0.869875	0.300055	-0.101599	-0.203833	-0.15712	-0.42292	-0.187895	-3.33361	6.84299	-0.802705	0.997529	0.276586	-0.178471	
11.592	-0.225159	1.31737	-2.16709	0.491212	0.851003	-1.56998	1.05763	0	0.864201	0.309021	-0.10311	-0.201706	-0.157668	-0.423297	-0.188626	-3.33665	6.819	-0.809735	0.996044	0.277162	-0.179311	
11.592	-0.225159	1.31737	-2.16709	0.491212	0.851003	-1.56998	1.05763	0	0.864201	0.309021	-0.10311	-0.201706	-0.157668	-0.423297	-0.188626	-3.33665	6.819	-0.809735	0.996044	0.277162	-0.179311	
11.606	-0.225159	1.31737	-2.16709	0.491212	0.851003	-1.56998	1.05763	0	0.86655	0.313062	-0.102584	-0.199825	-0.157324	-0.423397	-0.188576	-3.34292	6.82001	-0.808476	0.99594	0.278298	-0.179313	
11.62	-0.225159	1.31737	-2.16709	0.491212	0.851003	-1.56998	1.05763	0	0.822219	0.328425	-0.105383	-0.212338	-0.156876	-0.423144	-0.188532	-3.33857	6.79632	-0.865582	0.992735	0.280949	-0.179742	
11.62	-0.225159	1.31737	-2.16709	0.491212	0.851003	-1.56998	1.05763	0	0.822219	0.328425	-0.105383	-0.212338	-0.156876	-0.423144	-0.188532	-3.33857	6.79632	-0.865582	0.992735	0.280949	-0.179742	
11.634	-0.225159	1.31737	-2.16709	0.491212	0.851003	-1.56998	1.05763	0	0.873469	0.328245	-0.108417	-0.196789	-0.157124	-0.421672	-0.188777	-3.37785	6.85109	-0.80893	0.997329	0.278668	-0.179222	
11.648	-0.225159	1.31737	-2.16709	0.491212	0.851003	-1.56998	1.05763	0	0.899196	0.31613	-0.104678	-0.191177	-0.155238	-0.421777	-0.18874	-3.37727	6.87175	-0.775329	0.998724	0.278479	-0.178866	
11.648	-0.225159	1.31737	-2.16709	0.491212	0.851003	-1.56998	1.05763	0	0.899196	0.31613	-0.104678	-0.191177	-0.155238	-0.421777	-0.18874	-3.37727	6.87175	-0.775329	0.998724	0.278479	-0.178866	
11.662	-0.225159	1.31737	-2.16709	0.491212	0.851003	-1.56998	1.05763	0	0.861749	0.336464	-0.112629	-0.201279	-0.154638	-0.420661	-0.1887	-3.38887	6.86411	-0.827677	0.996726	0.27976	-0.178896	
11.676	-0.225159	1.31737	-2.16709	0.491212	0.851003	-1.56998	1.05763	0	0.903373	0.318766	-0.106782	-0.192089	-0.153978	-0.421076	-0.189072	-3.39285	6.90091	-0.775234	1.00027	0.278948	-0.178938	
11.676	-0.225159	1.31737	-2.16709	0.491212	0.851003	-1.56998	1.05763	0	0.903373	0.318766	-0.106782	-0.192089	-0.153978	-0.421076	-0.189072	-3.39285	6.90091	-0.775234	1.00027	0.278948	-0.178938	
11.69	-0.225159	1.31737	-2.16709	0.491212	0.851003	-1.56998	1.05763	0	0.876698	0.314199	-0.106248	-0.200887	-0.151537	-0.422314	-0.188463	-3.36484	6.8712	-0.803238	0.997708	0.279881	-0.178396	
11.704	-0.225159	1.31737	-2.16709	0.491212	0.851003	-1.56998	1.05763	0	0.872298	0.316126	-0.106813	-0.202247	-0.151785	-0.422366	-0.188713	-3.36594	6.87034	-0.809494	0.997714	0.280055	-0.178694	
11.704	-0.225159	1.31737	-2.16709	0.491212	0.851003	-1.56998	1.05763	0	0.872298	0.316126	-0.106813	-0.202247	-0.151785	-0.422366	-0.188713	-3.36594	6.87034	-0.809494	0.997714	0.280055	-0.178694	
11.718	-0.225159	1.31737	-2.16709	0.491212	0.851003	-1.56998	1.05763	0	0.863412	0.344496	-0.110678	-0.198627	-0.154121	-0.422786	-0.188537	-3.4011	6.87002	-0.832111	0.998411	0.283318	-0.178925	
11.732	-0.225159	1.31737	-2.16709	0.491212	0.851003	-1.56998	1.05763	0	0.880454	0.326137	-0.107383	-0.194979	-0.153448	-0.42346	-0.188641	-3.37962	6.86116	-0.802986	0.998509	0.280979	-0.178755	
11.746	-0.225159	1.31737	-2.16709	0.491212	0.851003	-1.56998	1.05763	0	0.875575	0.314471	-0.105354	-0.201134	-0.152426	-0.422672	-0.189411	-3.36452	6.8667	-0.804551	0.997838	0.280049	-0.17948	
11.746	-0.225159	1.31737	-2.16709	0.491212	0.851003	-1.56998	1.05763	0	0.875575	0.314471	-0.105354	-0.201134	-0.152426	-0.422672	-0.189411	-3.36452	6.8667	-0.804551	0.997838	0.280049	-0.17948	
11.76	-0.225159	1.31737	-2.16709	0.491212	0.851003	-1.56998	1.05763	0	0.873025	0.309657	-0.106121	-0.204867	-0.151844	-0.421982	-0.189571	-3.36149	6.87858	-0.807157	0.998157	0.279152	-0.179497	
11.774	-0.225159	1.31737	-2.16709	0.491212	0.851003	-1.56998	1.05763	0	0.850034	0.329679	-0.109577	-0.206886	-0.153173	-0.421465	-0.188985	-3.37112	6.85387	-0.838815	0.995644	0.280832	-0.179317	
11.774	-0.225159	1.31737	-2.16709	0.491212	0.851003	-1.56998	1.05763	0	0.850034	0.329679	-0.109577	-0.206886	-0.153173	-0.421465	-0.188985	-3.37112	6.85387	-0.838815	0.995644	0.280832	-0.179317	
11.788	-0.225159	1.31737	-2.16709	0.491212	0.851003	-1.56998	1.05763	0	0.908264	0.315247	-0.106078	-0.18959	-0.1526	-0.421624	-0.188478	-3.38561	6.89164	-0.766659	0.999658	0.278943	-0.178187	
11.802	-0.225159	1.31737	-2.16709	0.491212	0.851003	-1.56998	1.05763	0	0.878938	0.323712	-0.108925	-0.197203	-0.152861	-0.421282	-0.188724	-3.37742	6.86446	-0.801774	0.996885	0.279345	-0.178681	
11.802	-0.225159	1.31737	-2.16709	0.491212	0.851003	-1.56998	1.05763	0	0.878938	0.323712	-0.108925	-0.197203	-0.152861	-0.421282	-0.188724	-3.37742	6.86446	-0.801774	0.996885	0.279345	-0.178681	
11.816	-0.225159	1.31737	-2.16709	0.491212	0.851003	-1.56998	1.05763	0	0.874325	0.319086	-0.109204	-0.197384	-0.153954	-0.421622	-0.189133	-3.36094	6.8362	-0.801635	0.995456	0.277444	-0.17912	
11.83	-0.225159	1.31737	-2.16709	0.491212	0.851003	-1.56998	1.05763	0	0.865358	0.310135	-0.10929	-0.202366	-0.15432	-0.422293	-0.189505	-3.34331	6.82737	-0.809085	0.9956	0.275878	-0.179457	
11.83	-0.225159	1.31737	-2.16709	0.491212	0.851003	-1.56998	1.05763	0	0.865358	0.310135	-0.10929	-0.202366	-0.15432	-0.422293	-0.189505	-3.34331	6.82737	-0.809085	0.9956	0.275878	-0.179457	
11.844	-0.225159	1.31737	-2.16709	0.491212	0.851003	-1.56998	1.05763	0	0.868006	0.326966	-0.113348	-0.196013	-0.157487	-0.423026	-0.18936	-3.3663	6.82185	-0.812614	0.997081	0.276109	-0.179457	
11.858	-0.225159	1.31737	-2.16709	0.491212	0.851003	-1.56998	1.05763	0	0.891078	0.31185	-0.108938	-0.190663	-0.156761	-0.423404	-0.188939	-3.35605	6.82968	-0.779428	0.998042	0.275003	-0.178841	
11.872	-0.225159	1.31737	-2.16709	0.491212	0.851003	-1.56998	1.05763	0	0.903395	0.287446	-0.10246	-0.190279	-0.158249	-0.424096	-0.188514	-3.32381	6.82074	-0.753941	0.998476	0.272135	-0.17852	
11.872	-0.225159	1.31737	-2.16709	0.491212	0.851003	-1.56998	1.05763	0	0.903395	0.287446	-0.10246	-0.190279	-0.158249	-0.424096	-0.188514	-3.32381	6.82074	-0.753941	0.998476	0.272135	-0.17852	
11.886	-0.225159	1.31737	-2.16709	0.491212	0.851003	-1.56998	1.05763	0	0.871251	0.348822	-0.115124	-0.188551	-0.161868	-0.423459	-0.188705	-3.39665	6.82064	-0.817451	0.998546	0.277752	-0.179301	
11.9	-0.225159	1.31737	-2.16709	0.491212	0.851003	-1.56998	1.05763	0	0.843695	0.339747	-0.112379	-0.200151	-0.158495	-0.424042	-0.188787	-3.36482	6.79779	-0.844998	0.995402	0.279128	-0.179494	
11.9	-0.225159	1.31737	-2.16709	0.491212	0.851003	-1.56998	1.05763	0	0.843695	0.339747	-0.112379	-0.200151	-0.158495	-0.424042	-0.188787	-3.36482	6.79779	-0.844998	0.995402	0.279128	-0.179494	
11.914	-0.225159	1.31737	-2.16709	0.491212	0.851003	-1.56998	1.05763	0	0.85771	0.325011	-0.109886	-0.198616	-0.157192	-0.423557	-0.187787	-3.35159	6.8069	-0.822468	0.995565	0.277465	-0.178228	
11.928	-0.225159	1.31737	-2.16709	0.491212	0.851003	-1.56998	1.05763	0	0.856255	0.309784	-0.106942	-0.203033	-0.154927	-0.423746	-0.187617	-3.32946	6.80714	-0.818503	0.99495	0.276872	-0.177897	
11.928	-0.225159	1.31737	-2.16709	0.491212	0.851003	-1.56998	1.05763	0	0.856255	0.309784	-0.106942	-0.203033	-0.154927	-0.423746	-0.187617	-3.32946	6.80714	-0.818503	0.99495	0.276872	-0.177897	
11.942	-0.225159	1.31737	-2.16709	0.491212	0.851003	-1.56998	1.05763	0	0.852623	0.320557	-0.106751	-0.202997	-0.153238	-0.42287	-0.187166	-3.34407	6.81579	-0.827093	0.993814	0.279701	-0.177559	
11.956	-0.225159	1.31737	-2.16709	0.491212	0.851003	-1.56998	1.05763	0	0.85373	0.326718	-0.106671	-0.202089	-0.152411	-0.422238	-0.186772	-3.3551	6.82543	-0.828645	0.993529	0.281211	-0.177206	
11.956	-0.225159	1.31737	-2.16709	0.491212	0.851003	-1.56998	1.05763	0	0.85373	0.326718	-0.106671	-0.202089	-0.152411	-0.422238	-0.186772	-3.3551	6.82543	-0.828645	0.993529	0.281211	-0.177206	
11.97	-0.225159	1.31737	-2.16709	0.491212	0.851003	-1.56998	1.05763	0	0.866966	0.314865	-0.105938	-0.203228	-0.151915	-0.4214	-0.187558	-3.35592	6.85668	-0.81192	0.995588	0.279527	-0.177685	
11.984	-0.225159	1.31737	-2.16709	0.491212	0.851003	-1.56998	1.05763	0	0.875475	0.31514	-0.104856	-0.200932	-0.151293	-0.421054	-0.187897	-3.36299	6.86678	-0.802477	0.995865	0.280164	-0.177974	
11.998	-0.225159	1.31737	-2.16709	0.491212	0.851003	-1.56998	1.05763	0	0.871553	0.299118	-0.105415	-0.205684	-0.150137	-0.420492	-0.18822	-3.33703	6.85589	-0.798886	0.994607	0.276942	-0.177962	
11.998	-0.225159	1.31737	-2.16709	0.491212	0.851003	-1.56998	1.05763	0	0.871553	0.299118	-0.105415	-0.205684	-0.150137	-0.420492	-0.18822	-3.33703	6.85589	-0.798886	0.994607	0.276942	-0.177962	
12.012	-0.225159	1.31737	-2.16709	0.491212	0.851003	-1.56998	1.05763	0	0.872124	0.316526	-0.105881	-0.199461	-0.150943	-0.420459	-0.187731	-3.35488	6.84115	-0.802022	0.993251	0.279322	-0.177769	
12.026	-0.225159	1.31737	-2.16709	0.491212	0.851003	-1.56998	1.05763	0	0.871337	0.316168	-0.106335	-0.199136	-0.151254	-0.420442	-0.187279	-3.35199	6.83609	-0.802014	0.993	0.2788	-0.177314	
12.026	-0.225159	1.31737	-2.16709	0.491212	0.851003	-1.56998	1.05763	0	0.871337	0.316168	-0.106335	-0.199136	-0.151254	-0.420442	-0.187279	-3.35199	6.83609	-0.802014	0.993	0.2788	-0.177314	
12.04	-0.225159	1.31737	-2.16709	0.491212	0.851003	-1.56998	1.05763	0	0.862935	0.318476	-0.107299	-0.201082	-0.151097	-0.421125	-0.187388	-3.34933	6.82786	-0.812982	0.992821	0.279227	-0.177452	
12.054	-0.225159	1.31737	-2.16709	0.491212	0.851003	-1.56998	1.05763	0	0.856828	0.325805	-0.107263	-0.201595	-0.15052	-0.421378	-0.187533	-3.35564	6.82492	-0.823113	0.992268	0.281121	-0.177731	
12.054	-0.225159	1.31737	-2.16709	0.491212	0.851003	-1.56998	1.05763	0	0.856828	0.325805	-0.107263	-0.201595	-0.15052	-0.421378	-0.187533	-3.35564	6.82492	-0.823113	0.992268	0.281121	-0.177731	
12.068	-0.225159	1.31737	-2.16709	0.491212	0.851003	-1.56998	1.05763	0	0.864765	0.316473	-0.106569	-0.199395	-0.149547	-0.42251	-0.187409	-3.3432	6.81731	-0.809734	0.992699	0.28002	-0.177341	
12.082	-0.225159	1.31737	-2.16709	0.491212	0.851003	-1.56998	1.05763	0	0.869759	0.331468	-0.108444	-0.194165	-0.150099	-0.422459	-0.18697	-3.3675	6.82498	-0.810378	0.99337	0.281867	-0.176982	
12.082	-0.225159	1.31737	-2.16709	0.491212	0.851003	-1.56998	1.05763	0	0.869759	0.331468	-0.108444	-0.194165	-0.150099	-0.422459	-0.18697	-3.3675	6.82498	-0.810378	0.99337	0.281867	-0.176982	
12.096	-0.225159	1.31737	-2.16709	0.491212	0.851003	-1.56998	1.05763	0	0.848098	0.318225	-0.104806	-0.204196	-0.149216	-0.422383	-0.186773	-3.33222	6.80112	-0.828105	0.990518	0.281309	-0.177038	
12.11	-0.225159	1.31737	-2.16709	0.491212	0.851003	-1.56998	1.05763	0	0.861752	0.32832	-0.105701	-0.197662	-0.149606	-0.421855	-0.186741	-3.35628	6.8165	-0.816707	0.991497	0.282444	-0.176982	
12.11	-0.225159	1.31737	-2.16709	0.491212	0.851003	-1.56998	1.05763	0	0.861752	0.32832	-0.105701	-0.197662	-0.149606	-0.421855	-0.186741	-3.35628	6.8165	-0.816707	0.991497	0.282444	-0.176982	
12.124	-0.225159	1.31737	-2.16709	0.491212	0.851003	-1.56998	1.05763	0	0.889127	0.329021	-0.10522	-0.191855	-0.153069	-0.421329	-0.187348	-3.38786	6.87123	-0.791692	0.996982	0.281707	-0.177601	
12.138	-0.225159	1.31737	-2.16709	0.491212	0.851003	-1.56998	1.05763	0	0.848719	0.336012	-0.109328	-0.205026	-0.15261	-0.421142	-0.187202	-3.37554	6.85149	-0.841689	0.994675	0.282183	-0.177652	
12.152	-0.225159	1.31737	-2.16709	0.491212	0.851003	-1.56998	1.05763	0	0.871603	0.307249	-0.105042	-0.203735	-0.15376	-0.422187	-0.187082	-3.35089	6.86743	-0.806281	0.997948	0.278123	-0.177246	
12.152	-0.225159	1.31737	-2.16709	0.491212	0.851003	-1.56998	1.05763	0	0.871603	0.307249	-0.105042	-0.203735	-0.15376	-0.422187	-0.187082	-3.35089	6.86743	-0.806281	0.997948	0.278123	-0.177246	
12.166	-0.225159	1.31737	-2.16709	0.491212	0.851003	-1.56998	1.05763	0	0.870825	0.313306	-0.106178	-0.201608	-0.15533	-0.422493	-0.18684	-3.35672	6.86085	-0.808987	0.998217	0.278116	-0.177135	
12.18	-0.225159	1.31737	-2.16709	0.491212	0.851003	-1.56998	1.05763	0	0.86758	0.323125	-0.107846	-0.199936	-0.157212	-0.422813	-0.186656	-3.36796	6.85757	-0.816847	0.998782	0.278649	-0.177148	
12.18	-0.225159	1.31737	-2.16709	0.491212	0.851003	-1.56998	1.05763	0	0.86758	0.323125	-0.107846	-0.199936	-0.157212	-0.422813	-0.186656	-3.36796	6.85757	-0.816847	0.998782	0.278649	-0.177148	
12.194	-0.225159	1.31737	-2.16709	0.491212	0.851003	-1.56998	1.05763	0	0.86165	0.316737	-0.106676	-0.202764	-0.155987	-0.42406	-0.187344	-3.35343	6.8455	-0.821364	0.998446	0.278835	-0.177774	
12.208	-0.225159	1.31737	-2.16709	0.491212	0.851003	-1.56998	1.05763	0	0.856835	0.323053	-0.10868	-0.202399	-0.156556	-0.423916	-0.187698	-3.35791	6.8362	-0.828203	0.997808	0.278813	-0.178161	
12.208	-0.225159	1.31737	-2.16709	0.491212	0.851003	-1.56998	1.05763	0	0.856835	0.323053	-0.10868	-0.202399	-0.156556	-0.423916	-0.187698	-3.35791	6.8362	-0.828203	0.997808	0.278813	-0.178161	
12.222	-0.225159	1.31737	-2.16709	0.491212	0.851003	-1.56998	1.05763	0	0.890863	0.31516	-0.104283	-0.193806	-0.154615	-0.423206	-0.187527	-3.37011	6.86974	-0.786778	0.999402	0.279478	-0.177708	
12.236	-0.225159	1.31737	-2.16709	0.491212	0.851003	-1.56998	1.05763	0	0.887889	0.320418	-0.105005	-0.195403	-0.15508	-0.422326	-0.187561	-3.38081	6.8832	-0.793713	0.999709	0.28008	-0.177846	
12.236	-0.225159	1.31737	-2.16709	0.491212	0.851003	-1.56998	1.05763	0	0.887889	0.320418	-0.105005	-0.195403	-0.15508	-0.422326	-0.187561	-3.38081	6.8832	-0.793713	0.999709	0.28008	-0.177846	
12.25	-0.225159	1.31737	-2.16709	0.491212	0.851003	-1.56998	1.05763	0	0.878368	0.316469	-0.103473	-0.201484	-0.151748	-0.421288	-0.187462	-3.37261	6.88931	-0.803411	0.997789	0.281409	-0.177674	
12.264	-0.225159	1.31737	-2.16709	0.491212	0.851003	-1.56998	1.05763	0	0.841051	0.318841	-0.105154	-0.213732	-0.150192	-0.420574	-0.187754	-3.35104	6.85752	-0.844761	0.993535	0.281886	-0.178166	
12.264	-0.225159	1.31737	-2.16709	0.491212	0.851003	-1.56998	1.05763	0	0.874684	0.318555	-0.102356	-0.202241	-0.15099	-0.420128	-0.18812	-3.35104	6.85752	-0.844761	0.993535	0.281886	-0.178166	
12.278	-0.225159	1.31737	-2.16709	0.491212	0.851003	-1.56998	1.05763	0	0.866175	0.272148	-0.095975	-0.215488	-0.147011	-0.420321	-0.188358	-3.29752	6.85934	-0.79499	0.992909	0.277342	-0.178246	
12.292	-0.225159	1.31737	-2.16709	0.491212	0.851003	-1.56998	1.05763	0	0.897698	0.315493	-0.0997973	-0.193918	-0.148626	-0.420083	-0.188379	-3.37602	6.88252	-0.775408	0.995001	0.282837	-0.178423	
12.306	-0.225159	1.31737	-2.16709	0.491212	0.851003	-1.56998	1.05763	0	0.869586	0.315875	-0.103302	-0.200553	-0.148924	-0.420768	-0.187647	-3.35104	6.83919	-0.804588	0.992252	0.281302	-0.177749	
12.306	-0.225159	1.31737	-2.16709	0.491212	0.851003	-1.56998	1.05763	0	0.869586	0.315875	-0.103302	-0.200553	-0.148924	-0.420768	-0.187647	-3.35104	6.83919	-0.804588	0.992252	0.281302	-0.177749	
12.32	-0.225159	1.31737	-2.16709	0.491212	0.851003	-1.56998	1.05763	0	0.862011	0.313138	-0.10371	-0.203405	-0.149286	-0.421077	-0.187281	-3.34183	6.83215	-0.812343	0.992081	0.280625	-0.177419	
12.334	-0.225159	1.31737	-2.16709	0.491212	0.851003	-1.56998	1.05763	0	0.860601	0.312057	-0.107032	-0.203152	-0.150997	-0.421752	-0.187381	-3.33889	6.82503	-0.813879	0.993233	0.278405	-0.177375	
12.334	-0.225159	1.31737	-2.16709	0.491212	0.851003	-1.56998	1.05763	0	0.856523	0.316243	-0.108964	-0.203156	-0.152436	-0.421878	-0.187939	-3.34196	6.81759	-0.819799	0.993356	0.277786	-0.177991	
12.348	-0.225159	1.31737	-2.16709	0.491212	0.851003	-1.56998	1.05763	0	0.839639	0.306793	-0.109043	-0.21094	-0.150881	-0.42239	-0.187811	-3.31754	6.80318	-0.835587	0.992096	0.276951	-0.17777	
12.362	-0.225159	1.31737	-2.16709	0.491212	0.851003	-1.56998	1.05763	0	0.874433	0.3123	-0.10847	-0.198529	-0.149949	-0.422537	-0.188069	-3.34958	6.83705	-0.799781	0.995038	0.278461	-0.177702	
12.376	-0.225159	1.31737	-2.16709	0.491212	0.851003	-1.56998	1.05763	0	0.835266	0.309012	-0.110335	-0.213164	-0.148787	-0.422697	-0.187561	-3.32174	6.81376	-0.843995	0.992509	0.278216	-0.17734	
12.376	-0.225159	1.31737	-2.16709	0.491212	0.851003	-1.56998	1.05763	0	0.846808	0.345629	-0.116843	-0.201745	-0.150559	-0.422024	-0.187356	-3.38469	6.83866	-0.84703	0.994584	0.281703	-0.177212	
12.39	-0.225159	1.31737	-2.16709	0.491212	0.851003	-1.56998	1.05763	0	0.849748	0.319602	-0.110649	-0.207097	-0.148361	-0.422573	-0.187712	-3.34965	6.83812	-0.833702	0.994191	0.280413	-0.177441	
12.404	-0.225159	1.31737	-2.16709	0.491212	0.851003	-1.56998	1.05763	0	0.850686	0.309994	-0.107762	-0.209587	-0.147898	-0.42297	-0.187849	-3.33823	6.84278	-0.830045	0.994623	0.280265	-0.177602	
12.404	-0.225159	1.31737	-2.16709	0.491212	0.851003	-1.56998	1.05763	0	0.853014	0.321772	-0.108658	-0.204944	-0.149094	-0.422607	-0.188158	-3.35246	6.83338	-0.829558	0.993813	0.28119	-0.178091	
12.418	-0.225159	1.31737	-2.16709	0.491212	0.851003	-1.56998	1.05763	0	0.849521	0.321948	-0.107317	-0.20684	-0.14866	-0.422507	-0.188293	-3.35204	6.8363	-0.834228	0.99352	0.282139	-0.178339	
12.432	-0.225159	1.31737	-2.16709	0.491212	0.851003	-1.56998	1.05763	0	0.864987	0.321446	-0.106937	-0.201986	-0.149171	-0.422254	-0.18851	-3.36225	6.8498	-0.816641	0.994811	0.28175	-0.178449	
12.432	-0.225159	1.31737	-2.16709	0.491212	0.851003	-1.56998	1.05763	0	0.866625	0.316381	-0.105775	-0.202505	-0.148712	-0.422325	-0.1885	-3.35559	6.84923	-0.812574	0.994683	0.281429	-0.178399	
12.446	-0.225159	1.31737	-2.16709	0.491212	0.851003	-1.56998	1.05763	0	0.91481	0.318136	-0.103692	-0.186643	-0.151573	-0.42237	-0.188464	-3.39297	6.89751	-0.761162	1.00012	0.281199	-0.178245	
12.46	-0.225159	1.31737	-2.16709	0.491212	0.851003	-1.56998	1.05763	0	0.869637	0.318978	-0.106411	-0.202109	-0.151634	-0.421941	-0.188379	-3.36619	6.8647	-0.812259	0.996628	0.280597	-0.178464	
12.474	-0.225159	1.31737	-2.16709	0.491212	0.851003	-1.56998	1.05763	0	0.90556	0.320572	-0.103982	-0.190865	-0.153429	-0.421919	-0.188068	-3.39604	6.90757	-0.775003	1.0009	0.281148	-0.178118	
12.474	-0.225159	1.31737	-2.16709	0.491212	0.851003	-1.56998	1.05763	0	0.836594	0.321191	-0.108222	-0.214007	-0.153693	-0.422435	-0.188205	-3.3534	6.85378	-0.853737	0.996434	0.280376	-0.178694	
12.488	-0.225159	1.31737	-2.16709	0.491212	0.851003	-1.56998	1.05763	0	0.907331	0.320446	-0.108816	-0.187507	-0.158139	-0.42654	-0.187676	-3.39617	6.90118	-0.778659	1.00695	0.278709	-0.177619	
12.502	-0.225159	1.31737	-2.16709	0.491212	0.851003	-1.56998	1.05763	0	0.867899	0.339031	-0.113108	-0.197	-0.158202	-0.427436	-0.187108	-3.39932	6.88226	-0.833273	1.00555	0.281533	-0.177432	
12.502	-0.225159	1.31737	-2.16709	0.491212	0.851003	-1.56998	1.05763	0	0.875485	0.315103	-0.107947	-0.199568	-0.156881	-0.426977	-0.187123	-3.36765	6.87789	-0.813029	1.00443	0.279167	-0.177305	
12.516	-0.225159	1.31737	-2.16709	0.491212	0.851003	-1.56998	1.05763	0	0.877374	0.321298	-0.110356	-0.199118	-0.156383	-0.423681	-0.187025	-3.38023	6.8873	-0.810327	1.00225	0.27837	-0.177103	
12.53	-0.225159	1.31737	-2.16709	0.491212	0.851003	-1.56998	1.05763	0	0.874465	0.318639	-0.110945	-0.200526	-0.155902	-0.423236	-0.187127	-3.3737	6.8811	-0.811361	1.00131	0.277558	-0.177118	
12.544	-0.225159	1.31737	-2.16709	0.491212	0.851003	-1.56998	1.05763	0	0.874553	0.321203	-0.111441	-0.198252	-0.156132	-0.426607	-0.186362	-3.37535	6.8789	-0.816273	1.00423	0.279015	-0.176331	
12.544	-0.225159	1.31737	-2.16709	0.491212	0.851003	-1.56998	1.05763	0	0.915177	0.291437	-0.105261	-0.191171	-0.155233	-0.427968	-0.185838	-3.35974	6.91001	-0.76081	1.00838	0.27636	-0.175306	
12.558	-0.225159	1.31737	-2.16709	0.491212	0.851003	-1.56998	1.05763	0	0.873728	0.323153	-0.113167	-0.199143	-0.156569	-0.42428	-0.18596	-3.37961	6.88446	-0.816061	1.0029	0.277682	-0.175904	
12.572	-0.225159	1.31737	-2.16709	0.491212	0.851003	-1.56998	1.05763	0	0.880304	0.318177	-0.110166	-0.200271	-0.155191	-0.423743	-0.186014	-3.38217	6.90709	-0.80876	1.00354	0.278759	-0.175949	
12.572	-0.225159	1.31737	-2.16709	0.491212	0.851003	-1.56998	1.05763	0	0.841085	0.313995	-0.111881	-0.211966	-0.154324	-0.427837	-0.186176	-3.34646	6.86178	-0.85421	1.00296	0.279318	-0.17621	
12.586	-0.225159	1.31737	-2.16709	0.491212	0.851003	-1.56998	1.05763	0	0.920417	0.354066	-0.116185	-0.167686	-0.163658	-0.444043	-0.18649	-3.44718	6.90357	-0.799252	1.02513	0.286357	-0.176413	
12.6	-0.225159	1.31737	-2.16709	0.491212	0.851003	-1.56998	1.05763	0	0.914245	0.350353	-0.118862	-0.140907	-0.180787	-0.491691	-0.186873	-3.39391	6.75675	-0.845587	1.06282	0.292999	-0.1772	
12.614	-0.225159	1.31737	-2.16709	0.491212	0.851003	-1.56998	1.05763	0	1.00589	0.351023	-0.116495	-0.0600338	-0.205954	-0.57232	-0.187707	-3.37828	6.59281	-0.811785	1.13277	0.309024	-0.177962	
12.614	-0.225159	1.31737	-2.16709	0.491212	0.851003	-1.56998	1.05763	0	1.03611	0.358385	-0.118376	0.0126204	-0.229743	-0.67606	-0.189369	-3.31797	6.33861	-0.873016	1.21516	0.334051	-0.179542	
12.628	-0.225159	1.31737	-2.16709	0.491212	0.851003	-1.56998	1.05763	0	1.1019	0.364519	-0.12047	0.0928253	-0.255155	-0.780753	-0.191269	-3.29492	6.15678	-0.903061	1.30543	0.359206	-0.181041	
12.642	-0.225159	1.31737	-2.16709	0.491212	0.851003	-1.56998	1.05763	0	1.11194	0.353656	-0.12763	0.146509	-0.283063	-0.873909	-0.192999	-3.21638	5.93361	-0.975238	1.38307	0.373945	-0.182674	
12.642	-0.225159	1.31737	-2.16709	0.491212	0.851003	-1.56998	1.05763	0	1.06268	0.362932	-0.147559	0.186309	-0.313076	-0.958843	-0.194091	-3.11906	5.63383	-1.10651	1.44813	0.382742	-0.183911	
12.656	-0.225159	1.31737	-2.16709	0.491212	0.851003	-1.56998	1.05763	0	1.06555	0.409868	-0.165717	0.258748	-0.349899	-1.04915	-0.194431	-3.09372	5.34042	-1.19472	1.52054	0.397348	-0.185003	
12.67	-0.225159	1.31737	-2.16709	0.491212	0.851003	-1.56998	1.05763	0	1.09584	0.416963	-0.169023	0.339694	-0.383308	-1.14798	-0.195205	-3.00572	4.99882	-1.23523	1.59521	0.413437	-0.18639	
12.684	-0.225159	1.31737	-2.16709	0.491212	0.851003	-1.56998	1.05763	0	1.20595	0.459262	-0.173712	0.456648	-0.421702	-1.2481	-0.196039	-3.01906	4.7238	-1.20214	1.67878	0.433299	-0.187765	
12.684	-0.225159	1.31737	-2.16709	0.491212	0.851003	-1.56998	1.05763	0	1.28553	0.491095	-0.182077	0.561841	-0.457527	-1.34635	-0.196767	-2.99347	4.4085	-1.19423	1.75688	0.449794	-0.188748	
12.698	-0.225159	1.31737	-2.16709	0.491212	0.851003	-1.56998	1.05763	0	1.42505	0.489217	-0.177987	0.671664	-0.488823	-1.43758	-0.19734	-2.97422	4.18775	-1.10405	1.83486	0.464761	-0.189137	
12.712	-0.225159	1.31737	-2.16709	0.491212	0.851003	-1.56998	1.05763	0	1.55168	0.519746	-0.195451	0.778804	-0.523545	-1.52373	-0.198321	-3.01449	4.01023	-1.04498	1.91487	0.474713	-0.18921	
12.712	-0.225159	1.31737	-2.16709	0.491212	0.851003	-1.56998	1.05763	0	1.74218	0.564474	-0.216413	0.91817	-0.565753	-1.61691	-0.199139	-3.10328	3.84094	-0.922681	2.00588	0.48375	-0.188836	
12.726	-0.225159	1.31737	-2.16709	0.491212	0.851003	-1.56998	1.05763	0	1.97123	0.583689	-0.23403	1.08099	-0.618086	-1.72861	-0.200264	-3.14996	3.598	-0.755243	2.11236	0.489439	-0.188712	
12.74	-0.225159	1.31737	-2.16709	0.491212	0.851003	-1.56998	1.05763	0	2.17911	0.567768	-0.249305	1.24253	-0.678592	-1.85442	-0.201498	-3.10504	3.24146	-0.601333	2.22572	0.489421	-0.188981	
12.754	-0.225159	1.31737	-2.16709	0.491212	0.851003	-1.56998	1.05763	0	2.45737	0.554243	-0.258732	1.43133	-0.748594	-1.9728	-0.202425	-3.09491	2.89497	-0.352207	2.33698	0.483447	-0.189506	
12.754	-0.225159	1.31737	-2.16709	0.491212	0.851003	-1.56998	1.05763	0	2.66136	0.558619	-0.275922	1.59535	-0.821116	-2.07612	-0.203446	-3.06215	2.48589	-0.173171	2.42975	0.471226	-0.191011	
12.768	-0.225159	1.31737	-2.16709	0.491212	0.851003	-1.56998	1.05763	0	2.89589	0.610331	-0.296153	1.78308	-0.897032	-2.18393	-0.204612	-3.11244	2.09845	0.0166208	2.52909	0.466777	-0.193016	
12.782	-0.225159	1.31737	-2.16709	0.491212	0.851003	-1.56998	1.05763	0	3.16418	0.623053	-0.302566	1.99274	-0.975359	-2.32217	-0.20638	-3.09266	1.62733	0.238136	2.64989	0.468821	-0.195471	
12.782	-0.225159	1.31737	-2.16709	0.491212	0.851003	-1.56998	1.05763	0	3.47759	0.636649	-0.302399	2.23493	-1.06311	-2.48802	-0.208171	-3.07537	1.1099	0.487001	2.79509	0.478456	-0.198304	
12.796	-0.225159	1.31737	-2.16709	0.491212	0.851003	-1.56998	1.05763	0	3.81751	0.684723	-0.316189	2.50038	-1.15897	-2.66936	-0.209924	-3.12512	0.611638	0.730634	2.96014	0.491197	-0.200636	
12.81	-0.225159	1.31737	-2.16709	0.491212	0.851003	-1.56998	1.05763	0	4.14719	0.651779	-0.324188	2.75285	-1.25014	-2.86033	-0.210999	-3.03332	0.0337593	0.993065	3.12736	0.494902	-0.201112	
12.81	-0.225159	1.31737	-2.16709	0.491212	0.851003	-1.56998	1.05763	0	4.49251	0.694177	-0.352908	3.03624	-1.35301	-3.06166	-0.211946	-3.04972	-0.558456	1.23325	3.30802	0.502575	-0.201567	
12.824	-0.225159	1.31737	-2.16709	0.491212	0.851003	-1.56998	1.05763	0	4.90546	0.686196	-0.370083	3.34576	-1.46021	-3.27405	-0.212935	-3.00157	-1.21639	1.57412	3.49618	0.504306	-0.201621	
12.838	-0.225159	1.31737	-2.16709	0.491212	0.851003	-1.56998	1.05763	0	5.33353	0.719076	-0.392125	3.67916	-1.57518	-3.48671	-0.213626	-2.99352	-1.94111	1.92898	3.68186	0.506434	-0.202054	
12.852	-0.225159	1.31737	-2.16709	0.491212	0.851003	-1.56998	1.05763	0	5.85033	0.688236	-0.397407	4.02086	-1.68437	-3.69132	-0.214125	-2.96422	-2.56471	2.41402	3.86744	0.502458	-0.201335	
12.852	-0.225159	1.31737	-2.16709	0.491212	0.851003	-1.56998	1.05763	0	6.25581	0.735649	-0.418108	4.34682	-1.79629	-3.8975	-0.214235	-2.96331	-3.29427	2.74513	4.04473	0.507203	-0.201636	
12.866	-0.225159	1.31737	-2.16709	0.491212	0.851003	-1.56998	1.05763	0	6.71549	0.728262	-0.420294	4.67748	-1.90292	-4.10014	-0.214433	-2.9144	-3.99687	3.16663	4.2191	0.509129	-0.201688	
12.88	-0.225159	1.31737	-2.16709	0.491212	0.851003	-1.56998	1.05763	0	7.13618	0.776503	-0.432577	4.99491	-2.00684	-4.296	-0.214952	-2.95366	-4.61801	3.51308	4.39184	0.519185	-0.202443	
12.88	-0.225159	1.31737	-2.16709	0.491212	0.851003	-1.56998	1.05763	0	7.52882	0.817092	-0.444305	5.28854	-2.10158	-4.48547	-0.215472	-2.99513	-5.16358	3.82352	4.56113	0.532115	-0.202827	
12.894	-0.225159	1.31737	-2.16709	0.491212	0.851003	-1.56998	1.05763	0	7.93243	0.741737	-0.431515	5.55023	-2.18247	-4.66662	-0.215941	-2.8927	-5.66701	4.19757	4.72145	0.536479	-0.202237	
12.908	-0.225159	1.31737	-2.16709	0.491212	0.851003	-1.56998	1.05763	0	8.26876	0.749524	-0.437101	5.79207	-2.25907	-4.82726	-0.216715	-2.89776	-6.11378	4.47287	4.86514	0.54606	-0.202498	
12.922	-0.225159	1.31737	-2.16709	0.491212	0.851003	-1.56998	1.05763	0	8.57837	0.75953	-0.443487	6.00949	-2.32651	-4.97376	-0.217408	-2.9234	-6.47241	4.7182	4.99934	0.556974	-0.202453	
12.922	-0.225159	1.31737	-2.16709	0.491212	0.851003	-1.56998	1.05763	0	8.94598	0.771296	-0.445453	6.24641	-2.3909	-5.11881	-0.218245	-2.98711	-6.78642	5.03071	5.13517	0.570098	-0.202083	
12.936	-0.225159	1.31737	-2.16709	0.491212	0.851003	-1.56998	1.05763	0	9.2478	0.706427	-0.435469	6.44106	-2.44557	-5.26059	-0.21881	-2.89942	-7.1574	5.30486	5.25936	0.577001	-0.201219	
12.95	-0.225159	1.31737	-2.16709	0.491212	0.851003	-1.56998	1.05763	0	9.53789	0.716543	-0.440982	6.64572	-2.507	-5.39468	-0.219598	-2.91798	-7.51182	5.54206	5.38011	0.586541	-0.201275	
12.95	-0.225159	1.31737	-2.16709	0.491212	0.851003	-1.56998	1.05763	0	9.86882	0.678948	-0.437002	6.84866	-2.56319	-5.51758	-0.219407	-2.89733	-7.82939	5.85802	5.49269	0.588271	-0.199687	
12.964	-0.225159	1.31737	-2.16709	0.491212	0.851003	-1.56998	1.05763	0	10.141	0.688649	-0.442397	7.03509	-2.61916	-5.62785	-0.219318	-2.91822	-8.15033	6.09932	5.59236	0.591863	-0.199007	
12.978	-0.225159	1.31737	-2.16709	0.491212	0.851003	-1.56998	1.05763	0	10.3534	0.671775	-0.447331	7.18724	-2.6713	-5.72627	-0.219145	-2.8767	-8.48214	6.29329	5.67866	0.589011	-0.198399	
12.992	-0.225159	1.31737	-2.16709	0.491212	0.851003	-1.56998	1.05763	0	10.6238	0.664926	-0.445234	7.36179	-2.72424	-5.81707	-0.219075	-2.87565	-8.79628	6.56398	5.75961	0.58631	-0.198142	
12.992	-0.225159	1.31737	-2.16709	0.491212	0.851003	-1.56998	1.05763	0	10.8429	0.650867	-0.446816	7.51195	-2.77441	-5.90297	-0.219261	-2.84442	-9.11543	6.78027	5.83452	0.58134	-0.198155	
13.006	-0.225159	1.31737	-2.16709	0.491212	0.851003	-1.56998	1.05763	0	11.0729	0.682238	-0.448299	7.67334	-2.82312	-5.98571	-0.219262	-2.88778	-9.40155	6.99226	5.9075	0.584988	-0.198517	
13.02	-0.225159	1.31737	-2.16709	0.491212	0.851003	-1.56998	1.05763	0	11.2607	0.666179	-0.446678	7.8048	-2.86302	-6.06419	-0.219177	-2.84551	-9.69887	7.17727	5.97281	0.583859	-0.198154	
13.02	-0.225159	1.31737	-2.16709	0.491212	0.851003	-1.56998	1.05763	0	11.4938	0.645659	-0.44219	7.94521	-2.9008	-6.14221	-0.220019	-2.84242	-9.91443	7.40793	6.04403	0.584492	-0.198212	
13.034	-0.225159	1.31737	-2.16709	0.491212	0.851003	-1.56998	1.05763	0	11.6824	0.651737	-0.439994	8.07236	-2.93744	-6.21906	-0.220347	-2.85923	-10.1224	7.57296	6.11298	0.590885	-0.198414	
13.048	-0.225159	1.31737	-2.16709	0.491212	0.851003	-1.56998	1.05763	0	11.8044	0.628338	-0.438979	8.16515	-2.96767	-6.2908	-0.220188	-2.80188	-10.3538	7.67664	6.17299	0.593227	-0.197897	
13.062	-0.225159	1.31737	-2.16709	0.491212	0.851003	-1.56998	1.05763	0	11.9834	0.660818	-0.446119	8.28892	-3.00219	-6.36278	-0.219835	-2.86681	-10.5145	7.81776	6.24093	0.601091	-0.197115	
13.062	-0.225159	1.31737	-2.16709	0.491212	0.851003	-1.56998	1.05763	0	12.2009	0.613513	-0.436923	8.40575	-3.0308	-6.42947	-0.219285	-2.84037	-10.6617	8.04318	6.30386	0.600084	-0.195392	
13.076	-0.225159	1.31737	-2.16709	0.491212	0.851003	-1.56998	1.05763	0	12.3521	0.585342	-0.434906	8.49689	-3.05498	-6.48209	-0.219014	-2.80904	-10.8275	8.20009	6.35031	0.597487	-0.194268	
13.09	-0.225159	1.31737	-2.16709	0.491212	0.851003	-1.56998	1.05763	0	12.4749	0.626871	-0.446508	8.58822	-3.08166	-6.52272	-0.218535	-2.86876	-10.9759	8.30713	6.38754	0.597898	-0.193624	
13.09	-0.225159	1.31737	-2.16709	0.491212	0.851003	-1.56998	1.05763	0	12.5348	0.581173	-0.44053	8.63597	-3.1002	-6.55799	-0.218294	-2.7605	-11.1918	8.38815	6.41052	0.590656	-0.193389	
13.104	-0.225159	1.31737	-2.16709	0.491212	0.851003	-1.56998	1.05763	0	12.6576	0.583669	-0.439242	8.71739	-3.12112	-6.58487	-0.218172	-2.74996	-11.3855	8.53739	6.4291	0.584804	-0.193267	
13.118	-0.225159	1.31737	-2.16709	0.491212	0.851003	-1.56998	1.05763	0	12.6989	0.604618	-0.442708	8.77485	-3.13988	-6.60636	-0.217636	-2.7084	-11.6509	8.59667	6.43493	0.579935	-0.193455	
13.132	-0.225159	1.31737	-2.16709	0.491212	0.851003	-1.56998	1.05763	0	12.8033	0.573681	-0.433131	8.83771	-3.15313	-6.624	-0.217932	-2.64018	-11.8545	8.75035	6.44115	0.571045	-0.193632	
13.132	-0.225159	1.31737	-2.16709	0.491212	0.851003	-1.56998	1.05763	0	12.8915	0.579761	-0.426952	8.89858	-3.16711	-6.63995	-0.217869	-2.62797	-12.0198	8.86542	6.44814	0.568343	-0.194019	
13.146	-0.225159	1.31737	-2.16709	0.491212	0.851003	-1.56998	1.05763	0	12.8899	0.567709	-0.424316	8.91502	-3.1722	-6.64424	-0.217795	-2.55109	-12.2006	8.89313	6.43958	0.562106	-0.194307	
13.16	-0.225159	1.31737	-2.16709	0.491212	0.851003	-1.56998	1.05763	0	12.8825	0.543033	-0.424815	8.91701	-3.17043	-6.64037	-0.217926	-2.47512	-12.3215	8.91891	6.42672	0.553383	-0.194016	
13.16	-0.225159	1.31737	-2.16709	0.491212	0.851003	-1.56998	1.05763	0	12.8957	0.58388	-0.430116	8.94316	-3.16968	-6.63694	-0.21784	-2.49757	-12.4334	8.94411	6.41451	0.554497	-0.193998	
13.174	-0.225159	1.31737	-2.16709	0.491212	0.851003	-1.56998	1.05763	0	12.8783	0.574888	-0.431512	8.94709	-3.16795	-6.64072	-0.217625	-2.43836	-12.5525	8.94111	6.40814	0.551838	-0.19354	
13.188	-0.225159	1.31737	-2.16709	0.491212	0.851003	-1.56998	1.05763	0	12.9022	0.560712	-0.425616	8.96657	-3.16787	-6.64535	-0.21755	-2.38891	-12.6659	8.99032	6.40346	0.549814	-0.193375	
13.202	-0.225159	1.31737	-2.16709	0.491212	0.851003	-1.56998	1.05763	0	12.9173	0.550061	-0.424503	8.97842	-3.16898	-6.64327	-0.21749	-2.35238	-12.7503	9.03052	6.39585	0.544238	-0.193188	
13.202	-0.225159	1.31737	-2.16709	0.491212	0.851003	-1.56998	1.05763	0	12.9211	0.547472	-0.426952	8.9849	-3.16854	-6.63855	-0.217815	-2.32874	-12.8184	9.05407	6.38668	0.539054	-0.193268	
13.216	-0.225159	1.31737	-2.16709	0.491212	0.851003	-1.56998	1.05763	0	12.9087	0.559925	-0.427393	8.98963	-3.16869	-6.63532	-0.217611	-2.31477	-12.8946	9.05132	6.37732	0.538298	-0.19342	
13.23	-0.225159	1.31737	-2.16709	0.491212	0.851003	-1.56998	1.05763	0	12.8733	0.521343	-0.424434	8.96998	-3.16898	-6.63108	-0.217155	-2.23009	-12.9514	9.03667	6.36912	0.529978	-0.193073	
13.23	-0.225159	1.31737	-2.16709	0.491212	0.851003	-1.56998	1.05763	0	12.8899	0.556772	-0.428104	8.98462	-3.17141	-6.62244	-0.216592	-2.2806	-12.9629	9.05754	6.36112	0.529849	-0.192908	
13.244	-0.225159	1.31737	-2.16709	0.491212	0.851003	-1.56998	1.05763	0	12.8846	0.546369	-0.429568	8.97492	-3.17243	-6.61292	-0.216768	-2.27287	-12.9431	9.06352	6.35488	0.523657	-0.193078	
13.258	-0.225159	1.31737	-2.16709	0.491212	0.851003	-1.56998	1.05763	0	12.888	0.538258	-0.426994	8.97353	-3.17235	-6.60873	-0.216655	-2.26139	-12.9476	9.07737	6.35066	0.521327	-0.19306	
13.258	-0.225159	1.31737	-2.16709	0.491212	0.851003	-1.56998	1.05763	0	12.8832	0.547342	-0.429685	8.96903	-3.17598	-6.60676	-0.216308	-2.28746	-12.9039	9.06248	6.35356	0.520903	-0.193005	
13.272	-0.225159	1.31737	-2.16709	0.491212	0.851003	-1.56998	1.05763	0	12.9247	0.580011	-0.434204	8.99003	-3.18279	-6.61085	-0.216092	-2.36949	-12.8431	9.08567	6.3649	0.524299	-0.192948	
13.286	-0.225159	1.31737	-2.16709	0.491212	0.851003	-1.56998	1.05763	0	12.959	0.55971	-0.431035	8.99702	-3.18608	-6.62105	-0.216177	-2.37423	-12.788	9.1131	6.38036	0.524853	-0.192693	
13.3	-0.225159	1.31737	-2.16709	0.491212	0.851003	-1.56998	1.05763	0	12.9993	0.528236	-0.422259	8.99952	-3.1857	-6.62905	-0.215799	-2.3749	-12.6994	9.15021	6.39479	0.526983	-0.191937	
13.3	-0.225159	1.31737	-2.16709	0.491212	0.851003	-1.56998	1.05763	0	13.0238	0.583354	-0.430181	9.01792	-3.19164	-6.6312	-0.215694	-2.48194	-12.6352	9.14563	6.40384	0.533444	-0.19222	
13.314	-0.225159	1.31737	-2.16709	0.491212	0.851003	-1.56998	1.05763	0	13.0396	0.557749	-0.430091	9.01565	-3.19336	-6.63807	-0.215458	-2.47046	-12.5866	9.15715	6.41549	0.531371	-0.191454	
13.328	-0.225159	1.31737	-2.16709	0.491212	0.851003	-1.56998	1.05763	0	13.0626	0.556685	-0.427985	9.02599	-3.19523	-6.6517	-0.21506	-2.48789	-12.5533	9.16264	6.43117	0.536913	-0.190904	
13.328	-0.225159	1.31737	-2.16709	0.491212	0.851003	-1.56998	1.05763	0	13.0898	0.535322	-0.422442	9.03819	-3.19617	-6.67031	-0.214865	-2.46679	-12.5565	9.18092	6.44834	0.541345	-0.19032	
13.342	-0.225159	1.31737	-2.16709	0.491212	0.851003	-1.56998	1.05763	0	13.1089	0.525859	-0.419613	9.04842	-3.1975	-6.68822	-0.21482	-2.46359	-12.547	9.18316	6.46591	0.547049	-0.189983	
13.356	-0.225159	1.31737	-2.16709	0.491212	0.851003	-1.56998	1.05763	0	13.2092	0.536874	-0.416671	9.0883	-3.20178	-6.70343	-0.215287	-2.54867	-12.4533	9.26864	6.48972	0.554007	-0.189857	
13.37	-0.225159	1.31737	-2.16709	0.491212	0.851003	-1.56998	1.05763	0	13.2401	0.515873	-0.415488	9.0937	-3.20223	-6.71222	-0.214887	-2.5495	-12.4008	9.29457	6.50297	0.554191	-0.188797	
13.37	-0.225159	1.31737	-2.16709	0.491212	0.851003	-1.56998	1.05763	0	13.2577	0.544221	-0.421274	9.1003	-3.20431	-6.71282	-0.21489	-2.62239	-12.3212	9.29095	6.51084	0.558031	-0.188744	
13.384	-0.225159	1.31737	-2.16709	0.491212	0.851003	-1.56998	1.05763	0	13.282	0.517466	-0.422982	9.09541	-3.20412	-6.71213	-0.214725	-2.62504	-12.2372	9.31764	6.51828	0.553341	-0.187759	
13.398	-0.225159	1.31737	-2.16709	0.491212	0.851003	-1.56998	1.05763	0	13.2981	0.518604	-0.423819	9.09814	-3.20508	-6.71085	-0.214519	-2.64648	-12.1972	9.33204	6.52101	0.552806	-0.187423	
13.398	-0.225159	1.31737	-2.16709	0.491212	0.851003	-1.56998	1.05763	0	13.3114	0.50971	-0.421789	9.10156	-3.20493	-6.70518	-0.214612	-2.6338	-12.215	9.36281	6.51471	0.548849	-0.187463	
13.412	-0.225159	1.31737	-2.16709	0.491212	0.851003	-1.56998	1.05763	0	13.3043	0.570643	-0.430713	9.11572	-3.2074	-6.69991	-0.214609	-2.7029	-12.2494	9.34343	6.50751	0.552886	-0.188047	
13.426	-0.225159	1.31737	-2.16709	0.491212	0.851003	-1.56998	1.05763	0	13.3074	0.525635	-0.422449	9.11766	-3.20496	-6.70138	-0.214609	-2.60426	-12.3616	9.38226	6.4994	0.546368	-0.187756	
13.44	-0.225159	1.31737	-2.16709	0.491212	0.851003	-1.56998	1.05763	0	13.3668	0.486468	-0.409611	9.13545	-3.20503	-6.70285	-0.214366	-2.56469	-12.3833	9.47414	6.49953	0.54245	-0.187255	
13.44	-0.225159	1.31737	-2.16709	0.491212	0.851003	-1.56998	1.05763	0	13.3397	0.521031	-0.415461	9.14126	-3.20765	-6.70696	-0.214232	-2.57795	-12.4534	9.43333	6.49793	0.546178	-0.187635	
13.454	-0.225159	1.31737	-2.16709	0.491212	0.851003	-1.56998	1.05763	0	13.3643	0.499162	-0.409396	9.14816	-3.20913	-6.71605	-0.214115	-2.55959	-12.4454	9.45923	6.5075	0.547066	-0.187368	
13.468	-0.225159	1.31737	-2.16709	0.491212	0.851003	-1.56998	1.05763	0	13.3743	0.486737	-0.41044	9.14625	-3.21071	-6.72344	-0.21392	-2.56536	-12.3913	9.45692	6.51965	0.547637	-0.186804	
13.468	-0.225159	1.31737	-2.16709	0.491212	0.851003	-1.56998	1.05763	0	13.3731	0.498409	-0.41628	9.14338	-3.21417	-6.72948	-0.214434	-2.60673	-12.3209	9.43006	6.53228	0.550253	-0.187221	
13.482	-0.225159	1.31737	-2.16709	0.491212	0.851003	-1.56998	1.05763	0	13.4416	0.505922	-0.418839	9.17305	-3.21849	-6.74078	-0.214121	-2.66024	-12.2726	9.48953	6.5493	0.552377	-0.186243	
13.496	-0.225159	1.31737	-2.16709	0.491212	0.851003	-1.56998	1.05763	0	13.5078	0.534083	-0.420308	9.2148	-3.22775	-6.76085	-0.214389	-2.72332	-12.278	9.53555	6.5709	0.559142	-0.18652	
13.51	-0.225159	1.31737	-2.16709	0.491212	0.851003	-1.56998	1.05763	0	13.6076	0.530704	-0.416608	9.26866	-3.24292	-6.78627	-0.215059	-2.7452	-12.3227	9.63494	6.59715	0.559674	-0.187115	
13.51	-0.225159	1.31737	-2.16709	0.491212	0.851003	-1.56998	1.05763	0	13.6834	0.494809	-0.410338	9.30993	-3.25426	-6.81698	-0.215262	-2.6996	-12.4054	9.71619	6.62395	0.558559	-0.186839	
13.524	-0.225159	1.31737	-2.16709	0.491212	0.851003	-1.56998	1.05763	0	13.7814	0.509641	-0.413128	9.36932	-3.27044	-6.84381	-0.215861	-2.74275	-12.4613	9.80593	6.65134	0.559697	-0.187212	
13.538	-0.225159	1.31737	-2.16709	0.491212	0.851003	-1.56998	1.05763	0	13.8287	0.472902	-0.409479	9.39079	-3.27992	-6.86584	-0.216171	-2.70201	-12.4959	9.85493	6.67328	0.556746	-0.187117	
13.538	-0.225159	1.31737	-2.16709	0.491212	0.851003	-1.56998	1.05763	0	13.9031	0.472701	-0.41214	9.42722	-3.2904	-6.88395	-0.216282	-2.73633	-12.4867	9.92151	6.69587	0.556343	-0.186736	
13.552	-0.225159	1.31737	-2.16709	0.491212	0.851003	-1.56998	1.05763	0	13.9639	0.480714	-0.413845	9.4584	-3.29896	-6.89873	-0.216077	-2.77695	-12.4724	9.97195	6.71451	0.557952	-0.186295	
13.566	-0.225159	1.31737	-2.16709	0.491212	0.851003	-1.56998	1.05763	0	14.031	0.479654	-0.414052	9.49147	-3.30642	-6.90885	-0.215687	-2.79784	-12.4864	10.0449	6.72656	0.556091	-0.185565	
13.58	-0.225159	1.31737	-2.16709	0.491212	0.851003	-1.56998	1.05763	0	14.0475	0.489723	-0.420989	9.51312	-3.31331	-6.91557	-0.21539	-2.78921	-12.5791	10.0676	6.72885	0.551906	-0.185129	
13.58	-0.225159	1.31737	-2.16709	0.491212	0.851003	-1.56998	1.05763	0	14.0692	0.475871	-0.413807	9.53145	-3.31618	-6.92088	-0.215753	-2.74175	-12.6884	10.1122	6.72586	0.549749	-0.185741	
13.594	-0.225159	1.31737	-2.16709	0.491212	0.851003	-1.56998	1.05763	0	14.0704	0.467904	-0.411331	9.54557	-3.31832	-6.92348	-0.215717	-2.68319	-12.832	10.1379	6.71762	0.545651	-0.185888	
13.608	-0.225159	1.31737	-2.16709	0.491212	0.851003	-1.56998	1.05763	0	14.1601	0.434579	-0.39766	9.58149	-3.32045	-6.92242	-0.21547	-2.64835	-12.8988	10.2768	6.713	0.539175	-0.185401	
13.608	-0.225159	1.31737	-2.16709	0.491212	0.851003	-1.56998	1.05763	0	14.1282	0.477233	-0.407811	9.58797	-3.32455	-6.91627	-0.21519	-2.66056	-13.0036	10.2461	6.70029	0.537088	-0.185738	
13.622	-0.225159	1.31737	-2.16709	0.491212	0.851003	-1.56998	1.05763	0	14.1144	0.477326	-0.406397	9.58889	-3.325	-6.90912	-0.214842	-2.62618	-13.0893	10.2531	6.68681	0.532845	-0.185796	
13.636	-0.225159	1.31737	-2.16709	0.491212	0.851003	-1.56998	1.05763	0	14.1227	0.473475	-0.403805	9.59095	-3.32286	-6.90009	-0.214855	-2.61548	-13.1133	10.2814	6.67598	0.529572	-0.185831	
13.65	-0.225159	1.31737	-2.16709	0.491212	0.851003	-1.56998	1.05763	0	14.1154	0.487129	-0.40805	9.59066	-3.32393	-6.89264	-0.215095	-2.62745	-13.129	10.2794	6.66852	0.526742	-0.186215	
13.65	-0.225159	1.31737	-2.16709	0.491212	0.851003	-1.56998	1.05763	0	14.0802	0.483425	-0.407489	9.57581	-3.32319	-6.88397	-0.21586	-2.59713	-13.1675	10.2547	6.65675	0.523248	-0.187411	
13.664	-0.225159	1.31737	-2.16709	0.491212	0.851003	-1.56998	1.05763	0	14.0726	0.471737	-0.407324	9.57131	-3.3215	-6.87369	-0.216689	-2.56329	-13.2171	10.2718	6.64325	0.516595	-0.188163	
13.678	-0.225159	1.31737	-2.16709	0.491212	0.851003	-1.56998	1.05763	0	14.0861	0.472095	-0.40564	9.58368	-3.32365	-6.87094	-0.217107	-2.54489	-13.2912	10.3049	6.63576	0.513027	-0.188772	
13.678	-0.225159	1.31737	-2.16709	0.491212	0.851003	-1.56998	1.05763	0	14.0885	0.483335	-0.401844	9.59835	-3.32617	-6.8758	-0.216557	-2.52904	-13.3813	10.3131	6.63309	0.515301	-0.188797	
13.692	-0.225159	1.31737	-2.16709	0.491212	0.851003	-1.56998	1.05763	0	14.0894	0.463405	-0.397119	9.60468	-3.32849	-6.88067	-0.21676	-2.47137	-13.474	10.3311	6.63094	0.512076	-0.189156	
13.706	-0.225159	1.31737	-2.16709	0.491212	0.851003	-1.56998	1.05763	0	14.0968	0.498795	-0.401042	9.61934	-3.33134	-6.87944	-0.216252	-2.51265	-13.5017	10.3333	6.62832	0.514524	-0.18905	
13.706	-0.225159	1.31737	-2.16709	0.491212	0.851003	-1.56998	1.05763	0	14.098	0.508817	-0.404872	9.62208	-3.33409	-6.88051	-0.21613	-2.53065	-13.4933	10.3276	6.63119	0.514261	-0.188963	
13.72	-0.225159	1.31737	-2.16709	0.491212	0.851003	-1.56998	1.05763	0	14.1057	0.459067	-0.400095	9.60957	-3.33367	-6.88137	-0.216208	-2.47906	-13.4571	10.3486	6.63558	0.507985	-0.188514	
13.734	-0.225159	1.31737	-2.16709	0.491212	0.851003	-1.56998	1.05763	0	14.1367	0.459753	-0.405746	9.61535	-3.33675	-6.88407	-0.216089	-2.52247	-13.3723	10.3682	6.64718	0.506688	-0.187818	
13.748	-0.225159	1.31737	-2.16709	0.491212	0.851003	-1.56998	1.05763	0	14.1707	0.501472	-0.411565	9.63537	-3.34357	-6.89075	-0.216453	-2.61653	-13.3054	10.374	6.6611	0.512725	-0.188418	
13.748	-0.225159	1.31737	-2.16709	0.491212	0.851003	-1.56998	1.05763	0	14.1861	0.485529	-0.412757	9.63565	-3.3492	-6.90248	-0.216892	-2.62311	-13.2466	10.3728	6.67918	0.512605	-0.188598	
13.762	-0.225159	1.31737	-2.16709	0.491212	0.851003	-1.56998	1.05763	0	14.2309	0.475709	-0.407216	9.65121	-3.35401	-6.91545	-0.216877	-2.64284	-13.1987	10.4073	6.69663	0.516157	-0.188556	
13.776	-0.225159	1.31737	-2.16709	0.491212	0.851003	-1.56998	1.05763	0	14.2208	0.452942	-0.408403	9.64382	-3.35832	-6.92421	-0.216943	-2.61158	-13.1941	10.3898	6.707	0.513473	-0.188484	
13.776	-0.225159	1.31737	-2.16709	0.491212	0.851003	-1.56998	1.05763	0	14.2746	0.491927	-0.414972	9.67149	-3.36632	-6.93238	-0.216964	-2.71208	-13.1202	10.4182	6.72383	0.518294	-0.188496	
13.79	-0.225159	1.31737	-2.16709	0.491212	0.851003	-1.56998	1.05763	0	14.2982	0.50062	-0.414575	9.68311	-3.36961	-6.94286	-0.217559	-2.7452	-13.086	10.4245	6.73725	0.523153	-0.18909	
13.804	-0.225159	1.31737	-2.16709	0.491212	0.851003	-1.56998	1.05763	0	14.3515	0.483174	-0.408706	9.69833	-3.3728	-6.95388	-0.217737	-2.76217	-13.0256	10.473	6.75373	0.525322	-0.188958	
13.818	-0.225159	1.31737	-2.16709	0.491212	0.851003	-1.56998	1.05763	0	14.3914	0.481263	-0.409101	9.71837	-3.37841	-6.97028	-0.218301	-2.78109	-13.0124	10.4991	6.77241	0.528147	-0.189206	
13.818	-0.225159	1.31737	-2.16709	0.491212	0.851003	-1.56998	1.05763	0	14.4605	0.473268	-0.403639	9.74991	-3.38364	-6.99029	-0.219212	-2.80206	-12.9989	10.5599	6.79414	0.533012	-0.189764	
13.832	-0.225159	1.31737	-2.16709	0.491212	0.851003	-1.56998	1.05763	0	14.5092	0.461192	-0.400941	9.77493	-3.3879	-7.01333	-0.219466	-2.80334	-13.0027	10.5954	6.81702	0.537705	-0.189497	
13.846	-0.225159	1.31737	-2.16709	0.491212	0.851003	-1.56998	1.05763	0	14.5439	0.468629	-0.403019	9.80204	-3.3942	-7.0367	-0.219663	-2.81699	-13.0349	10.6099	6.83852	0.543093	-0.189405	
13.846	-0.225159	1.31737	-2.16709	0.491212	0.851003	-1.56998	1.05763	0	14.5592	0.460134	-0.403005	9.81463	-3.39527	-7.05353	-0.219551	-2.80134	-13.0636	10.6148	6.85236	0.546551	-0.188833	
13.86	-0.225159	1.31737	-2.16709	0.491212	0.851003	-1.56998	1.05763	0	14.6054	0.469794	-0.405824	9.83655	-3.39908	-7.06529	-0.219502	-2.84559	-13.0263	10.6467	6.86827	0.549821	-0.188326	
13.874	-0.225159	1.31737	-2.16709	0.491212	0.851003	-1.56998	1.05763	0	14.6437	0.470208	-0.403319	9.85353	-3.40404	-7.06599	-0.21941	-2.86024	-13.03	10.6941	6.87073	0.547876	-0.188389	
13.888	-0.225159	1.31737	-2.16709	0.491212	0.851003	-1.56998	1.05763	0	14.685	0.465783	-0.404077	9.87179	-3.40852	-7.06715	-0.219989	-2.8674	-13.0453	10.7481	6.87327	0.543583	-0.188705	
13.888	-0.225159	1.31737	-2.16709	0.491212	0.851003	-1.56998	1.05763	0	14.6524	0.461691	-0.405498	9.8673	-3.40873	-7.06754	-0.22048	-2.81688	-13.1452	10.7252	6.86556	0.540711	-0.189379	
13.902	-0.225159	1.31737	-2.16709	0.491212	0.851003	-1.56998	1.05763	0	14.6524	0.461691	-0.405498	9.8673	-3.40873	-7.06754	-0.22048	-2.81688	-13.1452	10.7252	6.86556	0.540711	-0.189379	
13.916	-0.225159	1.31737	-2.16709	0.491212	0.851003	-1.56998	1.05763	0	14.6903	0.464982	-0.401143	9.89342	-3.4094	-7.05249	-0.221581	-2.78948	-13.287	10.8163	6.84125	0.531958	-0.190717	
13.916	-0.225159	1.31737	-2.16709	0.491212	0.851003	-1.56998	1.05763	0	14.6816	0.451929	-0.400037	9.89047	-3.40809	-7.04048	-0.221629	-2.74373	-13.3621	10.8392	6.82419	0.523945	-0.190818	
13.93	-0.225159	1.31737	-2.16709	0.491212	0.851003	-1.56998	1.05763	0	14.6994	0.459845	-0.400546	9.90137	-3.40604	-7.02954	-0.220934	-2.74532	-13.4064	10.8811	6.81038	0.519913	-0.190023	
13.944	-0.225159	1.31737	-2.16709	0.491212	0.851003	-1.56998	1.05763	0	14.6639	0.474557	-0.402635	9.89457	-3.40539	-7.02131	-0.220128	-2.72855	-13.4721	10.8533	6.79674	0.518201	-0.189749	
13.958	-0.225159	1.31737	-2.16709	0.491212	0.851003	-1.56998	1.05763	0	14.6583	0.44153	-0.396711	9.88795	-3.40117	-7.01545	-0.220097	-2.66099	-13.5301	10.8771	6.78547	0.512457	-0.189497	
13.958	-0.225159	1.31737	-2.16709	0.491212	0.851003	-1.56998	1.05763	0	14.6188	0.469207	-0.403132	9.88263	-3.40138	-7.01265	-0.220582	-2.66691	-13.5829	10.8295	6.77822	0.513701	-0.190389	
13.972	-0.225159	1.31737	-2.16709	0.491212	0.851003	-1.56998	1.05763	0	14.5944	0.475113	-0.403695	9.87586	-3.39932	-7.01053	-0.221273	-2.65569	-13.6131	10.8048	6.77266	0.514616	-0.19126	
13.986	-0.225159	1.31737	-2.16709	0.491212	0.851003	-1.56998	1.05763	0	14.6338	0.438442	-0.399961	9.88042	-3.39864	-7.00841	-0.22231	-2.62936	-13.5944	10.8677	6.77338	0.50784	-0.191555	
13.986	-0.225159	1.31737	-2.16709	0.491212	0.851003	-1.56998	1.05763	0	14.607	0.460462	-0.406362	9.87596	-3.40066	-7.00922	-0.222871	-2.64706	-13.6057	10.826	6.77368	0.509388	-0.192382	
14	-0.225159	1.31737	-2.16709	0.491212	0.851003	-1.56998	1.05763	0	14.6391	0.448231	-0.403977	9.88899	-3.40373	-7.01793	-0.223223	-2.64385	-13.605	10.8589	6.78331	0.509301	-0.192484	
14.014	-0.225159	1.31737	-2.16709	0.491212	0.851003	-1.56998	1.05763	0	14.6658	0.451662	-0.402012	9.90359	-3.4082	-7.03145	-0.223191	-2.66437	-13.588	10.8701	6.79849	0.513992	-0.192512	
14.028	-0.225159	1.31737	-2.16709	0.491212	0.851003	-1.56998	1.05763	0	14.7137	0.445706	-0.397099	9.92343	-3.41086	-7.04622	-0.223724	-2.68471	-13.5576	10.9077	6.81552	0.519088	-0.192798	
14.028	-0.225159	1.31737	-2.16709	0.491212	0.851003	-1.56998	1.05763	0	14.7588	0.432319	-0.395383	9.93786	-3.4139	-7.05915	-0.223905	-2.70182	-13.5061	10.9431	6.83331	0.521097	-0.192454	
14.042	-0.225159	1.31737	-2.16709	0.491212	0.851003	-1.56998	1.05763	0	14.7714	0.464369	-0.403753	9.951	-3.42055	-7.07078	-0.224345	-2.76575	-13.4677	10.9237	6.84963	0.526184	-0.192927	
14.056	-0.225159	1.31737	-2.16709	0.491212	0.851003	-1.56998	1.05763	0	14.823	0.450389	-0.402183	9.97149	-3.42644	-7.08593	-0.224448	-2.77655	-13.4419	10.9686	6.86858	0.526853	-0.192599	
14.056	-0.225159	1.31737	-2.16709	0.491212	0.851003	-1.56998	1.05763	0	14.8766	0.432899	-0.399273	9.99283	-3.43328	-7.10313	-0.224899	-2.78244	-13.42	11.0152	6.88933	0.527707	-0.192687	
14.07	-0.225159	1.31737	-2.16709	0.491212	0.851003	-1.56998	1.05763	0	14.929	0.440128	-0.400929	10.0229	-3.4418	-7.12349	-0.225444	-2.81555	-13.4175	11.05	6.91193	0.531443	-0.192986	
14.084	-0.225159	1.31737	-2.16709	0.491212	0.851003	-1.56998	1.05763	0	14.9607	0.428287	-0.400796	10.0415	-3.45157	-7.13866	-0.225291	-2.80396	-13.4468	11.078	6.92764	0.529504	-0.192838	
14.098	-0.225159	1.31737	-2.16709	0.491212	0.851003	-1.56998	1.05763	0	15.0296	0.444318	-0.40268	10.0814	-3.46569	-7.15813	-0.225981	-2.85396	-13.4527	11.1322	6.95082	0.531414	-0.193658	
14.098	-0.225159	1.31737	-2.16709	0.491212	0.851003	-1.56998	1.05763	0	15.0695	0.465248	-0.405629	10.1138	-3.47695	-7.17545	-0.226627	-2.88449	-13.501	11.1586	6.96718	0.53395	-0.194558	
14.112	-0.225159	1.31737	-2.16709	0.491212	0.851003	-1.56998	1.05763	0	15.1636	0.43175	-0.397448	10.1491	-3.48541	-7.19065	-0.22706	-2.87936	-13.4934	11.2674	6.98611	0.530835	-0.194503	
14.126	-0.225159	1.31737	-2.16709	0.491212	0.851003	-1.56998	1.05763	0	15.1875	0.459904	-0.402265	10.1729	-3.49327	-7.2012	-0.227202	-2.91833	-13.5241	11.2772	6.9963	0.533593	-0.194886	
14.126	-0.225159	1.31737	-2.16709	0.491212	0.851003	-1.56998	1.05763	0	15.2679	0.440817	-0.403221	10.2028	-3.50045	-7.20823	-0.227424	-2.93242	-13.5065	11.3721	7.00889	0.527213	-0.194297	
14.14	-0.225159	1.31737	-2.16709	0.491212	0.851003	-1.56998	1.05763	0	15.2923	0.445856	-0.4051	10.2195	-3.50694	-7.21693	-0.227791	-2.94314	-13.5292	11.3923	7.01783	0.526823	-0.194691	
14.154	-0.225159	1.31737	-2.16709	0.491212	0.851003	-1.56998	1.05763	0	15.2948	0.437552	-0.405903	10.2265	-3.51216	-7.22263	-0.228487	-2.9147	-13.5909	11.401	7.02039	0.523343	-0.195472	
14.154	-0.225159	1.31737	-2.16709	0.491212	0.851003	-1.56998	1.05763	0	15.3407	0.460232	-0.409117	10.2564	-3.51803	-7.22509	-0.228929	-2.95175	-13.6308	11.453	7.02229	0.52235	-0.195917	
14.168	-0.225159	1.31737	-2.16709	0.491212	0.851003	-1.56998	1.05763	0	15.3592	0.417103	-0.400638	10.2637	-3.51869	-7.22578	-0.229514	-2.86738	-13.7305	11.509	7.01577	0.514536	-0.19633	
14.182	-0.225159	1.31737	-2.16709	0.491212	0.851003	-1.56998	1.05763	0	15.3683	0.444292	-0.40601	10.2827	-3.52355	-7.22309	-0.229866	-2.87983	-13.8202	11.5284	7.00824	0.511715	-0.196986	
14.196	-0.225159	1.31737	-2.16709	0.491212	0.851003	-1.56998	1.05763	0	15.3892	0.423426	-0.39818	10.2959	-3.52424	-7.22087	-0.230154	-2.82455	-13.9229	11.5836	6.99834	0.506548	-0.19742	
14.196	-0.225159	1.31737	-2.16709	0.491212	0.851003	-1.56998	1.05763	0	15.4284	0.449307	-0.399764	10.3267	-3.52984	-7.22067	-0.230267	-2.85057	-13.9983	11.636	6.9945	0.50519	-0.19781	
14.21	-0.225159	1.31737	-2.16709	0.491212	0.851003	-1.56998	1.05763	0	15.432	0.439709	-0.397832	10.3301	-3.53113	-7.2194	-0.230344	-2.82404	-14.0437	11.6535	6.99034	0.501836	-0.197967	
14.224	-0.225159	1.31737	-2.16709	0.491212	0.851003	-1.56998	1.05763	0	15.4548	0.432032	-0.39566	10.3396	-3.53448	-7.21823	-0.230602	-2.81644	-14.0648	11.6901	6.98918	0.498157	-0.198295	
14.224	-0.225159	1.31737	-2.16709	0.491212	0.851003	-1.56998	1.05763	0	15.4358	0.434944	-0.398324	10.3349	-3.53691	-7.21862	-0.230483	-2.80665	-14.0868	11.6678	6.98856	0.496759	-0.1984	
14.238	-0.225159	1.31737	-2.16709	0.491212	0.851003	-1.56998	1.05763	0	15.4885	0.442628	-0.396364	10.3561	-3.54184	-7.21924	-0.230513	-2.84876	-14.0549	11.7247	6.99389	0.496419	-0.198493	
14.252	-0.225159	1.31737	-2.16709	0.491212	0.851003	-1.56998	1.05763	0	15.4782	0.459284	-0.403838	10.355	-3.54517	-7.22032	-0.230944	-2.87436	-14.042	11.7008	6.99744	0.496131	-0.19894	
14.266	-0.225159	1.31737	-2.16709	0.491212	0.851003	-1.56998	1.05763	0	15.4826	0.443932	-0.40198	10.3557	-3.54737	-7.22729	-0.230966	-2.85447	-14.0456	11.7034	7.00445	0.495646	-0.198886	
14.266	-0.225159	1.31737	-2.16709	0.491212	0.851003	-1.56998	1.05763	0	15.5469	0.4282	-0.396251	10.3794	-3.55477	-7.23986	-0.231263	-2.86985	-14.0131	11.7673	7.02181	0.495888	-0.199063	
14.28	-0.225159	1.31737	-2.16709	0.491212	0.851003	-1.56998	1.05763	0	15.5418	0.437449	-0.399947	10.3861	-3.56352	-7.25311	-0.231813	-2.87615	-14.0347	11.7423	7.03524	0.497419	-0.199988	
14.294	-0.225159	1.31737	-2.16709	0.491212	0.851003	-1.56998	1.05763	0	15.5922	0.448266	-0.399331	10.4129	-3.57321	-7.26676	-0.232191	-2.91669	-14.0212	11.7803	7.05254	0.499994	-0.200567	
14.294	-0.225159	1.31737	-2.16709	0.491212	0.851003	-1.56998	1.05763	0	15.6752	0.43745	-0.397794	10.446	-3.58223	-7.27867	-0.232698	-2.9468	-13.9912	11.8667	7.07056	0.497752	-0.200626	
14.308	-0.225159	1.31737	-2.16709	0.491212	0.851003	-1.56998	1.05763	0	15.6871	0.445111	-0.402082	10.4618	-3.59134	-7.28987	-0.23313	-2.94816	-14.0414	11.8713	7.08053	0.496433	-0.201234	
14.322	-0.225159	1.31737	-2.16709	0.491212	0.851003	-1.56998	1.05763	0	15.7518	0.433542	-0.399743	10.4923	-3.60035	-7.30204	-0.233464	-2.95277	-14.0618	11.9434	7.09435	0.493778	-0.201368	
14.336	-0.225159	1.31737	-2.16709	0.491212	0.851003	-1.56998	1.05763	0	15.7468	0.461549	-0.413356	10.5117	-3.61548	-7.30771	-0.234102	-2.95628	-14.1796	11.9369	7.0966	0.486399	-0.202482	
14.336	-0.225159	1.31737	-2.16709	0.491212	0.851003	-1.56998	1.05763	0	15.8601	0.470196	-0.411045	10.5683	-3.63376	-7.32311	-0.234313	-3.01081	-14.1931	12.0563	7.11748	0.483686	-0.202937	
14.35	-0.225159	1.31737	-2.16709	0.491212	0.851003	-1.56998	1.05763	0	15.8859	0.432836	-0.401616	10.5833	-3.63914	-7.33377	-0.234948	-2.93699	-14.294	12.1058	7.12128	0.479204	-0.203698	
14.364	-0.225159	1.31737	-2.16709	0.491212	0.851003	-1.56998	1.05763	0	15.9301	0.417992	-0.398881	10.5989	-3.63949	-7.31965	-0.235264	-2.91826	-14.3441	12.1943	7.10578	0.468948	-0.203745	
14.364	-0.225159	1.31737	-2.16709	0.491212	0.851003	-1.56998	1.05763	0	15.8836	0.465825	-0.414727	10.5959	-3.64238	-7.2998	-0.235376	-2.93557	-14.4443	12.1603	7.0811	0.460971	-0.204365	
14.378	-0.225159	1.31737	-2.16709	0.491212	0.851003	-1.56998	1.05763	0	15.8935	0.46989	-0.415108	10.6104	-3.65181	-7.29216	-0.235334	-2.91092	-14.5538	12.1992	7.06907	0.451424	-0.205077	
14.392	-0.225159	1.31737	-2.16709	0.491212	0.851003	-1.56998	1.05763	0	15.9084	0.466222	-0.407729	10.6283	-3.65852	-7.28918	-0.235137	-2.86791	-14.6838	12.2456	7.05784	0.44605	-0.205798	
14.406	-0.225159	1.31737	-2.16709	0.491212	0.851003	-1.56998	1.05763	0	15.9049	0.490996	-0.412976	10.6442	-3.66495	-7.28255	-0.23512	-2.86026	-14.8097	12.2616	7.04425	0.440025	-0.206375	
14.406	-0.225159	1.31737	-2.16709	0.491212	0.851003	-1.56998	1.05763	0	15.9073	0.475756	-0.40938	10.6464	-3.66972	-7.27624	-0.235109	-2.81953	-14.8758	12.2897	7.03502	0.432329	-0.206839	
14.42	-0.225159	1.31737	-2.16709	0.491212	0.851003	-1.56998	1.05763	0	15.8934	0.490471	-0.410143	10.6487	-3.67708	-7.27174	-0.234901	-2.81751	-14.9299	12.2814	7.02866	0.429011	-0.207579	
14.434	-0.225159	1.31737	-2.16709	0.491212	0.851003	-1.56998	1.05763	0	15.8657	0.532419	-0.421458	10.6471	-3.68499	-7.265	-0.234745	-2.86361	-14.9405	12.2402	7.02436	0.426812	-0.208187	
14.434	-0.225159	1.31737	-2.16709	0.491212	0.851003	-1.56998	1.05763	0	15.8837	0.51399	-0.420503	10.649	-3.69225	-7.26609	-0.2343	-2.85423	-14.9202	12.264	7.0302	0.421059	-0.207875	
14.448	-0.225159	1.31737	-2.16709	0.491212	0.851003	-1.56998	1.05763	0	15.979	0.511147	-0.418466	10.6838	-3.70528	-7.27702	-0.234959	-2.91742	-14.8407	12.3552	7.05251	0.419422	-0.208434	
14.462	-0.225159	1.31737	-2.16709	0.491212	0.851003	-1.56998	1.05763	0	16.0073	0.500917	-0.418713	10.7004	-3.71594	-7.29274	-0.235734	-2.91113	-14.8614	12.3761	7.06966	0.41785	-0.209293	
14.476	-0.225159	1.31737	-2.16709	0.491212	0.851003	-1.56998	1.05763	0	15.9853	0.510352	-0.426331	10.7005	-3.72517	-7.29889	-0.235787	-2.90436	-14.9058	12.3428	7.07532	0.414589	-0.209743	
14.476	-0.225159	1.31737	-2.16709	0.491212	0.851003	-1.56998	1.05763	0	16.0499	0.555594	-0.435547	10.7453	-3.74326	-7.31061	-0.236445	-2.98946	-14.9266	12.3927	7.09188	0.413925	-0.21087	
14.49	-0.225159	1.31737	-2.16709	0.491212	0.851003	-1.56998	1.05763	0	16.0813	0.523905	-0.427463	10.764	-3.75376	-7.32173	-0.236783	-2.92835	-15.0222	12.4451	7.09842	0.407968	-0.211642	
14.504	-0.225159	1.31737	-2.16709	0.491212	0.851003	-1.56998	1.05763	0	16.1871	0.566394	-0.434058	10.8217	-3.7699	-7.32909	-0.23743	-3.03244	-15.0203	12.55	7.11272	0.406208	-0.212387	
14.504	-0.225159	1.31737	-2.16709	0.491212	0.851003	-1.56998	1.05763	0	16.1923	0.551429	-0.436054	10.8313	-3.7809	-7.33654	-0.237344	-2.99096	-15.0999	12.5646	7.11785	0.398666	-0.212583	
14.518	-0.225159	1.31737	-2.16709	0.491212	0.851003	-1.56998	1.05763	0	16.2629	0.556616	-0.439097	10.8661	-3.79703	-7.34486	-0.237853	-3.02834	-15.1064	12.6395	7.13219	0.392586	-0.21326	
14.532	-0.225159	1.31737	-2.16709	0.491212	0.851003	-1.56998	1.05763	0	16.3265	0.577108	-0.446459	10.9044	-3.81331	-7.3567	-0.23817	-3.07952	-15.1259	12.6972	7.14877	0.388816	-0.213683	
14.546	-0.225159	1.31737	-2.16709	0.491212	0.851003	-1.56998	1.05763	0	16.3826	0.588336	-0.44697	10.9354	-3.82623	-7.36974	-0.239175	-3.11848	-15.1312	12.7456	7.16547	0.388748	-0.214991	
14.546	-0.225159	1.31737	-2.16709	0.491212	0.851003	-1.56998	1.05763	0	16.4268	0.563285	-0.446131	10.9534	-3.83681	-7.376	-0.239259	-3.09498	-15.1613	12.8062	7.17396	0.380222	-0.214979	
14.56	-0.225159	1.31737	-2.16709	0.491212	0.851003	-1.56998	1.05763	0	16.4787	0.584937	-0.448473	10.9911	-3.85286	-7.38699	-0.23951	-3.12688	-15.2248	12.8579	7.18521	0.377832	-0.215874	
14.574	-0.225159	1.31737	-2.16709	0.491212	0.851003	-1.56998	1.05763	0	16.5373	0.570855	-0.443684	11.0218	-3.8669	-7.39912	-0.239417	-3.11553	-15.2763	12.9285	7.19786	0.373035	-0.216191	
14.574	-0.225159	1.31737	-2.16709	0.491212	0.851003	-1.56998	1.05763	0	16.5192	0.59516	-0.45355	11.034	-3.88514	-7.4036	-0.239463	-3.11062	-15.387	12.9072	7.19991	0.365407	-0.217355	
14.588	-0.225159	1.31737	-2.16709	0.491212	0.851003	-1.56998	1.05763	0	16.5965	0.630521	-0.460956	11.0855	-3.90875	-7.41265	-0.240312	-3.1743	-15.4517	12.9873	7.21284	0.358715	-0.218979	
14.602	-0.225159	1.31737	-2.16709	0.491212	0.851003	-1.56998	1.05763	0	16.6391	0.604222	-0.455742	11.1102	-3.92456	-7.42059	-0.240501	-3.12499	-15.5526	13.0561	7.21844	0.348572	-0.219789	
14.602	-0.225159	1.31737	-2.16709	0.491212	0.851003	-1.56998	1.05763	0	16.7377	0.624678	-0.457125	11.1599	-3.94203	-7.42632	-0.241644	-3.19313	-15.5624	13.1646	7.23055	0.343567	-0.221295	
14.616	-0.225159	1.31737	-2.16709	0.491212	0.851003	-1.56998	1.05763	0	16.7247	0.633317	-0.466483	11.1651	-3.95458	-7.43207	-0.242562	-3.18537	-15.6244	13.1459	7.23611	0.337145	-0.222609	
14.63	-0.225159	1.31737	-2.16709	0.491212	0.851003	-1.56998	1.05763	0	16.8108	0.643721	-0.471532	11.2075	-3.9712	-7.44218	-0.243384	-3.23934	-15.6228	13.2343	7.25334	0.331429	-0.223361	
14.644	-0.225159	1.31737	-2.16709	0.491212	0.851003	-1.56998	1.05763	0	16.8869	0.654024	-0.473415	11.2489	-3.9883	-7.45648	-0.244218	-3.28103	-15.6429	13.3086	7.27211	0.328323	-0.224459	
14.644	-0.225159	1.31737	-2.16709	0.491212	0.851003	-1.56998	1.05763	0	16.9239	0.684396	-0.483868	11.284	-4.00721	-7.46501	-0.245574	-3.31567	-15.7288	13.3444	7.28108	0.321857	-0.226355	
14.658	-0.225159	1.31737	-2.16709	0.491212	0.851003	-1.56998	1.05763	0	17.0116	0.706014	-0.488214	11.3391	-4.02784	-7.48091	-0.246481	-3.36114	-15.8003	13.4354	7.29879	0.31732	-0.227624	
14.672	-0.225159	1.31737	-2.16709	0.491212	0.851003	-1.56998	1.05763	0	17.0253	0.696226	-0.48531	11.3635	-4.04187	-7.49569	-0.247465	-3.30328	-15.9605	13.4629	7.30457	0.312255	-0.229374	
14.672	-0.225159	1.31737	-2.16709	0.491212	0.851003	-1.56998	1.05763	0	17.0998	0.707265	-0.482775	11.4031	-4.05732	-7.50069	-0.248211	-3.33861	-15.997	13.5506	7.3124	0.307761	-0.23077	
14.686	-0.225159	1.31737	-2.16709	0.491212	0.851003	-1.56998	1.05763	0	17.0988	0.692696	-0.485424	11.406	-4.06549	-7.49599	-0.248661	-3.29659	-16.075	13.5732	7.30573	0.296545	-0.231479	
14.7	-0.225159	1.31737	-2.16709	0.491212	0.851003	-1.56998	1.05763	0	17.1311	0.747844	-0.498711	11.4352	-4.08211	-7.48773	-0.249565	-3.37857	-16.1127	13.6081	7.30214	0.289187	-0.233213	
14.714	-0.225159	1.31737	-2.16709	0.491212	0.851003	-1.56998	1.05763	0	17.1325	0.736776	-0.500329	11.4376	-4.09289	-7.48137	-0.250146	-3.34896	-16.1723	13.6313	7.29611	0.277759	-0.234382	
14.714	-0.225159	1.31737	-2.16709	0.491212	0.851003	-1.56998	1.05763	0	17.1673	0.75133	-0.500857	11.4584	-4.10379	-7.47459	-0.251217	-3.37118	-16.2177	13.6853	7.29061	0.270809	-0.236171	
14.728	-0.225159	1.31737	-2.16709	0.491212	0.851003	-1.56998	1.05763	0	17.1752	0.765986	-0.505349	11.4724	-4.11402	-7.46851	-0.251627	-3.37022	-16.3013	13.7107	7.28257	0.262575	-0.23723	
14.742	-0.225159	1.31737	-2.16709	0.491212	0.851003	-1.56998	1.05763	0	17.113	0.767994	-0.506425	11.4605	-4.12073	-7.46018	-0.251987	-3.29856	-16.4596	13.6694	7.26383	0.254262	-0.238841	
14.742	-0.225159	1.31737	-2.16709	0.491212	0.851003	-1.56998	1.05763	0	17.1274	0.796665	-0.512269	11.4761	-4.12976	-7.44425	-0.252097	-3.32429	-16.5265	13.7082	7.24772	0.24487	-0.239696	
14.756	-0.225159	1.31737	-2.16709	0.491212	0.851003	-1.56998	1.05763	0	17.1088	0.80224	-0.514975	11.473	-4.13395	-7.42095	-0.252395	-3.2943	-16.6263	13.7302	7.22028	0.231648	-0.240723	
14.77	-0.225159	1.31737	-2.16709	0.491212	0.851003	-1.56998	1.05763	0	16.9789	0.841872	-0.526189	11.4268	-4.13373	-7.387	-0.252625	-3.27144	-16.7144	13.6115	7.18057	0.222754	-0.242579	
14.784	-0.225159	1.31737	-2.16709	0.491212	0.851003	-1.56998	1.05763	0	16.9228	0.846594	-0.53288	11.3957	-4.13224	-7.3514	-0.253448	-3.25201	-16.7389	13.5902	7.14585	0.20824	-0.243952	
14.784	-0.225159	1.31737	-2.16709	0.491212	0.851003	-1.56998	1.05763	0	16.8229	0.828819	-0.532956	11.3447	-4.125	-7.31294	-0.254283	-3.16575	-16.8144	13.5359	7.10134	0.193572	-0.245592	
14.798	-0.225159	1.31737	-2.16709	0.491212	0.851003	-1.56998	1.05763	0	16.6698	0.884536	-0.543832	11.2858	-4.11788	-7.27178	-0.254268	-3.16756	-16.8597	13.3852	7.05508	0.189735	-0.247316	
14.812	-0.225159	1.31737	-2.16709	0.491212	0.851003	-1.56998	1.05763	0	16.5527	0.916093	-0.55317	11.24	-4.1125	-7.2342	-0.254369	-3.14278	-16.9312	13.2884	7.01185	0.180771	-0.248586	
14.812	-0.225159	1.31737	-2.16709	0.491212	0.851003	-1.56998	1.05763	0	16.4824	0.913626	-0.553038	11.2075	-4.10825	-7.20407	-0.255051	-3.08913	-17.0039	13.2538	6.97621	0.170371	-0.250113	
14.826	-0.225159	1.31737	-2.16709	0.491212	0.851003	-1.56998	1.05763	0	16.3146	0.939544	-0.565733	11.1495	-4.10589	-7.17869	-0.255383	-3.01715	-17.1394	13.0897	6.93962	0.16253	-0.251864	
14.84	-0.225159	1.31737	-2.16709	0.491212	0.851003	-1.56998	1.05763	0	16.2273	0.956825	-0.576994	11.1118	-4.107	-7.15208	-0.25599	-3.00213	-17.1674	13.0126	6.91325	0.151921	-0.253269	
14.854	-0.225159	1.31737	-2.16709	0.491212	0.851003	-1.56998	1.05763	0	16.166	0.991301	-0.589623	11.0804	-4.10693	-7.1225	-0.25651	-3.04639	-17.1164	12.9521	6.89021	0.144534	-0.254416	
14.854	-0.225159	1.31737	-2.16709	0.491212	0.851003	-1.56998	1.05763	0	16.0714	1.03251	-0.612362	11.0338	-4.10869	-7.09455	-0.25726	-3.10158	-17.0309	12.8381	6.87259	0.13596	-0.255578	
14.868	-0.225159	1.31737	-2.16709	0.491212	0.851003	-1.56998	1.05763	0	16.014	1.08933	-0.636553	11.0059	-4.11395	-7.06824	-0.257829	-3.19806	-16.9295	12.7598	6.85942	0.128167	-0.256526	
14.882	-0.225159	1.31737	-2.16709	0.491212	0.851003	-1.56998	1.05763	0	15.9845	1.07982	-0.646764	10.9727	-4.11758	-7.04348	-0.258831	-3.21669	-16.8216	12.7389	6.84807	0.114253	-0.257519	
14.882	-0.225159	1.31737	-2.16709	0.491212	0.851003	-1.56998	1.05763	0	15.9199	1.13316	-0.671669	10.9453	-4.125	-7.01909	-0.259916	-3.2946	-16.7576	12.6564	6.83454	0.104635	-0.259081	
14.896	-0.225159	1.31737	-2.16709	0.491212	0.851003	-1.56998	1.05763	0	15.855	1.15698	-0.685939	10.9185	-4.12953	-6.99581	-0.261183	-3.30287	-16.7748	12.598	6.81394	0.0934875	-0.260969	
14.91	-0.225159	1.31737	-2.16709	0.491212	0.851003	-1.56998	1.05763	0	15.7966	1.20525	-0.699688	10.903	-4.13518	-6.96703	-0.262053	-3.33268	-16.8309	12.553	6.78505	0.0833331	-0.26298	
14.924	-0.225159	1.31737	-2.16709	0.491212	0.851003	-1.56998	1.05763	0	15.704	1.24539	-0.721406	10.8762	-4.1398	-6.93362	-0.263302	-3.32031	-16.9488	12.484	6.74757	0.0662324	-0.264972	
14.924	-0.225159	1.31737	-2.16709	0.491212	0.851003	-1.56998	1.05763	0	15.5912	1.24662	-0.741821	10.8276	-4.13915	-6.89343	-0.264682	-3.25213	-17.0534	12.4111	6.70378	0.0426579	-0.26651	
14.938	-0.225159	1.31737	-2.16709	0.491212	0.851003	-1.56998	1.05763	0	15.4702	1.29481	-0.764857	10.7757	-4.13601	-6.84644	-0.26611	-3.27278	-17.0694	12.3046	6.65872	0.0278619	-0.268618	
14.952	-0.225159	1.31737	-2.16709	0.491212	0.851003	-1.56998	1.05763	0	15.2766	1.37922	-0.802769	10.7049	-4.13426	-6.79431	-0.267317	-3.30538	-17.1207	12.1051	6.60642	0.0123755	-0.270873	
14.952	-0.225159	1.31737	-2.16709	0.491212	0.851003	-1.56998	1.05763	0	15.1151	1.37252	-0.823372	10.6184	-4.12387	-6.73604	-0.268971	-3.23732	-17.1341	11.9831	6.54938	-0.0120865	-0.272596	
14.966	-0.225159	1.31737	-2.16709	0.491212	0.851003	-1.56998	1.05763	0	14.9151	1.42492	-0.85415	10.5219	-4.10868	-6.67087	-0.270348	-3.25436	-17.0854	11.7894	6.48827	-0.027521	-0.27432	
14.98	-0.225159	1.31737	-2.16709	0.491212	0.851003	-1.56998	1.05763	0	14.6629	1.49053	-0.888904	10.4005	-4.08732	-6.59833	-0.271227	-3.28056	-16.9982	11.5286	6.4205	-0.039867	-0.275653	
14.994	-0.225159	1.31737	-2.16709	0.491212	0.851003	-1.56998	1.05763	0	14.4118	1.51626	-0.906938	10.2653	-4.05859	-6.51988	-0.272531	-3.2545	-16.8955	11.2911	6.34479	-0.0515816	-0.277617	
14.994	-0.225159	1.31737	-2.16709	0.491212	0.851003	-1.56998	1.05763	0	14.1022	1.57375	-0.936025	10.1056	-4.03004	-6.43274	-0.272913	-3.26829	-16.7375	10.9697	6.26509	-0.0622379	-0.27907	
15.008	-0.225159	1.31737	-2.16709	0.491212	0.851003	-1.56998	1.05763	0	13.8204	1.63673	-0.96782	9.95467	-4.00381	-6.34301	-0.274245	-3.31382	-16.5468	10.6783	6.18729	-0.0750296	-0.281245	
15.022	-0.225159	1.31737	-2.16709	0.491212	0.851003	-1.56998	1.05763	0	13.5319	1.66782	-0.991329	9.79876	-3.96934	-6.25578	-0.275855	-3.29215	-16.4111	10.398	6.10416	-0.0871681	-0.283261	
15.022	-0.225159	1.31737	-2.16709	0.491212	0.851003	-1.56998	1.05763	0	13.2584	1.70391	-1.01392	9.64185	-3.93346	-6.16907	-0.276799	-3.31035	-16.1891	10.1193	6.02777	-0.0954027	-0.284494	
15.036	-0.225159	1.31737	-2.16709	0.491212	0.851003	-1.56998	1.05763	0	12.9066	1.75623	-1.04363	9.45988	-3.89046	-6.0818	-0.27778	-3.30601	-16.0076	9.74426	5.94421	-0.0993962	-0.285774	
15.05	-0.225159	1.31737	-2.16709	0.491212	0.851003	-1.56998	1.05763	0	12.5967	1.78611	-1.06183	9.28554	-3.84189	-5.99533	-0.278395	-3.2971	-15.785	9.42347	5.86245	-0.100399	-0.286359	
15.05	-0.225159	1.31737	-2.16709	0.491212	0.851003	-1.56998	1.05763	0	12.3137	1.7947	-1.07506	9.10098	-3.7861	-5.90217	-0.278684	-3.31332	-15.4256	9.13088	5.78331	-0.100369	-0.285937	
15.064	-0.225159	1.31737	-2.16709	0.491212	0.851003	-1.56998	1.05763	0	11.9113	1.82738	-1.09639	8.87301	-3.71955	-5.8049	-0.278793	-3.30603	-15.0903	8.68933	5.69287	-0.0931672	-0.285621	
15.078	-0.225159	1.31737	-2.16709	0.491212	0.851003	-1.56998	1.05763	0	11.5184	1.82931	-1.10857	8.62939	-3.63642	-5.70082	-0.277789	-3.28541	-14.6616	8.26673	5.59761	-0.0817219	-0.283181	
15.092	-0.225159	1.31737	-2.16709	0.491212	0.851003	-1.56998	1.05763	0	11.0939	1.86732	-1.12508	8.37918	-3.55418	-5.59254	-0.277128	-3.30455	-14.2255	7.7949	5.49836	-0.0660348	-0.281776	
15.092	-0.225159	1.31737	-2.16709	0.491212	0.851003	-1.56998	1.05763	0	10.691	1.83538	-1.12386	8.11629	-3.46204	-5.47811	-0.276169	-3.23895	-13.7706	7.38341	5.3915	-0.054733	-0.279485	
15.106	-0.225159	1.31737	-2.16709	0.491212	0.851003	-1.56998	1.05763	0	10.26	1.81372	-1.11745	7.8387	-3.36091	-5.35974	-0.274403	-3.184	-13.2781	6.93302	5.27923	-0.0351985	-0.276649	
15.12	-0.225159	1.31737	-2.16709	0.491212	0.851003	-1.56998	1.05763	0	9.78527	1.8274	-1.12014	7.54371	-3.25422	-5.2304	-0.272911	-3.17414	-12.7447	6.42202	5.15776	-0.0124425	-0.274129	
15.12	-0.225159	1.31737	-2.16709	0.491212	0.851003	-1.56998	1.05763	0	9.30144	1.80951	-1.11505	7.23371	-3.14712	-5.09303	-0.270687	-3.11996	-12.2011	5.92082	5.02928	0.00509524	-0.271193	
15.134	-0.225159	1.31737	-2.16709	0.491212	0.851003	-1.56998	1.05763	0	8.76782	1.78907	-1.11001	6.8987	-3.03585	-4.9459	-0.268615	-3.04331	-11.6559	5.37106	4.88976	0.0215789	-0.268732	
15.148	-0.225159	1.31737	-2.16709	0.491212	0.851003	-1.56998	1.05763	0	8.3033	1.79479	-1.11074	6.59416	-2.93576	-4.7976	-0.266721	-3.05006	-11.059	4.88947	4.75862	0.0346198	-0.266512	
15.162	-0.225159	1.31737	-2.16709	0.491212	0.851003	-1.56998	1.05763	0	7.83325	1.79355	-1.11234	6.29363	-2.84066	-4.64769	-0.265074	-3.01999	-10.5438	4.4191	4.6216	0.0412679	-0.264821	
15.162	-0.225159	1.31737	-2.16709	0.491212	0.851003	-1.56998	1.05763	0	7.40155	1.78276	-1.10902	6.00217	-2.74701	-4.50332	-0.263225	-3.0118	-9.96597	3.98256	4.49529	0.0502428	-0.262782	
15.176	-0.225159	1.31737	-2.16709	0.491212	0.851003	-1.56998	1.05763	0	6.92277	1.78931	-1.11339	5.70196	-2.6499	-4.36331	-0.261391	-2.9914	-9.44073	3.4835	4.36727	0.0625606	-0.260609	
15.19	-0.225159	1.31737	-2.16709	0.491212	0.851003	-1.56998	1.05763	0	6.51558	1.79258	-1.11416	5.43647	-2.55997	-4.23431	-0.259753	-2.9889	-8.93387	3.06372	4.25125	0.0744654	-0.258465	
15.19	-0.225159	1.31737	-2.16709	0.491212	0.851003	-1.56998	1.05763	0	6.12851	1.786	-1.10835	5.17963	-2.46774	-4.11633	-0.257343	-2.97986	-8.41938	2.65782	4.14464	0.0922448	-0.255371	
15.204	-0.225159	1.31737	-2.16709	0.491212	0.851003	-1.56998	1.05763	0	5.70987	1.7644	-1.10342	4.9148	-2.37599	-4.00799	-0.254622	-2.91913	-7.96181	2.21467	4.04234	0.109976	-0.251908	
15.218	-0.225159	1.31737	-2.16709	0.491212	0.851003	-1.56998	1.05763	0	5.32507	1.76843	-1.10143	4.67109	-2.2867	-3.9011	-0.251872	-2.9067	-7.50379	1.80217	3.94262	0.12983	-0.24838	
15.232	-0.225159	1.31737	-2.16709	0.491212	0.851003	-1.56998	1.05763	0	4.97988	1.74848	-1.08575	4.43766	-2.19639	-3.79733	-0.248848	-2.87718	-7.03536	1.44366	3.84563	0.151661	-0.244732	
15.232	-0.225159	1.31737	-2.16709	0.491212	0.851003	-1.56998	1.05763	0	4.61261	1.73586	-1.07813	4.19618	-2.11119	-3.69309	-0.246547	-2.85527	-6.56088	1.05294	3.75101	0.170014	-0.241912	
15.246	-0.225159	1.31737	-2.16709	0.491212	0.851003	-1.56998	1.05763	0	4.24264	1.69142	-1.06205	3.95626	-2.02326	-3.59282	-0.243782	-2.75565	-6.17866	0.682229	3.65141	0.186293	-0.238571	
15.26	-0.225159	1.31737	-2.16709	0.491212	0.851003	-1.56998	1.05763	0	3.88388	1.65958	-1.04799	3.71786	-1.93346	-3.48985	-0.240663	-2.69495	-5.74193	0.315226	3.55316	0.204859	-0.234691	
15.26	-0.225159	1.31737	-2.16709	0.491212	0.851003	-1.56998	1.05763	0	3.56686	1.65646	-1.03465	3.50169	-1.84827	-3.38767	-0.237368	-2.6988	-5.27717	-0.0162347	3.4595	0.226411	-0.230912	
15.274	-0.225159	1.31737	-2.16709	0.491212	0.851003	-1.56998	1.05763	0	3.22514	1.5773	-1.0024	3.26055	-1.75242	-3.28594	-0.233204	-2.56895	-4.85728	-0.340879	3.35796	0.245728	-0.226034	
15.288	-0.225159	1.31737	-2.16709	0.491212	0.851003	-1.56998	1.05763	0	2.95011	1.52005	-0.971418	3.04956	-1.66464	-3.18895	-0.229557	-2.51276	-4.38965	-0.60528	3.26813	0.266382	-0.221725	
15.302	-0.225159	1.31737	-2.16709	0.491212	0.851003	-1.56998	1.05763	0	2.63682	1.51507	-0.950084	2.84211	-1.57849	-3.09361	-0.225063	-2.49368	-3.97725	-0.930448	3.1751	0.292673	-0.21715	
15.302	-0.225159	1.31737	-2.16709	0.491212	0.851003	-1.56998	1.05763	0	2.34341	1.43605	-0.912396	2.63081	-1.49129	-3.00536	-0.220363	-2.36602	-3.60553	-1.20437	3.08507	0.313385	-0.212108	
15.316	-0.225159	1.31737	-2.16709	0.491212	0.851003	-1.56998	1.05763	0	2.16821	1.43676	-0.885678	2.47646	-1.41317	-2.9171	-0.215897	-2.43718	-3.10735	-1.38264	3.00979	0.340386	-0.207074	
15.33	-0.225159	1.31737	-2.16709	0.491212	0.851003	-1.56998	1.05763	0	1.92734	1.3133	-0.837679	2.27408	-1.32787	-2.82701	-0.210487	-2.27449	-2.71735	-1.5742	2.92103	0.354236	-0.201049	
15.33	-0.225159	1.31737	-2.16709	0.491212	0.851003	-1.56998	1.05763	0	1.8398	1.28122	-0.799705	2.14638	-1.25423	-2.73081	-0.206938	-2.33406	-2.22607	-1.61815	2.84076	0.371743	-0.196796	
15.344	-0.225159	1.31737	-2.16709	0.491212	0.851003	-1.56998	1.05763	0	1.68957	1.16198	-0.741623	1.98285	-1.17289	-2.63832	-0.203912	-2.20849	-1.85187	-1.69115	2.75029	0.384881	-0.193333	
15.358	-0.225159	1.31737	-2.16709	0.491212	0.851003	-1.56998	1.05763	0	1.60682	1.10087	-0.703415	1.85885	-1.10767	-2.5642	-0.199022	-2.22757	-1.3707	-1.74675	2.69289	0.401874	-0.187589	
15.372	-0.225159	1.31737	-2.16709	0.491212	0.851003	-1.56998	1.05763	0	1.44396	1.05084	-0.670851	1.72186	-1.04493	-2.50653	-0.194734	-2.18958	-1.01659	-1.90778	2.64006	0.423467	-0.18299	
15.372	-0.225159	1.31737	-2.16709	0.491212	0.851003	-1.56998	1.05763	0	1.32298	0.977739	-0.627823	1.59837	-0.982557	-2.45098	-0.189232	-2.1309	-0.668971	-2.00842	2.58872	0.44429	-0.1772	
15.386	-0.225159	1.31737	-2.16709	0.491212	0.851003	-1.56998	1.05763	0	1.22594	0.876052	-0.580996	1.49145	-0.919789	-2.39822	-0.184576	-2.00092	-0.448759	-2.04991	2.53062	0.458448	-0.171767	
15.4	-0.225159	1.31737	-2.16709	0.491212	0.851003	-1.56998	1.05763	0	1.14698	0.847722	-0.545485	1.41116	-0.868187	-2.34801	-0.17999	-1.98189	-0.224095	-2.10186	2.47891	0.477764	-0.167268	
15.4	-0.225159	1.31737	-2.16709	0.491212	0.851003	-1.56998	1.05763	0	1.02985	0.739307	-0.492084	1.30647	-0.804863	-2.30322	-0.174498	-1.79962	-0.0998258	-2.15943	2.41906	0.495043	-0.161484	
15.414	-0.225159	1.31737	-2.16709	0.491212	0.851003	-1.56998	1.05763	0	0.956821	0.684706	-0.449034	1.21292	-0.746585	-2.2437	-0.169579	-1.76457	0.184269	-2.19081	2.36107	0.512928	-0.156403	
15.428	-0.225159	1.31737	-2.16709	0.491212	0.851003	-1.56998	1.05763	0	0.887093	0.68116	-0.417042	1.13757	-0.698804	-2.18814	-0.165035	-1.79587	0.444218	-2.23994	2.30859	0.532377	-0.152321	
15.442	-0.225159	1.31737	-2.16709	0.491212	0.851003	-1.56998	1.05763	0	0.835414	0.548027	-0.359394	1.03493	-0.643579	-2.14104	-0.160034	-1.66993	0.75181	-2.23532	2.26524	0.545156	-0.146907	
15.442	-0.225159	1.31737	-2.16709	0.491212	0.851003	-1.56998	1.05763	0	0.846125	0.507878	-0.322493	0.973218	-0.59527	-2.0916	-0.154289	-1.72542	1.14428	-2.20035	2.23045	0.563182	-0.140449	
15.456	-0.225159	1.31737	-2.16709	0.491212	0.851003	-1.56998	1.05763	0	0.818557	0.40154	-0.276534	0.885274	-0.550777	-2.00806	-0.153	-1.62478	1.35638	-2.11299	2.15215	0.553751	-0.139276	
15.47	-0.225159	1.31737	-2.16709	0.491212	0.851003	-1.56998	1.05763	0	0.906881	0.497932	-0.268082	0.890764	-0.529574	-1.95546	-0.14971	-1.90472	1.73858	-2.03009	2.12496	0.57052	-0.136383	
15.47	-0.225159	1.31737	-2.16709	0.491212	0.851003	-1.56998	1.05763	0	0.792503	0.267843	-0.207291	0.773622	-0.479106	-1.90928	-0.14679	-1.51225	1.69563	-2.00998	2.05789	0.557344	-0.132795	
15.484	-0.225159	1.31737	-2.16709	0.491212	0.851003	-1.56998	1.05763	0	0.914219	0.317475	-0.195627	0.782776	-0.469565	-1.84949	-0.14638	-1.73712	2.03906	-1.85305	2.02692	0.556793	-0.132895	
15.498	-0.225159	1.31737	-2.16709	0.491212	0.851003	-1.56998	1.05763	0	0.801804	0.290114	-0.170866	0.713207	-0.431924	-1.80639	-0.142974	-1.64248	2.05049	-1.92259	1.9707	0.564281	-0.130051	
15.498	-0.225159	1.31737	-2.16709	0.491212	0.851003	-1.56998	1.05763	0	0.822067	0.334579	-0.157911	0.700562	-0.418938	-1.78031	-0.139088	-1.77859	2.28987	-1.91718	1.95846	0.578782	-0.127099	
15.512	-0.225159	1.31737	-2.16709	0.491212	0.851003	-1.56998	1.05763	0	0.81271	0.198148	-0.111175	0.654199	-0.389932	-1.75389	-0.136749	-1.57072	2.28107	-1.835	1.92077	0.574126	-0.124632	
15.526	-0.225159	1.31737	-2.16709	0.491212	0.851003	-1.56998	1.05763	0	0.79148	0.28338	-0.106413	0.639611	-0.376554	-1.7282	-0.132711	-1.72926	2.47006	-1.88915	1.90396	0.593267	-0.121935	
15.54	-0.225159	1.31737	-2.16709	0.491212	0.851003	-1.56998	1.05763	0	0.727745	0.172253	-0.079133	0.563531	-0.335664	-1.67098	-0.128977	-1.54971	2.50447	-1.85153	1.83888	0.580374	-0.117089	
15.54	-0.225159	1.31737	-2.16709	0.491212	0.851003	-1.56998	1.05763	0	0.847317	0.126259	-0.046967	0.54983	-0.3069	-1.60765	-0.126133	-1.62471	2.81944	-1.64861	1.79555	0.576064	-0.113528	
15.554	-0.225159	1.31737	-2.16709	0.491212	0.851003	-1.56998	1.05763	0	0.814402	0.138015	-0.0368834	0.499629	-0.276324	-1.56668	-0.122841	-1.70059	3.07619	-1.67979	1.76555	0.586489	-0.109887	
15.568	-0.225159	1.31737	-2.16709	0.491212	0.851003	-1.56998	1.05763	0	0.826045	-0.142227	0.0347778	0.398867	-0.226882	-1.49756	-0.120583	-1.34596	3.19833	-1.48025	1.69362	0.558938	-0.106062	
15.568	-0.225159	1.31737	-2.16709	0.491212	0.851003	-1.56998	1.05763	0	0.996519	-0.0687049	0.0453685	0.418051	-0.208697	-1.42475	-0.117657	-1.65935	3.66962	-1.27449	1.65835	0.5625	-0.102967	
15.582	-0.225159	1.31737	-2.16709	0.491212	0.851003	-1.56998	1.05763	0	0.965556	-0.132966	0.0830905	0.362986	-0.175618	-1.37916	-0.11706	-1.57764	3.76478	-1.23892	1.60891	0.565255	-0.102837	
15.596	-0.225159	1.31737	-2.16709	0.491212	0.851003	-1.56998	1.05763	0	1.02351	-0.306	0.14162	0.298363	-0.139193	-1.31781	-0.116194	-1.43053	4.00617	-1.05393	1.55753	0.552053	-0.101392	
15.61	-0.225159	1.31737	-2.16709	0.491212	0.851003	-1.56998	1.05763	0	1.09661	-0.256652	0.167159	0.285394	-0.112027	-1.23589	-0.118261	-1.60735	4.27533	-0.912936	1.49172	0.555534	-0.104541	
15.61	-0.225159	1.31737	-2.16709	0.491212	0.851003	-1.56998	1.05763	0	1.12332	-0.294284	0.223377	0.226538	-0.0610647	-1.16827	-0.11747	-1.6607	4.62753	-0.826174	1.43396	0.574777	-0.104424	
15.624	-0.225159	1.31737	-2.16709	0.491212	0.851003	-1.56998	1.05763	0	1.1706	-0.338887	0.255211	0.211598	-0.0426243	-1.16393	-0.121839	-1.67458	4.81007	-0.77179	1.43555	0.589252	-0.108697	
15.638	-0.225159	1.31737	-2.16709	0.491212	0.851003	-1.56998	1.05763	0	1.12526	-0.574486	0.318788	0.126142	-0.00671128	-1.1527	-0.127656	-1.32626	4.8012	-0.71726	1.40899	0.583241	-0.113713	
15.638	-0.225159	1.31737	-2.16709	0.491212	0.851003	-1.56998	1.05763	0	1.19531	-0.493108	0.343075	0.142603	0.0179955	-1.16205	-0.129632	-1.55688	5.11995	-0.721723	1.42914	0.629528	-0.116068	
15.652	-0.225159	1.31737	-2.16709	0.491212	0.851003	-1.56998	1.05763	0	1.14481	-0.259748	0.310531	0.189322	0.0138572	-1.20791	-0.133407	-1.86462	5.14346	-0.939043	1.47058	0.679476	-0.121063	
15.666	-0.225159	1.31737	-2.16709	0.491212	0.851003	-1.56998	1.05763	0	0.972103	-0.999203	0.47908	-0.0305761	0.0878602	-1.22679	-0.141011	-0.639477	4.75459	-0.821466	1.4249	0.644202	-0.126332	
15.68	-0.225159	1.31737	-2.16709	0.491212	0.851003	-1.56998	1.05763	0	1.11358	-0.826629	0.477918	0.0174015	0.0992942	-1.18264	-0.145006	-1.05033	5.1236	-0.71112	1.4081	0.668986	-0.131099	
15.68	-0.225159	1.31737	-2.16709	0.491212	0.851003	-1.56998	1.05763	0	1.11358	-0.826629	0.477918	0.0174015	0.0992942	-1.18264	-0.145006	-1.05033	5.1236	-0.71112	1.4081	0.668986	-0.131099	
15.694	-0.225159	1.31737	-2.16709	0.491212	0.851003	-1.56998	1.05763	0	1.13079	-0.550044	0.432256	0.0989701	0.0753204	-1.17144	-0.146746	-1.41427	5.04048	-0.768187	1.39882	0.685291	-0.13532	
15.708	-0.225159	1.31737	-2.16709	0.491212	0.851003	-1.56998	1.05763	0	1.29942	-0.943216	0.527314	0.0764324	0.0849868	-1.16663	-0.151954	-0.910334	4.94585	-0.380775	1.38483	0.645132	-0.139328	
15.708	-0.225159	1.31737	-2.16709	0.491212	0.851003	-1.56998	1.05763	0	1.29942	-0.943216	0.527314	0.0764324	0.0849868	-1.16663	-0.151954	-0.910334	4.94585	-0.380775	1.38483	0.645132	-0.139328	
15.722	-0.225159	1.31737	-2.16709	0.491212	0.851003	-1.56998	1.05763	0	1.31618	-0.676082	0.479002	0.12809	0.0728404	-1.14024	-0.15426	-1.33331	5.07866	-0.451129	1.37536	0.662914	-0.143079	
15.736	-0.225159	1.31737	-2.16709	0.491212	0.851003	-1.56998	1.05763	0	1.44015	-0.897159	0.530056	0.12029	0.0776508	-1.13163	-0.158332	-1.08112	5.07672	-0.198064	1.3674	0.637081	-0.146087	
15.736	-0.225159	1.31737	-2.16709	0.491212	0.851003	-1.56998	1.05763	0	1.44015	-0.897159	0.530056	0.12029	0.0776508	-1.13163	-0.158332	-1.08112	5.07672	-0.198064	1.3674	0.637081	-0.146087	
15.75	-0.225159	1.31737	-2.16709	0.491212	0.851003	-1.56998	1.05763	0	1.48353	-0.677354	0.495773	0.160763	0.070788	-1.10402	-0.161435	-1.47906	5.30131	-0.230133	1.36205	0.655096	-0.15032	
15.764	-0.225159	1.31737	-2.16709	0.491212	0.851003	-1.56998	1.05763	0	1.50081	-0.82308	0.525833	0.138331	0.0763345	-1.09596	-0.166889	-1.25346	5.18534	-0.12168	1.34415	0.635715	-0.155312	
15.764	-0.225159	1.31737	-2.16709	0.491212	0.851003	-1.56998	1.05763	0	1.50081	-0.82308	0.525833	0.138331	0.0763345	-1.09596	-0.166889	-1.25346	5.18534	-0.12168	1.34415	0.635715	-0.155312	
15.778	-0.225159	1.31737	-2.16709	0.491212	0.851003	-1.56998	1.05763	0	1.51879	-0.671233	0.495659	0.162844	0.0704387	-1.0775	-0.167748	-1.52217	5.33518	-0.159394	1.34169	0.645325	-0.156665	
15.792	-0.225159	1.31737	-2.16709	0.491212	0.851003	-1.56998	1.05763	0	1.53196	-0.764193	0.513037	0.143697	0.071627	-1.06944	-0.170113	-1.39688	5.31486	-0.0932234	1.33293	0.631337	-0.158806	
15.806	-0.225159	1.31737	-2.16709	0.491212	0.851003	-1.56998	1.05763	0	1.53422	-0.75564	0.502414	0.128462	0.0771963	-1.0561	-0.171006	-1.45811	5.45151	-0.0998676	1.33112	0.628827	-0.158729	
15.806	-0.225159	1.31737	-2.16709	0.491212	0.851003	-1.56998	1.05763	0	1.53422	-0.75564	0.502414	0.128462	0.0771963	-1.0561	-0.171006	-1.45811	5.45151	-0.0998676	1.33112	0.628827	-0.158729	
15.82	-0.225159	1.31737	-2.16709	0.491212	0.851003	-1.56998	1.05763	0	1.50528	-0.861518	0.513389	0.0923238	0.0834586	-1.05204	-0.171157	-1.29117	5.415	-0.0842183	1.32337	0.614158	-0.157993	
15.834	-0.225159	1.31737	-2.16709	0.491212	0.851003	-1.56998	1.05763	0	1.48916	-0.925126	0.523771	0.0750058	0.0883512	-1.04889	-0.171878	-1.17603	5.34866	-0.0642345	1.3137	0.605989	-0.158383	
15.834	-0.225159	1.31737	-2.16709	0.491212	0.851003	-1.56998	1.05763	0	1.48916	-0.925126	0.523771	0.0750058	0.0883512	-1.04889	-0.171878	-1.17603	5.34866	-0.0642345	1.3137	0.605989	-0.158383	
15.848	-0.225159	1.31737	-2.16709	0.491212	0.851003	-1.56998	1.05763	0	1.46982	-0.943982	0.526645	0.0695738	0.0912228	-1.04022	-0.172853	-1.10922	5.24533	-0.0518321	1.2966	0.599247	-0.159397	
15.862	-0.225159	1.31737	-2.16709	0.491212	0.851003	-1.56998	1.05763	0	1.4824	-0.936184	0.536056	0.0765647	0.0922007	-1.03438	-0.174069	-1.11523	5.22048	-0.0260116	1.2877	0.60186	-0.161334	
15.862	-0.225159	1.31737	-2.16709	0.491212	0.851003	-1.56998	1.05763	0	1.4824	-0.936184	0.536056	0.0765647	0.0922007	-1.03438	-0.174069	-1.11523	5.22048	-0.0260116	1.2877	0.60186	-0.161334	
15.876	-0.225159	1.31737	-2.16709	0.491212	0.851003	-1.56998	1.05763	0	1.52713	-0.899136	0.545445	0.0877137	0.0930674	-1.02342	-0.174876	-1.22145	5.34284	0.010947	1.28549	0.610772	-0.163053	
15.89	-0.225159	1.31737	-2.16709	0.491212	0.851003	-1.56998	1.05763	0	1.56001	-0.841973	0.546813	0.0999398	0.0904447	-1.01784	-0.175141	-1.35538	5.47654	0.0155249	1.29057	0.621473	-0.164234	
15.89	-0.225159	1.31737	-2.16709	0.491212	0.851003	-1.56998	1.05763	0	1.56001	-0.841973	0.546813	0.0999398	0.0904447	-1.01784	-0.175141	-1.35538	5.47654	0.0155249	1.29057	0.621473	-0.164234	
15.904	-0.225159	1.31737	-2.16709	0.491212	0.851003	-1.56998	1.05763	0	1.51314	-0.799011	0.538155	0.0700326	0.0917817	-1.00886	-0.176185	-1.45537	5.64852	-0.0776289	1.29452	0.628992	-0.165791	
15.918	-0.225159	1.31737	-2.16709	0.491212	0.851003	-1.56998	1.05763	0	1.53035	-0.839792	0.546507	0.0627402	0.0967679	-1.00648	-0.175902	-1.41609	5.68272	-0.0425247	1.29364	0.626192	-0.165003	
15.918	-0.225159	1.31737	-2.16709	0.491212	0.851003	-1.56998	1.05763	0	1.53035	-0.839792	0.546507	0.0627402	0.0967679	-1.00648	-0.175902	-1.41609	5.68272	-0.0425247	1.29364	0.626192	-0.165003	
15.932	-0.225159	1.31737	-2.16709	0.491212	0.851003	-1.56998	1.05763	0	1.44352	-0.867351	0.534245	0.039673	0.0955645	-1.00616	-0.176356	-1.28493	5.48821	-0.108866	1.27948	0.612694	-0.1651	
15.946	-0.225159	1.31737	-2.16709	0.491212	0.851003	-1.56998	1.05763	0	1.44531	-0.885953	0.540969	0.0455088	0.0964816	-1.00835	-0.175232	-1.22882	5.40288	-0.0871775	1.27402	0.610961	-0.164109	
15.96	-0.225159	1.31737	-2.16709	0.491212	0.851003	-1.56998	1.05763	0	1.41436	-0.873283	0.538225	0.0433042	0.0951976	-1.00804	-0.174986	-1.20935	5.32883	-0.117869	1.26778	0.610617	-0.164287	
15.96	-0.225159	1.31737	-2.16709	0.491212	0.851003	-1.56998	1.05763	0	1.41436	-0.873283	0.538225	0.0433042	0.0951976	-1.00804	-0.174986	-1.20935	5.32883	-0.117869	1.26778	0.610617	-0.164287	
15.974	-0.225159	1.31737	-2.16709	0.491212	0.851003	-1.56998	1.05763	0	1.45002	-0.887858	0.547532	0.0457751	0.0979804	-1.00548	-0.174279	-1.22637	5.40728	-0.0766761	1.2704	0.612836	-0.163533	
15.988	-0.225159	1.31737	-2.16709	0.491212	0.851003	-1.56998	1.05763	0	1.47036	-0.877057	0.545978	0.0439802	0.0987597	-1.00146	-0.174451	-1.28752	5.52153	-0.0695213	1.27577	0.615276	-0.163525	
15.988	-0.225159	1.31737	-2.16709	0.491212	0.851003	-1.56998	1.05763	0	1.47036	-0.877057	0.545978	0.0439802	0.0987597	-1.00146	-0.174451	-1.28752	5.52153	-0.0695213	1.27577	0.615276	-0.163525	
16.002	-0.225159	1.31737	-2.16709	0.491212	0.851003	-1.56998	1.05763	0	1.45874	-0.855871	0.544776	0.0248264	0.101381	-0.993184	-0.1749	-1.36591	5.6832	-0.108688	1.27934	0.621209	-0.164252	
16.016	-0.225159	1.31737	-2.16709	0.491212	0.851003	-1.56998	1.05763	0	1.4614	-0.820609	0.538581	0.0233294	0.10142	-0.988475	-0.175035	-1.44789	5.77991	-0.129248	1.28258	0.625875	-0.164482	
16.016	-0.225159	1.31737	-2.16709	0.491212	0.851003	-1.56998	1.05763	0	1.4614	-0.820609	0.538581	0.0233294	0.10142	-0.988475	-0.175035	-1.44789	5.77991	-0.129248	1.28258	0.625875	-0.164482	
16.03	-0.225159	1.31737	-2.16709	0.491212	0.851003	-1.56998	1.05763	0	1.46172	-0.827842	0.545205	0.0270222	0.10407	-0.987113	-0.175377	-1.41606	5.71885	-0.113003	1.27491	0.626301	-0.165044	
16.044	-0.225159	1.31737	-2.16709	0.491212	0.851003	-1.56998	1.05763	0	1.44891	-0.8209	0.542568	0.0317016	0.103542	-0.98697	-0.175512	-1.39383	5.6373	-0.117679	1.26852	0.624501	-0.165259	
16.044	-0.225159	1.31737	-2.16709	0.491212	0.851003	-1.56998	1.05763	0	1.44891	-0.8209	0.542568	0.0317016	0.103542	-0.98697	-0.175512	-1.39383	5.6373	-0.117679	1.26852	0.624501	-0.165259	
16.058	-0.225159	1.31737	-2.16709	0.491212	0.851003	-1.56998	1.05763	0	1.43705	-0.852132	0.550692	0.0357672	0.105296	-0.990666	-0.175014	-1.29322	5.48426	-0.0986729	1.25875	0.620589	-0.164864	
16.072	-0.225159	1.31737	-2.16709	0.491212	0.851003	-1.56998	1.05763	0	1.41688	-0.868603	0.555341	0.0289055	0.107567	-0.991682	-0.174807	-1.24346	5.43034	-0.109362	1.25403	0.620024	-0.164803	
16.086	-0.225159	1.31737	-2.16709	0.491212	0.851003	-1.56998	1.05763	0	1.41265	-0.87301	0.549121	0.0185545	0.1089	-0.990174	-0.174039	-1.26114	5.50418	-0.124172	1.25895	0.618467	-0.163452	
16.086	-0.225159	1.31737	-2.16709	0.491212	0.851003	-1.56998	1.05763	0	1.41265	-0.87301	0.549121	0.0185545	0.1089	-0.990174	-0.174039	-1.26114	5.50418	-0.124172	1.25895	0.618467	-0.163452	
16.1	-0.225159	1.31737	-2.16709	0.491212	0.851003	-1.56998	1.05763	0	1.44554	-0.887597	0.549381	0.0191626	0.11033	-0.987781	-0.173395	-1.28368	5.59398	-0.0895932	1.26439	0.616656	-0.162177	
16.114	-0.225159	1.31737	-2.16709	0.491212	0.851003	-1.56998	1.05763	0	1.40391	-0.88479	0.543204	-0.0011681	0.112538	-0.985185	-0.173305	-1.28166	5.62187	-0.144631	1.26345	0.616468	-0.161969	
16.114	-0.225159	1.31737	-2.16709	0.491212	0.851003	-1.56998	1.05763	0	1.40391	-0.88479	0.543204	-0.0011681	0.112538	-0.985185	-0.173305	-1.28166	5.62187	-0.144631	1.26345	0.616468	-0.161969	
16.128	-0.225159	1.31737	-2.16709	0.491212	0.851003	-1.56998	1.05763	0	1.42596	-0.843792	0.541579	0.00971896	0.111135	-0.98098	-0.174092	-1.36866	5.68858	-0.138215	1.26485	0.622431	-0.163184	
16.142	-0.225159	1.31737	-2.16709	0.491212	0.851003	-1.56998	1.05763	0	1.4243	-0.842065	0.544888	0.0110201	0.110851	-0.980145	-0.174225	-1.36309	5.66884	-0.13616	1.26207	0.623287	-0.163654	
16.142	-0.225159	1.31737	-2.16709	0.491212	0.851003	-1.56998	1.05763	0	1.4243	-0.842065	0.544888	0.0110201	0.110851	-0.980145	-0.174225	-1.36309	5.66884	-0.13616	1.26207	0.623287	-0.163654	
16.156	-0.225159	1.31737	-2.16709	0.491212	0.851003	-1.56998	1.05763	0	1.41463	-0.833307	0.546043	0.0152573	0.108862	-0.979606	-0.172998	-1.35048	5.61234	-0.141039	1.25718	0.623231	-0.162935	
16.17	-0.225159	1.31737	-2.16709	0.491212	0.851003	-1.56998	1.05763	0	1.37732	-0.83954	0.545895	0.00268017	0.111206	-0.980224	-0.17308	-1.31221	5.56741	-0.178476	1.25285	0.623227	-0.163127	
16.17	-0.225159	1.31737	-2.16709	0.491212	0.851003	-1.56998	1.05763	0	1.37732	-0.83954	0.545895	0.00268017	0.111206	-0.980224	-0.17308	-1.31221	5.56741	-0.178476	1.25285	0.623227	-0.163127	
16.184	-0.225159	1.31737	-2.16709	0.491212	0.851003	-1.56998	1.05763	0	1.35359	-0.858206	0.545166	-0.00678637	0.113989	-0.980911	-0.172962	-1.26167	5.51973	-0.193927	1.24896	0.620266	-0.1627	
16.198	-0.225159	1.31737	-2.16709	0.491212	0.851003	-1.56998	1.05763	0	1.31854	-0.869995	0.541999	-0.0201422	0.114687	-0.981431	-0.172891	-1.22002	5.48084	-0.227847	1.24625	0.617245	-0.162519	
16.198	-0.225159	1.31737	-2.16709	0.491212	0.851003	-1.56998	1.05763	0	1.36322	-0.865858	0.541303	-0.00203667	0.113305	-0.981748	-0.173243	-1.24962	5.49823	-0.176867	1.24931	0.616302	-0.162489	
16.212	-0.225159	1.31737	-2.16709	0.491212	0.851003	-1.56998	1.05763	0	1.35284	-0.903202	0.548611	-0.0108653	0.116788	-0.981661	-0.172995	-1.17699	5.44977	-0.166733	1.24404	0.612751	-0.162089	
16.226	-0.225159	1.31737	-2.16709	0.491212	0.851003	-1.56998	1.05763	0	1.36627	-0.848281	0.540846	0.00687374	0.114503	-0.980047	-0.172898	-1.261	5.46153	-0.17074	1.2441	0.618219	-0.162286	
16.24	-0.225159	1.31737	-2.16709	0.491212	0.851003	-1.56998	1.05763	0	1.36227	-0.82321	0.542743	0.00579759	0.115558	-0.97646	-0.172885	-1.30574	5.50286	-0.187022	1.2426	0.624069	-0.162829	
16.24	-0.225159	1.31737	-2.16709	0.491212	0.851003	-1.56998	1.05763	0	1.36227	-0.82321	0.542743	0.00579759	0.115558	-0.97646	-0.172885	-1.30574	5.50286	-0.187022	1.2426	0.624069	-0.162829	
16.254	-0.225159	1.31737	-2.16709	0.491212	0.851003	-1.56998	1.05763	0	1.35569	-0.81625	0.543688	0.000560108	0.115217	-0.975105	-0.173162	-1.32439	5.53778	-0.20205	1.24374	0.626273	-0.163402	
16.268	-0.225159	1.31737	-2.16709	0.491212	0.851003	-1.56998	1.05763	0	1.37318	-0.798192	0.542206	0.00415337	0.113825	-0.973757	-0.173484	-1.38151	5.61307	-0.198198	1.24893	0.629399	-0.163819	
16.268	-0.225159	1.31737	-2.16709	0.491212	0.851003	-1.56998	1.05763	0	1.37318	-0.798192	0.542206	0.00415337	0.113825	-0.973757	-0.173484	-1.38151	5.61307	-0.198198	1.24893	0.629399	-0.163819	
16.282	-0.225159	1.31737	-2.16709	0.491212	0.851003	-1.56998	1.05763	0	1.35521	-0.793753	0.541318	-0.00450502	0.111714	-0.972994	-0.174251	-1.3879	5.62978	-0.224652	1.24992	0.629742	-0.164943	
16.296	-0.225159	1.31737	-2.16709	0.491212	0.851003	-1.56998	1.05763	0	1.34448	-0.806221	0.539163	-0.00767075	0.112589	-0.97373	-0.174256	-1.35419	5.58982	-0.227759	1.24764	0.626368	-0.164624	
16.296	-0.225159	1.31737	-2.16709	0.491212	0.851003	-1.56998	1.05763	0	1.34448	-0.806221	0.539163	-0.00767075	0.112589	-0.97373	-0.174256	-1.35419	5.58982	-0.227759	1.24764	0.626368	-0.164624	
16.31	-0.225159	1.31737	-2.16709	0.491212	0.851003	-1.56998	1.05763	0	1.34099	-0.828947	0.543862	-0.00265593	0.112574	-0.975506	-0.173858	-1.28348	5.47801	-0.206431	1.24041	0.621914	-0.164261	
16.324	-0.225159	1.31737	-2.16709	0.491212	0.851003	-1.56998	1.05763	0	1.33429	-0.857275	0.549146	-0.00721317	0.114842	-0.976201	-0.173532	-1.22443	5.4283	-0.196101	1.23627	0.618878	-0.163806	
16.324	-0.225159	1.31737	-2.16709	0.491212	0.851003	-1.56998	1.05763	0	1.33429	-0.857275	0.549146	-0.00721317	0.114842	-0.976201	-0.173532	-1.22443	5.4283	-0.196101	1.23627	0.618878	-0.163806	
16.338	-0.225159	1.31737	-2.16709	0.491212	0.851003	-1.56998	1.05763	0	1.29502	-0.837548	0.542336	-0.0154529	0.114348	-0.973676	-0.173437	-1.22408	5.38962	-0.243295	1.23077	0.618762	-0.163985	
16.352	-0.225159	1.31737	-2.16709	0.491212	0.851003	-1.56998	1.05763	0	1.35067	-0.8266	0.543648	0.00125921	0.112568	-0.971382	-0.173743	-1.28891	5.47349	-0.18889	1.23651	0.620168	-0.164122	
16.352	-0.225159	1.31737	-2.16709	0.491212	0.851003	-1.56998	1.05763	0	1.32478	-0.860627	0.546154	-0.0218277	0.114808	-0.969329	-0.173493	-1.24312	5.5047	-0.211171	1.23642	0.616462	-0.163685	
16.366	-0.225159	1.31737	-2.16709	0.491212	0.851003	-1.56998	1.05763	0	1.3519	-0.830959	0.54268	-0.0118102	0.112488	-0.966892	-0.174134	-1.32085	5.58103	-0.198499	1.2412	0.619859	-0.164422	
16.38	-0.225159	1.31737	-2.16709	0.491212	0.851003	-1.56998	1.05763	0	1.34809	-0.822363	0.540775	-0.0150682	0.112265	-0.965225	-0.173922	-1.3422	5.61422	-0.210121	1.24231	0.620909	-0.164278	
16.394	-0.225159	1.31737	-2.16709	0.491212	0.851003	-1.56998	1.05763	0	1.32669	-0.81036	0.537726	-0.0210931	0.111106	-0.964382	-0.173746	-1.35029	5.61323	-0.240498	1.24152	0.621746	-0.164386	
16.394	-0.225159	1.31737	-2.16709	0.491212	0.851003	-1.56998	1.05763	0	1.32669	-0.81036	0.537726	-0.0210931	0.111106	-0.964382	-0.173746	-1.35029	5.61323	-0.240498	1.24152	0.621746	-0.164386	
16.408	-0.225159	1.31737	-2.16709	0.491212	0.851003	-1.56998	1.05763	0	1.33282	-0.803541	0.538721	-0.0109519	0.109262	-0.965733	-0.173612	-1.34393	5.56061	-0.228092	1.23904	0.62169	-0.164491	
16.422	-0.225159	1.31737	-2.16709	0.491212	0.851003	-1.56998	1.05763	0	1.31077	-0.812947	0.539303	-0.014813	0.110602	-0.967221	-0.173357	-1.29837	5.49011	-0.241947	1.23414	0.620149	-0.164257	
16.422	-0.225159	1.31737	-2.16709	0.491212	0.851003	-1.56998	1.05763	0	1.31077	-0.812947	0.539303	-0.014813	0.110602	-0.967221	-0.173357	-1.29837	5.49011	-0.241947	1.23414	0.620149	-0.164257	
