joint_A1	joint_A2	joint_E1	joint_A3	joint_A4	joint_A5	joint_A6	cart_pos_x	cart_pos_y	cart_pos_z	cart_quat_x	cart_quat_y	cart_quat_z	cart_quat_w	force_joint_A1	force_joint_A2	force_joint_E1	force_joint_A3	force_joint_A4	force_joint_A5	force_joint_A6	cart_force_x	cart_force_y	cart_force_z	cart_trq_x	cart_trq_y	cart_trq_z	
9.45	-0.225159	1.31737	-2.16709	0.491212	0.851003	-1.56998	1.05763	0	0.861671	0.236717	-0.0706532	-0.25834	-0.0583057	-0.370056	-0.186274	-3.26137	6.9872	-0.731138	0.92425	0.30124	-0.171672	
9.45	-0.225159	1.31737	-2.16709	0.491212	0.851003	-1.56998	1.05763	0	0.861671	0.236717	-0.0706532	-0.25834	-0.0583057	-0.370056	-0.186274	-3.26137	6.9872	-0.731138	0.92425	0.30124	-0.171672	
9.464	-0.225159	1.31737	-2.16709	0.491212	0.851003	-1.56998	1.05763	0	0.859427	0.229266	-0.068347	-0.261219	-0.056187	-0.370272	-0.186428	-3.24953	6.9866	-0.730997	0.923498	0.301831	-0.17175	
9.478	-0.225159	1.31737	-2.16709	0.491212	0.851003	-1.56998	1.05763	0	0.862588	0.22357	-0.068174	-0.261517	-0.0578244	-0.370555	-0.186195	-3.24496	6.99148	-0.726299	0.924902	0.300266	-0.17153	
9.478	-0.225159	1.31737	-2.16709	0.491212	0.851003	-1.56998	1.05763	0	0.862588	0.22357	-0.068174	-0.261517	-0.0578244	-0.370555	-0.186195	-3.24496	6.99148	-0.726299	0.924902	0.300266	-0.17153	
9.492	-0.225159	1.31737	-2.16709	0.491212	0.851003	-1.56998	1.05763	0	0.861196	0.222224	-0.066435	-0.263039	-0.0572155	-0.370322	-0.1862	-3.24348	6.99572	-0.727759	0.92456	0.301077	-0.171624	
9.506	-0.225159	1.31737	-2.16709	0.491212	0.851003	-1.56998	1.05763	0	0.880421	0.215027	-0.0601279	-0.25978	-0.0582172	-0.370425	-0.186357	-3.24962	7.02343	-0.705441	0.926823	0.302162	-0.172029	
9.506	-0.225159	1.31737	-2.16709	0.491212	0.851003	-1.56998	1.05763	0	0.880421	0.215027	-0.0601279	-0.25978	-0.0582172	-0.370425	-0.186357	-3.24962	7.02343	-0.705441	0.926823	0.302162	-0.172029	
9.52	-0.225159	1.31737	-2.16709	0.491212	0.851003	-1.56998	1.05763	0	0.838978	0.229618	-0.0678505	-0.270415	-0.0583606	-0.370416	-0.186613	-3.24502	6.99328	-0.75838	0.92438	0.302127	-0.172363	
9.534	-0.225159	1.31737	-2.16709	0.491212	0.851003	-1.56998	1.05763	0	0.922059	0.221057	-0.0596864	-0.245202	-0.0584919	-0.370724	-0.18657	-3.28847	7.06675	-0.663193	0.931201	0.303301	-0.17193	
9.534	-0.225159	1.31737	-2.16709	0.491212	0.851003	-1.56998	1.05763	0	0.922059	0.221057	-0.0596864	-0.245202	-0.0584919	-0.370724	-0.18657	-3.28847	7.06675	-0.663193	0.931201	0.303301	-0.17193	
9.548	-0.225159	1.31737	-2.16709	0.491212	0.851003	-1.56998	1.05763	0	0.875423	0.208833	-0.0624023	-0.263258	-0.0565097	-0.370098	-0.186539	-3.239	7.02069	-0.708591	0.92616	0.300652	-0.171862	
9.562	-0.225159	1.31737	-2.16709	0.491212	0.851003	-1.56998	1.05763	0	0.875045	0.194205	-0.057503	-0.266064	-0.0558955	-0.370085	-0.186389	-3.21445	7.01024	-0.701379	0.924804	0.299946	-0.17183	
9.576	-0.225159	1.31737	-2.16709	0.491212	0.851003	-1.56998	1.05763	0	0.892413	0.21991	-0.0622002	-0.254294	-0.058404	-0.369397	-0.186268	-3.2631	7.02908	-0.691962	0.926823	0.301463	-0.171752	
9.576	-0.225159	1.31737	-2.16709	0.491212	0.851003	-1.56998	1.05763	0	0.892413	0.21991	-0.0622002	-0.254294	-0.058404	-0.369397	-0.186268	-3.2631	7.02908	-0.691962	0.926823	0.301463	-0.171752	
9.59	-0.225159	1.31737	-2.16709	0.491212	0.851003	-1.56998	1.05763	0	0.873178	0.225228	-0.0658648	-0.261188	-0.0582253	-0.368758	-0.186146	-3.26366	7.02979	-0.717657	0.926232	0.301355	-0.171631	
9.604	-0.225159	1.31737	-2.16709	0.491212	0.851003	-1.56998	1.05763	0	0.909128	0.235243	-0.0668218	-0.246617	-0.0592708	-0.367639	-0.186274	-3.30041	7.05622	-0.679421	0.928255	0.301505	-0.171541	
9.604	-0.225159	1.31737	-2.16709	0.491212	0.851003	-1.56998	1.05763	0	0.909128	0.235243	-0.0668218	-0.246617	-0.0592708	-0.367639	-0.186274	-3.30041	7.05622	-0.679421	0.928255	0.301505	-0.171541	
9.618	-0.225159	1.31737	-2.16709	0.491212	0.851003	-1.56998	1.05763	0	0.875059	0.224217	-0.0662674	-0.260895	-0.0566039	-0.367273	-0.186619	-3.26196	7.02538	-0.7121	0.924138	0.300893	-0.171928	
9.632	-0.225159	1.31737	-2.16709	0.491212	0.851003	-1.56998	1.05763	0	0.869878	0.219184	-0.0651169	-0.263221	-0.0567584	-0.367789	-0.186812	-3.24987	7.01517	-0.715627	0.92373	0.300477	-0.172192	
9.632	-0.225159	1.31737	-2.16709	0.491212	0.851003	-1.56998	1.05763	0	0.869878	0.219184	-0.0651169	-0.263221	-0.0567584	-0.367789	-0.186812	-3.24987	7.01517	-0.715627	0.92373	0.300477	-0.172192	
9.646	-0.225159	1.31737	-2.16709	0.491212	0.851003	-1.56998	1.05763	0	0.886609	0.230844	-0.0630787	-0.254817	-0.0580904	-0.367424	-0.186095	-3.27597	7.03121	-0.701031	0.924784	0.302758	-0.17175	
9.66	-0.225159	1.31737	-2.16709	0.491212	0.851003	-1.56998	1.05763	0	0.884547	0.229304	-0.0621646	-0.256945	-0.056363	-0.367389	-0.185714	-3.27497	7.04023	-0.704269	0.924717	0.303849	-0.171314	
9.66	-0.225159	1.31737	-2.16709	0.491212	0.851003	-1.56998	1.05763	0	0.884547	0.229304	-0.0621646	-0.256945	-0.056363	-0.367389	-0.185714	-3.27497	7.04023	-0.704269	0.924717	0.303849	-0.171314	
9.674	-0.225159	1.31737	-2.16709	0.491212	0.851003	-1.56998	1.05763	0	0.848	0.207009	-0.0604542	-0.275763	-0.0549942	-0.367883	-0.185647	-3.22415	7.02118	-0.739119	0.922841	0.30176	-0.171323	
9.688	-0.225159	1.31737	-2.16709	0.491212	0.851003	-1.56998	1.05763	0	0.842206	0.214558	-0.0623248	-0.274549	-0.0561307	-0.368248	-0.185778	-3.22739	7.00513	-0.747175	0.922246	0.301851	-0.171567	
9.688	-0.225159	1.31737	-2.16709	0.491212	0.851003	-1.56998	1.05763	0	0.842206	0.214558	-0.0623248	-0.274549	-0.0561307	-0.368248	-0.185778	-3.22739	7.00513	-0.747175	0.922246	0.301851	-0.171567	
9.702	-0.225159	1.31737	-2.16709	0.491212	0.851003	-1.56998	1.05763	0	0.885017	0.233498	-0.0618067	-0.253946	-0.0541246	-0.369165	-0.186077	-3.27542	7.02553	-0.704787	0.924236	0.30606	-0.171565	
9.716	-0.225159	1.31737	-2.16709	0.491212	0.851003	-1.56998	1.05763	0	0.900922	0.225089	-0.0603697	-0.251795	-0.0548313	-0.369	-0.186082	-3.27834	7.04931	-0.685558	0.926555	0.304812	-0.171435	
9.73	-0.225159	1.31737	-2.16709	0.491212	0.851003	-1.56998	1.05763	0	0.854767	0.224443	-0.0637568	-0.267088	-0.0563502	-0.369444	-0.185452	-3.24784	7.01302	-0.738066	0.924191	0.303309	-0.171148	
9.73	-0.225159	1.31737	-2.16709	0.491212	0.851003	-1.56998	1.05763	0	0.854767	0.224443	-0.0637568	-0.267088	-0.0563502	-0.369444	-0.185452	-3.24784	7.01302	-0.738066	0.924191	0.303309	-0.171148	
9.744	-0.225159	1.31737	-2.16709	0.491212	0.851003	-1.56998	1.05763	0	0.908917	0.235607	-0.0622646	-0.247269	-0.0571077	-0.369643	-0.185368	-3.3022	7.06954	-0.684044	0.929618	0.30558	-0.170821	
9.758	-0.225159	1.31737	-2.16709	0.491212	0.851003	-1.56998	1.05763	0	0.908871	0.200489	-0.0590394	-0.255687	-0.054337	-0.37078	-0.186317	-3.25421	7.06542	-0.671571	0.929956	0.301748	-0.171238	
9.758	-0.225159	1.31737	-2.16709	0.491212	0.851003	-1.56998	1.05763	0	0.908871	0.200489	-0.0590394	-0.255687	-0.054337	-0.37078	-0.186317	-3.25421	7.06542	-0.671571	0.929956	0.301748	-0.171238	
9.772	-0.225159	1.31737	-2.16709	0.491212	0.851003	-1.56998	1.05763	0	0.93489	0.232027	-0.0653567	-0.240449	-0.0562905	-0.371057	-0.186792	-3.32042	7.10062	-0.657659	0.934198	0.304467	-0.171561	
9.786	-0.225159	1.31737	-2.16709	0.491212	0.851003	-1.56998	1.05763	0	0.862284	0.219725	-0.0690608	-0.268357	-0.0533262	-0.371143	-0.186538	-3.25778	7.04664	-0.735212	0.928442	0.302701	-0.171392	
9.786	-0.225159	1.31737	-2.16709	0.491212	0.851003	-1.56998	1.05763	0	0.862284	0.219725	-0.0690608	-0.268357	-0.0533262	-0.371143	-0.186538	-3.25778	7.04664	-0.735212	0.928442	0.302701	-0.171392	
9.8	-0.225159	1.31737	-2.16709	0.491212	0.851003	-1.56998	1.05763	0	0.877211	0.234579	-0.0713969	-0.259467	-0.0547649	-0.37116	-0.186009	-3.28798	7.06029	-0.724569	0.930227	0.30381	-0.170863	
9.814	-0.225159	1.31737	-2.16709	0.491212	0.851003	-1.56998	1.05763	0	0.850003	0.221939	-0.0679272	-0.271224	-0.0538815	-0.371445	-0.185847	-3.25021	7.03286	-0.749367	0.927311	0.303529	-0.171006	
9.814	-0.225159	1.31737	-2.16709	0.491212	0.851003	-1.56998	1.05763	0	0.850003	0.221939	-0.0679272	-0.271224	-0.0538815	-0.371445	-0.185847	-3.25021	7.03286	-0.749367	0.927311	0.303529	-0.171006	
9.828	-0.225159	1.31737	-2.16709	0.491212	0.851003	-1.56998	1.05763	0	0.859205	0.237837	-0.0686549	-0.265122	-0.0550812	-0.370845	-0.185464	-3.28028	7.04937	-0.745822	0.928289	0.305655	-0.170817	
9.842	-0.225159	1.31737	-2.16709	0.491212	0.851003	-1.56998	1.05763	0	0.864497	0.209234	-0.0623696	-0.269141	-0.0546788	-0.370901	-0.185433	-3.23985	7.0403	-0.726616	0.927507	0.302657	-0.170748	
9.842	-0.225159	1.31737	-2.16709	0.491212	0.851003	-1.56998	1.05763	0	0.864497	0.209234	-0.0623696	-0.269141	-0.0546788	-0.370901	-0.185433	-3.23985	7.0403	-0.726616	0.927507	0.302657	-0.170748	
9.856	-0.225159	1.31737	-2.16709	0.491212	0.851003	-1.56998	1.05763	0	0.840352	0.228438	-0.0653816	-0.273619	-0.0569076	-0.369837	-0.18595	-3.25337	7.02678	-0.760798	0.925645	0.30415	-0.171769	
9.87	-0.225159	1.31737	-2.16709	0.491212	0.851003	-1.56998	1.05763	0	0.824971	0.221312	-0.0637103	-0.280533	-0.0564982	-0.369951	-0.185925	-3.23305	7.01367	-0.775217	0.924217	0.303878	-0.1719	
9.884	-0.225159	1.31737	-2.16709	0.491212	0.851003	-1.56998	1.05763	0	0.876035	0.222517	-0.0613111	-0.265504	-0.0571865	-0.36918	-0.185654	-3.27533	7.07816	-0.721418	0.929462	0.304568	-0.171346	
9.884	-0.225159	1.31737	-2.16709	0.491212	0.851003	-1.56998	1.05763	0	0.876035	0.222517	-0.0613111	-0.265504	-0.0571865	-0.36918	-0.185654	-3.27533	7.07816	-0.721418	0.929462	0.304568	-0.171346	
9.898	-0.225159	1.31737	-2.16709	0.491212	0.851003	-1.56998	1.05763	0	0.874886	0.227811	-0.0620371	-0.264522	-0.0582349	-0.368675	-0.185403	-3.2815	7.07664	-0.724018	0.92917	0.304625	-0.171223	
9.912	-0.225159	1.31737	-2.16709	0.491212	0.851003	-1.56998	1.05763	0	0.869943	0.231329	-0.0644226	-0.264653	-0.057326	-0.368254	-0.186062	-3.28074	7.06251	-0.7287	0.927547	0.304284	-0.171731	
9.912	-0.225159	1.31737	-2.16709	0.491212	0.851003	-1.56998	1.05763	0	0.869943	0.231329	-0.0644226	-0.264653	-0.057326	-0.368254	-0.186062	-3.28074	7.06251	-0.7287	0.927547	0.304284	-0.171731	
9.926	-0.225159	1.31737	-2.16709	0.491212	0.851003	-1.56998	1.05763	0	0.870831	0.228336	-0.0643912	-0.265126	-0.0569615	-0.36821	-0.18632	-3.27733	7.06232	-0.726381	0.927477	0.303828	-0.171905	
9.94	-0.225159	1.31737	-2.16709	0.491212	0.851003	-1.56998	1.05763	0	0.843702	0.236039	-0.0700224	-0.271959	-0.0579455	-0.367973	-0.186516	-3.27037	7.03676	-0.7592	0.925668	0.302588	-0.172149	
9.94	-0.225159	1.31737	-2.16709	0.491212	0.851003	-1.56998	1.05763	0	0.843702	0.236039	-0.0700224	-0.271959	-0.0579455	-0.367973	-0.186516	-3.27037	7.03676	-0.7592	0.925668	0.302588	-0.172149	
9.954	-0.225159	1.31737	-2.16709	0.491212	0.851003	-1.56998	1.05763	0	0.873038	0.228782	-0.0685242	-0.263656	-0.0577551	-0.368025	-0.186023	-3.27918	7.06089	-0.723708	0.92813	0.301599	-0.171332	
9.968	-0.225159	1.31737	-2.16709	0.491212	0.851003	-1.56998	1.05763	0	0.853663	0.231475	-0.0723611	-0.268105	-0.0578882	-0.368789	-0.186018	-3.26747	7.0349	-0.745929	0.926931	0.300656	-0.171277	
9.968	-0.225159	1.31737	-2.16709	0.491212	0.851003	-1.56998	1.05763	0	0.853663	0.231475	-0.0723611	-0.268105	-0.0578882	-0.368789	-0.186018	-3.26747	7.0349	-0.745929	0.926931	0.300656	-0.171277	
9.982	-0.225159	1.31737	-2.16709	0.491212	0.851003	-1.56998	1.05763	0	0.843403	0.227913	-0.0733601	-0.273316	-0.0576586	-0.369343	-0.185745	-3.25972	7.03819	-0.758866	0.927643	0.300268	-0.170959	
9.996	-0.225159	1.31737	-2.16709	0.491212	0.851003	-1.56998	1.05763	0	0.897027	0.223615	-0.0699838	-0.25728	-0.0580504	-0.369729	-0.186109	-3.29216	7.09066	-0.699238	0.932975	0.300535	-0.170957	
9.996	-0.225159	1.31737	-2.16709	0.491212	0.851003	-1.56998	1.05763	0	0.872091	0.231242	-0.0728666	-0.263168	-0.059046	-0.369815	-0.186308	-3.28504	7.06452	-0.729354	0.931043	0.300512	-0.171391	
10.01	-0.225159	1.31737	-2.16709	0.491212	0.851003	-1.56998	1.05763	0	0.894435	0.225593	-0.0689888	-0.259241	-0.0595739	-0.3696	-0.186391	-3.29825	7.1024	-0.705176	0.934038	0.301069	-0.171491	
10.024	-0.225159	1.31737	-2.16709	0.491212	0.851003	-1.56998	1.05763	0	0.894495	0.226348	-0.0693047	-0.259718	-0.0580268	-0.370189	-0.186114	-3.30159	7.11149	-0.707563	0.934766	0.30218	-0.171077	
10.038	-0.225159	1.31737	-2.16709	0.491212	0.851003	-1.56998	1.05763	0	0.885563	0.228602	-0.0659124	-0.2607	-0.0587244	-0.370363	-0.185904	-3.29286	7.08992	-0.715868	0.932699	0.303589	-0.171321	
10.038	-0.225159	1.31737	-2.16709	0.491212	0.851003	-1.56998	1.05763	0	0.885563	0.228602	-0.0659124	-0.2607	-0.0587244	-0.370363	-0.185904	-3.29286	7.08992	-0.715868	0.932699	0.303589	-0.171321	
10.052	-0.225159	1.31737	-2.16709	0.491212	0.851003	-1.56998	1.05763	0	0.880441	0.229201	-0.065168	-0.261444	-0.0586228	-0.370028	-0.185978	-3.28683	7.07586	-0.719582	0.931027	0.303735	-0.171514	
10.066	-0.225159	1.31737	-2.16709	0.491212	0.851003	-1.56998	1.05763	0	0.873569	0.227251	-0.0647751	-0.263208	-0.0563859	-0.369948	-0.186644	-3.27515	7.05607	-0.723772	0.928513	0.304148	-0.172079	
10.066	-0.225159	1.31737	-2.16709	0.491212	0.851003	-1.56998	1.05763	0	0.873569	0.227251	-0.0647751	-0.263208	-0.0563859	-0.369948	-0.186644	-3.27515	7.05607	-0.723772	0.928513	0.304148	-0.172079	
10.08	-0.225159	1.31737	-2.16709	0.491212	0.851003	-1.56998	1.05763	0	0.900348	0.223175	-0.0610225	-0.255601	-0.0551291	-0.370263	-0.186805	-3.28729	7.08061	-0.692821	0.930399	0.305411	-0.172078	
10.094	-0.225159	1.31737	-2.16709	0.491212	0.851003	-1.56998	1.05763	0	0.849463	0.235215	-0.0665018	-0.271519	-0.0557167	-0.370294	-0.186608	-3.27726	7.05834	-0.757914	0.928284	0.306194	-0.172239	
10.094	-0.225159	1.31737	-2.16709	0.491212	0.851003	-1.56998	1.05763	0	0.849463	0.235215	-0.0665018	-0.271519	-0.0557167	-0.370294	-0.186608	-3.27726	7.05834	-0.757914	0.928284	0.306194	-0.172239	
10.108	-0.225159	1.31737	-2.16709	0.491212	0.851003	-1.56998	1.05763	0	0.890753	0.231748	-0.0642582	-0.259255	-0.0570837	-0.370549	-0.186266	-3.30277	7.10226	-0.712582	0.933036	0.30583	-0.171674	
10.122	-0.225159	1.31737	-2.16709	0.491212	0.851003	-1.56998	1.05763	0	0.909004	0.223098	-0.0612644	-0.25419	-0.0564607	-0.371355	-0.186105	-3.29955	7.10911	-0.688379	0.934267	0.305624	-0.171357	
10.122	-0.225159	1.31737	-2.16709	0.491212	0.851003	-1.56998	1.05763	0	0.909004	0.223098	-0.0612644	-0.25419	-0.0564607	-0.371355	-0.186105	-3.29955	7.10911	-0.688379	0.934267	0.305624	-0.171357	
10.136	-0.225159	1.31737	-2.16709	0.491212	0.851003	-1.56998	1.05763	0	0.879042	0.234795	-0.0670646	-0.260431	-0.0555766	-0.370339	-0.185853	-3.29266	7.07443	-0.723382	0.930237	0.305373	-0.171108	
10.15	-0.225159	1.31737	-2.16709	0.491212	0.851003	-1.56998	1.05763	0	0.862005	0.230436	-0.0658832	-0.267074	-0.0548788	-0.369838	-0.186065	-3.27383	7.05566	-0.739138	0.927679	0.305206	-0.171482	
10.164	-0.225159	1.31737	-2.16709	0.491212	0.851003	-1.56998	1.05763	0	0.871804	0.234625	-0.064439	-0.26302	-0.0554273	-0.369898	-0.186614	-3.28639	7.06383	-0.729822	0.928431	0.306348	-0.172138	
10.164	-0.225159	1.31737	-2.16709	0.491212	0.851003	-1.56998	1.05763	0	0.871804	0.234625	-0.064439	-0.26302	-0.0554273	-0.369898	-0.186614	-3.28639	7.06383	-0.729822	0.928431	0.306348	-0.172138	
10.178	-0.225159	1.31737	-2.16709	0.491212	0.851003	-1.56998	1.05763	0	0.837076	0.227317	-0.0650234	-0.276032	-0.0535706	-0.368909	-0.186383	-3.2507	7.02809	-0.763152	0.923685	0.305246	-0.172002	
10.192	-0.225159	1.31737	-2.16709	0.491212	0.851003	-1.56998	1.05763	0	0.871206	0.23013	-0.0629667	-0.263127	-0.0522373	-0.368892	-0.186584	-3.27336	7.04702	-0.724218	0.925017	0.306609	-0.171933	
10.192	-0.225159	1.31737	-2.16709	0.491212	0.851003	-1.56998	1.05763	0	0.871206	0.23013	-0.0629667	-0.263127	-0.0522373	-0.368892	-0.186584	-3.27336	7.04702	-0.724218	0.925017	0.306609	-0.171933	
10.206	-0.225159	1.31737	-2.16709	0.491212	0.851003	-1.56998	1.05763	0	0.903178	0.218809	-0.0585233	-0.255444	-0.0521678	-0.36896	-0.18598	-3.27919	7.07776	-0.684826	0.927776	0.306156	-0.171155	
10.22	-0.225159	1.31737	-2.16709	0.491212	0.851003	-1.56998	1.05763	0	0.877855	0.224621	-0.0603893	-0.262074	-0.0518106	-0.368535	-0.185866	-3.26856	7.05181	-0.713853	0.924818	0.306585	-0.171241	
10.22	-0.225159	1.31737	-2.16709	0.491212	0.851003	-1.56998	1.05763	0	0.877855	0.224621	-0.0603893	-0.262074	-0.0518106	-0.368535	-0.185866	-3.26856	7.05181	-0.713853	0.924818	0.306585	-0.171241	
10.234	-0.225159	1.31737	-2.16709	0.491212	0.851003	-1.56998	1.05763	0	0.850271	0.237503	-0.0635361	-0.268177	-0.0527386	-0.368281	-0.185679	-3.26832	7.02997	-0.749488	0.922708	0.307536	-0.171385	
10.248	-0.225159	1.31737	-2.16709	0.491212	0.851003	-1.56998	1.05763	0	0.865379	0.230783	-0.0626307	-0.262833	-0.0536899	-0.367911	-0.186183	-3.26302	7.02096	-0.726066	0.922397	0.30538	-0.171762	
10.248	-0.225159	1.31737	-2.16709	0.491212	0.851003	-1.56998	1.05763	0	0.865379	0.230783	-0.0626307	-0.262833	-0.0536899	-0.367911	-0.186183	-3.26302	7.02096	-0.726066	0.922397	0.30538	-0.171762	
10.262	-0.225159	1.31737	-2.16709	0.491212	0.851003	-1.56998	1.05763	0	0.890741	0.237309	-0.0617316	-0.254145	-0.0546887	-0.368265	-0.18576	-3.29361	7.05884	-0.703568	0.926205	0.306907	-0.171311	
10.276	-0.225159	1.31737	-2.16709	0.491212	0.851003	-1.56998	1.05763	0	0.882859	0.216414	-0.0597396	-0.262474	-0.0537618	-0.368846	-0.185679	-3.26226	7.05915	-0.706381	0.926592	0.304632	-0.171069	
10.276	-0.225159	1.31737	-2.16709	0.491212	0.851003	-1.56998	1.05763	0	0.882859	0.216414	-0.0597396	-0.262474	-0.0537618	-0.368846	-0.185679	-3.3029	7.09117	-0.668704	0.93085	0.303824	-0.170623	
10.29	-0.225159	1.31737	-2.16709	0.491212	0.851003	-1.56998	1.05763	0	0.892398	0.25066	-0.0665237	-0.251615	-0.0572464	-0.368595	-0.185046	-3.31974	7.07954	-0.711014	0.929343	0.30694	-0.170607	
10.304	-0.225159	1.31737	-2.16709	0.491212	0.851003	-1.56998	1.05763	0	0.866508	0.226106	-0.0657489	-0.266438	-0.0556438	-0.369349	-0.184853	-3.27046	7.06167	-0.732239	0.928147	0.303889	-0.170246	
10.318	-0.225159	1.31737	-2.16709	0.491212	0.851003	-1.56998	1.05763	0	0.877063	0.215588	-0.0620157	-0.264819	-0.0543499	-0.370578	-0.185661	-3.26074	7.06264	-0.716528	0.928873	0.304221	-0.170942	
10.318	-0.225159	1.31737	-2.16709	0.491212	0.851003	-1.56998	1.05763	0	0.877063	0.215588	-0.0620157	-0.264819	-0.0543499	-0.370578	-0.185661	-3.26074	7.06264	-0.716528	0.928873	0.304221	-0.170942	
10.332	-0.225159	1.31737	-2.16709	0.491212	0.851003	-1.56998	1.05763	0	0.882519	0.232254	-0.0667845	-0.258197	-0.055452	-0.370123	-0.186434	-3.28573	7.05772	-0.714927	0.928818	0.304437	-0.17162	
10.346	-0.225159	1.31737	-2.16709	0.491212	0.851003	-1.56998	1.05763	0	0.839705	0.243693	-0.069828	-0.267187	-0.0553582	-0.370091	-0.186401	-3.26469	6.99754	-0.762749	0.923276	0.305164	-0.171986	
10.346	-0.225159	1.31737	-2.16709	0.491212	0.851003	-1.56998	1.05763	0	0.839705	0.243693	-0.069828	-0.267187	-0.0553582	-0.370091	-0.186401	-3.26469	6.99754	-0.762749	0.923276	0.305164	-0.171986	
10.36	-0.225159	1.31737	-2.16709	0.491212	0.851003	-1.56998	1.05763	0	0.877034	0.228527	-0.0632327	-0.256976	-0.0551135	-0.370295	-0.186183	-3.26278	7.01442	-0.712831	0.924927	0.304507	-0.171626	
10.374	-0.225159	1.31737	-2.16709	0.491212	0.851003	-1.56998	1.05763	0	0.873811	0.227115	-0.0606061	-0.259008	-0.0544336	-0.370608	-0.185679	-3.25975	7.0193	-0.717266	0.924916	0.305999	-0.171292	
10.374	-0.225159	1.31737	-2.16709	0.491212	0.851003	-1.56998	1.05763	0	0.873811	0.227115	-0.0606061	-0.259008	-0.0544336	-0.370608	-0.185679	-3.25975	7.0193	-0.717266	0.924916	0.305999	-0.171292	
10.388	-0.225159	1.31737	-2.16709	0.491212	0.851003	-1.56998	1.05763	0	0.86644	0.208451	-0.0590071	-0.26579	-0.0531129	-0.370993	-0.185896	-3.22874	7.01008	-0.718365	0.924258	0.303808	-0.171316	
10.402	-0.225159	1.31737	-2.16709	0.491212	0.851003	-1.56998	1.05763	0	0.904769	0.228175	-0.0619863	-0.24931	-0.053824	-0.370348	-0.185534	-3.28507	7.05478	-0.684566	0.92807	0.305662	-0.170676	
10.402	-0.225159	1.31737	-2.16709	0.491212	0.851003	-1.56998	1.05763	0	0.904769	0.228175	-0.0619863	-0.24931	-0.053824	-0.370348	-0.185534	-3.28912	7.03555	-0.71344	0.926271	0.307186	-0.171412	
10.416	-0.225159	1.31737	-2.16709	0.491212	0.851003	-1.56998	1.05763	0	0.89903	0.229272	-0.0613135	-0.252489	-0.0544137	-0.370817	-0.185517	-3.28806	7.06616	-0.69477	0.929325	0.306598	-0.17083	
10.43	-0.225159	1.31737	-2.16709	0.491212	0.851003	-1.56998	1.05763	0	0.883379	0.21274	-0.0600934	-0.260663	-0.0534439	-0.370831	-0.185465	-3.25141	7.0418	-0.703996	0.927085	0.304224	-0.170715	
10.444	-0.225159	1.31737	-2.16709	0.491212	0.851003	-1.56998	1.05763	0	0.877211	0.247978	-0.0639806	-0.253992	-0.0554539	-0.369723	-0.185388	-3.29429	7.03406	-0.722376	0.925573	0.308037	-0.171117	
10.444	-0.225159	1.31737	-2.16709	0.491212	0.851003	-1.56998	1.05763	0	0.920709	0.247983	-0.0646529	-0.239126	-0.0550735	-0.369376	-0.185169	-3.32237	7.0681	-0.673117	0.928803	0.307224	-0.170348	
10.458	-0.225159	1.31737	-2.16709	0.491212	0.851003	-1.56998	1.05763	0	0.862907	0.206775	-0.0625613	-0.267197	-0.0511879	-0.369204	-0.185613	-3.22252	7.00188	-0.718494	0.92186	0.301906	-0.170649	
10.472	-0.225159	1.31737	-2.16709	0.491212	0.851003	-1.56998	1.05763	0	0.860128	0.230879	-0.0661932	-0.263062	-0.051507	-0.368615	-0.185975	-3.2559	7.00542	-0.731018	0.921493	0.304793	-0.171158	
10.472	-0.225159	1.31737	-2.16709	0.491212	0.851003	-1.56998	1.05763	0	0.892839	0.229009	-0.0661911	-0.253796	-0.0531726	-0.368532	-0.186575	-3.28004	7.04312	-0.695856	0.925695	0.303652	-0.171493	
10.486	-0.225159	1.31737	-2.16709	0.491212	0.851003	-1.56998	1.05763	0	0.845626	0.223532	-0.0684228	-0.270346	-0.053563	-0.368148	-0.186468	-3.23985	6.99773	-0.745084	0.921447	0.301664	-0.171676	
10.5	-0.225159	1.31737	-2.16709	0.491212	0.851003	-1.56998	1.05763	0	0.842948	0.231714	-0.068338	-0.267137	-0.052718	-0.368183	-0.186422	-3.24152	6.97468	-0.747403	0.919073	0.30312	-0.171729	
10.514	-0.225159	1.31737	-2.16709	0.491212	0.851003	-1.56998	1.05763	0	0.895349	0.220402	-0.0624249	-0.252368	-0.0545394	-0.36819	-0.185716	-3.26043	7.0208	-0.684975	0.923833	0.302235	-0.170889	
10.514	-0.225159	1.31737	-2.16709	0.491212	0.851003	-1.56998	1.05763	0	0.874845	0.226325	-0.0666573	-0.255187	-0.0545608	-0.367862	-0.185264	-3.2473	6.98066	-0.705882	0.920436	0.300998	-0.170431	
10.528	-0.225159	1.31737	-2.16709	0.491212	0.851003	-1.56998	1.05763	0	0.883867	0.212762	-0.0618087	-0.256306	-0.0531076	-0.368152	-0.185042	-3.23608	6.99583	-0.691977	0.921235	0.301305	-0.17017	
10.542	-0.225159	1.31737	-2.16709	0.491212	0.851003	-1.56998	1.05763	0	0.883775	0.229303	-0.0640967	-0.253375	-0.0557067	-0.368183	-0.185284	-3.26319	7.00699	-0.700614	0.922881	0.30274	-0.170685	
10.542	-0.225159	1.31737	-2.16709	0.491212	0.851003	-1.56998	1.05763	0	0.90252	0.21409	-0.0607623	-0.250617	-0.0559169	-0.368145	-0.185919	-3.25391	7.01721	-0.672992	0.924078	0.300833	-0.171149	
10.556	-0.225159	1.31737	-2.16709	0.491212	0.851003	-1.56998	1.05763	0	0.8537	0.202822	-0.0630095	-0.269278	-0.053723	-0.368105	-0.186448	-3.20482	6.96942	-0.721952	0.919224	0.29894	-0.171685	
10.57	-0.225159	1.31737	-2.16709	0.491212	0.851003	-1.56998	1.05763	0	0.884286	0.191049	-0.0591613	-0.2636	-0.0526036	-0.368091	-0.186492	-3.2135	7.00978	-0.685696	0.922391	0.29886	-0.17143	
10.584	-0.225159	1.31737	-2.16709	0.491212	0.851003	-1.56998	1.05763	0	0.891099	0.228067	-0.0656151	-0.254376	-0.0557522	-0.367148	-0.18636	-3.2764	7.037	-0.695011	0.924757	0.301989	-0.171546	
10.584	-0.225159	1.31737	-2.16709	0.491212	0.851003	-1.56998	1.05763	0	0.88653	0.214909	-0.0641723	-0.257443	-0.0550552	-0.367593	-0.186727	-3.25014	7.01595	-0.692732	0.923365	0.30016	-0.171808	
10.598	-0.225159	1.31737	-2.16709	0.491212	0.851003	-1.56998	1.05763	0	0.867429	0.224268	-0.0669359	-0.259516	-0.0566444	-0.36698	-0.186659	-3.24405	6.97995	-0.713545	0.920286	0.299537	-0.172007	
10.612	-0.225159	1.31737	-2.16709	0.491212	0.851003	-1.56998	1.05763	0	0.879189	0.2202	-0.0640818	-0.256772	-0.0568607	-0.366808	-0.186366	-3.24609	6.99159	-0.698796	0.921041	0.299746	-0.171769	
10.612	-0.225159	1.31737	-2.16709	0.491212	0.851003	-1.56998	1.05763	0	0.877376	0.253279	-0.0682001	-0.249959	-0.0590192	-0.366675	-0.186134	-3.29275	6.99898	-0.71484	0.921827	0.303625	-0.171917	
10.626	-0.225159	1.31737	-2.16709	0.491212	0.851003	-1.56998	1.05763	0	0.890695	0.207694	-0.061125	-0.258705	-0.0558258	-0.367572	-0.186213	-3.24554	7.02947	-0.686927	0.924493	0.29997	-0.171441	
10.64	-0.225159	1.31737	-2.16709	0.491212	0.851003	-1.56998	1.05763	0	0.862961	0.214603	-0.0656047	-0.265795	-0.0573352	-0.368063	-0.186225	-3.23713	7.00473	-0.721259	0.923413	0.29919	-0.171618	
10.654	-0.225159	1.31737	-2.16709	0.491212	0.851003	-1.56998	1.05763	0	0.895017	0.219124	-0.0666639	-0.253532	-0.0585822	-0.368611	-0.186653	-3.26465	7.0285	-0.687718	0.926903	0.298895	-0.171764	
10.654	-0.225159	1.31737	-2.16709	0.491212	0.851003	-1.56998	1.05763	0	0.907569	0.202559	-0.0644628	-0.254598	-0.0582264	-0.36826	-0.186991	-3.25403	7.04788	-0.668567	0.928414	0.296777	-0.171855	
10.668	-0.225159	1.31737	-2.16709	0.491212	0.851003	-1.56998	1.05763	0	0.861069	0.225605	-0.0699513	-0.265443	-0.060366	-0.368162	-0.187304	-3.25884	7.01829	-0.730948	0.925919	0.298663	-0.172761	
10.682	-0.225159	1.31737	-2.16709	0.491212	0.851003	-1.56998	1.05763	0	0.892173	0.227719	-0.0677173	-0.257438	-0.0598727	-0.36845	-0.186902	-3.29132	7.07458	-0.702434	0.930643	0.300805	-0.172192	
10.682	-0.225159	1.31737	-2.16709	0.491212	0.851003	-1.56998	1.05763	0	0.887336	0.18732	-0.06279	-0.268324	-0.0565739	-0.369951	-0.186886	-3.23132	7.06657	-0.693562	0.930598	0.297084	-0.171716	
10.696	-0.225159	1.31737	-2.16709	0.491212	0.851003	-1.56998	1.05763	0	0.887373	0.221581	-0.0667866	-0.260059	-0.0587924	-0.369899	-0.186687	-3.27904	7.07028	-0.707183	0.931175	0.301094	-0.171907	
10.71	-0.225159	1.31737	-2.16709	0.491212	0.851003	-1.56998	1.05763	0	0.881806	0.231976	-0.0675816	-0.257775	-0.0605504	-0.372202	-0.186295	-3.28687	7.0592	-0.71934	0.932667	0.302832	-0.17178	
10.724	-0.225159	1.31737	-2.16709	0.491212	0.851003	-1.56998	1.05763	0	0.87264	0.230453	-0.0679796	-0.259548	-0.0616366	-0.376777	-0.186362	-3.27818	7.04913	-0.734791	0.936284	0.303802	-0.171908	
10.724	-0.225159	1.31737	-2.16709	0.491212	0.851003	-1.56998	1.05763	0	0.833592	0.228168	-0.0694776	-0.272632	-0.0610081	-0.379803	-0.186697	-3.25032	7.01862	-0.781881	0.93589	0.30468	-0.17242	
10.738	-0.225159	1.31737	-2.16709	0.491212	0.851003	-1.56998	1.05763	0	0.904167	0.232371	-0.0677873	-0.244392	-0.0680077	-0.390041	-0.187074	-3.30342	7.07458	-0.718579	0.952984	0.306636	-0.172603	
10.752	-0.225159	1.31737	-2.16709	0.491212	0.851003	-1.56998	1.05763	0	0.89838	0.217802	-0.0690936	-0.241239	-0.076896	-0.411451	-0.186853	-3.27659	7.05448	-0.746494	0.974237	0.307892	-0.172483	
10.752	-0.225159	1.31737	-2.16709	0.491212	0.851003	-1.56998	1.05763	0	0.904163	0.265513	-0.0788499	-0.213656	-0.0958739	-0.443108	-0.186684	-3.33876	7.02877	-0.797086	1.00739	0.316911	-0.173209	
10.766	-0.225159	1.31737	-2.16709	0.491212	0.851003	-1.56998	1.05763	0	0.907287	0.275147	-0.086885	-0.181977	-0.119112	-0.492956	-0.186424	-3.3208	6.9179	-0.846814	1.05256	0.322781	-0.173477	
10.78	-0.225159	1.31737	-2.16709	0.491212	0.851003	-1.56998	1.05763	0	0.918775	0.306975	-0.105832	-0.124606	-0.156771	-0.564278	-0.186274	-3.3109	6.71737	-0.909663	1.11617	0.328278	-0.174033	
10.78	-0.225159	1.31737	-2.16709	0.491212	0.851003	-1.56998	1.05763	0	0.991846	0.321273	-0.121674	-0.0357408	-0.205342	-0.656341	-0.186146	-3.29269	6.48658	-0.911871	1.20119	0.332808	-0.174437	
10.794	-0.225159	1.31737	-2.16709	0.491212	0.851003	-1.56998	1.05763	0	0.976429	0.40003	-0.155938	0.0394729	-0.256566	-0.747615	-0.185809	-3.30629	6.18439	-1.0374	1.27983	0.341346	-0.175365	
10.808	-0.225159	1.31737	-2.16709	0.491212	0.851003	-1.56998	1.05763	0	0.980903	0.43188	-0.191132	0.103974	-0.306622	-0.828745	-0.186518	-3.28146	5.92304	-1.11445	1.35414	0.337301	-0.176364	
10.822	-0.225159	1.31737	-2.16709	0.491212	0.851003	-1.56998	1.05763	0	0.94614	0.520811	-0.233455	0.157913	-0.351293	-0.89458	-0.186639	-3.32838	5.69569	-1.24729	1.41401	0.339352	-0.17735	
10.822	-0.225159	1.31737	-2.16709	0.491212	0.851003	-1.56998	1.05763	0	0.865973	0.600919	-0.277904	0.193341	-0.388263	-0.943878	-0.186396	-3.31905	5.39133	-1.39807	1.44998	0.334741	-0.177822	
10.836	-0.225159	1.31737	-2.16709	0.491212	0.851003	-1.56998	1.05763	0	0.783973	0.670586	-0.312804	0.216291	-0.413581	-0.975781	-0.187215	-3.30018	5.11138	-1.52648	1.46705	0.330789	-0.179321	
10.85	-0.225159	1.31737	-2.16709	0.491212	0.851003	-1.56998	1.05763	0	0.70955	0.71577	-0.334088	0.226938	-0.429195	-0.995395	-0.187376	-3.26238	4.88124	-1.62641	1.47243	0.32812	-0.18022	
10.85	-0.225159	1.31737	-2.16709	0.491212	0.851003	-1.56998	1.05763	0	0.678253	0.77976	-0.354756	0.247934	-0.440689	-1.00651	-0.188002	-3.29664	4.74275	-1.6831	1.47615	0.328614	-0.181258	
10.864	-0.225159	1.31737	-2.16709	0.491212	0.851003	-1.56998	1.05763	0	0.629297	0.809056	-0.368093	0.251623	-0.448738	-1.01348	-0.187657	-3.27496	4.60573	-1.74295	1.4746	0.32595	-0.181368	
10.878	-0.225159	1.31737	-2.16709	0.491212	0.851003	-1.56998	1.05763	0	0.611099	0.842699	-0.383715	0.25684	-0.455272	-1.01755	-0.187777	-3.3094	4.58028	-1.78124	1.47951	0.324521	-0.181415	
10.892	-0.225159	1.31737	-2.16709	0.491212	0.851003	-1.56998	1.05763	0	0.567461	0.858799	-0.401882	0.237693	-0.459708	-1.02133	-0.187608	-3.34154	4.64678	-1.86057	1.49099	0.322596	-0.180824	
10.892	-0.225159	1.31737	-2.16709	0.491212	0.851003	-1.56998	1.05763	0	0.554992	0.910271	-0.426817	0.235357	-0.466912	-1.02798	-0.188016	-3.4549	4.77114	-1.9284	1.51115	0.325068	-0.18065	
10.906	-0.225159	1.31737	-2.16709	0.491212	0.851003	-1.56998	1.05763	0	0.502198	0.93399	-0.450056	0.217279	-0.473097	-1.04116	-0.188209	-3.49503	4.83681	-2.03501	1.53197	0.325764	-0.180233	
10.92	-0.225159	1.31737	-2.16709	0.491212	0.851003	-1.56998	1.05763	0	0.568679	0.906998	-0.460862	0.239798	-0.485188	-1.0681	-0.188281	-3.51678	4.91639	-1.99333	1.57044	0.321676	-0.178834	
10.92	-0.225159	1.31737	-2.16709	0.491212	0.851003	-1.56998	1.05763	0	0.527171	0.913846	-0.482872	0.247828	-0.50835	-1.11019	-0.187414	-3.48968	4.83115	-2.09347	1.61186	0.319957	-0.177952	
10.934	-0.225159	1.31737	-2.16709	0.491212	0.851003	-1.56998	1.05763	0	0.508635	0.922538	-0.495348	0.271694	-0.533928	-1.15704	-0.18695	-3.4569	4.69989	-2.16322	1.65378	0.321713	-0.178111	
10.948	-0.225159	1.31737	-2.16709	0.491212	0.851003	-1.56998	1.05763	0	0.452568	0.908379	-0.504451	0.28009	-0.551614	-1.19198	-0.186422	-3.34434	4.47138	-2.23805	1.67408	0.317661	-0.1781	
10.962	-0.225159	1.31737	-2.16709	0.491212	0.851003	-1.56998	1.05763	0	0.414487	0.972946	-0.52043	0.307559	-0.562636	-1.20893	-0.186426	-3.3501	4.26112	-2.29829	1.6764	0.321168	-0.178858	
10.962	-0.225159	1.31737	-2.16709	0.491212	0.851003	-1.56998	1.05763	0	0.325635	0.998199	-0.529933	0.298852	-0.563618	-1.2128	-0.186759	-3.28251	4.05473	-2.38968	1.66293	0.320563	-0.179819	
10.976	-0.225159	1.31737	-2.16709	0.491212	0.851003	-1.56998	1.05763	0	0.335475	0.990555	-0.52899	0.30982	-0.562638	-1.2111	-0.187198	-3.24545	3.96263	-2.35622	1.65419	0.316497	-0.18005	
10.99	-0.225159	1.31737	-2.16709	0.491212	0.851003	-1.56998	1.05763	0	0.297972	0.995396	-0.53482	0.301175	-0.556511	-1.20263	-0.187481	-3.20941	3.87766	-2.37912	1.6378	0.313015	-0.180012	
10.99	-0.225159	1.31737	-2.16709	0.491212	0.851003	-1.56998	1.05763	0	0.279574	1.02141	-0.541755	0.292485	-0.55236	-1.1917	-0.187496	-3.25089	3.91667	-2.40417	1.62947	0.313936	-0.17993	
11.004	-0.225159	1.31737	-2.16709	0.491212	0.851003	-1.56998	1.05763	0	0.253233	1.00047	-0.546142	0.264987	-0.546364	-1.18226	-0.187085	-3.2406	3.99993	-2.4312	1.62615	0.3097	-0.178821	
11.018	-0.225159	1.31737	-2.16709	0.491212	0.851003	-1.56998	1.05763	0	0.255237	1.02207	-0.556819	0.256489	-0.546706	-1.17783	-0.186374	-3.3178	4.13633	-2.45519	1.63392	0.310781	-0.177681	
11.032	-0.225159	1.31737	-2.16709	0.491212	0.851003	-1.56998	1.05763	0	0.256123	1.0577	-0.573226	0.260624	-0.555398	-1.18657	-0.185957	-3.3994	4.22192	-2.49583	1.65289	0.312658	-0.177056	
11.032	-0.225159	1.31737	-2.16709	0.491212	0.851003	-1.56998	1.05763	0	0.226725	1.11838	-0.595266	0.276313	-0.579273	-1.21947	-0.185529	-3.47375	4.20996	-2.60101	1.69065	0.318825	-0.177498	
11.046	-0.225159	1.31737	-2.16709	0.491212	0.851003	-1.56998	1.05763	0	0.244177	1.0819	-0.59791	0.295034	-0.600521	-1.26421	-0.184561	-3.41856	4.16018	-2.61889	1.73616	0.318034	-0.17654	
11.06	-0.225159	1.31737	-2.16709	0.491212	0.851003	-1.56998	1.05763	0	0.214534	1.09737	-0.606727	0.308343	-0.618971	-1.29437	-0.184345	-3.3948	4.04698	-2.685	1.76104	0.319737	-0.177161	
11.06	-0.225159	1.31737	-2.16709	0.491212	0.851003	-1.56998	1.05763	0	0.169362	1.14951	-0.628844	0.326193	-0.634436	-1.31721	-0.184243	-3.4032	3.89434	-2.7684	1.77584	0.320475	-0.177465	
11.074	-0.225159	1.31737	-2.16709	0.491212	0.851003	-1.56998	1.05763	0	0.0783162	1.15288	-0.638213	0.311634	-0.636295	-1.32923	-0.184112	-3.31279	3.71079	-2.86934	1.77237	0.319297	-0.177611	
11.088	-0.225159	1.31737	-2.16709	0.491212	0.851003	-1.56998	1.05763	0	0.0887531	1.08733	-0.625179	0.303704	-0.62708	-1.32637	-0.183992	-3.20731	3.65911	-2.81738	1.7628	0.313286	-0.176726	
11.102	-0.225159	1.31737	-2.16709	0.491212	0.851003	-1.56998	1.05763	0	-0.00479128	1.18261	-0.650056	0.286714	-0.622759	-1.31231	-0.183756	-3.29326	3.63264	-2.94831	1.74555	0.319288	-0.176913	
11.102	-0.225159	1.31737	-2.16709	0.491212	0.851003	-1.56998	1.05763	0	0.0573661	1.11156	-0.640095	0.284171	-0.609022	-1.29724	-0.183351	-3.23789	3.6925	-2.83217	1.73388	0.309049	-0.174688	
11.116	-0.225159	1.31737	-2.16709	0.491212	0.851003	-1.56998	1.05763	0	0.0264928	1.10584	-0.641335	0.261341	-0.596492	-1.2806	-0.183363	-3.22558	3.72035	-2.85041	1.71649	0.307605	-0.174139	
11.13	-0.225159	1.31737	-2.16709	0.491212	0.851003	-1.56998	1.05763	0	-0.00256124	1.13373	-0.657491	0.245977	-0.590215	-1.2669	-0.183141	-3.27426	3.78079	-2.89015	1.70773	0.305548	-0.17312	
11.13	-0.225159	1.31737	-2.16709	0.491212	0.851003	-1.56998	1.05763	0	-0.0247988	1.13152	-0.665142	0.226112	-0.586423	-1.26327	-0.182941	-3.29341	3.86938	-2.92804	1.71084	0.304945	-0.172292	
11.144	-0.225159	1.31737	-2.16709	0.491212	0.851003	-1.56998	1.05763	0	-0.0638691	1.16934	-0.677406	0.222567	-0.59398	-1.27933	-0.183131	-3.33887	3.88767	-3.01735	1.72921	0.312022	-0.17287	
11.158	-0.225159	1.31737	-2.16709	0.491212	0.851003	-1.56998	1.05763	0	-0.044796	1.20397	-0.692654	0.245407	-0.615644	-1.31105	-0.182414	-3.41591	3.93788	-3.06039	1.77077	0.3166	-0.172476	
11.172	-0.225159	1.31737	-2.16709	0.491212	0.851003	-1.56998	1.05763	0	-0.0775251	1.20643	-0.703575	0.258866	-0.639664	-1.36126	-0.181463	-3.38091	3.84566	-3.15653	1.81786	0.321298	-0.172169	
11.172	-0.225159	1.31737	-2.16709	0.491212	0.851003	-1.56998	1.05763	0	-0.0921118	1.2655	-0.727192	0.287204	-0.666274	-1.4046	-0.180424	-3.44832	3.80298	-3.25142	1.86414	0.328243	-0.171753	
11.186	-0.225159	1.31737	-2.16709	0.491212	0.851003	-1.56998	1.05763	0	-0.182591	1.35212	-0.761733	0.303265	-0.687134	-1.43376	-0.179676	-3.46834	3.59178	-3.40427	1.8818	0.330474	-0.17179	
11.2	-0.225159	1.31737	-2.16709	0.491212	0.851003	-1.56998	1.05763	0	-0.175595	1.32389	-0.761791	0.304805	-0.687963	-1.43899	-0.179609	-3.42144	3.55513	-3.38586	1.88494	0.325591	-0.171191	
11.2	-0.225159	1.31737	-2.16709	0.491212	0.851003	-1.56998	1.05763	0	-0.227367	1.28158	-0.76214	0.2706	-0.672054	-1.41656	-0.179465	-3.32505	3.5033	-3.3951	1.85549	0.315142	-0.170044	
11.214	-0.225159	1.31737	-2.16709	0.491212	0.851003	-1.56998	1.05763	0	-0.234074	1.33767	-0.775775	0.262785	-0.656043	-1.38058	-0.180173	-3.42184	3.57336	-3.38799	1.82335	0.314179	-0.16992	
11.228	-0.225159	1.31737	-2.16709	0.491212	0.851003	-1.56998	1.05763	0	-0.195161	1.18897	-0.740374	0.223018	-0.61915	-1.33692	-0.180622	-3.23671	3.60841	-3.22582	1.77406	0.298203	-0.168244	
11.228	-0.225159	1.31737	-2.16709	0.491212	0.851003	-1.56998	1.05763	0	-0.176979	1.16198	-0.725657	0.197298	-0.590502	-1.28346	-0.18107	-3.22791	3.6913	-3.13218	1.72157	0.291239	-0.167827	
11.242	-0.225159	1.31737	-2.16709	0.491212	0.851003	-1.56998	1.05763	0	-0.0969407	1.10443	-0.69837	0.179991	-0.559394	-1.22991	-0.182023	-3.23041	3.86582	-2.96399	1.67561	0.28523	-0.167562	
11.256	-0.225159	1.31737	-2.16709	0.491212	0.851003	-1.56998	1.05763	0	-0.0403786	1.06568	-0.678397	0.154065	-0.533319	-1.18421	-0.182275	-3.27173	4.10352	-2.85462	1.64341	0.283154	-0.166846	
11.27	-0.225159	1.31737	-2.16709	0.491212	0.851003	-1.56998	1.05763	0	-0.00342489	1.01883	-0.657434	0.124662	-0.51278	-1.15235	-0.182423	-3.28764	4.3188	-2.78191	1.62349	0.283301	-0.166414	
11.27	-0.225159	1.31737	-2.16709	0.491212	0.851003	-1.56998	1.05763	0	0.0229791	1.02815	-0.647068	0.115589	-0.507233	-1.13889	-0.18249	-3.36459	4.49084	-2.76248	1.6216	0.290109	-0.166928	
11.284	-0.225159	1.31737	-2.16709	0.491212	0.851003	-1.56998	1.05763	0	0.0828175	1.04695	-0.642374	0.141999	-0.519903	-1.15473	-0.182258	-3.44193	4.57515	-2.7306	1.64674	0.297173	-0.167441	
11.298	-0.225159	1.31737	-2.16709	0.491212	0.851003	-1.56998	1.05763	0	0.128559	1.11457	-0.656622	0.209013	-0.563045	-1.22258	-0.180785	-3.53368	4.5014	-2.7808	1.71791	0.310098	-0.167711	
11.298	-0.225159	1.31737	-2.16709	0.491212	0.851003	-1.56998	1.05763	0	0.155774	1.05983	-0.661138	0.258971	-0.604724	-1.30936	-0.17824	-3.40397	4.28515	-2.80893	1.79626	0.308776	-0.1656	
11.312	-0.225159	1.31737	-2.16709	0.491212	0.851003	-1.56998	1.05763	0	0.203323	1.08742	-0.674855	0.324246	-0.642984	-1.37749	-0.176911	-3.41824	4.13938	-2.82962	1.86155	0.314412	-0.165036	
11.326	-0.225159	1.31737	-2.16709	0.491212	0.851003	-1.56998	1.05763	0	0.127431	1.12765	-0.70368	0.330413	-0.655162	-1.40577	-0.175862	-3.392	3.96781	-2.95138	1.87935	0.313972	-0.163697	
11.34	-0.225159	1.31737	-2.16709	0.491212	0.851003	-1.56998	1.05763	0	0.0644804	1.12602	-0.714777	0.318058	-0.649769	-1.40288	-0.176295	-3.31711	3.81757	-3.0006	1.8636	0.308031	-0.163544	
11.34	-0.225159	1.31737	-2.16709	0.491212	0.851003	-1.56998	1.05763	0	0.0879576	1.14072	-0.716585	0.322579	-0.636855	-1.37954	-0.175721	-3.3482	3.83321	-2.94693	1.8397	0.305605	-0.162166	
11.354	-0.225159	1.31737	-2.16709	0.491212	0.851003	-1.56998	1.05763	0	0.108264	1.12555	-0.701648	0.300792	-0.607491	-1.32578	-0.176396	-3.35455	3.91222	-2.8538	1.78605	0.301025	-0.1621	
11.368	-0.225159	1.31737	-2.16709	0.491212	0.851003	-1.56998	1.05763	0	0.177009	1.00767	-0.651113	0.253972	-0.553155	-1.23807	-0.178018	-3.25529	4.06187	-2.62366	1.6975	0.289038	-0.162243	
11.368	-0.225159	1.31737	-2.16709	0.491212	0.851003	-1.56998	1.05763	0	0.260561	1.05129	-0.631865	0.233305	-0.515484	-1.15537	-0.178345	-3.46135	4.43884	-2.48428	1.6371	0.295129	-0.162188	
11.382	-0.225159	1.31737	-2.16709	0.491212	0.851003	-1.56998	1.05763	0	0.296446	0.915659	-0.580585	0.156779	-0.467665	-1.08356	-0.179451	-3.38129	4.75269	-2.33897	1.57761	0.289142	-0.162228	
11.396	-0.225159	1.31737	-2.16709	0.491212	0.851003	-1.56998	1.05763	0	0.429534	0.849259	-0.540478	0.128312	-0.432664	-1.01921	-0.181038	-3.47856	5.19135	-2.13064	1.54065	0.289457	-0.162744	
11.41	-0.225159	1.31737	-2.16709	0.491212	0.851003	-1.56998	1.05763	0	0.432573	0.812553	-0.517237	0.0682729	-0.397376	-0.956344	-0.181637	-3.51987	5.48852	-2.07556	1.49281	0.289395	-0.162794	
11.41	-0.225159	1.31737	-2.16709	0.491212	0.851003	-1.56998	1.05763	0	0.530561	0.770701	-0.483078	0.0448737	-0.37154	-0.901858	-0.183364	-3.60567	5.82641	-1.91753	1.45944	0.290563	-0.164297	
11.424	-0.225159	1.31737	-2.16709	0.491212	0.851003	-1.56998	1.05763	0	0.555379	0.677614	-0.443297	0.00914655	-0.343557	-0.867215	-0.183436	-3.51011	5.92547	-1.81692	1.42366	0.289276	-0.164161	
11.438	-0.225159	1.31737	-2.16709	0.491212	0.851003	-1.56998	1.05763	0	0.756205	0.781735	-0.44313	0.130394	-0.376578	-0.913017	-0.181172	-3.74487	5.97466	-1.67506	1.48106	0.308885	-0.163213	
11.438	-0.225159	1.31737	-2.16709	0.491212	0.851003	-1.56998	1.05763	0	0.989596	0.645695	-0.396304	0.253522	-0.41326	-1.00967	-0.178559	-3.5556	5.70753	-1.41347	1.56158	0.312168	-0.161043	
11.452	-0.225159	1.31737	-2.16709	0.491212	0.851003	-1.56998	1.05763	0	1.25827	0.483745	-0.346332	0.367109	-0.448414	-1.09721	-0.176564	-3.39481	5.58564	-1.11068	1.64576	0.311463	-0.158959	
11.466	-0.225159	1.31737	-2.16709	0.491212	0.851003	-1.56998	1.05763	0	1.487	0.523478	-0.34964	0.468216	-0.46629	-1.12298	-0.175143	-3.58529	5.72605	-0.898193	1.69015	0.316846	-0.156401	
11.48	-0.225159	1.31737	-2.16709	0.491212	0.851003	-1.56998	1.05763	0	1.52148	0.411156	-0.330464	0.425193	-0.440182	-1.08269	-0.175319	-3.49381	5.88275	-0.782935	1.65836	0.301059	-0.154562	
11.48	-0.225159	1.31737	-2.16709	0.491212	0.851003	-1.56998	1.05763	0	1.48943	0.453838	-0.336476	0.388315	-0.412479	-1.02062	-0.176985	-3.58007	6.01054	-0.776332	1.60198	0.297505	-0.155542	
11.494	-0.225159	1.31737	-2.16709	0.491212	0.851003	-1.56998	1.05763	0	1.42105	0.492021	-0.336853	0.36475	-0.3884	-0.975806	-0.177651	-3.56459	5.90332	-0.795818	1.54251	0.295987	-0.156332	
11.508	-0.225159	1.31737	-2.16709	0.491212	0.851003	-1.56998	1.05763	0	1.47796	0.433589	-0.293288	0.391607	-0.376834	-0.961419	-0.177557	-3.41829	5.67247	-0.638809	1.5039	0.294703	-0.157473	
11.508	-0.225159	1.31737	-2.16709	0.491212	0.851003	-1.56998	1.05763	0	1.66209	0.438294	-0.249595	0.498428	-0.383279	-0.976638	-0.176209	-3.40375	5.43514	-0.384903	1.49834	0.305763	-0.157919	
11.522	-0.225159	1.31737	-2.16709	0.491212	0.851003	-1.56998	1.05763	0	1.79255	0.451284	-0.215443	0.566621	-0.385175	-0.972601	-0.17585	-3.4219	5.31374	-0.196441	1.48303	0.313214	-0.159238	
11.536	-0.225159	1.31737	-2.16709	0.491212	0.851003	-1.56998	1.05763	0	1.89366	0.487128	-0.192542	0.585804	-0.377781	-0.942389	-0.17687	-3.57268	5.5203	-0.0753057	1.46701	0.32306	-0.161381	
11.55	-0.225159	1.31737	-2.16709	0.491212	0.851003	-1.56998	1.05763	0	1.79751	0.500307	-0.194665	0.493923	-0.348143	-0.891067	-0.178292	-3.67136	5.88138	-0.192424	1.43676	0.328859	-0.162365	
11.55	-0.225159	1.31737	-2.16709	0.491212	0.851003	-1.56998	1.05763	0	1.74003	0.514665	-0.20938	0.418214	-0.328439	-0.844823	-0.179885	-3.80186	6.27037	-0.275153	1.41938	0.326842	-0.162803	
11.564	-0.225159	1.31737	-2.16709	0.491212	0.851003	-1.56998	1.05763	0	1.70721	0.410653	-0.197696	0.342007	-0.300878	-0.809147	-0.180755	-3.72425	6.50658	-0.267976	1.39693	0.316175	-0.161745	
11.578	-0.225159	1.31737	-2.16709	0.491212	0.851003	-1.56998	1.05763	0	1.60878	0.335283	-0.185729	0.264163	-0.27444	-0.77191	-0.180975	-3.59522	6.55501	-0.319262	1.3565	0.307249	-0.161337	
11.578	-0.225159	1.31737	-2.16709	0.491212	0.851003	-1.56998	1.05763	0	1.57151	0.333306	-0.185887	0.238484	-0.26182	-0.737827	-0.181837	-3.57177	6.53723	-0.31587	1.31944	0.299038	-0.162088	
11.592	-0.225159	1.31737	-2.16709	0.491212	0.851003	-1.56998	1.05763	0	1.454	0.218518	-0.148276	0.171676	-0.239242	-0.71044	-0.181793	-3.29033	6.3279	-0.34337	1.26596	0.289899	-0.163187	
11.606	-0.225159	1.31737	-2.16709	0.491212	0.851003	-1.56998	1.05763	0	1.37035	0.176856	-0.120933	0.12695	-0.224607	-0.680793	-0.182009	-3.15592	6.21492	-0.370456	1.22077	0.287612	-0.165139	
11.62	-0.225159	1.31737	-2.16709	0.491212	0.851003	-1.56998	1.05763	0	1.32173	0.208767	-0.107606	0.102835	-0.215872	-0.656287	-0.182198	-3.18404	6.24237	-0.413359	1.19384	0.295574	-0.167096	
11.62	-0.225159	1.31737	-2.16709	0.491212	0.851003	-1.56998	1.05763	0	1.28238	0.158494	-0.0765669	0.0520781	-0.199618	-0.633942	-0.182798	-3.13438	6.36782	-0.432007	1.1739	0.301665	-0.168871	
11.634	-0.225159	1.31737	-2.16709	0.491212	0.851003	-1.56998	1.05763	0	1.30532	0.192151	-0.0730052	0.041162	-0.194625	-0.616043	-0.184001	-3.26121	6.58602	-0.428676	1.17206	0.30954	-0.170493	
11.648	-0.225159	1.31737	-2.16709	0.491212	0.851003	-1.56998	1.05763	0	1.2644	0.233818	-0.0855178	0.00576741	-0.183639	-0.596926	-0.184897	-3.37498	6.80102	-0.507151	1.16768	0.315951	-0.170929	
11.648	-0.225159	1.31737	-2.16709	0.491212	0.851003	-1.56998	1.05763	0	1.24213	0.247335	-0.0989978	-0.0291266	-0.176619	-0.581886	-0.18544	-3.46663	7.03705	-0.561418	1.17134	0.316465	-0.170542	
11.662	-0.225159	1.31737	-2.16709	0.491212	0.851003	-1.56998	1.05763	0	1.24426	0.286832	-0.111823	-0.0413045	-0.169613	-0.567101	-0.185673	-3.58185	7.21519	-0.584757	1.17035	0.320032	-0.170034	
11.676	-0.225159	1.31737	-2.16709	0.491212	0.851003	-1.56998	1.05763	0	1.1754	0.276193	-0.117952	-0.073675	-0.160564	-0.553432	-0.185795	-3.5294	7.18006	-0.642829	1.15201	0.314877	-0.169768	
11.676	-0.225159	1.31737	-2.16709	0.491212	0.851003	-1.56998	1.05763	0	1.1694	0.338932	-0.125108	-0.0559643	-0.161108	-0.544375	-0.185545	-3.5876	7.10819	-0.649552	1.13751	0.318268	-0.170172	
11.69	-0.225159	1.31737	-2.16709	0.491212	0.851003	-1.56998	1.05763	0	1.12508	0.325945	-0.110289	-0.0666503	-0.155422	-0.534444	-0.18566	-3.49912	6.96091	-0.659974	1.11233	0.318132	-0.171448	
11.704	-0.225159	1.31737	-2.16709	0.491212	0.851003	-1.56998	1.05763	0	1.05793	0.326316	-0.0975839	-0.0837144	-0.150392	-0.525607	-0.186126	-3.42142	6.81631	-0.706189	1.08802	0.32065	-0.173395	
11.718	-0.225159	1.31737	-2.16709	0.491212	0.851003	-1.56998	1.05763	0	1.0413	0.319311	-0.0823683	-0.0930219	-0.145606	-0.51838	-0.186371	-3.39279	6.79121	-0.708756	1.07545	0.324861	-0.17465	
11.718	-0.225159	1.31737	-2.16709	0.491212	0.851003	-1.56998	1.05763	0	1.06026	0.280874	-0.065863	-0.108623	-0.139806	-0.511589	-0.186624	-3.38095	6.89989	-0.678568	1.07488	0.326523	-0.175053	
11.732	-0.225159	1.31737	-2.16709	0.491212	0.851003	-1.56998	1.05763	0	1.04023	0.280084	-0.0658539	-0.13928	-0.133208	-0.503689	-0.18719	-3.43405	7.08574	-0.724421	1.07961	0.331458	-0.175433	
11.746	-0.225159	1.31737	-2.16709	0.491212	0.851003	-1.56998	1.05763	0	1.03068	0.230755	-0.0703832	-0.176319	-0.124169	-0.497903	-0.187203	-3.4271	7.27192	-0.742318	1.0878	0.326589	-0.173822	
11.746	-0.225159	1.31737	-2.16709	0.491212	0.851003	-1.56998	1.05763	0	1.04136	0.195576	-0.0756563	-0.209283	-0.115246	-0.488711	-0.18739	-3.46953	7.52441	-0.746999	1.09826	0.323782	-0.172381	
11.76	-0.225159	1.31737	-2.16709	0.491212	0.851003	-1.56998	1.05763	0	1.08507	0.223187	-0.090681	-0.211335	-0.117252	-0.482338	-0.187667	-3.61261	7.77624	-0.738779	1.11526	0.324359	-0.171668	
11.774	-0.225159	1.31737	-2.16709	0.491212	0.851003	-1.56998	1.05763	0	1.06056	0.173729	-0.0912753	-0.240475	-0.11136	-0.474982	-0.187687	-3.55125	7.81859	-0.748501	1.11099	0.315961	-0.170798	
11.788	-0.225159	1.31737	-2.16709	0.491212	0.851003	-1.56998	1.05763	0	1.06646	0.181436	-0.0904623	-0.225712	-0.111847	-0.469967	-0.188294	-3.52466	7.6996	-0.716743	1.09715	0.312279	-0.171626	
11.788	-0.225159	1.31737	-2.16709	0.491212	0.851003	-1.56998	1.05763	0	1.01927	0.234206	-0.0922924	-0.21534	-0.111733	-0.46332	-0.188666	-3.51283	7.50842	-0.753697	1.07392	0.315545	-0.173274	
11.802	-0.225159	1.31737	-2.16709	0.491212	0.851003	-1.56998	1.05763	0	0.983107	0.238785	-0.0799023	-0.206686	-0.112775	-0.460346	-0.188728	-3.42278	7.27236	-0.755118	1.05039	0.315171	-0.1749	
11.816	-0.225159	1.31737	-2.16709	0.491212	0.851003	-1.56998	1.05763	0	0.979672	0.285626	-0.0761352	-0.180135	-0.114452	-0.46052	-0.188902	-3.42785	7.10897	-0.748418	1.03632	0.321029	-0.176262	
11.816	-0.225159	1.31737	-2.16709	0.491212	0.851003	-1.56998	1.05763	0	0.978681	0.269322	-0.0638446	-0.183075	-0.109244	-0.459994	-0.188753	-3.3938	7.08684	-0.737508	1.03092	0.32461	-0.176452	
11.83	-0.225159	1.31737	-2.16709	0.491212	0.851003	-1.56998	1.05763	0	0.979014	0.322802	-0.0766974	-0.180344	-0.108878	-0.45907	-0.188853	-3.50236	7.18983	-0.774316	1.03836	0.331791	-0.176352	
11.844	-0.225159	1.31737	-2.16709	0.491212	0.851003	-1.56998	1.05763	0	0.965857	0.279407	-0.0797004	-0.203217	-0.103155	-0.462059	-0.188674	-3.4642	7.26478	-0.791545	1.04641	0.328093	-0.174928	
11.858	-0.225159	1.31737	-2.16709	0.491212	0.851003	-1.56998	1.05763	0	0.989981	0.26665	-0.0935203	-0.210066	-0.0997489	-0.459219	-0.188937	-3.50386	7.39546	-0.77627	1.05589	0.322544	-0.173419	
11.858	-0.225159	1.31737	-2.16709	0.491212	0.851003	-1.56998	1.05763	0	0.988899	0.268245	-0.109366	-0.220744	-0.0994451	-0.45826	-0.18891	-3.5456	7.5026	-0.796836	1.06563	0.318554	-0.17217	
11.872	-0.225159	1.31737	-2.16709	0.491212	0.851003	-1.56998	1.05763	0	0.922064	0.236386	-0.115764	-0.25289	-0.0942391	-0.456015	-0.188315	-3.46379	7.46223	-0.85922	1.05919	0.311996	-0.170949	
11.886	-0.225159	1.31737	-2.16709	0.491212	0.851003	-1.56998	1.05763	0	0.949668	0.198752	-0.105795	-0.247731	-0.0934741	-0.451196	-0.188869	-3.40745	7.41554	-0.795394	1.05116	0.305345	-0.171406	
11.886	-0.225159	1.31737	-2.16709	0.491212	0.851003	-1.56998	1.05763	0	0.958633	0.253737	-0.108419	-0.220546	-0.0977354	-0.447786	-0.188562	-3.4498	7.31125	-0.782348	1.04035	0.308614	-0.172028	
11.9	-0.225159	1.31737	-2.16709	0.491212	0.851003	-1.56998	1.05763	0	0.934831	0.212104	-0.0891771	-0.226978	-0.0956336	-0.444297	-0.188748	-3.32906	7.15775	-0.76398	1.02233	0.305177	-0.173231	
11.914	-0.225159	1.31737	-2.16709	0.491212	0.851003	-1.56998	1.05763	0	0.91516	0.221089	-0.0800982	-0.225661	-0.0948914	-0.441554	-0.18895	-3.30233	7.07212	-0.772685	1.01086	0.308451	-0.174484	
11.928	-0.225159	1.31737	-2.16709	0.491212	0.851003	-1.56998	1.05763	0	0.932419	0.219834	-0.0698751	-0.226027	-0.0933276	-0.439855	-0.188491	-3.32511	7.13562	-0.758112	1.01257	0.313694	-0.174535	
11.928	-0.225159	1.31737	-2.16709	0.491212	0.851003	-1.56998	1.05763	0	0.980585	0.266145	-0.0757745	-0.212893	-0.0961753	-0.436882	-0.188627	-3.4657	7.30914	-0.741362	1.02494	0.32065	-0.174659	
11.942	-0.225159	1.31737	-2.16709	0.491212	0.851003	-1.56998	1.05763	0	0.97764	0.214876	-0.0732057	-0.239928	-0.0915224	-0.440957	-0.188431	-3.44187	7.44943	-0.755213	1.03904	0.319232	-0.173489	
11.956	-0.225159	1.31737	-2.16709	0.491212	0.851003	-1.56998	1.05763	0	0.968494	0.201613	-0.0831868	-0.257568	-0.0898647	-0.440605	-0.188431	-3.45849	7.55486	-0.780326	1.04811	0.315953	-0.172475	
11.956	-0.225159	1.31737	-2.16709	0.491212	0.851003	-1.56998	1.05763	0	0.975676	0.191589	-0.096621	-0.260438	-0.0917126	-0.443268	-0.188354	-3.46812	7.60336	-0.780943	1.05743	0.309538	-0.171206	
11.97	-0.225159	1.31737	-2.16709	0.491212	0.851003	-1.56998	1.05763	0	0.953415	0.155797	-0.0965942	-0.270076	-0.0881459	-0.444968	-0.187867	-3.38499	7.52695	-0.784477	1.05236	0.303527	-0.170118	
11.984	-0.225159	1.31737	-2.16709	0.491212	0.851003	-1.56998	1.05763	0	0.913143	0.204625	-0.108587	-0.256193	-0.0922061	-0.444861	-0.187208	-3.37763	7.35047	-0.823771	1.03939	0.302665	-0.170032	
11.998	-0.225159	1.31737	-2.16709	0.491212	0.851003	-1.56998	1.05763	0	0.919935	0.222299	-0.102262	-0.230776	-0.0935719	-0.446115	-0.18716	-3.34287	7.17431	-0.792503	1.02589	0.30391	-0.17077	
11.998	-0.225159	1.31737	-2.16709	0.491212	0.851003	-1.56998	1.05763	0	0.923054	0.210549	-0.0870929	-0.21733	-0.0947052	-0.447221	-0.186957	-3.275	7.02666	-0.758994	1.01385	0.304232	-0.171618	
12.012	-0.225159	1.31737	-2.16709	0.491212	0.851003	-1.56998	1.05763	0	0.929602	0.215236	-0.0765024	-0.203002	-0.0954403	-0.445474	-0.187797	-3.24389	6.91219	-0.729597	1.002	0.305535	-0.173366	
12.026	-0.225159	1.31737	-2.16709	0.491212	0.851003	-1.56998	1.05763	0	0.894316	0.286855	-0.0867715	-0.20348	-0.0985365	-0.443894	-0.188479	-3.3379	6.93871	-0.803922	1.00239	0.314816	-0.174988	
12.026	-0.225159	1.31737	-2.16709	0.491212	0.851003	-1.56998	1.05763	0	0.904139	0.265651	-0.0792602	-0.222062	-0.096952	-0.442507	-0.188618	-3.36646	7.10157	-0.80928	1.01301	0.318046	-0.175179	
12.04	-0.225159	1.31737	-2.16709	0.491212	0.851003	-1.56998	1.05763	0	0.983755	0.243656	-0.0809638	-0.222427	-0.0953567	-0.440617	-0.188852	-3.46038	7.37402	-0.745719	1.03462	0.317519	-0.173971	
12.054	-0.225159	1.31737	-2.16709	0.491212	0.851003	-1.56998	1.05763	0	0.941603	0.242876	-0.0958012	-0.253662	-0.0952208	-0.439234	-0.18858	-3.49106	7.50636	-0.820736	1.04505	0.315268	-0.17299	
12.068	-0.225159	1.31737	-2.16709	0.491212	0.851003	-1.56998	1.05763	0	0.96168	0.209259	-0.103442	-0.2673	-0.0950182	-0.437219	-0.188614	-3.50143	7.63946	-0.804203	1.05616	0.307588	-0.171692	
12.068	-0.225159	1.31737	-2.16709	0.491212	0.851003	-1.56998	1.05763	0	0.949347	0.190347	-0.106944	-0.273571	-0.094088	-0.438261	-0.18808	-3.4623	7.61169	-0.809545	1.05544	0.30289	-0.170644	
12.082	-0.225159	1.31737	-2.16709	0.491212	0.851003	-1.56998	1.05763	0	0.978959	0.155043	-0.10182	-0.258871	-0.0937109	-0.437243	-0.187737	-3.38894	7.50308	-0.738787	1.04682	0.294238	-0.169822	
12.096	-0.225159	1.31737	-2.16709	0.491212	0.851003	-1.56998	1.05763	0	0.94526	0.1398	-0.0950338	-0.254021	-0.0930417	-0.438153	-0.187662	-3.27914	7.28124	-0.737783	1.02882	0.290176	-0.170349	
12.096	-0.225159	1.31737	-2.16709	0.491212	0.851003	-1.56998	1.05763	0	0.916231	0.121697	-0.0812071	-0.250993	-0.0926715	-0.440721	-0.187526	-3.17642	7.09195	-0.737075	1.01405	0.289864	-0.171274	
12.11	-0.225159	1.31737	-2.16709	0.491212	0.851003	-1.56998	1.05763	0	0.913166	0.140638	-0.0711706	-0.234785	-0.0921497	-0.440188	-0.188405	-3.15305	6.95642	-0.722859	1.00067	0.29444	-0.17323	
12.124	-0.225159	1.31737	-2.16709	0.491212	0.851003	-1.56998	1.05763	0	0.907294	0.195049	-0.0724725	-0.221464	-0.0963833	-0.441363	-0.188885	-3.21711	6.93459	-0.748523	0.999924	0.302708	-0.174818	
12.124	-0.225159	1.31737	-2.16709	0.491212	0.851003	-1.56998	1.05763	0	0.909006	0.193149	-0.069465	-0.233974	-0.094644	-0.441109	-0.1891	-3.25495	7.05537	-0.765761	1.00816	0.307382	-0.17509	
12.138	-0.225159	1.31737	-2.16709	0.491212	0.851003	-1.56998	1.05763	0	0.946172	0.222817	-0.0790231	-0.231184	-0.0961043	-0.441308	-0.189592	-3.37874	7.2541	-0.76553	1.0257	0.312431	-0.174987	
12.152	-0.225159	1.31737	-2.16709	0.491212	0.851003	-1.56998	1.05763	0	0.896867	0.210072	-0.0887903	-0.266911	-0.0921127	-0.441027	-0.188863	-3.38372	7.37407	-0.843576	1.03425	0.312007	-0.173538	
12.166	-0.225159	1.31737	-2.16709	0.491212	0.851003	-1.56998	1.05763	0	0.970631	0.24148	-0.0952017	-0.247577	-0.0957371	-0.440601	-0.188702	-3.52081	7.56664	-0.795974	1.05173	0.316233	-0.172839	
12.166	-0.225159	1.31737	-2.16709	0.491212	0.851003	-1.56998	1.05763	0	0.93674	0.258645	-0.104379	-0.256292	-0.0942589	-0.439932	-0.188898	-3.52802	7.55314	-0.842313	1.04973	0.316652	-0.172843	
12.18	-0.225159	1.31737	-2.16709	0.491212	0.851003	-1.56998	1.05763	0	0.909864	0.281227	-0.109226	-0.250114	-0.0945601	-0.43983	-0.188579	-3.50983	7.43893	-0.864924	1.04032	0.3166	-0.172815	
12.194	-0.225159	1.31737	-2.16709	0.491212	0.851003	-1.56998	1.05763	0	0.915078	0.261682	-0.0958543	-0.23856	-0.0914509	-0.439614	-0.188893	-3.43313	7.29287	-0.824211	1.02633	0.315847	-0.173586	
12.194	-0.225159	1.31737	-2.16709	0.491212	0.851003	-1.56998	1.05763	0	0.967537	0.227321	-0.0810078	-0.21598	-0.0900083	-0.439755	-0.189082	-3.37311	7.20033	-0.728452	1.01862	0.312195	-0.173723	
12.208	-0.225159	1.31737	-2.16709	0.491212	0.851003	-1.56998	1.05763	0	0.914973	0.210685	-0.0758791	-0.22865	-0.0887209	-0.440575	-0.188932	-3.28472	7.06881	-0.766205	1.00726	0.310348	-0.174185	
12.222	-0.225159	1.31737	-2.16709	0.491212	0.851003	-1.56998	1.05763	0	0.925213	0.158591	-0.0601941	-0.23647	-0.0857964	-0.441577	-0.189066	-3.21205	7.05884	-0.732195	1.00578	0.308153	-0.174394	
12.236	-0.225159	1.31737	-2.16709	0.491212	0.851003	-1.56998	1.05763	0	0.916379	0.205188	-0.0705497	-0.23517	-0.0896287	-0.442568	-0.188754	-3.29711	7.12993	-0.775227	1.01351	0.313586	-0.174368	
12.236	-0.225159	1.31737	-2.16709	0.491212	0.851003	-1.56998	1.05763	0	0.939173	0.170999	-0.0729269	-0.252802	-0.0867481	-0.441081	-0.188449	-3.32149	7.31145	-0.763336	1.02721	0.310569	-0.172901	
12.25	-0.225159	1.31737	-2.16709	0.491212	0.851003	-1.56998	1.05763	0	1.00894	0.159529	-0.077858	-0.243519	-0.0887838	-0.443463	-0.187833	-3.39545	7.49338	-0.706628	1.04681	0.308811	-0.171084	
12.264	-0.225159	1.31737	-2.16709	0.491212	0.851003	-1.56998	1.05763	0	0.958069	0.1679	-0.0921893	-0.268614	-0.0890691	-0.442451	-0.187522	-3.41021	7.55288	-0.783859	1.05149	0.30689	-0.170369	
12.264	-0.225159	1.31737	-2.16709	0.491212	0.851003	-1.56998	1.05763	0	0.957471	0.188408	-0.0992202	-0.265329	-0.0909542	-0.441925	-0.18842	-3.44467	7.56517	-0.79445	1.05309	0.307165	-0.171178	
12.278	-0.225159	1.31737	-2.16709	0.491212	0.851003	-1.56998	1.05763	0	0.956901	0.1985	-0.0940717	-0.259496	-0.0910642	-0.441833	-0.188761	-3.44371	7.52597	-0.791543	1.04889	0.310261	-0.172093	
12.292	-0.225159	1.31737	-2.16709	0.491212	0.851003	-1.56998	1.05763	0	0.939884	0.188517	-0.0793727	-0.258251	-0.0900183	-0.4417	-0.189409	-3.38199	7.41062	-0.787813	1.03712	0.312652	-0.173845	
12.306	-0.225159	1.31737	-2.16709	0.491212	0.851003	-1.56998	1.05763	0	0.953411	0.239785	-0.0822636	-0.229424	-0.095513	-0.442042	-0.189737	-3.42332	7.30942	-0.773399	1.03061	0.316047	-0.175004	
12.306	-0.225159	1.31737	-2.16709	0.491212	0.851003	-1.56998	1.05763	0	0.919107	0.289175	-0.0813737	-0.218808	-0.0971486	-0.443345	-0.189854	-3.43355	7.18515	-0.814933	1.02031	0.323654	-0.176439	
12.32	-0.225159	1.31737	-2.16709	0.491212	0.851003	-1.56998	1.05763	0	0.936605	0.250046	-0.0689944	-0.21801	-0.0947792	-0.443796	-0.189411	-3.3739	7.15405	-0.772461	1.01712	0.321257	-0.17599	
12.334	-0.225159	1.31737	-2.16709	0.491212	0.851003	-1.56998	1.05763	0	0.963868	0.22434	-0.0677586	-0.212456	-0.0942915	-0.445884	-0.189179	-3.35103	7.15787	-0.732043	1.02029	0.31709	-0.175094	
12.334	-0.225159	1.31737	-2.16709	0.491212	0.851003	-1.56998	1.05763	0	0.93054	0.244359	-0.0815337	-0.225698	-0.0952774	-0.446185	-0.188945	-3.38388	7.20514	-0.791136	1.02537	0.317	-0.174522	
12.348	-0.225159	1.31737	-2.16709	0.491212	0.851003	-1.56998	1.05763	0	0.926401	0.195972	-0.0856642	-0.244412	-0.0921086	-0.446782	-0.188774	-3.33674	7.25924	-0.788811	1.03104	0.308992	-0.17307	
12.362	-0.225159	1.31737	-2.16709	0.491212	0.851003	-1.56998	1.05763	0	0.929746	0.20071	-0.0925857	-0.249198	-0.0917665	-0.445959	-0.188894	-3.37018	7.33061	-0.79817	1.03674	0.308474	-0.172667	
12.376	-0.225159	1.31737	-2.16709	0.491212	0.851003	-1.56998	1.05763	0	0.93912	0.19598	-0.0980359	-0.248793	-0.0923379	-0.444872	-0.189174	-3.37683	7.35216	-0.78752	1.03882	0.304792	-0.172397	
12.376	-0.225159	1.31737	-2.16709	0.491212	0.851003	-1.56998	1.05763	0	0.969054	0.137755	-0.0828927	-0.247801	-0.0884279	-0.443292	-0.189078	-3.29459	7.31598	-0.718486	1.03331	0.299206	-0.171988	
12.39	-0.225159	1.31737	-2.16709	0.491212	0.851003	-1.56998	1.05763	0	0.922449	0.165621	-0.0836249	-0.250284	-0.091711	-0.442038	-0.189589	-3.27943	7.21005	-0.76776	1.02334	0.301154	-0.173645	
12.404	-0.225159	1.31737	-2.16709	0.491212	0.851003	-1.56998	1.05763	0	0.950999	0.136997	-0.0695558	-0.239976	-0.0903445	-0.441247	-0.189667	-3.22887	7.15035	-0.708651	1.01682	0.299502	-0.173981	
12.404	-0.225159	1.31737	-2.16709	0.491212	0.851003	-1.56998	1.05763	0	0.962107	0.173117	-0.0693972	-0.223602	-0.0926457	-0.440186	-0.189467	-3.27095	7.12027	-0.701496	1.01343	0.303985	-0.174427	
12.418	-0.225159	1.31737	-2.16709	0.491212	0.851003	-1.56998	1.05763	0	0.963906	0.18914	-0.0685292	-0.221321	-0.0917205	-0.438608	-0.189036	-3.29826	7.13961	-0.706116	1.01261	0.307624	-0.174253	
12.432	-0.225159	1.31737	-2.16709	0.491212	0.851003	-1.56998	1.05763	0	0.92834	0.234718	-0.0792606	-0.229585	-0.0934949	-0.44101	-0.188451	-3.36587	7.19622	-0.781534	1.0193	0.314601	-0.174028	
12.446	-0.225159	1.31737	-2.16709	0.491212	0.851003	-1.56998	1.05763	0	0.971915	0.221087	-0.0800539	-0.226435	-0.093326	-0.442775	-0.188686	-3.40582	7.31706	-0.745066	1.03171	0.314166	-0.173471	
12.446	-0.225159	1.31737	-2.16709	0.491212	0.851003	-1.56998	1.05763	0	0.938037	0.250872	-0.0931025	-0.238132	-0.0955242	-0.443841	-0.188381	-3.45416	7.37281	-0.810953	1.03814	0.316317	-0.173126	
12.46	-0.225159	1.31737	-2.16709	0.491212	0.851003	-1.56998	1.05763	0	0.925277	0.214339	-0.0899689	-0.254191	-0.0910544	-0.444525	-0.188042	-3.40473	7.39094	-0.816889	1.03898	0.313649	-0.172259	
12.474	-0.225159	1.31737	-2.16709	0.491212	0.851003	-1.56998	1.05763	0	0.937227	0.236414	-0.0926456	-0.240771	-0.0931611	-0.448227	-0.18775	-3.43393	7.37563	-0.812635	1.04183	0.316556	-0.172079	
12.474	-0.225159	1.31737	-2.16709	0.491212	0.851003	-1.56998	1.05763	0	0.888736	0.240055	-0.0928274	-0.24588	-0.0930347	-0.448609	-0.187327	-3.37295	7.23758	-0.851545	1.03024	0.315336	-0.172218	
12.488	-0.225159	1.31737	-2.16709	0.491212	0.851003	-1.56998	1.05763	0	0.87944	0.22897	-0.0870741	-0.243772	-0.0924354	-0.44749	-0.187434	-3.3226	7.14624	-0.841351	1.02117	0.313409	-0.172677	
12.502	-0.225159	1.31737	-2.16709	0.491212	0.851003	-1.56998	1.05763	0	0.913365	0.227666	-0.0798065	-0.225624	-0.0921708	-0.448097	-0.187969	-3.31795	7.10224	-0.790808	1.01785	0.31442	-0.173359	
12.516	-0.225159	1.31737	-2.16709	0.491212	0.851003	-1.56998	1.05763	0	0.928795	0.217365	-0.0712854	-0.223081	-0.0913442	-0.447057	-0.188145	-3.31045	7.10885	-0.766572	1.01649	0.315733	-0.173828	
12.516	-0.225159	1.31737	-2.16709	0.491212	0.851003	-1.56998	1.05763	0	0.957881	0.23657	-0.0748863	-0.213747	-0.0940082	-0.445523	-0.188728	-3.37289	7.17839	-0.747669	1.02205	0.317039	-0.174326	
12.53	-0.225159	1.31737	-2.16709	0.491212	0.851003	-1.56998	1.05763	0	0.911679	0.228645	-0.0799478	-0.243709	-0.091613	-0.444423	-0.18899	-3.37256	7.25839	-0.81543	1.02652	0.31748	-0.1744	
12.544	-0.225159	1.31737	-2.16709	0.491212	0.851003	-1.56998	1.05763	0	0.969115	0.210894	-0.0766493	-0.24181	-0.0888969	-0.443904	-0.188467	-3.42765	7.43232	-0.765458	1.03992	0.319073	-0.173041	
12.544	-0.225159	1.31737	-2.16709	0.491212	0.851003	-1.56998	1.05763	0	0.94804	0.20984	-0.0825651	-0.260975	-0.08863	-0.443571	-0.188022	-3.45289	7.53314	-0.808993	1.04787	0.319597	-0.172335	
12.558	-0.225159	1.31737	-2.16709	0.491212	0.851003	-1.56998	1.05763	0	0.990189	0.218544	-0.0834815	-0.248666	-0.0908179	-0.443892	-0.188102	-3.50707	7.60893	-0.773035	1.05559	0.320713	-0.172178	
12.572	-0.225159	1.31737	-2.16709	0.491212	0.851003	-1.56998	1.05763	0	0.975788	0.204281	-0.0791265	-0.251322	-0.0884408	-0.444712	-0.187842	-3.45829	7.5427	-0.7749	1.0498	0.319895	-0.172008	
12.572	-0.225159	1.31737	-2.16709	0.491212	0.851003	-1.56998	1.05763	0	0.936015	0.197079	-0.0757481	-0.254011	-0.0874324	-0.44514	-0.187711	-3.38017	7.38839	-0.795757	1.03666	0.317814	-0.172383	
12.586	-0.225159	1.31737	-2.16709	0.491212	0.851003	-1.56998	1.05763	0	0.935964	0.204612	-0.0751614	-0.239156	-0.0896135	-0.446007	-0.187732	-3.34878	7.26437	-0.77849	1.0282	0.315718	-0.172722	
12.6	-0.225159	1.31737	-2.16709	0.491212	0.851003	-1.56998	1.05763	0	0.942805	0.197311	-0.0693288	-0.225891	-0.0888889	-0.447747	-0.187808	-3.30104	7.14817	-0.748869	1.01993	0.314576	-0.172988	
12.614	-0.225159	1.31737	-2.16709	0.491212	0.851003	-1.56998	1.05763	0	0.946692	0.222387	-0.0732385	-0.211239	-0.0911911	-0.447932	-0.187779	-3.31549	7.08382	-0.742874	1.01579	0.315013	-0.173171	
12.614	-0.225159	1.31737	-2.16709	0.491212	0.851003	-1.56998	1.05763	0	0.934804	0.212739	-0.0751046	-0.217632	-0.0926179	-0.449309	-0.187605	-3.29769	7.08066	-0.755877	1.01759	0.312614	-0.17292	
12.628	-0.225159	1.31737	-2.16709	0.491212	0.851003	-1.56998	1.05763	0	0.940681	0.205968	-0.0753114	-0.22503	-0.0914673	-0.449366	-0.187361	-3.31773	7.16173	-0.759962	1.02392	0.313645	-0.172405	
12.642	-0.225159	1.31737	-2.16709	0.491212	0.851003	-1.56998	1.05763	0	0.93188	0.214711	-0.0816668	-0.236115	-0.0914267	-0.447854	-0.18714	-3.35802	7.25324	-0.788564	1.0302	0.314656	-0.171937	
12.642	-0.225159	1.31737	-2.16709	0.491212	0.851003	-1.56998	1.05763	0	0.935518	0.21617	-0.0860736	-0.243463	-0.0917714	-0.44672	-0.186746	-3.39247	7.34349	-0.799003	1.03704	0.31466	-0.171226	
12.656	-0.225159	1.31737	-2.16709	0.491212	0.851003	-1.56998	1.05763	0	0.910446	0.21556	-0.0897152	-0.2556	-0.092175	-0.445928	-0.186719	-3.38745	7.35667	-0.831888	1.03754	0.313641	-0.171219	
12.67	-0.225159	1.31737	-2.16709	0.491212	0.851003	-1.56998	1.05763	0	0.949424	0.19047	-0.0824317	-0.247602	-0.0914463	-0.443844	-0.186996	-3.37209	7.3691	-0.772405	1.03686	0.310496	-0.171226	
12.684	-0.225159	1.31737	-2.16709	0.491212	0.851003	-1.56998	1.05763	0	0.953177	0.203845	-0.0824561	-0.239195	-0.0923622	-0.442112	-0.187074	-3.37814	7.32909	-0.763477	1.03217	0.310812	-0.171562	
12.684	-0.225159	1.31737	-2.16709	0.491212	0.851003	-1.56998	1.05763	0	0.949848	0.200404	-0.0771063	-0.236639	-0.0931335	-0.442768	-0.187206	-3.35541	7.28185	-0.758729	1.02856	0.311294	-0.172147	
12.698	-0.225159	1.31737	-2.16709	0.491212	0.851003	-1.56998	1.05763	0	0.919556	0.179344	-0.0754828	-0.248305	-0.0910026	-0.442098	-0.187108	-3.29345	7.21816	-0.776839	1.022	0.307872	-0.172028	
12.712	-0.225159	1.31737	-2.16709	0.491212	0.851003	-1.56998	1.05763	0	0.950241	0.208579	-0.0784674	-0.229557	-0.0932707	-0.441681	-0.187176	-3.34971	7.23128	-0.751181	1.02366	0.31044	-0.172158	
12.712	-0.225159	1.31737	-2.16709	0.491212	0.851003	-1.56998	1.05763	0	0.977895	0.17697	-0.0715173	-0.229863	-0.0917676	-0.442784	-0.186995	-3.33065	7.2739	-0.712892	1.02793	0.308648	-0.171604	
12.726	-0.225159	1.31737	-2.16709	0.491212	0.851003	-1.56998	1.05763	0	0.951505	0.163368	-0.072186	-0.247903	-0.0912499	-0.44326	-0.18697	-3.31486	7.31065	-0.748074	1.031	0.307973	-0.171556	
12.74	-0.225159	1.31737	-2.16709	0.491212	0.851003	-1.56998	1.05763	0	0.918906	0.22402	-0.0914207	-0.24715	-0.0982721	-0.448923	-0.186432	-3.39861	7.3424	-0.826633	1.04139	0.312563	-0.17126	
12.754	-0.225159	1.31737	-2.16709	0.491212	0.851003	-1.56998	1.05763	0	0.937089	0.157685	-0.0725451	-0.256203	-0.0896581	-0.446588	-0.187313	-3.30719	7.32678	-0.77121	1.03463	0.309628	-0.171766	
12.754	-0.225159	1.31737	-2.16709	0.491212	0.851003	-1.56998	1.05763	0	0.967057	0.207645	-0.0773288	-0.235895	-0.0936214	-0.443355	-0.187793	-3.3995	7.36199	-0.75449	1.0357	0.314184	-0.172662	
12.768	-0.225159	1.31737	-2.16709	0.491212	0.851003	-1.56998	1.05763	0	0.916967	0.243982	-0.0873378	-0.236798	-0.0968315	-0.443887	-0.188359	-3.39624	7.25529	-0.814306	1.02835	0.31458	-0.17378	
12.782	-0.225159	1.31737	-2.16709	0.491212	0.851003	-1.56998	1.05763	0	0.955647	0.243015	-0.0783716	-0.219468	-0.0995758	-0.445233	-0.188813	-3.40465	7.24264	-0.764463	1.029	0.316116	-0.174687	
12.782	-0.225159	1.31737	-2.16709	0.491212	0.851003	-1.56998	1.05763	0	0.942394	0.250276	-0.0783344	-0.217742	-0.0967372	-0.445073	-0.188815	-3.38954	7.18682	-0.773613	1.02303	0.317604	-0.174736	
12.796	-0.225159	1.31737	-2.16709	0.491212	0.851003	-1.56998	1.05763	0	0.928482	0.247417	-0.0780149	-0.224329	-0.0975345	-0.445398	-0.189005	-3.38096	7.18741	-0.790663	1.02339	0.317472	-0.175112	
12.81	-0.225159	1.31737	-2.16709	0.491212	0.851003	-1.56998	1.05763	0	0.93984	0.215222	-0.0716716	-0.228329	-0.0949859	-0.446792	-0.188403	-3.34404	7.2001	-0.767763	1.02498	0.315586	-0.174179	
12.824	-0.225159	1.31737	-2.16709	0.491212	0.851003	-1.56998	1.05763	0	0.923401	0.249319	-0.0821502	-0.230486	-0.0957025	-0.445347	-0.188024	-3.39708	7.23594	-0.806142	1.02694	0.318185	-0.173765	
12.824	-0.225159	1.31737	-2.16709	0.491212	0.851003	-1.56998	1.05763	0	0.907609	0.244246	-0.084999	-0.241289	-0.0959063	-0.44548	-0.188075	-3.39517	7.26576	-0.829747	1.02971	0.317242	-0.173698	
12.838	-0.225159	1.31737	-2.16709	0.491212	0.851003	-1.56998	1.05763	0	0.928582	0.198417	-0.0777022	-0.248908	-0.0908493	-0.446285	-0.188454	-3.35634	7.31377	-0.794837	1.03316	0.314587	-0.173308	
12.852	-0.225159	1.31737	-2.16709	0.491212	0.851003	-1.56998	1.05763	0	0.898798	0.213148	-0.0861964	-0.254352	-0.0908464	-0.445944	-0.188687	-3.3556	7.28068	-0.832277	1.0305	0.313711	-0.173427	
12.852	-0.225159	1.31737	-2.16709	0.491212	0.851003	-1.56998	1.05763	0	0.977717	0.185713	-0.0782839	-0.232312	-0.0900577	-0.445496	-0.188504	-3.36128	7.32151	-0.728699	1.0343	0.310494	-0.172529	
12.866	-0.225159	1.31737	-2.16709	0.491212	0.851003	-1.56998	1.05763	0	0.952774	0.183003	-0.0779447	-0.237523	-0.0884729	-0.44596	-0.188603	-3.32815	7.26352	-0.749469	1.02915	0.310259	-0.172756	
12.88	-0.225159	1.31737	-2.16709	0.491212	0.851003	-1.56998	1.05763	0	0.983529	0.21479	-0.0785129	-0.214775	-0.0903748	-0.44504	-0.188158	-3.37525	7.24347	-0.717956	1.02718	0.313426	-0.172589	
12.88	-0.225159	1.31737	-2.16709	0.491212	0.851003	-1.56998	1.05763	0	0.983529	0.21479	-0.0785129	-0.214775	-0.0903748	-0.44504	-0.188158	-3.37525	7.24347	-0.717956	1.02718	0.313426	-0.172589	
12.894	-0.225159	1.31737	-2.16709	0.491212	0.851003	-1.56998	1.05763	0	0.924231	0.180798	-0.0776467	-0.241366	-0.0890821	-0.445318	-0.187907	-3.28514	7.17956	-0.769163	1.02164	0.308163	-0.172425	
12.908	-0.225159	1.31737	-2.16709	0.491212	0.851003	-1.56998	1.05763	0	0.934133	0.195548	-0.0753363	-0.235673	-0.0903489	-0.445851	-0.187868	-3.31522	7.20088	-0.766419	1.02362	0.311931	-0.172779	
12.922	-0.225159	1.31737	-2.16709	0.491212	0.851003	-1.56998	1.05763	0	0.956102	0.199103	-0.0762268	-0.23023	-0.0916532	-0.447321	-0.187533	-3.34607	7.25325	-0.751283	1.02996	0.312927	-0.172271	
12.922	-0.225159	1.31737	-2.16709	0.491212	0.851003	-1.56998	1.05763	0	0.956102	0.199103	-0.0762268	-0.23023	-0.0916532	-0.447321	-0.187533	-3.34607	7.25325	-0.751283	1.02996	0.312927	-0.172271	
12.936	-0.225159	1.31737	-2.16709	0.491212	0.851003	-1.56998	1.05763	0	0.93728	0.219866	-0.0790379	-0.231979	-0.0928041	-0.447889	-0.187967	-3.36439	7.24338	-0.781994	1.02952	0.315828	-0.173087	
12.95	-0.225159	1.31737	-2.16709	0.491212	0.851003	-1.56998	1.05763	0	0.932525	0.225354	-0.0806198	-0.229085	-0.0924142	-0.448752	-0.188316	-3.35934	7.21019	-0.785522	1.02755	0.316002	-0.173401	
12.95	-0.225159	1.31737	-2.16709	0.491212	0.851003	-1.56998	1.05763	0	0.932525	0.225354	-0.0806198	-0.229085	-0.0924142	-0.448752	-0.188316	-3.35934	7.21019	-0.785522	1.02755	0.316002	-0.173401	
12.964	-0.225159	1.31737	-2.16709	0.491212	0.851003	-1.56998	1.05763	0	0.930361	0.211599	-0.0787798	-0.23009	-0.0909759	-0.449023	-0.18799	-3.32875	7.17947	-0.777919	1.02499	0.31411	-0.172921	
12.978	-0.225159	1.31737	-2.16709	0.491212	0.851003	-1.56998	1.05763	0	0.948492	0.221767	-0.0777339	-0.216897	-0.0919872	-0.44789	-0.187244	-3.33803	7.14922	-0.752061	1.02185	0.314236	-0.17232	
12.978	-0.225159	1.31737	-2.16709	0.491212	0.851003	-1.56998	1.05763	0	0.948492	0.221767	-0.0777339	-0.216897	-0.0919872	-0.44789	-0.187244	-3.33803	7.14922	-0.752061	1.02185	0.314236	-0.17232	
12.992	-0.225159	1.31737	-2.16709	0.491212	0.851003	-1.56998	1.05763	0	0.937163	0.211518	-0.0772425	-0.224569	-0.091072	-0.447172	-0.187123	-3.32025	7.151	-0.761757	1.02102	0.312978	-0.172145	
13.006	-0.225159	1.31737	-2.16709	0.491212	0.851003	-1.56998	1.05763	0	0.974472	0.202093	-0.0754492	-0.217369	-0.0912953	-0.446891	-0.187612	-3.34188	7.20846	-0.720878	1.02614	0.31204	-0.172235	
13.006	-0.225159	1.31737	-2.16709	0.491212	0.851003	-1.56998	1.05763	0	0.974472	0.202093	-0.0754492	-0.217369	-0.0912953	-0.446891	-0.187612	-3.34188	7.20846	-0.720878	1.02614	0.31204	-0.172235	
13.02	-0.225159	1.31737	-2.16709	0.491212	0.851003	-1.56998	1.05763	0	0.959167	0.210149	-0.0814203	-0.231196	-0.0916508	-0.444427	-0.187941	-3.37727	7.29317	-0.755029	1.03101	0.312592	-0.172445	
13.034	-0.225159	1.31737	-2.16709	0.491212	0.851003	-1.56998	1.05763	0	0.949688	0.199119	-0.0794648	-0.239226	-0.0909963	-0.444249	-0.188016	-3.36231	7.30448	-0.764391	1.03134	0.312126	-0.172557	
13.048	-0.225159	1.31737	-2.16709	0.491212	0.851003	-1.56998	1.05763	0	0.940374	0.210889	-0.0787135	-0.236434	-0.0928616	-0.444551	-0.187535	-3.36228	7.27011	-0.774951	1.02889	0.313457	-0.172564	
13.048	-0.225159	1.31737	-2.16709	0.491212	0.851003	-1.56998	1.05763	0	0.940374	0.210889	-0.0787135	-0.236434	-0.0928616	-0.444551	-0.187535	-3.36228	7.27011	-0.774951	1.02889	0.313457	-0.172564	
13.062	-0.225159	1.31737	-2.16709	0.491212	0.851003	-1.56998	1.05763	0	0.942029	0.201816	-0.0771083	-0.233982	-0.0941487	-0.445485	-0.187289	-3.33882	7.23529	-0.764751	1.02752	0.311279	-0.172373	
13.076	-0.225159	1.31737	-2.16709	0.491212	0.851003	-1.56998	1.05763	0	0.935497	0.219392	-0.0741017	-0.225066	-0.096147	-0.447049	-0.187212	-3.33623	7.16756	-0.769696	1.0232	0.314208	-0.173009	
13.076	-0.225159	1.31737	-2.16709	0.491212	0.851003	-1.56998	1.05763	0	0.935497	0.219392	-0.0741017	-0.225066	-0.096147	-0.447049	-0.187212	-3.33623	7.16756	-0.769696	1.0232	0.314208	-0.173009	
13.09	-0.225159	1.31737	-2.16709	0.491212	0.851003	-1.56998	1.05763	0	0.953414	0.214126	-0.0732403	-0.219065	-0.0978437	-0.448066	-0.187612	-3.33845	7.17202	-0.747512	1.02546	0.312823	-0.173308	
13.104	-0.225159	1.31737	-2.16709	0.491212	0.851003	-1.56998	1.05763	0	0.924691	0.205813	-0.0748901	-0.231891	-0.0965927	-0.449472	-0.187453	-3.3136	7.1643	-0.78111	1.02558	0.312322	-0.173089	
13.104	-0.225159	1.31737	-2.16709	0.491212	0.851003	-1.56998	1.05763	0	0.924691	0.205813	-0.0748901	-0.231891	-0.0965927	-0.449472	-0.187453	-3.3136	7.1643	-0.78111	1.02558	0.312322	-0.173089	
13.118	-0.225159	1.31737	-2.16709	0.491212	0.851003	-1.56998	1.05763	0	0.898678	0.22829	-0.0784377	-0.239422	-0.098031	-0.449167	-0.187641	-3.34135	7.18411	-0.825528	1.02667	0.315769	-0.173743	
13.132	-0.225159	1.31737	-2.16709	0.491212	0.851003	-1.56998	1.05763	0	0.952252	0.219046	-0.0763094	-0.227177	-0.0993977	-0.447642	-0.186798	-3.37486	7.26195	-0.766104	1.0329	0.313996	-0.172476	
13.132	-0.225159	1.31737	-2.16709	0.491212	0.851003	-1.56998	1.05763	0	0.952252	0.219046	-0.0763094	-0.227177	-0.0993977	-0.447642	-0.186798	-3.37486	7.26195	-0.766104	1.0329	0.313996	-0.172476	
13.146	-0.225159	1.31737	-2.16709	0.491212	0.851003	-1.56998	1.05763	0	0.93813	0.213417	-0.0770819	-0.233926	-0.0979741	-0.44686	-0.186435	-3.35912	7.25531	-0.779497	1.03117	0.313126	-0.172026	
13.16	-0.225159	1.31737	-2.16709	0.491212	0.851003	-1.56998	1.05763	0	0.957586	0.195566	-0.0725592	-0.232039	-0.0972298	-0.446384	-0.186654	-3.34714	7.27027	-0.750006	1.03192	0.311532	-0.172058	
13.16	-0.225159	1.31737	-2.16709	0.491212	0.851003	-1.56998	1.05763	0	0.957586	0.195566	-0.0725592	-0.232039	-0.0972298	-0.446384	-0.186654	-3.34714	7.27027	-0.750006	1.03192	0.311532	-0.172058	
13.174	-0.225159	1.31737	-2.16709	0.491212	0.851003	-1.56998	1.05763	0	0.94345	0.211084	-0.0741343	-0.233353	-0.0937107	-0.446778	-0.187631	-3.35866	7.25784	-0.771679	1.02959	0.315612	-0.173022	
13.188	-0.225159	1.31737	-2.16709	0.491212	0.851003	-1.56998	1.05763	0	0.986952	0.210493	-0.0735402	-0.219367	-0.0927493	-0.44726	-0.187617	-3.38841	7.2999	-0.724525	1.03382	0.316025	-0.172491	
13.202	-0.225159	1.31737	-2.16709	0.491212	0.851003	-1.56998	1.05763	0	0.981859	0.221052	-0.0760381	-0.216516	-0.0901795	-0.448016	-0.186956	-3.39304	7.28113	-0.73243	1.0321	0.317989	-0.171655	
13.202	-0.225159	1.31737	-2.16709	0.491212	0.851003	-1.56998	1.05763	0	0.981859	0.221052	-0.0760381	-0.216516	-0.0901795	-0.448016	-0.186956	-3.39304	7.28113	-0.73243	1.0321	0.317989	-0.171655	
13.216	-0.225159	1.31737	-2.16709	0.491212	0.851003	-1.56998	1.05763	0	0.935923	0.212799	-0.0792135	-0.231673	-0.0884763	-0.448558	-0.186388	-3.34512	7.2251	-0.778247	1.02738	0.315958	-0.171079	
13.23	-0.225159	1.31737	-2.16709	0.491212	0.851003	-1.56998	1.05763	0	0.935229	0.217329	-0.0803832	-0.227358	-0.0880291	-0.449146	-0.18615	-3.34017	7.19396	-0.776211	1.02535	0.315942	-0.170788	
13.23	-0.225159	1.31737	-2.16709	0.491212	0.851003	-1.56998	1.05763	0	0.935229	0.217329	-0.0803832	-0.227358	-0.0880291	-0.449146	-0.18615	-3.34017	7.19396	-0.776211	1.02535	0.315942	-0.170788	
13.244	-0.225159	1.31737	-2.16709	0.491212	0.851003	-1.56998	1.05763	0	0.928656	0.229615	-0.0803468	-0.226663	-0.0878284	-0.449368	-0.18641	-3.35228	7.18861	-0.788331	1.02455	0.318576	-0.171293	
13.258	-0.225159	1.31737	-2.16709	0.491212	0.851003	-1.56998	1.05763	0	0.925135	0.217298	-0.0748168	-0.230064	-0.0868602	-0.449022	-0.186644	-3.32826	7.17349	-0.784606	1.02218	0.318594	-0.171737	
13.258	-0.225159	1.31737	-2.16709	0.491212	0.851003	-1.56998	1.05763	0	0.925135	0.217298	-0.0748168	-0.230064	-0.0868602	-0.449022	-0.186644	-3.32826	7.17349	-0.784606	1.02218	0.318594	-0.171737	
13.272	-0.225159	1.31737	-2.16709	0.491212	0.851003	-1.56998	1.05763	0	0.927553	0.222866	-0.0770127	-0.231348	-0.086796	-0.448081	-0.186749	-3.34844	7.20673	-0.788295	1.02413	0.319155	-0.171737	
13.286	-0.225159	1.31737	-2.16709	0.491212	0.851003	-1.56998	1.05763	0	0.94746	0.212372	-0.0752765	-0.23112	-0.0860987	-0.447282	-0.186383	-3.35907	7.25974	-0.767268	1.02777	0.318582	-0.171091	
13.286	-0.225159	1.31737	-2.16709	0.491212	0.851003	-1.56998	1.05763	0	0.94746	0.212372	-0.0752765	-0.23112	-0.0860987	-0.447282	-0.186383	-3.35907	7.25974	-0.767268	1.02777	0.318582	-0.171091	
13.3	-0.225159	1.31737	-2.16709	0.491212	0.851003	-1.56998	1.05763	0	0.923121	0.217538	-0.0795577	-0.238521	-0.0866045	-0.446296	-0.186519	-3.35212	7.24246	-0.795912	1.0257	0.317459	-0.171286	
13.314	-0.225159	1.31737	-2.16709	0.491212	0.851003	-1.56998	1.05763	0	0.960623	0.224782	-0.0779236	-0.223559	-0.0880034	-0.44548	-0.187129	-3.38385	7.26287	-0.753922	1.02737	0.317984	-0.171838	
13.314	-0.225159	1.31737	-2.16709	0.491212	0.851003	-1.56998	1.05763	0	0.960623	0.224782	-0.0779236	-0.223559	-0.0880034	-0.44548	-0.187129	-3.32451	7.22247	-0.752908	1.02371	0.313684	-0.171877	
13.328	-0.225159	1.31737	-2.16709	0.491212	0.851003	-1.56998	1.05763	0	0.94831	0.189494	-0.0747871	-0.230493	-0.087701	-0.445714	-0.187759	-3.30915	7.19317	-0.744528	1.02238	0.31137	-0.172267	
13.342	-0.225159	1.31737	-2.16709	0.491212	0.851003	-1.56998	1.05763	0	0.932859	0.20241	-0.0806598	-0.230823	-0.0896177	-0.44568	-0.187801	-3.31323	7.1663	-0.764723	1.0211	0.310304	-0.17236	
13.356	-0.225159	1.31737	-2.16709	0.491212	0.851003	-1.56998	1.05763	0	0.943469	0.205938	-0.0785581	-0.226691	-0.091642	-0.445636	-0.1873	-3.32588	7.17991	-0.754947	1.0226	0.311037	-0.172125	
13.356	-0.225159	1.31737	-2.16709	0.491212	0.851003	-1.56998	1.05763	0	0.943469	0.205938	-0.0785581	-0.226691	-0.091642	-0.445636	-0.1873	-3.32588	7.17991	-0.754947	1.0226	0.311037	-0.172125	
13.37	-0.225159	1.31737	-2.16709	0.491212	0.851003	-1.56998	1.05763	0	0.940693	0.198578	-0.0798005	-0.23065	-0.0906536	-0.44567	-0.187259	-3.31855	7.19009	-0.757552	1.02344	0.309859	-0.171827	
13.384	-0.225159	1.31737	-2.16709	0.491212	0.851003	-1.56998	1.05763	0	0.944791	0.209255	-0.0822127	-0.226315	-0.0923498	-0.446294	-0.187011	-3.33638	7.1945	-0.758267	1.02505	0.310392	-0.171634	
13.384	-0.225159	1.31737	-2.16709	0.491212	0.851003	-1.56998	1.05763	0	0.944791	0.209255	-0.0822127	-0.226315	-0.0923498	-0.446294	-0.187011	-3.33638	7.1945	-0.758267	1.02505	0.310392	-0.171634	
13.398	-0.225159	1.31737	-2.16709	0.491212	0.851003	-1.56998	1.05763	0	0.91149	0.208712	-0.0828739	-0.236406	-0.0921631	-0.447047	-0.187821	-3.31022	7.15365	-0.793987	1.02191	0.310426	-0.172711	
13.412	-0.225159	1.31737	-2.16709	0.491212	0.851003	-1.56998	1.05763	0	0.934379	0.192309	-0.0772442	-0.231746	-0.0934743	-0.447941	-0.1876	-3.3	7.16542	-0.762054	1.0242	0.309087	-0.172518	
13.412	-0.225159	1.31737	-2.16709	0.491212	0.851003	-1.56998	1.05763	0	0.934379	0.192309	-0.0772442	-0.231746	-0.0934743	-0.447941	-0.1876	-3.3	7.16542	-0.762054	1.0242	0.309087	-0.172518	
13.426	-0.225159	1.31737	-2.16709	0.491212	0.851003	-1.56998	1.05763	0	0.959991	0.221643	-0.0780722	-0.21702	-0.0940209	-0.448092	-0.187301	-3.35967	7.19872	-0.746632	1.0269	0.314232	-0.172374	
13.44	-0.225159	1.31737	-2.16709	0.491212	0.851003	-1.56998	1.05763	0	0.965632	0.213407	-0.0773857	-0.216817	-0.0921678	-0.448442	-0.186677	-3.35096	7.20314	-0.73744	1.02717	0.313762	-0.171476	
13.44	-0.225159	1.31737	-2.16709	0.491212	0.851003	-1.56998	1.05763	0	0.965632	0.213407	-0.0773857	-0.216817	-0.0921678	-0.448442	-0.186677	-3.35096	7.20314	-0.73744	1.02717	0.313762	-0.171476	
13.454	-0.225159	1.31737	-2.16709	0.491212	0.851003	-1.56998	1.05763	0	0.957519	0.209886	-0.0788719	-0.221957	-0.0917312	-0.447984	-0.186336	-3.34602	7.21207	-0.747341	1.02745	0.312923	-0.17103	
13.468	-0.225159	1.31737	-2.16709	0.491212	0.851003	-1.56998	1.05763	0	0.950153	0.159727	-0.0737873	-0.239811	-0.0887871	-0.447689	-0.186284	-3.28216	7.2334	-0.740789	1.02842	0.307373	-0.17046	
13.468	-0.225159	1.31737	-2.16709	0.491212	0.851003	-1.56998	1.05763	0	0.957197	0.204079	-0.0794797	-0.229044	-0.0918439	-0.446734	-0.186548	-3.35551	7.26178	-0.752638	1.03051	0.312313	-0.171131	
13.482	-0.225159	1.31737	-2.16709	0.491212	0.851003	-1.56998	1.05763	0	0.961469	0.190258	-0.0768658	-0.231615	-0.0913502	-0.446934	-0.187119	-3.34124	7.26868	-0.743442	1.03118	0.311132	-0.171598	
13.496	-0.225159	1.31737	-2.16709	0.491212	0.851003	-1.56998	1.05763	0	0.955197	0.194368	-0.0786411	-0.230867	-0.0915434	-0.447113	-0.187183	-3.33732	7.24639	-0.749402	1.02969	0.310767	-0.171666	
13.51	-0.225159	1.31737	-2.16709	0.491212	0.851003	-1.56998	1.05763	0	0.952125	0.196613	-0.0793262	-0.22924	-0.0928112	-0.447145	-0.187115	-3.33211	7.22439	-0.750519	1.02841	0.309914	-0.17171	
13.51	-0.225159	1.31737	-2.16709	0.491212	0.851003	-1.56998	1.05763	0	0.952125	0.196613	-0.0793262	-0.22924	-0.0928112	-0.447145	-0.187115	-3.33211	7.22439	-0.750519	1.02841	0.309914	-0.17171	
13.524	-0.225159	1.31737	-2.16709	0.491212	0.851003	-1.56998	1.05763	0	0.94129	0.199324	-0.0786141	-0.230769	-0.0937436	-0.447348	-0.186802	-3.32397	7.20314	-0.761733	1.02682	0.310229	-0.171685	
13.538	-0.225159	1.31737	-2.16709	0.491212	0.851003	-1.56998	1.05763	0	0.935401	0.226932	-0.0840719	-0.224739	-0.0959739	-0.447982	-0.18624	-3.35576	7.19276	-0.778948	1.02721	0.31241	-0.171354	
13.538	-0.225159	1.31737	-2.16709	0.491212	0.851003	-1.56998	1.05763	0	0.935401	0.226932	-0.0840719	-0.224739	-0.0959739	-0.447982	-0.18624	-3.35576	7.19276	-0.778948	1.02721	0.31241	-0.171354	
13.552	-0.225159	1.31737	-2.16709	0.491212	0.851003	-1.56998	1.05763	0	0.937964	0.211816	-0.082956	-0.228143	-0.0943405	-0.448264	-0.186624	-3.3387	7.19889	-0.771397	1.02773	0.310863	-0.17143	
13.566	-0.225159	1.31737	-2.16709	0.491212	0.851003	-1.56998	1.05763	0	0.961641	0.18116	-0.0736829	-0.227737	-0.0910159	-0.448384	-0.186585	-3.30965	7.21524	-0.732221	1.02798	0.310061	-0.171133	
13.566	-0.225159	1.31737	-2.16709	0.491212	0.851003	-1.56998	1.05763	0	0.961641	0.18116	-0.0736829	-0.227737	-0.0910159	-0.448384	-0.186585	-3.30965	7.21524	-0.732221	1.02798	0.310061	-0.171133	
13.58	-0.225159	1.31737	-2.16709	0.491212	0.851003	-1.56998	1.05763	0	0.947482	0.189754	-0.0780198	-0.23001	-0.0917035	-0.447315	-0.186459	-3.31118	7.19889	-0.749371	1.02608	0.309148	-0.171022	
13.594	-0.225159	1.31737	-2.16709	0.491212	0.851003	-1.56998	1.05763	0	0.955825	0.185667	-0.0718889	-0.227883	-0.0909952	-0.446559	-0.18641	-3.34595	7.18965	-0.779702	1.02233	0.315111	-0.17138	
13.594	-0.225159	1.31737	-2.16709	0.491212	0.851003	-1.56998	1.05763	0	0.955825	0.185667	-0.0718889	-0.227883	-0.0909952	-0.446559	-0.18641	-3.34595	7.18965	-0.779702	1.02233	0.315111	-0.17138	
13.608	-0.225159	1.31737	-2.16709	0.491212	0.851003	-1.56998	1.05763	0	0.992827	0.207217	-0.0735302	-0.212289	-0.0917723	-0.444717	-0.186099	-3.36599	7.2458	-0.702979	1.02717	0.313116	-0.17084	
13.622	-0.225159	1.31737	-2.16709	0.491212	0.851003	-1.56998	1.05763	0	0.935725	0.196779	-0.0745658	-0.236212	-0.0903033	-0.444148	-0.186071	-3.32058	7.21773	-0.765271	1.02323	0.312166	-0.171089	
13.622	-0.225159	1.31737	-2.16709	0.491212	0.851003	-1.56998	1.05763	0	0.963946	0.168989	-0.0672288	-0.234966	-0.0885024	-0.444112	-0.186122	-3.30411	7.25193	-0.724655	1.02556	0.310707	-0.17084	
13.636	-0.225159	1.31737	-2.16709	0.491212	0.851003	-1.56998	1.05763	0	0.911645	0.179597	-0.0745368	-0.251354	-0.0891235	-0.443393	-0.186632	-3.29008	7.22062	-0.788684	1.02238	0.309936	-0.171561	
13.65	-0.225159	1.31737	-2.16709	0.491212	0.851003	-1.56998	1.05763	0	0.96051	0.203462	-0.0749716	-0.228684	-0.0927411	-0.443573	-0.186752	-3.35444	7.25865	-0.743226	1.02714	0.312323	-0.171756	
13.664	-0.225159	1.31737	-2.16709	0.491212	0.851003	-1.56998	1.05763	0	0.947191	0.210431	-0.0793195	-0.229424	-0.0928436	-0.445771	-0.187004	-3.35184	7.23489	-0.761751	1.02748	0.312441	-0.171891	
13.664	-0.225159	1.31737	-2.16709	0.491212	0.851003	-1.56998	1.05763	0	0.947191	0.210431	-0.0793195	-0.229424	-0.0928436	-0.445771	-0.187004	-3.35184	7.23489	-0.761751	1.02748	0.312441	-0.171891	
13.678	-0.225159	1.31737	-2.16709	0.491212	0.851003	-1.56998	1.05763	0	0.937803	0.19935	-0.0804282	-0.234392	-0.0923908	-0.447018	-0.186695	-3.32959	7.22384	-0.76927	1.02788	0.310524	-0.171377	
13.692	-0.225159	1.31737	-2.16709	0.491212	0.851003	-1.56998	1.05763	0	0.967384	0.19797	-0.0778785	-0.220555	-0.0937958	-0.44861	-0.186339	-3.33478	7.21314	-0.731734	1.02923	0.310168	-0.170965	
13.692	-0.225159	1.31737	-2.16709	0.491212	0.851003	-1.56998	1.05763	0	0.967384	0.19797	-0.0778785	-0.220555	-0.0937958	-0.44861	-0.186339	-3.33478	7.21314	-0.731734	1.02923	0.310168	-0.170965	
13.706	-0.225159	1.31737	-2.16709	0.491212	0.851003	-1.56998	1.05763	0	0.930965	0.197349	-0.0794162	-0.232462	-0.0935095	-0.448745	-0.186358	-3.30866	7.17879	-0.771642	1.02605	0.309845	-0.171227	
13.72	-0.225159	1.31737	-2.16709	0.491212	0.851003	-1.56998	1.05763	0	0.926655	0.233476	-0.0844968	-0.229643	-0.0959339	-0.447758	-0.187162	-3.37003	7.21563	-0.796105	1.02849	0.314327	-0.172429	
13.72	-0.225159	1.31737	-2.16709	0.491212	0.851003	-1.56998	1.05763	0	0.926655	0.233476	-0.0844968	-0.229643	-0.0959339	-0.447758	-0.187162	-3.37003	7.21563	-0.796105	1.02849	0.314327	-0.172429	
13.734	-0.225159	1.31737	-2.16709	0.491212	0.851003	-1.56998	1.05763	0	0.901478	0.169098	-0.0767641	-0.256601	-0.0912434	-0.447784	-0.187873	-3.27298	7.2148	-0.802993	1.02708	0.308067	-0.172656	
13.748	-0.225159	1.31737	-2.16709	0.491212	0.851003	-1.56998	1.05763	0	0.956194	0.206384	-0.0805473	-0.229299	-0.0942178	-0.447375	-0.187946	-3.36134	7.26301	-0.756289	1.03211	0.311683	-0.172645	
13.748	-0.225159	1.31737	-2.16709	0.491212	0.851003	-1.56998	1.05763	0	0.956194	0.206384	-0.0805473	-0.229299	-0.0942178	-0.447375	-0.187946	-3.36134	7.26301	-0.756289	1.03211	0.311683	-0.172645	
13.762	-0.225159	1.31737	-2.16709	0.491212	0.851003	-1.56998	1.05763	0	0.960366	0.209239	-0.0800212	-0.226967	-0.0954976	-0.446799	-0.186679	-3.36695	7.2681	-0.752172	1.03232	0.311657	-0.17154	
13.776	-0.225159	1.31737	-2.16709	0.491212	0.851003	-1.56998	1.05763	0	0.957522	0.184014	-0.0724355	-0.233436	-0.0944459	-0.447195	-0.186422	-3.32683	7.25857	-0.744588	1.0311	0.310525	-0.171437	
13.79	-0.225159	1.31737	-2.16709	0.491212	0.851003	-1.56998	1.05763	0	0.944565	0.216107	-0.0752597	-0.230255	-0.0957856	-0.446813	-0.186859	-3.36246	7.24877	-0.770841	1.02966	0.314949	-0.172394	
13.79	-0.225159	1.31737	-2.16709	0.491212	0.851003	-1.56998	1.05763	0	0.944565	0.216107	-0.0752597	-0.230255	-0.0957856	-0.446813	-0.186859	-3.36246	7.24877	-0.770841	1.02966	0.314949	-0.172394	
13.804	-0.225159	1.31737	-2.16709	0.491212	0.851003	-1.56998	1.05763	0	0.948116	0.200521	-0.0742968	-0.232408	-0.0942724	-0.446839	-0.187599	-3.3419	7.24351	-0.759633	1.02917	0.312772	-0.172804	
13.818	-0.225159	1.31737	-2.16709	0.491212	0.851003	-1.56998	1.05763	0	0.949372	0.178008	-0.0697279	-0.235176	-0.0925332	-0.448036	-0.187388	-3.30431	7.22437	-0.747491	1.02815	0.311074	-0.172442	
13.818	-0.225159	1.31737	-2.16709	0.491212	0.851003	-1.56998	1.05763	0	0.949372	0.178008	-0.0697279	-0.235176	-0.0925332	-0.448036	-0.187388	-3.30431	7.22437	-0.747491	1.02815	0.311074	-0.172442	
13.832	-0.225159	1.31737	-2.16709	0.491212	0.851003	-1.56998	1.05763	0	0.946549	0.210444	-0.0763364	-0.228705	-0.0947947	-0.448078	-0.186976	-3.35017	7.23179	-0.765024	1.02951	0.313804	-0.172222	
13.846	-0.225159	1.31737	-2.16709	0.491212	0.851003	-1.56998	1.05763	0	0.9561	0.202693	-0.0768634	-0.22779	-0.0944193	-0.447961	-0.186503	-3.3477	7.24556	-0.752373	1.03085	0.312224	-0.171461	
13.846	-0.225159	1.31737	-2.16709	0.491212	0.851003	-1.56998	1.05763	0	0.9561	0.202693	-0.0768634	-0.22779	-0.0944193	-0.447961	-0.186503	-3.3477	7.24556	-0.752373	1.03085	0.312224	-0.171461	
13.86	-0.225159	1.31737	-2.16709	0.491212	0.851003	-1.56998	1.05763	0	0.950429	0.201178	-0.0777002	-0.22977	-0.0934095	-0.447467	-0.186495	-3.34042	7.23648	-0.756691	1.02941	0.311734	-0.171356	
13.874	-0.225159	1.31737	-2.16709	0.491212	0.851003	-1.56998	1.05763	0	0.940393	0.195393	-0.077905	-0.232678	-0.0943975	-0.446473	-0.187453	-3.31946	7.2034	-0.760379	1.02629	0.309216	-0.172395	
13.874	-0.225159	1.31737	-2.16709	0.491212	0.851003	-1.56998	1.05763	0	0.940393	0.195393	-0.077905	-0.232678	-0.0943975	-0.446473	-0.187453	-3.31946	7.2034	-0.760379	1.02629	0.309216	-0.172395	
13.888	-0.225159	1.31737	-2.16709	0.491212	0.851003	-1.56998	1.05763	0	0.946461	0.208509	-0.0806698	-0.225696	-0.0939061	-0.446412	-0.187956	-3.33581	7.18994	-0.755383	1.02518	0.310181	-0.172775	
13.902	-0.225159	1.31737	-2.16709	0.491212	0.851003	-1.56998	1.05763	0	0.941944	0.203819	-0.0816473	-0.229124	-0.0915886	-0.44638	-0.188064	-3.32856	7.19262	-0.759617	1.02477	0.310018	-0.172605	
13.902	-0.225159	1.31737	-2.16709	0.491212	0.851003	-1.56998	1.05763	0	0.941944	0.203819	-0.0816473	-0.229124	-0.0915886	-0.44638	-0.188064	-3.31725	7.1841	-0.754443	1.02325	0.310618	-0.171985	
