0.013	1.46579	-0.955543	1.34264	1.405	1.14117	-1.41101	-0.155661
0.026	1.46537	-0.955621	1.34239	1.40461	1.14117	-1.41157	-0.155661
0.039	1.46537	-0.955621	1.34239	1.40461	1.14117	-1.41157	-0.155661
0.052	1.46537	-0.955621	1.34239	1.40461	1.14117	-1.41157	-0.155661
0.065	1.46508	-0.955712	1.34224	1.4043	1.14117	-1.41177	-0.155661
0.078	1.46466	-0.955743	1.34214	1.40405	1.14117	-1.41203	-0.155661
0.091	1.4642	-0.955649	1.3419	1.4039	1.14117	-1.41276	-0.155661
0.104	1.46371	-0.955615	1.3416	1.40376	1.14117	-1.41371	-0.155661
0.117	1.46327	-0.955628	1.3413	1.40356	1.14117	-1.41489	-0.155661
0.13	1.46292	-0.955666	1.34105	1.40333	1.14117	-1.41583	-0.155661
0.143	1.46251	-0.955686	1.34096	1.40316	1.14117	-1.41631	-0.155661
0.156	1.46221	-0.955717	1.34089	1.403	1.14117	-1.41654	-0.155661
0.169	1.462	-0.955782	1.34082	1.40288	1.14117	-1.41664	-0.155661
0.182	1.46188	-0.955826	1.34074	1.40281	1.14117	-1.41665	-0.155661
0.195	1.46188	-0.955826	1.34074	1.40281	1.14117	-1.41665	-0.155661
0.208	1.46183	-0.955837	1.34068	1.40277	1.14117	-1.41664	-0.155661
0.221	1.46183	-0.95584	1.34069	1.40271	1.14117	-1.41663	-0.155661
0.234	1.46193	-0.955844	1.34072	1.4027	1.14117	-1.41663	-0.155661
0.247	1.46208	-0.955849	1.34073	1.4027	1.14117	-1.41663	-0.155661
0.26	1.4622	-0.95585	1.34074	1.4027	1.14116	-1.41663	-0.155661
0.273	1.46224	-0.955849	1.34076	1.4027	1.14116	-1.41663	-0.155661
0.286	1.46224	-0.955849	1.34077	1.4027	1.14116	-1.41663	-0.155661
0.299	1.46224	-0.955854	1.34077	1.4027	1.14116	-1.41663	-0.155661
0.312	1.46224	-0.955857	1.34077	1.4027	1.14116	-1.41663	-0.155661
0.325	1.46224	-0.955857	1.34077	1.4027	1.14116	-1.41663	-0.155661
0.338	1.46224	-0.955855	1.34077	1.4027	1.14116	-1.41663	-0.155661
0.351	1.46224	-0.955855	1.34077	1.4027	1.14116	-1.41663	-0.155661
0.364	1.46225	-0.955857	1.34077	1.4027	1.14116	-1.41663	-0.155661
0.377	1.46225	-0.955858	1.34077	1.4027	1.14116	-1.41663	-0.155661
0.39	1.46225	-0.955858	1.34077	1.4027	1.14116	-1.41663	-0.155661
0.403	1.46225	-0.955858	1.34077	1.4027	1.14116	-1.41663	-0.155661
0.416	1.46225	-0.955859	1.34077	1.4027	1.14116	-1.41663	-0.155661
0.429	1.46225	-0.955859	1.34077	1.4027	1.14116	-1.41663	-0.155661
0.442	1.46225	-0.955858	1.34077	1.40269	1.14116	-1.41663	-0.155661
0.455	1.46225	-0.955858	1.34077	1.40269	1.14116	-1.41663	-0.155661
0.468	1.46225	-0.955858	1.34077	1.40269	1.14116	-1.41663	-0.155661
0.481	1.46225	-0.955858	1.34077	1.40269	1.14116	-1.41663	-0.155661
0.494	1.46224	-0.955859	1.34077	1.40269	1.14116	-1.41663	-0.155661
0.507	1.46223	-0.955858	1.34077	1.40269	1.14116	-1.41663	-0.155661
0.52	1.46222	-0.955858	1.34077	1.40269	1.14116	-1.41663	-0.155661
0.533	1.46219	-0.955859	1.34077	1.40269	1.14116	-1.41663	-0.155661
0.546	1.46216	-0.955859	1.34077	1.40269	1.14116	-1.41663	-0.155661
0.559	1.46214	-0.955858	1.34077	1.40269	1.14116	-1.41663	-0.155661
0.572	1.46212	-0.955858	1.34077	1.40269	1.14116	-1.41663	-0.155661
0.585	1.46211	-0.955858	1.34077	1.40269	1.14116	-1.41663	-0.155661
0.598	1.46211	-0.955858	1.34077	1.40269	1.14116	-1.41663	-0.155661
0.611	1.46209	-0.955858	1.34077	1.40269	1.14116	-1.41663	-0.155661
0.624	1.46205	-0.955858	1.34077	1.40269	1.14116	-1.41663	-0.155661
0.637	1.46201	-0.955858	1.34076	1.40269	1.14116	-1.41663	-0.155661
0.65	1.46196	-0.955858	1.34076	1.40269	1.14116	-1.41663	-0.155661
0.663	1.46191	-0.955858	1.34076	1.40269	1.14116	-1.41663	-0.155661
0.676	1.46188	-0.955858	1.34076	1.40268	1.14116	-1.41663	-0.155661
0.689	1.46186	-0.955858	1.34076	1.40268	1.14116	-1.41663	-0.155661
0.702	1.46185	-0.955858	1.34076	1.40268	1.14116	-1.41663	-0.155661
0.715	1.46185	-0.955858	1.34076	1.40268	1.14116	-1.41663	-0.155661
0.728	1.46185	-0.955858	1.34076	1.40268	1.14116	-1.41663	-0.155661
0.741	1.46185	-0.955858	1.34076	1.40268	1.14116	-1.41663	-0.155661
0.754	1.46184	-0.955858	1.34076	1.40268	1.14116	-1.41663	-0.155661
0.767	1.46184	-0.955858	1.34076	1.40268	1.14116	-1.41663	-0.155661
0.78	1.46184	-0.955859	1.34076	1.40268	1.14116	-1.41663	-0.155661
0.793	1.46184	-0.955858	1.34076	1.40268	1.14116	-1.41663	-0.155661
0.806	1.46184	-0.955859	1.34076	1.40268	1.14116	-1.41663	-0.155661
0.819	1.46184	-0.955859	1.34076	1.40268	1.14116	-1.41663	-0.155661
0.832	1.46183	-0.955859	1.34076	1.40268	1.14116	-1.41663	-0.155661
0.845	1.46183	-0.955859	1.34076	1.40268	1.14116	-1.41663	-0.155661
0.858	1.46183	-0.955859	1.34076	1.40268	1.14116	-1.41663	-0.155661
0.871	1.46183	-0.955859	1.34076	1.40268	1.14116	-1.41663	-0.155661
0.884	1.46183	-0.955859	1.34076	1.40268	1.14116	-1.41663	-0.155661
0.897	1.46183	-0.955859	1.34076	1.40268	1.14116	-1.41663	-0.155661
0.91	1.46183	-0.955859	1.34076	1.40268	1.14116	-1.41663	-0.155661
0.923	1.46183	-0.955859	1.34076	1.40268	1.14116	-1.41663	-0.155661
0.936	1.46183	-0.955859	1.34076	1.40268	1.14116	-1.41663	-0.155661
0.949	1.46183	-0.955859	1.34076	1.40268	1.14116	-1.41663	-0.155661
0.962	1.46183	-0.955859	1.34076	1.40268	1.14116	-1.41663	-0.155661
0.975	1.46183	-0.955859	1.34076	1.40268	1.14116	-1.41663	-0.155661
0.988	1.46183	-0.955859	1.34076	1.40268	1.14116	-1.41663	-0.155661
1.001	1.46183	-0.955859	1.34076	1.40268	1.14116	-1.41663	-0.155661
1.014	1.46183	-0.955859	1.34076	1.40268	1.14116	-1.41663	-0.155661
1.027	1.46183	-0.955859	1.34076	1.40268	1.14116	-1.41663	-0.155661
1.04	1.46183	-0.955859	1.34076	1.40268	1.14116	-1.41663	-0.155661
1.053	1.46182	-0.955859	1.34075	1.40268	1.14116	-1.41664	-0.155661
1.066	1.46182	-0.955859	1.34075	1.40268	1.14116	-1.41664	-0.155661
1.079	1.46182	-0.955859	1.34074	1.40268	1.14116	-1.41664	-0.155661
1.092	1.46181	-0.955859	1.34074	1.40268	1.14116	-1.41664	-0.155661
1.105	1.4618	-0.955859	1.34074	1.40268	1.14116	-1.41665	-0.155661
1.118	1.46179	-0.955859	1.34073	1.40268	1.14116	-1.41665	-0.155661
1.131	1.46177	-0.955859	1.34073	1.40267	1.14116	-1.41668	-0.155661
1.144	1.46177	-0.955859	1.34073	1.40267	1.14116	-1.41668	-0.155661
1.157	1.46173	-0.955858	1.34073	1.40267	1.14116	-1.41675	-0.155661
1.17	1.46167	-0.955858	1.34072	1.40267	1.14116	-1.41685	-0.155661
1.183	1.46159	-0.955855	1.3407	1.40267	1.14116	-1.41707	-0.155661
1.196	1.46152	-0.955858	1.34068	1.40267	1.14116	-1.41725	-0.155661
1.209	1.46143	-0.955858	1.34066	1.40264	1.14116	-1.41747	-0.155661
1.222	1.46134	-0.955857	1.34064	1.40262	1.14116	-1.41776	-0.155661
1.235	1.46124	-0.955858	1.34063	1.40261	1.14116	-1.41811	-0.155661
1.248	1.46115	-0.955858	1.34062	1.40261	1.14116	-1.41837	-0.155661
1.261	1.46106	-0.955858	1.3406	1.40259	1.14115	-1.41865	-0.155661
1.274	1.46097	-0.955857	1.34058	1.40256	1.14115	-1.41911	-0.155661
1.287	1.46097	-0.955857	1.34058	1.40256	1.14115	-1.41911	-0.155661
1.3	1.46087	-0.955858	1.34057	1.40253	1.14115	-1.41951	-0.155661
1.313	1.46074	-0.955854	1.34056	1.40251	1.14115	-1.41976	-0.155661
1.326	1.46055	-0.955839	1.34055	1.40251	1.14115	-1.42004	-0.155661
1.339	1.46037	-0.95585	1.34054	1.40251	1.14115	-1.42018	-0.155661
1.352	1.46017	-0.95585	1.34053	1.40247	1.14115	-1.42031	-0.155661
1.365	1.46001	-0.95585	1.34051	1.40243	1.14115	-1.42045	-0.155661
1.378	1.45984	-0.955851	1.3405	1.40239	1.14115	-1.42058	-0.155661
1.391	1.45965	-0.955851	1.34049	1.40236	1.14115	-1.42076	-0.155661
1.404	1.45945	-0.955853	1.34048	1.40236	1.14115	-1.42094	-0.155661
1.417	1.45945	-0.955853	1.34048	1.40236	1.14115	-1.42094	-0.155661
1.43	1.4593	-0.955853	1.34045	1.40234	1.14115	-1.42115	-0.155661
1.443	1.45913	-0.955851	1.34042	1.40228	1.14115	-1.42142	-0.155661
1.456	1.45901	-0.95585	1.34041	1.40222	1.14115	-1.42181	-0.155661
1.469	1.45892	-0.955857	1.34039	1.40217	1.14115	-1.42217	-0.155661
1.482	1.45884	-0.955857	1.34037	1.40211	1.14115	-1.42242	-0.155661
1.495	1.4588	-0.955857	1.34036	1.40209	1.14115	-1.42256	-0.155661
1.508	1.45876	-0.955857	1.34036	1.40207	1.14115	-1.42271	-0.155661
1.521	1.45874	-0.955857	1.34036	1.40204	1.14115	-1.42282	-0.155661
1.534	1.45874	-0.955858	1.34036	1.40203	1.14115	-1.4229	-0.155661
1.547	1.45875	-0.955858	1.34036	1.40203	1.14115	-1.42295	-0.155661
1.56	1.45875	-0.955858	1.34036	1.40203	1.14115	-1.42295	-0.155661
1.573	1.45876	-0.955857	1.34037	1.40203	1.14115	-1.42299	-0.155661
1.586	1.45878	-0.955857	1.34037	1.40203	1.14115	-1.42302	-0.155661
1.599	1.45881	-0.955858	1.34037	1.40203	1.14115	-1.42303	-0.155661
1.612	1.45883	-0.955859	1.34037	1.40203	1.14115	-1.42304	-0.155661
1.625	1.45886	-0.955859	1.34037	1.40203	1.14115	-1.42304	-0.155661
1.638	1.45889	-0.955859	1.34037	1.40203	1.14115	-1.42304	-0.155661
1.651	1.45891	-0.955859	1.34037	1.40203	1.14115	-1.42304	-0.155661
1.664	1.45892	-0.955859	1.34037	1.40203	1.14115	-1.42304	-0.155661
1.677	1.45893	-0.955859	1.34038	1.40203	1.14115	-1.42304	-0.155661
1.69	1.45893	-0.955859	1.34038	1.40203	1.14115	-1.42304	-0.155661
1.703	1.45893	-0.95586	1.34038	1.40203	1.14115	-1.42305	-0.155661
1.716	1.45894	-0.955862	1.34038	1.40203	1.14115	-1.42305	-0.155661
1.729	1.45895	-0.955862	1.34038	1.40203	1.14115	-1.42305	-0.155661
1.742	1.45895	-0.955862	1.34039	1.40203	1.14115	-1.42305	-0.155661
1.755	1.45895	-0.955863	1.34039	1.40203	1.14115	-1.42305	-0.155661
1.768	1.45895	-0.955864	1.34039	1.40203	1.14115	-1.42305	-0.155661
1.781	1.45895	-0.955864	1.34039	1.40203	1.14115	-1.42305	-0.155661
1.794	1.45896	-0.955864	1.3404	1.40203	1.14115	-1.42305	-0.155661
1.807	1.45896	-0.955864	1.34041	1.40203	1.14115	-1.42305	-0.155661
1.82	1.45896	-0.955865	1.34041	1.40203	1.14115	-1.42305	-0.155661
1.833	1.45896	-0.955865	1.34041	1.40203	1.14115	-1.42305	-0.155661
1.846	1.45896	-0.955865	1.34041	1.40203	1.14115	-1.42305	-0.155661
1.859	1.45899	-0.955867	1.34042	1.40203	1.14115	-1.42305	-0.155661
1.872	1.45904	-0.955868	1.34042	1.40203	1.14115	-1.42305	-0.155661
1.885	1.45904	-0.955867	1.34043	1.40203	1.14115	-1.42305	-0.155661
1.898	1.45907	-0.955868	1.34045	1.40203	1.14115	-1.42305	-0.155661
1.911	1.45908	-0.955869	1.34046	1.40203	1.14115	-1.42305	-0.155661
1.924	1.45908	-0.955869	1.34046	1.40203	1.14115	-1.42305	-0.155661
1.937	1.4591	-0.955869	1.34046	1.40203	1.14115	-1.42305	-0.155661
1.95	1.4591	-0.955869	1.34047	1.40203	1.14115	-1.42305	-0.155661
1.963	1.4591	-0.955869	1.34047	1.40203	1.14115	-1.42305	-0.155661
1.976	1.45909	-0.955871	1.34048	1.40203	1.14115	-1.42305	-0.155661
1.989	1.45912	-0.955872	1.34048	1.40204	1.14115	-1.42305	-0.155661
2.002	1.45917	-0.955874	1.34048	1.40203	1.14115	-1.42305	-0.155661
2.015	1.45917	-0.955869	1.34048	1.40203	1.14115	-1.42305	-0.155661
2.028	1.4592	-0.955869	1.3405	1.40203	1.14115	-1.42305	-0.155661
2.041	1.4592	-0.955873	1.3405	1.40203	1.14115	-1.42305	-0.155661
2.054	1.4592	-0.955874	1.3405	1.40203	1.14115	-1.42305	-0.155661
2.067	1.4592	-0.955874	1.3405	1.40203	1.14115	-1.42305	-0.155661
2.08	1.45919	-0.955874	1.3405	1.40203	1.14115	-1.42305	-0.155661
2.093	1.45919	-0.955874	1.3405	1.40203	1.14115	-1.42305	-0.155661
2.106	1.45919	-0.955874	1.3405	1.40203	1.14115	-1.42305	-0.155661
2.119	1.45919	-0.955876	1.3405	1.40203	1.14114	-1.42305	-0.155661
2.132	1.4592	-0.955876	1.3405	1.40203	1.14114	-1.42305	-0.155661
2.145	1.45921	-0.955876	1.3405	1.40203	1.14114	-1.42305	-0.155661
2.158	1.4592	-0.955874	1.3405	1.40203	1.14114	-1.42305	-0.155661
2.171	1.4592	-0.955876	1.3405	1.40203	1.14114	-1.42305	-0.155661
2.184	1.4592	-0.955876	1.3405	1.40203	1.14114	-1.42305	-0.155661
2.197	1.4592	-0.955876	1.3405	1.40203	1.14114	-1.42305	-0.155661
2.21	1.4592	-0.955876	1.3405	1.40203	1.14114	-1.42305	-0.155661
2.223	1.45919	-0.955876	1.3405	1.40203	1.14114	-1.42305	-0.155661
2.236	1.45919	-0.955876	1.3405	1.40203	1.14114	-1.42305	-0.155661
2.249	1.45919	-0.955876	1.3405	1.40203	1.14114	-1.42305	-0.155661
2.262	1.45919	-0.955876	1.3405	1.40203	1.14114	-1.42305	-0.155661
2.275	1.45919	-0.955876	1.3405	1.40203	1.14114	-1.42305	-0.155661
2.288	1.45919	-0.955874	1.3405	1.40203	1.14114	-1.42305	-0.155661
2.301	1.45919	-0.955874	1.3405	1.40203	1.14114	-1.42305	-0.155661
2.314	1.45919	-0.955874	1.34049	1.40203	1.14114	-1.42305	-0.155661
2.327	1.45919	-0.955874	1.34049	1.40203	1.14114	-1.42306	-0.155661
2.34	1.45919	-0.955874	1.34049	1.40203	1.14114	-1.42306	-0.155661
2.353	1.45919	-0.955874	1.34049	1.40203	1.14114	-1.42306	-0.155661
2.366	1.45919	-0.955874	1.34048	1.40202	1.14114	-1.42306	-0.155661
2.379	1.45919	-0.955874	1.34048	1.40202	1.14114	-1.42306	-0.155661
2.392	1.45919	-0.955873	1.34048	1.40202	1.14114	-1.42306	-0.155661
2.405	1.45919	-0.955872	1.34048	1.40202	1.14114	-1.42307	-0.155661
2.418	1.45919	-0.955872	1.34048	1.40202	1.14114	-1.42308	-0.155661
2.431	1.45918	-0.955873	1.34048	1.40202	1.14114	-1.42309	-0.155661
2.444	1.45917	-0.955872	1.34048	1.40202	1.14114	-1.42309	-0.155661
2.457	1.45914	-0.955872	1.34047	1.40202	1.14114	-1.4231	-0.155661
2.47	1.45911	-0.955873	1.34047	1.40201	1.14114	-1.42311	-0.155661
2.483	1.45909	-0.955872	1.34047	1.40201	1.14114	-1.42312	-0.155661
2.496	1.45907	-0.955872	1.34047	1.402	1.14114	-1.42313	-0.155661
2.509	1.45907	-0.955872	1.34047	1.402	1.14114	-1.42313	-0.155661
2.522	1.45906	-0.955872	1.34046	1.40199	1.14114	-1.42315	-0.155661
2.535	1.45905	-0.955871	1.34046	1.40196	1.14114	-1.4232	-0.155661
2.548	1.45902	-0.955865	1.34045	1.40193	1.14114	-1.42334	-0.155661
2.561	1.459	-0.955871	1.34044	1.4019	1.14114	-1.42346	-0.155661
2.574	1.45895	-0.955869	1.34044	1.40188	1.14114	-1.42357	-0.155661
2.587	1.45892	-0.955869	1.34044	1.40186	1.14114	-1.42367	-0.155661
2.6	1.45888	-0.955869	1.34044	1.40183	1.14114	-1.42376	-0.155661
2.613	1.45886	-0.955869	1.34044	1.4018	1.14114	-1.42383	-0.155661
2.626	1.45885	-0.955871	1.34044	1.40177	1.14114	-1.42391	-0.155661
2.639	1.45883	-0.955869	1.34043	1.40175	1.14114	-1.42398	-0.155661
2.652	1.45883	-0.955869	1.34043	1.40175	1.14114	-1.42398	-0.155661
2.665	1.45881	-0.955869	1.34043	1.40172	1.14114	-1.42409	-0.155661
2.678	1.45878	-0.955869	1.34043	1.40167	1.14114	-1.42428	-0.155661
2.691	1.45874	-0.955868	1.34042	1.40162	1.14114	-1.42456	-0.155661
2.704	1.45872	-0.955869	1.34041	1.40157	1.14114	-1.4248	-0.155661
2.717	1.45868	-0.955869	1.34041	1.40151	1.14114	-1.42506	-0.155661
2.73	1.45865	-0.955869	1.34041	1.40146	1.14114	-1.4254	-0.155661
2.743	1.45862	-0.955871	1.3404	1.4014	1.14114	-1.42589	-0.155661
2.756	1.45859	-0.955869	1.3404	1.40135	1.14114	-1.42636	-0.155661
2.769	1.45856	-0.955871	1.3404	1.40131	1.14114	-1.42683	-0.155661
2.782	1.45856	-0.955871	1.3404	1.40131	1.14114	-1.42683	-0.155661
2.795	1.45853	-0.955869	1.3404	1.40127	1.14114	-1.42723	-0.155661
2.808	1.45847	-0.955858	1.3404	1.4012	1.14114	-1.42761	-0.155661
2.821	1.45839	-0.955848	1.3404	1.40113	1.14114	-1.42804	-0.155661
2.834	1.45833	-0.95586	1.3404	1.40107	1.14114	-1.4283	-0.155661
2.847	1.45826	-0.95586	1.3404	1.40098	1.14114	-1.42861	-0.155661
2.86	1.45821	-0.95586	1.34039	1.4009	1.14114	-1.42899	-0.155661
2.873	1.45815	-0.955862	1.34039	1.4008	1.14114	-1.42942	-0.155661
2.886	1.4581	-0.955862	1.34039	1.40068	1.14114	-1.43006	-0.155661
2.899	1.45808	-0.955865	1.34038	1.40059	1.14114	-1.43067	-0.155661
2.912	1.45804	-0.955865	1.34037	1.40049	1.14114	-1.43128	-0.155661
2.925	1.45804	-0.955865	1.34037	1.40049	1.14114	-1.43128	-0.155661
2.938	1.45802	-0.955862	1.34037	1.4004	1.14114	-1.43169	-0.155661
2.951	1.45798	-0.955855	1.34037	1.40027	1.14114	-1.43203	-0.155661
2.964	1.45795	-0.95586	1.34037	1.40015	1.14113	-1.43243	-0.155661
2.977	1.45794	-0.955867	1.34036	1.40003	1.14113	-1.43276	-0.155661
2.99	1.45792	-0.955867	1.34035	1.39991	1.14113	-1.43313	-0.155661
3.003	1.45791	-0.955867	1.34035	1.39981	1.14113	-1.43353	-0.155661
3.016	1.4579	-0.955867	1.34035	1.3997	1.14113	-1.43394	-0.155661
3.029	1.4579	-0.955867	1.34035	1.39959	1.14113	-1.43435	-0.155661
3.042	1.4579	-0.955868	1.34035	1.39951	1.14113	-1.43483	-0.155661
3.055	1.4579	-0.955868	1.34035	1.39951	1.14113	-1.43483	-0.155661
3.068	1.45791	-0.955868	1.34035	1.39947	1.14113	-1.43515	-0.155661
3.081	1.45791	-0.955864	1.34035	1.3994	1.14113	-1.43537	-0.155661
3.094	1.45792	-0.955864	1.34036	1.39933	1.14113	-1.43552	-0.155661
3.107	1.45792	-0.955867	1.34036	1.39927	1.14113	-1.43556	-0.155661
3.12	1.45792	-0.955869	1.34036	1.39922	1.14113	-1.43556	-0.155661
3.133	1.45792	-0.955869	1.34035	1.3992	1.14113	-1.43556	-0.155661
3.146	1.45792	-0.955869	1.34036	1.39918	1.14113	-1.43556	-0.155661
3.159	1.45793	-0.955868	1.34036	1.39916	1.14113	-1.43556	-0.155661
3.172	1.45793	-0.955869	1.34036	1.39915	1.14113	-1.43556	-0.155661
3.185	1.45793	-0.955869	1.34036	1.39915	1.14113	-1.43556	-0.155661
3.198	1.45793	-0.955869	1.34036	1.39915	1.14113	-1.43556	-0.155661
3.211	1.45793	-0.955871	1.34036	1.39915	1.14113	-1.43556	-0.155661
3.224	1.45794	-0.955871	1.34037	1.39915	1.14113	-1.43556	-0.155661
3.237	1.45795	-0.955872	1.34037	1.39915	1.14113	-1.43556	-0.155661
3.25	1.45795	-0.955872	1.34038	1.39914	1.14113	-1.43556	-0.155661
3.263	1.45795	-0.955872	1.34038	1.39914	1.14113	-1.43556	-0.155661
3.276	1.45796	-0.955873	1.34039	1.39914	1.14113	-1.43556	-0.155661
3.289	1.45796	-0.955873	1.34039	1.39914	1.14113	-1.43556	-0.155661
3.302	1.45797	-0.955873	1.3404	1.39914	1.14113	-1.43556	-0.155661
3.315	1.45797	-0.955873	1.34042	1.39914	1.14113	-1.43556	-0.155661
3.328	1.45797	-0.955873	1.34042	1.39914	1.14113	-1.43556	-0.155661
3.341	1.45797	-0.955873	1.34043	1.39914	1.14113	-1.43556	-0.155661
3.354	1.45798	-0.955874	1.34044	1.39914	1.14113	-1.43556	-0.155661
3.367	1.45801	-0.955876	1.34047	1.39914	1.14113	-1.43556	-0.155661
3.38	1.45807	-0.955878	1.34049	1.39914	1.14113	-1.43556	-0.155661
3.393	1.45809	-0.955874	1.3405	1.39914	1.14113	-1.43556	-0.155661
3.406	1.45814	-0.955876	1.34052	1.39914	1.14113	-1.43556	-0.155661
3.419	1.45815	-0.955878	1.34052	1.39914	1.14113	-1.43556	-0.155661
3.432	1.45816	-0.955878	1.34052	1.39914	1.14113	-1.43556	-0.155661
3.445	1.45818	-0.955878	1.34052	1.39914	1.14113	-1.43556	-0.155661
3.458	1.45818	-0.955878	1.34053	1.39914	1.14113	-1.43556	-0.155661
3.471	1.45818	-0.955878	1.34053	1.39914	1.14113	-1.43556	-0.155661
3.484	1.45818	-0.955878	1.34053	1.39914	1.14113	-1.43556	-0.155661
3.497	1.45822	-0.955881	1.34053	1.39914	1.14113	-1.43556	-0.155661
3.51	1.45827	-0.955883	1.34054	1.39914	1.14113	-1.43556	-0.155661
3.523	1.45829	-0.955878	1.34054	1.39914	1.14113	-1.43556	-0.155661
3.536	1.45835	-0.955879	1.34054	1.39914	1.14113	-1.43556	-0.155661
3.549	1.45836	-0.955882	1.34054	1.39914	1.14113	-1.43556	-0.155661
3.562	1.45837	-0.955883	1.34054	1.39914	1.14113	-1.43556	-0.155661
3.575	1.45839	-0.955883	1.34054	1.39914	1.14113	-1.43556	-0.155661
3.588	1.45839	-0.955883	1.34055	1.39914	1.14113	-1.43556	-0.155661
3.601	1.45839	-0.955883	1.34055	1.39914	1.14113	-1.43556	-0.155661
3.614	1.45839	-0.955883	1.34055	1.39914	1.14113	-1.43556	-0.155661
3.627	1.4584	-0.955886	1.34055	1.39914	1.14113	-1.43556	-0.155661
3.64	1.45846	-0.955887	1.34055	1.39914	1.14113	-1.43556	-0.155661
3.653	1.45852	-0.955886	1.34055	1.39913	1.14113	-1.43556	-0.155661
3.666	1.45869	-0.955888	1.34055	1.39913	1.14113	-1.43556	-0.155661
3.679	1.45882	-0.955888	1.34055	1.39913	1.14113	-1.43556	-0.155661
3.692	1.45895	-0.955887	1.34056	1.39913	1.14113	-1.43556	-0.155661
3.705	1.45901	-0.955886	1.34056	1.39913	1.14112	-1.43556	-0.155661
3.718	1.45902	-0.955887	1.34056	1.39913	1.14112	-1.43556	-0.155661
3.731	1.45902	-0.955888	1.34056	1.39913	1.14112	-1.43556	-0.155661
3.744	1.45902	-0.955888	1.34056	1.39913	1.14112	-1.43556	-0.155661
3.757	1.45901	-0.955887	1.34056	1.39912	1.14112	-1.43556	-0.155661
3.77	1.45901	-0.955887	1.34057	1.39912	1.14112	-1.43556	-0.155661
3.783	1.45901	-0.955888	1.34058	1.39912	1.14112	-1.43556	-0.155661
3.796	1.45901	-0.95589	1.34058	1.39912	1.14112	-1.43556	-0.155661
3.809	1.45901	-0.95589	1.34058	1.39912	1.14112	-1.43556	-0.155661
3.822	1.45901	-0.955888	1.34058	1.39912	1.14112	-1.43556	-0.155661
3.835	1.45901	-0.955879	1.34059	1.39912	1.14112	-1.43556	-0.155661
3.848	1.45901	-0.955882	1.34059	1.39912	1.14112	-1.43556	-0.155661
3.861	1.45901	-0.955885	1.34059	1.39912	1.14112	-1.43556	-0.155661
3.874	1.45901	-0.955885	1.34059	1.39912	1.14112	-1.43556	-0.155661
3.887	1.45901	-0.955886	1.34059	1.39912	1.14112	-1.43556	-0.155661
3.9	1.45901	-0.955886	1.34059	1.39912	1.14112	-1.43556	-0.155661
3.913	1.45901	-0.955886	1.3406	1.39912	1.14112	-1.43556	-0.155661
3.926	1.45901	-0.955886	1.3406	1.3991	1.14112	-1.43556	-0.155661
3.939	1.45901	-0.955886	1.34061	1.39909	1.14112	-1.43556	-0.155661
3.952	1.45901	-0.955886	1.34061	1.39909	1.14112	-1.43556	-0.155661
3.965	1.45901	-0.955886	1.34061	1.39909	1.14112	-1.43556	-0.155661
3.978	1.45901	-0.955885	1.34061	1.39908	1.14112	-1.43556	-0.155661
3.991	1.459	-0.955885	1.34061	1.39908	1.14112	-1.43556	-0.155661
4.004	1.45899	-0.955885	1.34061	1.39907	1.14112	-1.43556	-0.155661
4.017	1.45899	-0.955885	1.34061	1.39907	1.14112	-1.43556	-0.155661
4.03	1.45898	-0.955886	1.34061	1.39907	1.14112	-1.43556	-0.155661
4.043	1.45897	-0.955886	1.34061	1.39906	1.14112	-1.43556	-0.155661
4.056	1.45896	-0.955885	1.34061	1.39903	1.14112	-1.43556	-0.155661
4.069	1.45896	-0.955881	1.34061	1.39901	1.14112	-1.43556	-0.155661
4.082	1.45896	-0.955879	1.34062	1.39899	1.14112	-1.43556	-0.155661
4.095	1.45896	-0.955882	1.34062	1.39897	1.14112	-1.43556	-0.155661
4.108	1.45896	-0.955883	1.34062	1.39896	1.14112	-1.43556	-0.155661
4.121	1.45896	-0.955883	1.34062	1.39896	1.14112	-1.43556	-0.155661
4.134	1.45895	-0.955883	1.34062	1.39895	1.14112	-1.43556	-0.155661
4.147	1.45895	-0.955883	1.34062	1.39895	1.14112	-1.43556	-0.155661
4.16	1.45893	-0.955883	1.34062	1.39894	1.14112	-1.43556	-0.155661
4.173	1.45892	-0.955883	1.34062	1.39892	1.14112	-1.43556	-0.155661
4.186	1.45892	-0.955883	1.34062	1.3989	1.14112	-1.43556	-0.155661
4.199	1.45894	-0.955883	1.34062	1.39887	1.14112	-1.43556	-0.155661
4.212	1.45894	-0.955882	1.34062	1.39885	1.14112	-1.43556	-0.155661
4.225	1.45894	-0.955883	1.34062	1.39883	1.14112	-1.43556	-0.155661
4.238	1.45894	-0.955883	1.34062	1.39881	1.14112	-1.43556	-0.155661
4.251	1.45894	-0.955883	1.34062	1.3988	1.14112	-1.43556	-0.155661
4.264	1.45894	-0.955883	1.34062	1.39878	1.14112	-1.43556	-0.155661
4.277	1.45894	-0.955883	1.34062	1.39877	1.14112	-1.43556	-0.155661
4.29	1.45894	-0.955883	1.34062	1.39877	1.14112	-1.43556	-0.155661
4.303	1.45894	-0.955885	1.34062	1.39876	1.14112	-1.43556	-0.155661
4.316	1.45894	-0.955883	1.34062	1.39874	1.14112	-1.43557	-0.155661
4.329	1.45894	-0.955883	1.34062	1.3987	1.14112	-1.43557	-0.155661
4.342	1.45894	-0.955883	1.34062	1.39868	1.14112	-1.43557	-0.155661
4.355	1.45894	-0.955885	1.34062	1.39866	1.14112	-1.43557	-0.155661
4.368	1.45894	-0.955883	1.34062	1.39863	1.14112	-1.43557	-0.155661
4.381	1.45894	-0.955883	1.34062	1.39861	1.14112	-1.43557	-0.155661
4.394	1.45894	-0.955885	1.34062	1.39858	1.14112	-1.43557	-0.155661
4.407	1.45894	-0.955885	1.34062	1.39855	1.14112	-1.43557	-0.155661
4.42	1.45894	-0.955885	1.34062	1.39855	1.14112	-1.43557	-0.155661
4.433	1.45894	-0.955885	1.34062	1.39853	1.14112	-1.43557	-0.155661
4.446	1.45894	-0.955883	1.34062	1.39851	1.14112	-1.43557	-0.155661
4.459	1.45894	-0.955882	1.34062	1.39847	1.14112	-1.43558	-0.155661
4.472	1.45894	-0.955883	1.34062	1.39841	1.14112	-1.43563	-0.155661
4.485	1.45894	-0.955885	1.34061	1.39836	1.14112	-1.43567	-0.155661
4.498	1.45894	-0.955885	1.34061	1.39831	1.14112	-1.4357	-0.155661
4.511	1.45894	-0.955883	1.34061	1.39827	1.14112	-1.43573	-0.155661
4.524	1.45894	-0.955883	1.34061	1.39822	1.14112	-1.43575	-0.155661
4.537	1.45894	-0.955883	1.34061	1.39816	1.14112	-1.43576	-0.155661
4.55	1.45895	-0.955883	1.34061	1.39812	1.14112	-1.43578	-0.155661
4.563	1.45895	-0.955883	1.34061	1.39812	1.14112	-1.43578	-0.155661
4.576	1.45895	-0.955885	1.34061	1.39807	1.14112	-1.43579	-0.155661
4.589	1.45895	-0.955883	1.3406	1.39802	1.14112	-1.43583	-0.155661
4.602	1.45895	-0.955879	1.34058	1.39793	1.14112	-1.43598	-0.155661
4.615	1.45895	-0.955883	1.34057	1.39787	1.14112	-1.43606	-0.155661
4.628	1.45895	-0.955883	1.34056	1.39781	1.14112	-1.43612	-0.155661
4.641	1.45895	-0.955883	1.34055	1.39774	1.14112	-1.43616	-0.155661
4.654	1.45895	-0.955885	1.34054	1.39769	1.14112	-1.43618	-0.155661
4.667	1.45895	-0.955883	1.34054	1.39763	1.14112	-1.43619	-0.155661
4.68	1.45895	-0.955883	1.34054	1.39758	1.14111	-1.43619	-0.155661
4.693	1.45895	-0.955883	1.34054	1.39758	1.14111	-1.43619	-0.155661
4.706	1.45895	-0.955885	1.34053	1.39754	1.14111	-1.4362	-0.155661
4.719	1.45895	-0.955885	1.34052	1.3975	1.14111	-1.4362	-0.155661
4.732	1.45895	-0.955885	1.34051	1.39746	1.14111	-1.4362	-0.155661
4.745	1.45896	-0.955883	1.34048	1.39741	1.14111	-1.43622	-0.155661
4.758	1.45896	-0.955886	1.34047	1.39737	1.14111	-1.43622	-0.155661
4.771	1.45896	-0.955886	1.34046	1.39734	1.14111	-1.43622	-0.155661
4.784	1.45896	-0.955886	1.34045	1.39731	1.14111	-1.43622	-0.155661
4.797	1.45896	-0.955886	1.34045	1.3973	1.14111	-1.43622	-0.155661
4.81	1.45896	-0.955887	1.34045	1.39728	1.14111	-1.43621	-0.155661
4.823	1.45896	-0.955887	1.34045	1.39728	1.14111	-1.43621	-0.155661
4.836	1.45896	-0.955887	1.34045	1.39728	1.14111	-1.43621	-0.155661
4.849	1.45896	-0.955888	1.34045	1.39727	1.14111	-1.43621	-0.155661
4.862	1.45898	-0.955888	1.34045	1.39727	1.14111	-1.43621	-0.155661
4.875	1.45903	-0.95589	1.34044	1.39726	1.14111	-1.43621	-0.155661
4.888	1.45902	-0.955888	1.34045	1.39726	1.14111	-1.43621	-0.155661
4.901	1.45903	-0.955888	1.34045	1.39726	1.14111	-1.43621	-0.155661
4.914	1.45903	-0.95589	1.34045	1.39726	1.14111	-1.43621	-0.155661
4.927	1.45903	-0.955891	1.34045	1.39726	1.14111	-1.43621	-0.155661
4.94	1.45903	-0.95589	1.34045	1.39726	1.14111	-1.43621	-0.155661
4.953	1.45903	-0.95589	1.34046	1.39726	1.14111	-1.43621	-0.155661
4.966	1.45903	-0.95589	1.34046	1.39726	1.14111	-1.43621	-0.155661
4.979	1.45903	-0.955891	1.34046	1.39726	1.14111	-1.43621	-0.155661
4.992	1.45903	-0.955892	1.34046	1.39726	1.14111	-1.43621	-0.155661
5.005	1.45909	-0.955895	1.34046	1.39726	1.14111	-1.43621	-0.155661
5.018	1.45919	-0.955896	1.34046	1.39724	1.14111	-1.43621	-0.155661
5.031	1.45924	-0.955892	1.34048	1.39724	1.14111	-1.43621	-0.155661
5.044	1.45934	-0.955894	1.34051	1.39724	1.14111	-1.4362	-0.155661
5.057	1.45939	-0.955894	1.34054	1.39724	1.14111	-1.4362	-0.155661
5.07	1.45946	-0.955883	1.34055	1.39724	1.14111	-1.4362	-0.155661
5.083	1.45956	-0.955887	1.34056	1.39724	1.14111	-1.43621	-0.155661
5.096	1.45964	-0.955887	1.34057	1.39724	1.14111	-1.4362	-0.155661
5.109	1.45964	-0.955887	1.34057	1.39724	1.14111	-1.4362	-0.155661
5.122	1.4598	-0.955888	1.34059	1.39725	1.14111	-1.43621	-0.155661
5.135	1.4601	-0.955895	1.3406	1.39725	1.14111	-1.4362	-0.155661
5.148	1.46047	-0.955899	1.34061	1.39725	1.14111	-1.4362	-0.155661
5.161	1.46087	-0.955881	1.34063	1.39725	1.14111	-1.4362	-0.155661
5.174	1.4613	-0.955887	1.34065	1.39726	1.14111	-1.4362	-0.155661
5.187	1.46173	-0.955891	1.34065	1.39727	1.14111	-1.4362	-0.155661
5.2	1.46227	-0.955899	1.34065	1.3973	1.14111	-1.4362	-0.155661
5.213	1.46278	-0.9559	1.34065	1.39734	1.14111	-1.4362	-0.155661
5.226	1.4634	-0.955895	1.34065	1.39736	1.14111	-1.4362	-0.155661
5.239	1.46392	-0.955899	1.34067	1.3974	1.14111	-1.4362	-0.155661
5.252	1.46392	-0.955899	1.34067	1.3974	1.14111	-1.4362	-0.155661
5.265	1.4645	-0.955905	1.34067	1.39746	1.14111	-1.4362	-0.155661
5.278	1.46514	-0.955913	1.34067	1.39748	1.14111	-1.4362	-0.155661
5.291	1.46582	-0.955915	1.34067	1.39748	1.14111	-1.4362	-0.155661
5.304	1.46645	-0.955881	1.34068	1.39751	1.14111	-1.4362	-0.155661
5.317	1.46714	-0.95589	1.34068	1.39752	1.14111	-1.4362	-0.155661
5.33	1.46778	-0.955909	1.34068	1.39752	1.14111	-1.4362	-0.155661
5.343	1.4683	-0.955915	1.34068	1.39753	1.14111	-1.4362	-0.155661
5.356	1.46888	-0.955922	1.34068	1.39754	1.14111	-1.4362	-0.155661
5.369	1.46932	-0.955923	1.34068	1.39754	1.14111	-1.4362	-0.155661
5.382	1.46932	-0.955923	1.34068	1.39754	1.14111	-1.4362	-0.155661
5.395	1.46991	-0.955927	1.34068	1.39755	1.14111	-1.4362	-0.155661
5.408	1.47042	-0.955933	1.34068	1.39755	1.14111	-1.4362	-0.155661
5.421	1.47104	-0.955937	1.34068	1.39755	1.14111	-1.4362	-0.155661
5.434	1.47156	-0.955938	1.34068	1.39756	1.14111	-1.4362	-0.155661
5.447	1.47216	-0.955942	1.34068	1.39758	1.14111	-1.4362	-0.155661
5.46	1.47267	-0.955943	1.34068	1.39759	1.14111	-1.4362	-0.155661
5.473	1.47322	-0.955946	1.34068	1.3976	1.14111	-1.4362	-0.155661
5.486	1.47375	-0.955949	1.34068	1.39762	1.14111	-1.43621	-0.155661
5.499	1.47434	-0.955952	1.34067	1.39762	1.14111	-1.43621	-0.155661
5.512	1.47485	-0.955954	1.34068	1.39768	1.14111	-1.43621	-0.155661
5.525	1.47485	-0.955954	1.34068	1.39768	1.14111	-1.43621	-0.155661
5.538	1.47542	-0.955955	1.34068	1.3977	1.14111	-1.43621	-0.155661
5.551	1.47601	-0.95596	1.34068	1.3977	1.14111	-1.43621	-0.155661
5.564	1.47661	-0.955961	1.34064	1.3977	1.14111	-1.43621	-0.155661
5.577	1.47714	-0.955957	1.34066	1.39775	1.14111	-1.43621	-0.155661
5.59	1.47777	-0.955961	1.34066	1.39776	1.14111	-1.43622	-0.155661
5.603	1.47834	-0.955965	1.34066	1.39778	1.14111	-1.43623	-0.155661
5.616	1.47891	-0.955968	1.34063	1.39778	1.14111	-1.43623	-0.155661
5.629	1.47946	-0.955968	1.34064	1.39784	1.14111	-1.43626	-0.155661
5.642	1.48003	-0.955969	1.34065	1.39785	1.14111	-1.43632	-0.155661
5.655	1.48003	-0.955969	1.34065	1.39785	1.14111	-1.43632	-0.155661
5.668	1.48061	-0.955971	1.34065	1.39787	1.14111	-1.43649	-0.155661
5.681	1.48119	-0.955971	1.34064	1.39788	1.14111	-1.43666	-0.155661
5.694	1.48189	-0.955974	1.34064	1.39789	1.14111	-1.43695	-0.155661
5.707	1.48251	-0.955973	1.34065	1.39789	1.14111	-1.43727	-0.155661
5.72	1.48322	-0.955977	1.34065	1.39792	1.14111	-1.43766	-0.155661
5.733	1.48384	-0.955974	1.34066	1.39795	1.14111	-1.43802	-0.155661
5.746	1.48451	-0.955977	1.34066	1.39798	1.14111	-1.43838	-0.155661
5.759	1.48519	-0.955979	1.34066	1.39798	1.14111	-1.43887	-0.155661
5.772	1.48582	-0.955979	1.34066	1.39802	1.14111	-1.4392	-0.155661
5.785	1.48655	-0.955982	1.34066	1.39808	1.14111	-1.43941	-0.155661
5.798	1.48655	-0.955982	1.34066	1.39808	1.14111	-1.43941	-0.155661
5.811	1.48728	-0.955983	1.34065	1.39809	1.14111	-1.4396	-0.155661
5.824	1.48798	-0.955984	1.34065	1.39814	1.14111	-1.43976	-0.155661
5.837	1.48879	-0.955988	1.34063	1.39816	1.14111	-1.43994	-0.155661
5.85	1.4896	-0.955988	1.34063	1.39816	1.14111	-1.44016	-0.155661
5.863	1.49036	-0.955988	1.34065	1.39823	1.14111	-1.44039	-0.155661
5.876	1.49118	-0.955991	1.34065	1.39833	1.14111	-1.44062	-0.155661
5.889	1.49198	-0.955991	1.34065	1.39842	1.14111	-1.44094	-0.155661
5.902	1.4928	-0.955991	1.34065	1.3986	1.14111	-1.44129	-0.155661
5.915	1.49371	-0.955995	1.34065	1.39875	1.14111	-1.44165	-0.155661
5.928	1.49371	-0.955995	1.34065	1.39875	1.14111	-1.44165	-0.155661
5.941	1.49452	-0.955995	1.34065	1.39883	1.14111	-1.44206	-0.155661
5.954	1.49545	-0.955996	1.34065	1.39896	1.14111	-1.44238	-0.155661
5.967	1.49637	-0.956	1.34064	1.39902	1.14111	-1.44288	-0.155661
5.98	1.49725	-0.955998	1.34065	1.3991	1.14111	-1.44332	-0.155661
5.993	1.49824	-0.956002	1.34065	1.39917	1.14111	-1.44358	-0.155661
6.006	1.49906	-0.956002	1.34066	1.39918	1.14111	-1.44392	-0.155661
6.019	1.50008	-0.956003	1.34066	1.39919	1.14111	-1.44418	-0.155661
6.032	1.50107	-0.956006	1.34067	1.39919	1.14111	-1.4446	-0.155661
6.045	1.50222	-0.956005	1.34067	1.39919	1.14111	-1.4451	-0.155661
6.058	1.50344	-0.95601	1.34068	1.39924	1.14111	-1.4458	-0.155661
6.071	1.50344	-0.95601	1.34068	1.39924	1.14111	-1.4458	-0.155661
6.084	1.50471	-0.956009	1.34068	1.39933	1.14111	-1.44642	-0.155661
6.097	1.5059	-0.956009	1.34068	1.39935	1.14111	-1.44689	-0.155661
6.11	1.50701	-0.956002	1.34068	1.39932	1.14111	-1.44724	-0.155661
6.123	1.50781	-0.955969	1.34069	1.39931	1.14111	-1.44741	-0.155661
6.136	1.5085	-0.95592	1.34069	1.39931	1.14111	-1.44747	-0.155661
6.149	1.50903	-0.955887	1.34068	1.39931	1.14111	-1.44751	-0.155661
6.162	1.50928	-0.955914	1.34068	1.39929	1.14111	-1.44757	-0.155661
6.175	1.50951	-0.955927	1.34068	1.39929	1.14111	-1.44781	-0.155661
6.188	1.50979	-0.955957	1.34068	1.39929	1.14111	-1.44826	-0.155661
6.201	1.50979	-0.955957	1.34068	1.39929	1.14111	-1.44826	-0.155661
6.214	1.51023	-0.955989	1.34068	1.39929	1.14111	-1.4489	-0.155661
6.227	1.51086	-0.956006	1.34066	1.39929	1.14111	-1.4498	-0.155661
6.24	1.51166	-0.956009	1.34065	1.39929	1.14111	-1.45074	-0.155661
6.253	1.51241	-0.955959	1.34071	1.3993	1.14111	-1.45142	-0.155661
6.266	1.51322	-0.955934	1.34071	1.3993	1.14111	-1.45185	-0.155661
6.279	1.51389	-0.955941	1.34072	1.3993	1.14111	-1.45224	-0.155661
6.292	1.51453	-0.955938	1.34072	1.3993	1.14111	-1.45264	-0.155661
6.305	1.51513	-0.955984	1.34072	1.3993	1.14111	-1.45299	-0.155661
6.318	1.51571	-0.955986	1.34072	1.3993	1.14111	-1.45339	-0.155661
6.331	1.51635	-0.955988	1.34072	1.39932	1.14111	-1.45378	-0.155661
6.344	1.51635	-0.955988	1.34072	1.39932	1.14111	-1.45378	-0.155661
6.357	1.51712	-0.956006	1.34072	1.39937	1.14111	-1.45422	-0.155661
6.37	1.51797	-0.956014	1.34071	1.39941	1.14111	-1.45465	-0.155661
6.383	1.51886	-0.956023	1.34071	1.3995	1.14111	-1.45488	-0.155661
6.396	1.51984	-0.956032	1.34071	1.39964	1.14111	-1.45495	-0.155661
6.409	1.52073	-0.956033	1.34072	1.3998	1.14111	-1.45499	-0.155661
6.422	1.52173	-0.956042	1.34072	1.39999	1.14111	-1.45499	-0.155661
6.435	1.52273	-0.956056	1.34071	1.40017	1.14111	-1.45499	-0.155661
6.448	1.52376	-0.95606	1.34071	1.40042	1.14111	-1.45499	-0.155661
6.461	1.52484	-0.956074	1.34071	1.40068	1.14111	-1.455	-0.155661
6.474	1.52484	-0.956074	1.34071	1.40068	1.14111	-1.455	-0.155661
6.487	1.52585	-0.956076	1.34071	1.40096	1.14111	-1.455	-0.155661
6.5	1.52693	-0.956098	1.34071	1.40127	1.14111	-1.455	-0.155661
6.513	1.52794	-0.956108	1.34071	1.40159	1.14111	-1.455	-0.155661
6.526	1.52896	-0.956115	1.34071	1.40189	1.14111	-1.455	-0.155661
6.539	1.52994	-0.956122	1.34071	1.40223	1.14111	-1.455	-0.155661
6.552	1.53096	-0.956126	1.34071	1.40253	1.14111	-1.455	-0.155661
6.565	1.53189	-0.956129	1.34071	1.40285	1.14111	-1.455	-0.155661
6.578	1.5329	-0.956136	1.34071	1.40319	1.14111	-1.455	-0.155661
6.591	1.53382	-0.956144	1.3407	1.40353	1.14111	-1.455	-0.155661
6.604	1.53477	-0.956147	1.34069	1.40395	1.14111	-1.455	-0.155661
6.617	1.53477	-0.956147	1.34069	1.40395	1.14111	-1.455	-0.155661
6.63	1.53568	-0.956157	1.34068	1.40443	1.14111	-1.455	-0.155661
6.643	1.53658	-0.956158	1.34067	1.40496	1.14111	-1.455	-0.155661
6.656	1.53762	-0.956193	1.34064	1.40545	1.14111	-1.455	-0.155661
6.669	1.53849	-0.956191	1.34063	1.40599	1.14111	-1.455	-0.155661
6.682	1.53955	-0.956204	1.34059	1.40657	1.14111	-1.455	-0.155661
6.695	1.54046	-0.956241	1.34055	1.40715	1.14111	-1.455	-0.155661
6.708	1.54148	-0.95624	1.34046	1.40775	1.14111	-1.455	-0.155661
6.721	1.54245	-0.956248	1.3404	1.40844	1.14111	-1.455	-0.155661
6.734	1.54338	-0.956245	1.34038	1.40916	1.14111	-1.455	-0.155661
6.747	1.54338	-0.956245	1.34038	1.40916	1.14111	-1.455	-0.155661
6.76	1.54439	-0.956257	1.34036	1.40988	1.14111	-1.455	-0.155661
6.773	1.54535	-0.956259	1.3403	1.4106	1.14111	-1.455	-0.155661
6.786	1.54641	-0.956263	1.3402	1.41138	1.14111	-1.455	-0.155661
6.799	1.54731	-0.956269	1.34018	1.41227	1.14111	-1.455	-0.155661
6.812	1.54827	-0.956267	1.34011	1.41321	1.14111	-1.455	-0.155661
6.825	1.54919	-0.956273	1.34001	1.41413	1.14111	-1.455	-0.155661
6.838	1.55012	-0.956272	1.33985	1.41504	1.14111	-1.455	-0.155661
6.851	1.55105	-0.956272	1.33968	1.41598	1.14111	-1.455	-0.155661
6.864	1.55193	-0.956272	1.33954	1.41698	1.14111	-1.455	-0.155661
6.877	1.55287	-0.956281	1.33936	1.41793	1.14111	-1.455	-0.155661
6.89	1.55287	-0.956281	1.33936	1.41793	1.14111	-1.455	-0.155661
6.903	1.55372	-0.956276	1.33916	1.4189	1.1411	-1.455	-0.155661
6.916	1.55471	-0.956277	1.33891	1.41996	1.14111	-1.455	-0.155661
6.929	1.55547	-0.956313	1.33872	1.4211	1.14111	-1.455	-0.155661
6.942	1.55627	-0.956309	1.33854	1.42227	1.1411	-1.455	-0.155661
6.955	1.55716	-0.956333	1.33835	1.42335	1.1411	-1.455	-0.155661
6.968	1.55786	-0.956332	1.33822	1.42445	1.1411	-1.455	-0.155661
6.981	1.55867	-0.956337	1.33803	1.4256	1.1411	-1.455	-0.155661
6.994	1.55943	-0.956351	1.33784	1.42669	1.1411	-1.455	-0.155661
7.007	1.56012	-0.956343	1.33768	1.42778	1.1411	-1.455	-0.155661
7.02	1.56012	-0.956343	1.33768	1.42778	1.1411	-1.455	-0.155661
7.033	1.56086	-0.956354	1.33749	1.42887	1.1411	-1.455	-0.155661
7.046	1.56155	-0.956345	1.33732	1.42996	1.1411	-1.455	-0.155661
7.059	1.56213	-0.956345	1.3372	1.43113	1.1411	-1.455	-0.155661
7.072	1.56275	-0.956345	1.33703	1.43236	1.1411	-1.455	-0.155661
7.085	1.5633	-0.956343	1.33688	1.43352	1.1411	-1.455	-0.155661
7.098	1.56388	-0.956358	1.33668	1.43456	1.1411	-1.455	-0.155661
7.111	1.56439	-0.956352	1.33647	1.43564	1.1411	-1.455	-0.155661
7.124	1.56492	-0.956352	1.33623	1.43672	1.1411	-1.455	-0.155661
7.137	1.5654	-0.956352	1.33601	1.43777	1.1411	-1.455	-0.155661
7.15	1.56597	-0.956352	1.33569	1.43875	1.1411	-1.455	-0.155661
7.163	1.56597	-0.956352	1.33569	1.43875	1.1411	-1.455	-0.155661
7.176	1.56643	-0.956347	1.33544	1.4398	1.1411	-1.455	-0.155661
7.189	1.5669	-0.956347	1.33519	1.44094	1.1411	-1.455	-0.155661
7.202	1.56726	-0.956378	1.33498	1.44213	1.1411	-1.455	-0.155661
7.215	1.56776	-0.956373	1.33472	1.44327	1.1411	-1.455	-0.155661
7.228	1.56828	-0.956391	1.33446	1.4443	1.1411	-1.455	-0.155661
7.241	1.56874	-0.956377	1.33428	1.44539	1.1411	-1.455	-0.155661
7.254	1.5693	-0.956397	1.33403	1.4464	1.1411	-1.455	-0.155661
7.267	1.56982	-0.956414	1.33379	1.44737	1.1411	-1.455	-0.155661
7.28	1.57038	-0.956419	1.33348	1.44826	1.1411	-1.455	-0.155661
7.293	1.57038	-0.956419	1.33348	1.44826	1.1411	-1.455	-0.155661
7.306	1.57089	-0.956411	1.33324	1.4492	1.1411	-1.455	-0.155661
7.319	1.57145	-0.956407	1.33302	1.45009	1.1411	-1.455	-0.155661
7.332	1.57193	-0.956424	1.33283	1.45107	1.1411	-1.455	-0.155661
7.345	1.57255	-0.956425	1.33255	1.45201	1.1411	-1.455	-0.155661
7.358	1.57304	-0.956414	1.33238	1.45297	1.1411	-1.455	-0.155661
7.371	1.57363	-0.95642	1.33216	1.45385	1.1411	-1.455	-0.155661
7.384	1.5742	-0.956438	1.33193	1.45468	1.1411	-1.455	-0.155661
7.397	1.57479	-0.956467	1.33162	1.45549	1.1411	-1.455	-0.155661
7.41	1.57537	-0.956484	1.33132	1.4564	1.1411	-1.455	-0.155661
7.423	1.57602	-0.956538	1.33102	1.45724	1.1411	-1.455	-0.155661
7.436	1.57602	-0.956538	1.33102	1.45724	1.1411	-1.455	-0.155661
7.449	1.57677	-0.956634	1.33078	1.45805	1.1411	-1.455	-0.155661
7.462	1.57751	-0.95676	1.33057	1.45896	1.1411	-1.455	-0.155661
7.475	1.57822	-0.956938	1.33036	1.46008	1.1411	-1.455	-0.155661
7.488	1.57902	-0.957089	1.33012	1.46122	1.1411	-1.455	-0.155661
7.501	1.57982	-0.957278	1.32987	1.46224	1.1411	-1.455	-0.155661
7.514	1.58078	-0.957512	1.32955	1.46325	1.1411	-1.455	-0.155661
7.527	1.58172	-0.957752	1.32925	1.46426	1.1411	-1.455	-0.155661
7.54	1.58276	-0.958037	1.32891	1.46533	1.1411	-1.455	-0.155661
7.553	1.58388	-0.95838	1.32851	1.46641	1.1411	-1.455	-0.155661
7.566	1.58388	-0.95838	1.32851	1.46641	1.1411	-1.455	-0.155661
7.579	1.58494	-0.95867	1.3281	1.46751	1.1411	-1.455	-0.155661
7.592	1.58605	-0.958964	1.32757	1.46865	1.1411	-1.455	-0.155661
7.605	1.5871	-0.959247	1.32711	1.46982	1.1411	-1.455	-0.155661
7.618	1.58816	-0.95962	1.32668	1.47105	1.1411	-1.455	-0.155661
7.631	1.58921	-0.959973	1.32627	1.47229	1.1411	-1.455	-0.155661
7.644	1.59029	-0.960328	1.3258	1.4734	1.1411	-1.455	-0.155661
7.657	1.59137	-0.960648	1.32535	1.47449	1.1411	-1.455	-0.155661
7.67	1.59248	-0.961026	1.32486	1.47551	1.1411	-1.455	-0.155661
7.683	1.59351	-0.96136	1.32442	1.47658	1.1411	-1.455	-0.155661
7.696	1.5946	-0.961711	1.32382	1.47755	1.1411	-1.455	-0.155661
7.709	1.5946	-0.961711	1.32382	1.47755	1.1411	-1.455	-0.155661
7.722	1.59565	-0.962013	1.32325	1.47852	1.1411	-1.455	-0.155661
7.735	1.59671	-0.962358	1.3227	1.4795	1.1411	-1.455	-0.155661
7.748	1.59768	-0.962745	1.32229	1.48062	1.1411	-1.455	-0.155661
7.761	1.59876	-0.963142	1.32174	1.48163	1.1411	-1.455	-0.155661
7.774	1.5998	-0.96352	1.32124	1.48262	1.1411	-1.455	-0.155661
7.787	1.60091	-0.963956	1.32066	1.48359	1.1411	-1.455	-0.155661
7.8	1.60187	-0.964362	1.32017	1.48458	1.1411	-1.455	-0.155661
7.813	1.60298	-0.964782	1.31951	1.48551	1.1411	-1.455	-0.155661
7.826	1.60403	-0.965195	1.31889	1.48643	1.1411	-1.455	-0.155661
7.839	1.60403	-0.965195	1.31889	1.48643	1.1411	-1.455	-0.155661
7.852	1.60514	-0.965669	1.3183	1.48736	1.1411	-1.455	-0.155661
7.865	1.60617	-0.966155	1.31786	1.48833	1.1411	-1.455	-0.155661
7.878	1.60728	-0.966715	1.31742	1.48924	1.1411	-1.455	-0.155661
7.891	1.60844	-0.967273	1.317	1.49011	1.1411	-1.455	-0.155661
7.904	1.60965	-0.96785	1.3165	1.49093	1.1411	-1.455	-0.155661
7.917	1.61084	-0.968401	1.316	1.49181	1.1411	-1.455	-0.155661
7.93	1.61213	-0.968992	1.31538	1.4926	1.1411	-1.455	-0.155661
7.943	1.61339	-0.969577	1.31481	1.49337	1.1411	-1.45499	-0.155661
7.956	1.61472	-0.9703	1.3142	1.49412	1.1411	-1.455	-0.155661
7.969	1.61609	-0.971026	1.31361	1.4949	1.1411	-1.455	-0.155661
7.982	1.61609	-0.971026	1.31361	1.4949	1.1411	-1.455	-0.155661
7.995	1.61738	-0.971756	1.31304	1.49571	1.1411	-1.455	-0.155661
8.008	1.61873	-0.972556	1.3124	1.49653	1.1411	-1.45499	-0.155661
8.021	1.6201	-0.973366	1.31177	1.49745	1.1411	-1.455	-0.155661
8.034	1.62144	-0.974171	1.31112	1.49837	1.1411	-1.455	-0.155661
8.047	1.62282	-0.97502	1.31042	1.49937	1.1411	-1.45499	-0.155661
8.06	1.62416	-0.975848	1.30979	1.50038	1.14108	-1.45499	-0.155661
8.073	1.62551	-0.976646	1.30909	1.50137	1.14081	-1.45499	-0.155661
8.086	1.62697	-0.977386	1.30832	1.50252	1.1403	-1.455	-0.155661
8.099	1.62836	-0.978072	1.30753	1.50376	1.13976	-1.45499	-0.155661
8.112	1.62836	-0.978072	1.30753	1.50376	1.13976	-1.45499	-0.155661
8.125	1.62977	-0.978741	1.30669	1.50496	1.13911	-1.45499	-0.155661
8.138	1.63134	-0.979383	1.30586	1.50617	1.13824	-1.45499	-0.155661
8.151	1.63283	-0.980047	1.3051	1.50733	1.13722	-1.45498	-0.155661
8.164	1.63442	-0.980736	1.30424	1.50843	1.13628	-1.45497	-0.15566
8.177	1.63617	-0.981314	1.30331	1.50942	1.13544	-1.45497	-0.15566
8.19	1.63784	-0.981892	1.30245	1.51032	1.13457	-1.45495	-0.15566
8.203	1.63958	-0.982451	1.30152	1.5112	1.13353	-1.45493	-0.15566
8.216	1.64129	-0.982952	1.3006	1.51204	1.13254	-1.45481	-0.15566
8.229	1.64312	-0.983397	1.29953	1.51279	1.13154	-1.45437	-0.155658
8.242	1.64495	-0.983797	1.29847	1.51353	1.13027	-1.45355	-0.155658
8.255	1.64495	-0.983797	1.29847	1.51353	1.13027	-1.45355	-0.155658
8.268	1.64679	-0.984196	1.29745	1.51427	1.12892	-1.45236	-0.155658
8.281	1.64863	-0.984571	1.29645	1.51503	1.12753	-1.4508	-0.155658
8.294	1.65056	-0.98491	1.29536	1.5158	1.12615	-1.44931	-0.155658
8.307	1.65255	-0.985244	1.29432	1.51652	1.12441	-1.44727	-0.155658
8.32	1.65454	-0.985525	1.29323	1.51718	1.12248	-1.44538	-0.155658
8.333	1.65655	-0.985815	1.29205	1.51784	1.12064	-1.44311	-0.155658
8.346	1.65852	-0.98603	1.29084	1.5185	1.11886	-1.44068	-0.155656
8.359	1.66055	-0.986319	1.28965	1.51912	1.11709	-1.43787	-0.155656
8.372	1.66255	-0.986582	1.28847	1.51973	1.11532	-1.43506	-0.155656
8.385	1.66255	-0.986582	1.28847	1.51973	1.11532	-1.43506	-0.155656
8.398	1.6646	-0.986776	1.28722	1.52032	1.11368	-1.43257	-0.155658
8.411	1.66662	-0.987036	1.28607	1.52083	1.11173	-1.43026	-0.155656
8.424	1.66864	-0.987302	1.28502	1.52145	1.10972	-1.42816	-0.155656
8.437	1.6707	-0.987556	1.28398	1.52217	1.10786	-1.4262	-0.155656
8.45	1.67271	-0.9878	1.283	1.52293	1.10606	-1.42433	-0.155656
8.463	1.67473	-0.988064	1.28205	1.52367	1.10436	-1.42256	-0.155656
8.476	1.67673	-0.988342	1.28118	1.52434	1.10281	-1.42095	-0.155658
8.489	1.67876	-0.988583	1.28028	1.52498	1.10153	-1.41935	-0.155658
8.502	1.68071	-0.988777	1.27939	1.52553	1.10036	-1.41821	-0.155656
8.515	1.68268	-0.98901	1.27865	1.52616	1.09913	-1.4168	-0.155656
8.528	1.68268	-0.98901	1.27865	1.52616	1.09913	-1.4168	-0.155656
8.541	1.6846	-0.989218	1.27797	1.52681	1.09799	-1.4155	-0.155658
8.554	1.68655	-0.989425	1.27732	1.52743	1.09688	-1.41446	-0.155656
8.567	1.68849	-0.989676	1.27674	1.52808	1.09595	-1.41313	-0.155656
8.58	1.69042	-0.989829	1.27614	1.52869	1.09512	-1.41179	-0.155656
8.593	1.69235	-0.990003	1.27551	1.52923	1.09425	-1.41088	-0.155656
8.606	1.69423	-0.990213	1.27497	1.52977	1.0934	-1.40996	-0.155656
8.619	1.69608	-0.990416	1.27448	1.53034	1.09274	-1.40875	-0.155656
8.632	1.69792	-0.990602	1.27399	1.53087	1.09212	-1.4076	-0.155656
8.645	1.69975	-0.990803	1.27351	1.53135	1.09149	-1.40666	-0.155656
8.658	1.69975	-0.990803	1.27351	1.53135	1.09149	-1.40666	-0.155656
8.671	1.70158	-0.991018	1.27305	1.53186	1.09093	-1.40543	-0.155656
8.684	1.70342	-0.991238	1.27258	1.53237	1.0905	-1.40397	-0.155656
8.697	1.70515	-0.991401	1.27206	1.53292	1.09014	-1.40292	-0.155656
8.71	1.70687	-0.991606	1.27158	1.53354	1.08978	-1.40169	-0.155658
8.723	1.7085	-0.991764	1.27118	1.53422	1.08938	-1.40038	-0.155656
8.736	1.71029	-0.99192	1.27068	1.53489	1.08898	-1.39933	-0.155656
8.749	1.71204	-0.992131	1.27024	1.53555	1.08863	-1.39837	-0.155656
8.762	1.71373	-0.992326	1.26984	1.53619	1.0883	-1.39727	-0.155656
8.775	1.71542	-0.992525	1.26941	1.53683	1.08798	-1.3962	-0.155656
8.788	1.71706	-0.992668	1.26892	1.53746	1.0877	-1.3956	-0.155656
8.801	1.71706	-0.992668	1.26892	1.53746	1.0877	-1.3956	-0.155656
8.814	1.71871	-0.992825	1.26841	1.53819	1.08758	-1.39509	-0.155656
8.827	1.72016	-0.993012	1.26802	1.53897	1.08757	-1.39455	-0.155656
8.84	1.72164	-0.993278	1.26767	1.53982	1.08756	-1.3938	-0.155656
8.853	1.72316	-0.993472	1.26731	1.54064	1.08754	-1.39296	-0.155656
8.866	1.72461	-0.993668	1.26689	1.54141	1.08754	-1.39223	-0.155656
8.879	1.72613	-0.993917	1.26639	1.54218	1.08754	-1.39175	-0.155656
8.892	1.72759	-0.994164	1.26593	1.543	1.08753	-1.39131	-0.155656
8.905	1.72906	-0.994465	1.26544	1.54382	1.08753	-1.39067	-0.155656
8.918	1.73054	-0.994834	1.26484	1.54456	1.08753	-1.38995	-0.155656
8.931	1.73054	-0.994834	1.26484	1.54456	1.08753	-1.38995	-0.155656
8.944	1.73202	-0.995172	1.26423	1.54536	1.08753	-1.38909	-0.155656
8.957	1.73346	-0.995575	1.26364	1.54619	1.08753	-1.3883	-0.155656
8.97	1.73486	-0.996023	1.26304	1.54701	1.08753	-1.38773	-0.155656
8.983	1.73628	-0.996462	1.26246	1.54787	1.08753	-1.38701	-0.155656
8.996	1.73774	-0.996945	1.2619	1.54868	1.08753	-1.38597	-0.155656
9.009	1.73912	-0.997452	1.26132	1.54945	1.08753	-1.38472	-0.155656
9.022	1.7406	-0.997858	1.26061	1.55032	1.08753	-1.38379	-0.155656
9.035	1.74205	-0.998276	1.25993	1.55119	1.08753	-1.38293	-0.155656
9.048	1.74351	-0.99879	1.25933	1.55203	1.08753	-1.38193	-0.155656
9.061	1.7451	-0.999272	1.25875	1.55295	1.08753	-1.38085	-0.155656
9.074	1.7451	-0.999272	1.25875	1.55295	1.08753	-1.38085	-0.155656
9.087	1.74662	-0.999713	1.25821	1.55393	1.08753	-1.38015	-0.155656
9.1	1.74815	-1.00016	1.2577	1.55496	1.08753	-1.3795	-0.155656
9.113	1.74977	-1.0006	1.2572	1.55607	1.08753	-1.37867	-0.155656
9.126	1.75147	-1.001	1.25673	1.55723	1.08753	-1.37776	-0.155656
9.139	1.75317	-1.00145	1.2563	1.55841	1.08753	-1.37696	-0.155656
9.152	1.75492	-1.00187	1.25591	1.55958	1.08752	-1.37644	-0.155656
9.165	1.7567	-1.00226	1.25554	1.56067	1.08752	-1.37598	-0.155656
9.178	1.75853	-1.00269	1.25517	1.56177	1.08752	-1.37542	-0.155656
9.191	1.76039	-1.00309	1.25485	1.56289	1.08752	-1.37468	-0.155656
9.204	1.76039	-1.00309	1.25485	1.56289	1.08752	-1.37468	-0.155656
9.217	1.76231	-1.00352	1.25454	1.56395	1.08752	-1.37378	-0.155656
9.23	1.76415	-1.00389	1.25425	1.56498	1.08752	-1.37287	-0.155656
9.243	1.76605	-1.00426	1.25391	1.566	1.08752	-1.37214	-0.155656
9.256	1.76792	-1.00463	1.25358	1.56707	1.08752	-1.37126	-0.155656
9.269	1.76989	-1.00503	1.25318	1.56801	1.08752	-1.36993	-0.155656
9.282	1.77179	-1.00538	1.25282	1.56895	1.08752	-1.36857	-0.155656
9.295	1.77373	-1.00574	1.25236	1.56986	1.08752	-1.36746	-0.155655
9.308	1.77563	-1.00613	1.25198	1.57078	1.08752	-1.36602	-0.155655
9.321	1.77756	-1.00656	1.25161	1.57158	1.08752	-1.36429	-0.155655
9.334	1.77944	-1.00695	1.2512	1.57237	1.08752	-1.36291	-0.155655
9.347	1.77944	-1.00695	1.2512	1.57237	1.08752	-1.36291	-0.155655
9.36	1.78134	-1.00734	1.25082	1.5732	1.08752	-1.36121	-0.155655
9.373	1.78316	-1.00766	1.25051	1.57404	1.08752	-1.35978	-0.155655
9.386	1.78505	-1.00805	1.25019	1.57484	1.08752	-1.35821	-0.155655
9.399	1.78695	-1.00843	1.24993	1.57562	1.08752	-1.35658	-0.155655
9.412	1.78896	-1.00878	1.24958	1.57633	1.08752	-1.35532	-0.155655
9.425	1.79096	-1.00913	1.24927	1.57708	1.08752	-1.35385	-0.155655
9.438	1.79295	-1.00946	1.24899	1.57782	1.08752	-1.35241	-0.155655
9.451	1.79497	-1.00983	1.24863	1.5785	1.08752	-1.35123	-0.155653
9.464	1.79703	-1.01024	1.24833	1.57916	1.08752	-1.34963	-0.155653
9.477	1.79703	-1.01024	1.24833	1.57916	1.08752	-1.34963	-0.155653
9.49	1.79901	-1.01066	1.24809	1.57975	1.08752	-1.34821	-0.155655
9.503	1.80112	-1.0111	1.24784	1.58038	1.08752	-1.3469	-0.155653
9.516	1.80316	-1.0115	1.24768	1.5811	1.08753	-1.34526	-0.155653
9.529	1.80523	-1.01192	1.24748	1.58184	1.08753	-1.34389	-0.155653
9.542	1.80737	-1.01236	1.24732	1.58262	1.08753	-1.34236	-0.155653
9.555	1.80958	-1.01277	1.24716	1.58331	1.08753	-1.34078	-0.155653
9.568	1.81184	-1.0132	1.24695	1.58397	1.08753	-1.33956	-0.155653
9.581	1.81407	-1.01369	1.24679	1.58464	1.08753	-1.33815	-0.155653
9.594	1.81629	-1.01413	1.24668	1.58534	1.08753	-1.33672	-0.155653
9.607	1.81852	-1.01461	1.24653	1.58601	1.08754	-1.33553	-0.155653
9.62	1.81852	-1.01461	1.24653	1.58601	1.08754	-1.33553	-0.155653
9.633	1.82077	-1.01509	1.24647	1.58671	1.08754	-1.33409	-0.155653
9.646	1.82296	-1.01552	1.24638	1.58742	1.08754	-1.33281	-0.155653
9.659	1.82518	-1.01598	1.24621	1.58816	1.08754	-1.33165	-0.155653
9.672	1.8274	-1.01642	1.2461	1.58899	1.08754	-1.33	-0.155653
9.685	1.82966	-1.01689	1.24593	1.58975	1.08755	-1.32846	-0.155653
9.698	1.83197	-1.01735	1.24574	1.59057	1.08755	-1.32706	-0.155653
9.711	1.8342	-1.0178	1.24556	1.59133	1.08755	-1.32534	-0.155653
9.724	1.83649	-1.01823	1.24529	1.59208	1.08755	-1.32389	-0.155653
9.737	1.8387	-1.01868	1.24501	1.59285	1.08755	-1.32222	-0.155653
9.75	1.8387	-1.01868	1.24501	1.59285	1.08755	-1.32222	-0.155653
9.763	1.84093	-1.01909	1.24467	1.59358	1.08755	-1.32072	-0.155653
9.776	1.84317	-1.01953	1.24436	1.59427	1.08756	-1.31921	-0.155653
9.789	1.84537	-1.02002	1.24414	1.59493	1.08756	-1.31733	-0.155653
9.802	1.8476	-1.02049	1.24393	1.59559	1.08756	-1.31572	-0.155651
9.815	1.84986	-1.02104	1.24374	1.59618	1.08756	-1.31388	-0.155651
9.828	1.8521	-1.0215	1.24353	1.59671	1.08756	-1.31236	-0.155651
9.841	1.85434	-1.02197	1.24329	1.5972	1.08756	-1.31057	-0.155651
9.854	1.85655	-1.02244	1.24306	1.59768	1.08757	-1.30889	-0.155651
9.867	1.85872	-1.02289	1.24287	1.59812	1.08757	-1.30735	-0.155651
9.88	1.86093	-1.02338	1.24272	1.59854	1.08757	-1.3055	-0.155653
9.893	1.86093	-1.02338	1.24272	1.59854	1.08757	-1.3055	-0.155653
9.906	1.86311	-1.02378	1.24256	1.59894	1.08757	-1.30405	-0.155651
9.919	1.86527	-1.02419	1.24243	1.59936	1.08757	-1.30248	-0.155651
9.932	1.86744	-1.02455	1.24236	1.59986	1.08757	-1.30113	-0.155651
9.945	1.86967	-1.02497	1.24226	1.60031	1.08757	-1.29985	-0.155651
9.958	1.8719	-1.02539	1.24222	1.60076	1.08757	-1.29833	-0.155653
9.971	1.8741	-1.02577	1.24217	1.6012	1.08757	-1.29715	-0.155651
9.984	1.87634	-1.02616	1.24206	1.60156	1.08757	-1.2959	-0.155651
9.997	1.87853	-1.02649	1.24199	1.60197	1.08757	-1.29439	-0.155653
10.01	1.88078	-1.02684	1.24182	1.60232	1.08757	-1.2933	-0.155651
10.023	1.88078	-1.02684	1.24182	1.60232	1.08757	-1.2933	-0.155651
10.036	1.88304	-1.0272	1.24169	1.60262	1.08757	-1.29232	-0.155651
10.049	1.88524	-1.02756	1.2416	1.6029	1.08757	-1.29097	-0.155653
10.062	1.88756	-1.0279	1.2415	1.60321	1.08757	-1.28962	-0.155651
10.075	1.88983	-1.02832	1.24137	1.60348	1.08757	-1.28835	-0.155651
10.088	1.89211	-1.02876	1.24121	1.60367	1.08757	-1.28676	-0.155651
10.101	1.89443	-1.02914	1.24098	1.60379	1.08758	-1.28524	-0.155651
10.114	1.89671	-1.02953	1.24063	1.60383	1.08758	-1.28372	-0.155651
10.127	1.89899	-1.02995	1.24039	1.60387	1.08758	-1.28189	-0.155651
10.14	1.90124	-1.03047	1.24015	1.60387	1.08758	-1.28027	-0.155648
10.153	1.90352	-1.03105	1.23997	1.60386	1.08758	-1.27833	-0.155644
10.166	1.90352	-1.03105	1.23997	1.60386	1.08758	-1.27833	-0.155644
10.179	1.90577	-1.03159	1.23976	1.60386	1.08758	-1.27664	-0.155638
10.192	1.90814	-1.03217	1.23954	1.60386	1.08759	-1.2746	-0.155604
10.205	1.91048	-1.03274	1.2393	1.60386	1.08759	-1.27278	-0.155503
10.218	1.91282	-1.03338	1.23905	1.60385	1.08761	-1.27081	-0.155365
10.231	1.91517	-1.03399	1.23881	1.60384	1.08762	-1.26928	-0.155261
10.244	1.91745	-1.03465	1.23865	1.60382	1.08764	-1.26776	-0.155194
10.257	1.91979	-1.03531	1.23855	1.60382	1.08767	-1.26619	-0.155172
10.27	1.92213	-1.03594	1.2384	1.60381	1.08769	-1.26487	-0.155166
10.283	1.9245	-1.03663	1.23828	1.60381	1.08769	-1.26343	-0.155162
10.296	1.92699	-1.03726	1.2382	1.6038	1.0877	-1.26211	-0.15516
10.309	1.92699	-1.03726	1.2382	1.6038	1.0877	-1.26211	-0.15516
10.322	1.92951	-1.03793	1.23809	1.6038	1.08782	-1.2609	-0.155148
10.335	1.93205	-1.03861	1.23803	1.6038	1.08801	-1.25927	-0.155092
10.348	1.93465	-1.03929	1.23795	1.6038	1.08823	-1.25775	-0.155009
10.361	1.93723	-1.03998	1.23782	1.6038	1.08853	-1.25628	-0.154862
10.374	1.93985	-1.04064	1.2377	1.6038	1.08884	-1.25444	-0.154654
10.387	1.94252	-1.04131	1.23747	1.6038	1.08927	-1.25292	-0.154439
10.4	1.94524	-1.04202	1.2373	1.6038	1.08975	-1.25117	-0.154203
10.413	1.94804	-1.04274	1.23704	1.6038	1.09026	-1.24961	-0.154
10.426	1.95081	-1.04349	1.23675	1.60379	1.09067	-1.24771	-0.153853
10.439	1.95081	-1.04349	1.23675	1.60379	1.09067	-1.24771	-0.153853
10.452	1.95357	-1.04423	1.23654	1.60379	1.09094	-1.24577	-0.15379
10.465	1.95631	-1.04502	1.23635	1.60379	1.09113	-1.24378	-0.153749
10.478	1.95907	-1.04579	1.2362	1.60379	1.09124	-1.24177	-0.153715
10.491	1.96179	-1.04656	1.23602	1.60378	1.09143	-1.23974	-0.153681
10.504	1.96454	-1.04732	1.23587	1.60378	1.09158	-1.23778	-0.153657
10.517	1.9674	-1.04811	1.23567	1.60378	1.09168	-1.23576	-0.153615
10.53	1.97022	-1.04888	1.23545	1.60377	1.09179	-1.2337	-0.153519
10.543	1.97303	-1.04965	1.23526	1.60377	1.09206	-1.23141	-0.153294
10.556	1.97582	-1.05039	1.23506	1.60377	1.09233	-1.2293	-0.152916
10.569	1.97863	-1.0511	1.23488	1.60376	1.09262	-1.22699	-0.152491
10.582	1.97863	-1.0511	1.23488	1.60376	1.09262	-1.22699	-0.152491
10.595	1.9814	-1.05177	1.2347	1.60374	1.09291	-1.22471	-0.152193
10.608	1.98416	-1.05245	1.23459	1.60373	1.09321	-1.22227	-0.152007
10.621	1.98704	-1.05314	1.23441	1.60371	1.0934	-1.21987	-0.151944
10.634	1.98986	-1.0538	1.23424	1.60366	1.0936	-1.21764	-0.151934
10.647	1.99266	-1.05448	1.23411	1.60359	1.09382	-1.21542	-0.151932
10.66	1.99543	-1.0551	1.23392	1.60345	1.09402	-1.21353	-0.151932
10.673	1.99826	-1.05572	1.23377	1.60328	1.09421	-1.21128	-0.151927
10.686	2.00102	-1.05631	1.23356	1.60305	1.09441	-1.20932	-0.151924
10.699	2.00379	-1.05694	1.23341	1.60284	1.09461	-1.20715	-0.151924
10.712	2.00379	-1.05694	1.23341	1.60284	1.09461	-1.20715	-0.151924
10.725	2.00663	-1.05757	1.23323	1.60262	1.09473	-1.20519	-0.151924
10.738	2.00945	-1.05818	1.23309	1.6024	1.09492	-1.20304	-0.151924
10.751	2.01223	-1.05878	1.2329	1.60218	1.09521	-1.20096	-0.15192
10.764	2.015	-1.05937	1.23271	1.60195	1.09551	-1.19874	-0.151912
10.777	2.01782	-1.05996	1.23249	1.6017	1.09578	-1.19671	-0.151902
10.79	2.02056	-1.06057	1.23234	1.60143	1.09606	-1.19476	-0.151885
10.803	2.02329	-1.06119	1.23219	1.60109	1.09635	-1.1927	-0.151821
10.816	2.02616	-1.06183	1.232	1.60069	1.09657	-1.19052	-0.15176
10.829	2.02899	-1.06249	1.23179	1.60022	1.09678	-1.18841	-0.151733
10.842	2.03177	-1.06318	1.23161	1.59979	1.097	-1.18653	-0.151728
10.855	2.03177	-1.06318	1.23161	1.59979	1.097	-1.18653	-0.151728
10.868	2.03453	-1.06385	1.2314	1.59935	1.09731	-1.18446	-0.151728
10.881	2.03735	-1.06448	1.23125	1.59892	1.09762	-1.18258	-0.151724
10.894	2.04011	-1.06516	1.23111	1.59848	1.09795	-1.18048	-0.151716
10.907	2.04285	-1.06584	1.23097	1.59801	1.0982	-1.1787	-0.151712
10.92	2.04574	-1.06654	1.23082	1.59752	1.09847	-1.17689	-0.151706
10.933	2.04861	-1.06723	1.23072	1.59693	1.0987	-1.17528	-0.151699
10.946	2.05148	-1.06791	1.23057	1.59621	1.09892	-1.17377	-0.151692
10.959	2.05432	-1.06863	1.23049	1.59549	1.09915	-1.17204	-0.151685
10.972	2.05719	-1.0693	1.23037	1.59472	1.0994	-1.17058	-0.151683
10.985	2.05719	-1.0693	1.23037	1.59472	1.0994	-1.17058	-0.151683
10.998	2.06002	-1.07	1.23029	1.59398	1.09963	-1.16885	-0.151683
11.011	2.06281	-1.07067	1.23022	1.59329	1.09982	-1.16733	-0.151685
11.024	2.06574	-1.07136	1.23012	1.59258	1.09998	-1.16563	-0.151685
11.037	2.0686	-1.07204	1.23004	1.59173	1.10003	-1.16383	-0.151687
11.05	2.07151	-1.07268	1.22988	1.59085	1.10008	-1.16228	-0.151687
11.063	2.07434	-1.07335	1.22975	1.59003	1.10018	-1.16048	-0.151689
11.076	2.07712	-1.07398	1.2296	1.5892	1.10029	-1.15902	-0.151689
11.089	2.07997	-1.07464	1.22942	1.58836	1.10052	-1.15735	-0.151687
11.102	2.08278	-1.07532	1.22923	1.58752	1.10083	-1.15587	-0.151687
11.115	2.08567	-1.07606	1.22899	1.58666	1.10115	-1.1545	-0.151687
11.128	2.08567	-1.07606	1.22899	1.58666	1.10115	-1.1545	-0.151687
11.141	2.08847	-1.07683	1.22885	1.58581	1.10158	-1.15277	-0.151687
11.154	2.09132	-1.07758	1.2287	1.58491	1.10208	-1.15134	-0.151687
11.167	2.09413	-1.07838	1.22857	1.58394	1.10256	-1.14973	-0.151687
11.18	2.09687	-1.0791	1.22842	1.58296	1.10295	-1.14811	-0.151689
11.193	2.09968	-1.07984	1.22825	1.582	1.10337	-1.14655	-0.151687
11.206	2.10244	-1.08061	1.22815	1.58107	1.10385	-1.14473	-0.151687
11.219	2.1053	-1.08139	1.22791	1.58	1.10421	-1.1432	-0.151685
11.232	2.10812	-1.08221	1.2277	1.57892	1.1046	-1.14152	-0.151685
11.245	2.1109	-1.08297	1.2275	1.57787	1.10498	-1.13996	-0.151685
11.258	2.1109	-1.08297	1.2275	1.57787	1.10498	-1.13996	-0.151685
11.271	2.11368	-1.08379	1.22722	1.57671	1.1054	-1.13846	-0.151682
11.284	2.11643	-1.08459	1.22704	1.57561	1.10572	-1.13673	-0.151677
11.297	2.11915	-1.08536	1.2268	1.5745	1.10604	-1.13524	-0.151668
11.31	2.12185	-1.08614	1.22662	1.57348	1.10637	-1.13341	-0.151654
11.323	2.12462	-1.08692	1.22633	1.57234	1.10653	-1.1319	-0.151649
11.336	2.12737	-1.08771	1.22597	1.57115	1.10662	-1.13042	-0.151648
11.349	2.13007	-1.0885	1.22565	1.56998	1.10675	-1.12866	-0.151648
11.362	2.13273	-1.08926	1.22521	1.56873	1.10687	-1.1271	-0.151648
11.375	2.13544	-1.08996	1.22481	1.56756	1.10691	-1.12524	-0.151649
11.388	2.13805	-1.0907	1.2244	1.56637	1.10693	-1.12371	-0.151651
11.401	2.13805	-1.0907	1.2244	1.56637	1.10693	-1.12371	-0.151651
11.414	2.1406	-1.09151	1.22405	1.56521	1.10701	-1.12203	-0.151651
11.427	2.14327	-1.09226	1.2237	1.56409	1.10702	-1.12044	-0.151651
11.44	2.14597	-1.09307	1.22333	1.56296	1.10703	-1.11905	-0.151651
11.453	2.1486	-1.09387	1.22304	1.5619	1.10704	-1.11744	-0.151651
11.466	2.15122	-1.09467	1.22264	1.56074	1.10704	-1.11617	-0.151653
11.479	2.15383	-1.09544	1.22228	1.55963	1.10705	-1.11489	-0.151654
11.492	2.15635	-1.09618	1.22195	1.55855	1.10705	-1.11347	-0.151656
11.505	2.1589	-1.09688	1.22148	1.55745	1.10706	-1.11241	-0.151656
11.518	2.16152	-1.0976	1.22103	1.55632	1.10707	-1.11136	-0.151656
11.531	2.16152	-1.0976	1.22103	1.55632	1.10707	-1.11136	-0.151656
11.544	2.16405	-1.09834	1.22069	1.55516	1.10708	-1.11002	-0.151656
11.557	2.16658	-1.09909	1.22036	1.55407	1.1071	-1.10881	-0.151656
11.57	2.16905	-1.09985	1.22013	1.55294	1.10713	-1.10762	-0.151656
11.583	2.17145	-1.10054	1.21992	1.5518	1.10715	-1.10625	-0.151656
11.596	2.17383	-1.10116	1.21968	1.55069	1.10716	-1.10505	-0.151656
11.609	2.17614	-1.10177	1.21945	1.54953	1.1072	-1.10408	-0.151654
11.622	2.17846	-1.10238	1.21921	1.54829	1.10723	-1.10282	-0.151656
11.635	2.18075	-1.10296	1.21904	1.54708	1.10725	-1.10153	-0.151656
11.648	2.18305	-1.10354	1.2188	1.54585	1.10729	-1.1006	-0.151654
11.661	2.18536	-1.10412	1.2186	1.54457	1.10737	-1.09959	-0.151654
11.674	2.18536	-1.10412	1.2186	1.54457	1.10737	-1.09959	-0.151654
11.687	2.18756	-1.10471	1.21844	1.54327	1.10752	-1.09829	-0.151656
11.7	2.18976	-1.10524	1.2182	1.54209	1.10773	-1.09715	-0.151656
11.713	2.1919	-1.10579	1.21793	1.54085	1.10799	-1.09626	-0.151656
11.726	2.19407	-1.10632	1.21766	1.53963	1.10826	-1.09513	-0.151656
11.739	2.19622	-1.10685	1.21741	1.53843	1.10848	-1.09382	-0.151656
11.752	2.19841	-1.10738	1.2171	1.53708	1.10863	-1.09277	-0.151654
11.765	2.20066	-1.10792	1.21687	1.5358	1.10871	-1.09168	-0.151656
11.778	2.20285	-1.10854	1.2167	1.53456	1.10877	-1.09032	-0.151656
11.791	2.20504	-1.10913	1.21657	1.53333	1.10881	-1.08913	-0.151654
11.804	2.20504	-1.10913	1.21657	1.53333	1.10881	-1.08913	-0.151654
11.817	2.20724	-1.10973	1.21639	1.53207	1.10884	-1.08799	-0.151656
11.83	2.20943	-1.11028	1.21624	1.53089	1.10886	-1.08652	-0.151656
11.843	2.21156	-1.11078	1.21608	1.52977	1.10886	-1.08519	-0.151656
11.856	2.2138	-1.11128	1.21584	1.5286	1.10886	-1.08401	-0.151656
11.869	2.21602	-1.11176	1.21569	1.52743	1.10887	-1.0825	-0.151654
11.882	2.21821	-1.11223	1.21551	1.52613	1.10889	-1.08107	-0.151654
11.895	2.22049	-1.11277	1.21533	1.52485	1.10889	-1.07974	-0.151654
11.908	2.2227	-1.11332	1.21523	1.52356	1.10889	-1.07826	-0.151656
11.921	2.22491	-1.11377	1.21511	1.52233	1.1089	-1.07705	-0.151654
11.934	2.2271	-1.11426	1.21495	1.52102	1.1089	-1.07578	-0.151654
11.947	2.2271	-1.11426	1.21495	1.52102	1.1089	-1.07578	-0.151654
11.96	2.22926	-1.1147	1.21487	1.51974	1.10891	-1.07426	-0.151656
11.973	2.23141	-1.11513	1.21474	1.51849	1.10892	-1.0731	-0.151656
11.986	2.23356	-1.11562	1.21464	1.51719	1.10894	-1.07184	-0.151656
11.999	2.23568	-1.11597	1.21461	1.51601	1.10895	-1.07026	-0.151656
12.012	2.23778	-1.11637	1.21447	1.5148	1.10895	-1.06903	-0.151656
12.025	2.23992	-1.11676	1.21443	1.51362	1.10897	-1.06776	-0.151656
12.038	2.24207	-1.11718	1.2144	1.51239	1.109	-1.06626	-0.151656
12.051	2.24422	-1.11755	1.21436	1.51115	1.10904	-1.06511	-0.151656
12.064	2.24629	-1.11791	1.21432	1.50986	1.10908	-1.06389	-0.151656
12.077	2.24629	-1.11791	1.21432	1.50986	1.10908	-1.06389	-0.151656
12.09	2.24838	-1.11822	1.21431	1.50862	1.10914	-1.0625	-0.151656
12.103	2.25041	-1.11852	1.2143	1.50736	1.1093	-1.06144	-0.151654
12.116	2.25247	-1.11881	1.21431	1.50606	1.1096	-1.06039	-0.151654
12.129	2.25451	-1.11904	1.21431	1.50474	1.10985	-1.05915	-0.151654
12.142	2.25658	-1.11928	1.2143	1.50342	1.11012	-1.05801	-0.151654
12.155	2.2586	-1.11955	1.21428	1.50219	1.11041	-1.05695	-0.151654
12.168	2.26068	-1.11984	1.21426	1.50095	1.11068	-1.05561	-0.151654
12.181	2.2627	-1.12008	1.21426	1.49978	1.11094	-1.05438	-0.151656
12.194	2.2647	-1.12034	1.21422	1.49861	1.1112	-1.0534	-0.151654
12.207	2.26668	-1.1206	1.21422	1.49736	1.11151	-1.05228	-0.151656
12.22	2.26668	-1.1206	1.21422	1.49736	1.11151	-1.05228	-0.151656
12.233	2.26862	-1.12085	1.21422	1.49615	1.11184	-1.05083	-0.151656
12.246	2.27049	-1.12108	1.21421	1.495	1.11213	-1.04969	-0.151656
12.259	2.27236	-1.12136	1.2142	1.4938	1.11247	-1.04854	-0.151654
12.272	2.27421	-1.12156	1.21421	1.49266	1.11285	-1.04709	-0.151654
12.285	2.27607	-1.12178	1.21415	1.49146	1.11328	-1.04582	-0.151654
12.298	2.27793	-1.12201	1.21415	1.49027	1.1137	-1.04475	-0.151654
12.311	2.27984	-1.12224	1.21415	1.4891	1.11405	-1.04353	-0.151654
12.324	2.2817	-1.12244	1.21415	1.48796	1.11464	-1.04246	-0.151654
12.337	2.28356	-1.12268	1.21413	1.48682	1.11531	-1.04153	-0.151654
12.35	2.28356	-1.12268	1.21413	1.48682	1.11531	-1.04153	-0.151654
12.363	2.28537	-1.12295	1.21413	1.48558	1.11566	-1.04056	-0.151656
12.376	2.2872	-1.12315	1.21413	1.48439	1.11589	-1.0395	-0.151656
12.389	2.28895	-1.12336	1.21413	1.48323	1.11609	-1.03844	-0.151654
12.402	2.29075	-1.12359	1.2141	1.48202	1.11627	-1.03764	-0.151656
12.415	2.29255	-1.12387	1.2141	1.48085	1.11647	-1.03672	-0.151656
12.428	2.29427	-1.12415	1.2141	1.47976	1.11667	-1.03554	-0.151656
12.441	2.29601	-1.12446	1.21409	1.47862	1.11691	-1.03447	-0.151656
12.454	2.29779	-1.12474	1.21406	1.4775	1.11717	-1.03359	-0.151656
12.467	2.29962	-1.12508	1.21404	1.47641	1.11742	-1.03258	-0.151656
12.48	2.30142	-1.12536	1.21404	1.47542	1.11767	-1.03132	-0.151656
12.493	2.30142	-1.12536	1.21404	1.47542	1.11767	-1.03132	-0.151656
12.506	2.30326	-1.1257	1.21399	1.47433	1.11788	-1.03028	-0.151656
12.519	2.30504	-1.12601	1.21397	1.47327	1.11815	-1.02933	-0.151656
12.532	2.30682	-1.12634	1.21396	1.47224	1.11842	-1.02822	-0.151656
12.545	2.30859	-1.12662	1.21396	1.4712	1.11872	-1.02714	-0.151656
12.558	2.31044	-1.12689	1.21395	1.4701	1.11899	-1.02636	-0.151656
12.571	2.31227	-1.12719	1.21395	1.46897	1.11937	-1.02562	-0.151656
12.584	2.31402	-1.12743	1.21395	1.4679	1.11988	-1.02485	-0.151656
12.597	2.31576	-1.12774	1.21395	1.46679	1.12043	-1.02393	-0.151656
12.61	2.31755	-1.12796	1.21395	1.46571	1.12101	-1.0231	-0.151656
12.623	2.31755	-1.12796	1.21395	1.46571	1.12101	-1.0231	-0.151656
12.636	2.31933	-1.12826	1.21395	1.4646	1.12163	-1.02248	-0.151656
12.649	2.3211	-1.12857	1.21395	1.46353	1.12214	-1.02205	-0.151656
12.662	2.32286	-1.12886	1.21395	1.4624	1.12257	-1.02164	-0.151654
12.675	2.32455	-1.12912	1.21395	1.4613	1.12306	-1.02101	-0.151654
12.688	2.32621	-1.12935	1.21395	1.46025	1.12358	-1.02017	-0.151656
12.701	2.3278	-1.1295	1.21395	1.4592	1.12424	-1.01937	-0.151656
12.714	2.32944	-1.12964	1.21395	1.45812	1.12489	-1.01876	-0.151656
12.727	2.33096	-1.12982	1.21395	1.45693	1.12558	-1.01818	-0.151656
12.74	2.33245	-1.12993	1.21395	1.45587	1.12631	-1.01747	-0.151656
12.753	2.334	-1.13003	1.21395	1.45484	1.12699	-1.01667	-0.151656
12.766	2.334	-1.13003	1.21395	1.45484	1.12699	-1.01667	-0.151656
12.779	2.33545	-1.13011	1.21395	1.45383	1.12764	-1.01574	-0.151656
12.792	2.33688	-1.13017	1.21395	1.45287	1.12825	-1.01492	-0.151656
12.805	2.33838	-1.1302	1.21395	1.45198	1.12885	-1.01414	-0.151656
12.818	2.33978	-1.13024	1.21395	1.45104	1.12931	-1.01336	-0.151656
12.831	2.34122	-1.13026	1.21395	1.45016	1.12965	-1.01242	-0.151656
12.844	2.3427	-1.13026	1.21395	1.44931	1.12999	-1.01143	-0.151656
12.857	2.34407	-1.13025	1.21395	1.44849	1.13032	-1.01064	-0.151656
12.87	2.34544	-1.13027	1.21395	1.44763	1.13062	-1.00984	-0.151656
12.883	2.34688	-1.13026	1.21395	1.4467	1.13087	-1.00897	-0.151656
12.896	2.34688	-1.13026	1.21395	1.4467	1.13087	-1.00897	-0.151656
12.909	2.34821	-1.13026	1.21395	1.4458	1.13115	-1.00788	-0.151656
12.922	2.34958	-1.13026	1.21395	1.44491	1.1314	-1.00698	-0.151656
12.935	2.35093	-1.13026	1.21395	1.44406	1.13176	-1.00623	-0.151656
12.948	2.35224	-1.13026	1.21395	1.44318	1.13211	-1.00542	-0.151656
12.961	2.35366	-1.13026	1.21395	1.44231	1.13241	-1.00439	-0.151656
12.974	2.35495	-1.13026	1.21395	1.44141	1.13277	-1.00342	-0.151656
12.987	2.35629	-1.13026	1.21395	1.44048	1.13316	-1.00276	-0.151656
13	2.35767	-1.13026	1.21395	1.43957	1.13357	-1.0022	-0.151656
13.013	2.35897	-1.13026	1.21395	1.43859	1.13388	-1.00162	-0.151656
13.026	2.36033	-1.13026	1.21395	1.43763	1.13418	-1.00086	-0.151656
13.039	2.36033	-1.13026	1.21395	1.43763	1.13418	-1.00086	-0.151656
13.052	2.36161	-1.13026	1.21395	1.4367	1.13453	-1.00001	-0.151656
13.065	2.36286	-1.13026	1.21395	1.43572	1.13499	-0.999427	-0.151656
13.078	2.36422	-1.13026	1.21396	1.43477	1.13549	-0.999073	-0.151656
13.091	2.36543	-1.13026	1.21396	1.4338	1.13606	-0.998875	-0.151656
13.104	2.36671	-1.13026	1.21396	1.43287	1.13674	-0.998739	-0.151656
13.117	2.36789	-1.13026	1.21396	1.432	1.13749	-0.998674	-0.151656
13.13	2.36913	-1.13026	1.21396	1.43103	1.13821	-0.998667	-0.151656
13.143	2.37034	-1.13026	1.21397	1.43016	1.13901	-0.998667	-0.151656
13.156	2.37152	-1.13026	1.21397	1.42933	1.13991	-0.998671	-0.151656
13.169	2.37152	-1.13026	1.21397	1.42933	1.13991	-0.998671	-0.151656
13.182	2.37275	-1.13026	1.21398	1.42857	1.14073	-0.998674	-0.151656
13.195	2.37388	-1.13026	1.21398	1.42769	1.14131	-0.998677	-0.151656
13.208	2.37514	-1.13026	1.21399	1.42686	1.14187	-0.998681	-0.151656
13.221	2.37622	-1.13026	1.214	1.42608	1.14244	-0.998683	-0.151656
13.234	2.37742	-1.13026	1.214	1.42533	1.143	-0.998683	-0.151656
13.247	2.37845	-1.13026	1.21401	1.42466	1.14356	-0.998683	-0.151656
13.26	2.37958	-1.13025	1.21401	1.42397	1.14403	-0.998683	-0.151656
13.273	2.38056	-1.13025	1.21404	1.42322	1.14431	-0.998683	-0.151656
13.286	2.38166	-1.13025	1.21404	1.42246	1.14458	-0.998681	-0.151656
13.299	2.38257	-1.13025	1.21404	1.4217	1.14482	-0.998677	-0.151656
13.312	2.38257	-1.13025	1.21404	1.4217	1.14482	-0.998677	-0.151656
13.325	2.38357	-1.13025	1.21404	1.421	1.145	-0.998667	-0.151658
13.338	2.38446	-1.13025	1.21404	1.42032	1.14523	-0.998662	-0.151656
13.351	2.38544	-1.13025	1.21404	1.4196	1.14553	-0.998592	-0.151656
13.364	2.38636	-1.13025	1.21404	1.41887	1.14602	-0.998536	-0.151656
13.377	2.38724	-1.13025	1.21404	1.41824	1.14651	-0.998403	-0.151656
13.39	2.38808	-1.13025	1.21404	1.41765	1.1467	-0.998258	-0.151656
13.403	2.38878	-1.13025	1.21404	1.41705	1.14674	-0.998144	-0.151656
13.416	2.38946	-1.13025	1.21404	1.41652	1.14675	-0.998096	-0.151656
13.429	2.39002	-1.13025	1.21404	1.41595	1.14675	-0.998078	-0.151656
13.442	2.39002	-1.13025	1.21404	1.41595	1.14675	-0.998078	-0.151656
13.455	2.39058	-1.13025	1.21404	1.4154	1.14676	-0.998066	-0.151656
13.468	2.39099	-1.13025	1.21404	1.41498	1.14676	-0.998026	-0.151658
13.481	2.39132	-1.13025	1.21404	1.41467	1.14676	-0.998001	-0.151658
13.494	2.39159	-1.13025	1.21403	1.41439	1.14676	-0.997999	-0.151656
13.507	2.39182	-1.13025	1.21403	1.41418	1.14676	-0.997999	-0.151656
13.52	2.39201	-1.13025	1.21403	1.41399	1.14676	-0.997999	-0.151656
13.533	2.39219	-1.13025	1.21403	1.41379	1.14676	-0.997999	-0.151656
13.546	2.39237	-1.13025	1.21401	1.41363	1.14676	-0.998001	-0.151656
13.559	2.39258	-1.13025	1.21399	1.4135	1.14676	-0.998001	-0.151656
13.572	2.39275	-1.13025	1.21398	1.41336	1.14677	-0.998002	-0.151656
13.585	2.39275	-1.13025	1.21398	1.41336	1.14677	-0.998002	-0.151656
13.598	2.39294	-1.13025	1.21398	1.41327	1.14677	-0.998004	-0.151656
13.611	2.39311	-1.13025	1.21399	1.41319	1.14679	-0.998001	-0.151656
13.624	2.39326	-1.13025	1.21399	1.4131	1.1468	-0.997996	-0.151658
13.637	2.39342	-1.13025	1.21399	1.41298	1.1468	-0.997994	-0.151658
13.65	2.3936	-1.13025	1.21398	1.41284	1.14681	-0.997994	-0.151656
13.663	2.39377	-1.13025	1.21398	1.41269	1.14681	-0.997994	-0.151656
13.676	2.39394	-1.13025	1.21398	1.41251	1.14682	-0.997991	-0.151656
13.689	2.39409	-1.13025	1.21398	1.41234	1.14682	-0.997989	-0.151656
13.702	2.39422	-1.13025	1.21398	1.41221	1.14682	-0.997991	-0.151656
13.715	2.39422	-1.13025	1.21398	1.41221	1.14682	-0.997991	-0.151656
13.728	2.39436	-1.13025	1.21397	1.4121	1.14682	-0.997992	-0.151656
13.741	2.39453	-1.13025	1.21394	1.41197	1.14682	-0.997994	-0.151656
13.754	2.3947	-1.13025	1.2139	1.41183	1.14682	-0.997996	-0.151656
13.767	2.39482	-1.13025	1.21386	1.41171	1.14682	-0.997997	-0.151658
13.78	2.39492	-1.13025	1.21383	1.41164	1.14682	-0.997997	-0.151658
13.793	2.39497	-1.13025	1.2138	1.41157	1.14682	-0.997997	-0.151658
13.806	2.39502	-1.13025	1.21376	1.4115	1.14682	-0.997999	-0.151656
13.819	2.39506	-1.13025	1.21373	1.41146	1.14682	-0.997999	-0.151658
13.832	2.39511	-1.13025	1.21372	1.41142	1.14682	-0.997999	-0.151658
13.845	2.39514	-1.13025	1.21371	1.41136	1.14683	-0.998001	-0.151658
13.858	2.39514	-1.13025	1.21371	1.41136	1.14683	-0.998001	-0.151658
13.871	2.39518	-1.13025	1.2137	1.41129	1.14683	-0.998001	-0.151656
13.884	2.39521	-1.13025	1.2137	1.41125	1.14683	-0.998001	-0.151656
13.897	2.39525	-1.13025	1.2137	1.4112	1.14683	-0.998001	-0.151656
13.91	2.39528	-1.13025	1.21368	1.41114	1.14683	-0.998002	-0.151658
13.923	2.39532	-1.13025	1.21365	1.4111	1.14682	-0.998002	-0.151656
13.936	2.39534	-1.13025	1.21363	1.41107	1.14682	-0.998004	-0.151656
13.949	2.39537	-1.13025	1.21363	1.41101	1.14682	-0.998004	-0.151658
13.962	2.3954	-1.13025	1.21363	1.41095	1.14682	-0.998006	-0.151658
13.975	2.39541	-1.13025	1.21363	1.41093	1.14682	-0.998006	-0.151658
13.988	2.39541	-1.13025	1.21363	1.41093	1.14682	-0.998006	-0.151658
14.001	2.39542	-1.13025	1.21362	1.41092	1.14682	-0.998008	-0.151658
14.014	2.39544	-1.13025	1.21361	1.41092	1.14682	-0.998008	-0.151658
14.027	2.39544	-1.13025	1.21361	1.41092	1.14682	-0.998008	-0.151658
14.04	2.39545	-1.13025	1.21361	1.41091	1.14682	-0.998009	-0.151656
14.053	2.39546	-1.13025	1.21361	1.41088	1.14682	-0.998009	-0.151658
14.066	2.39549	-1.13025	1.2136	1.41087	1.14682	-0.998011	-0.151658
14.079	2.39549	-1.13025	1.2136	1.41087	1.14682	-0.998013	-0.151658
14.092	2.3955	-1.13025	1.2136	1.41087	1.14682	-0.998013	-0.151656
14.105	2.3955	-1.13025	1.21358	1.41086	1.14682	-0.998013	-0.151658
14.118	2.39549	-1.13025	1.21358	1.41085	1.14682	-0.998015	-0.151658
14.131	2.39549	-1.13025	1.21358	1.41085	1.14682	-0.998015	-0.151658
14.144	2.39549	-1.13025	1.21357	1.41084	1.14682	-0.998016	-0.151658
14.157	2.39549	-1.13025	1.21357	1.41082	1.14682	-0.998018	-0.151658
14.17	2.39548	-1.13025	1.21357	1.41081	1.14682	-0.998018	-0.151658
14.183	2.39548	-1.13025	1.21356	1.41078	1.14682	-0.99802	-0.151658
14.196	2.39547	-1.13025	1.21355	1.41073	1.14682	-0.998021	-0.151658
14.209	2.39545	-1.13025	1.21354	1.41068	1.14682	-0.998023	-0.151658
14.222	2.39544	-1.13025	1.21354	1.41066	1.14682	-0.998023	-0.151658
14.235	2.39544	-1.13025	1.21354	1.41066	1.14682	-0.998025	-0.151656
14.248	2.39543	-1.13025	1.21353	1.41065	1.14682	-0.998026	-0.151658
14.261	2.39543	-1.13025	1.21353	1.41065	1.14682	-0.998026	-0.151658
14.274	2.39543	-1.13025	1.21352	1.41062	1.14681	-0.998026	-0.151656
14.287	2.39543	-1.13025	1.21351	1.41059	1.14681	-0.998028	-0.151658
14.3	2.39541	-1.13025	1.21349	1.41057	1.14681	-0.99803	-0.151658
14.313	2.39539	-1.13025	1.21349	1.41057	1.14681	-0.998031	-0.151658
14.326	2.39538	-1.13025	1.21348	1.41057	1.14681	-0.998035	-0.151658
14.339	2.39538	-1.13025	1.21347	1.41057	1.14681	-0.998038	-0.151658
14.352	2.39538	-1.13025	1.21347	1.41057	1.14681	-0.99804	-0.151658
14.365	2.39539	-1.13025	1.21346	1.41057	1.14681	-0.998043	-0.151658
14.378	2.39539	-1.13025	1.21346	1.41057	1.14681	-0.998045	-0.151658
14.391	2.39539	-1.13025	1.21346	1.41057	1.14681	-0.998045	-0.151658
14.404	2.39539	-1.13025	1.21346	1.41057	1.14681	-0.998045	-0.151658
14.417	2.39539	-1.13025	1.21346	1.41057	1.14681	-0.998047	-0.151658
14.43	2.39539	-1.13025	1.21345	1.41057	1.14681	-0.998048	-0.151658
14.443	2.39539	-1.13025	1.21345	1.41057	1.14681	-0.998052	-0.151658
