0.013	1.39615	-0.820832	1.20507	1.32789	1.14585	-1.5628	-0.155661
0.026	1.39615	-0.820829	1.20507	1.32789	1.14585	-1.5628	-0.155661
0.039	1.39615	-0.820829	1.20507	1.32789	1.14585	-1.5628	-0.155661
0.052	1.39615	-0.820828	1.20508	1.32789	1.14585	-1.5628	-0.155661
0.065	1.39615	-0.820828	1.20508	1.32789	1.14585	-1.5628	-0.155661
0.078	1.39614	-0.820829	1.20504	1.32786	1.14586	-1.56289	-0.155661
0.091	1.39604	-0.820836	1.20459	1.32765	1.14586	-1.56373	-0.155661
0.104	1.39596	-0.820827	1.20388	1.32742	1.14584	-1.56518	-0.155661
0.117	1.39589	-0.820954	1.2035	1.32726	1.14585	-1.56562	-0.155661
0.13	1.39578	-0.821077	1.20315	1.3271	1.14586	-1.56588	-0.155661
0.143	1.39579	-0.821126	1.20295	1.32703	1.14586	-1.56591	-0.155661
0.156	1.39581	-0.821153	1.20295	1.32703	1.14586	-1.5659	-0.155661
0.169	1.39585	-0.821128	1.20301	1.32703	1.14586	-1.56588	-0.155661
0.182	1.39598	-0.821133	1.20314	1.32707	1.14586	-1.56588	-0.155661
0.195	1.39612	-0.821124	1.20323	1.32707	1.14586	-1.56587	-0.155661
0.208	1.39612	-0.821124	1.20323	1.32707	1.14586	-1.56587	-0.155661
0.221	1.39632	-0.821119	1.20337	1.32707	1.14587	-1.56586	-0.155661
0.234	1.39672	-0.821117	1.20357	1.32709	1.14587	-1.5658	-0.155661
0.247	1.39712	-0.821119	1.20376	1.3271	1.14587	-1.56569	-0.155661
0.26	1.39742	-0.821107	1.20378	1.32714	1.14586	-1.56569	-0.155661
0.273	1.39769	-0.821107	1.20384	1.32715	1.14585	-1.5657	-0.155661
0.286	1.39774	-0.821107	1.20383	1.32715	1.14586	-1.5657	-0.155661
0.299	1.39774	-0.821107	1.20382	1.32715	1.14586	-1.5657	-0.155661
0.312	1.39774	-0.821107	1.20382	1.32715	1.14586	-1.5657	-0.155661
0.325	1.39775	-0.821107	1.20382	1.32714	1.14587	-1.5657	-0.155661
0.338	1.39775	-0.821107	1.20382	1.32714	1.14587	-1.5657	-0.155661
0.351	1.39776	-0.821107	1.20382	1.32715	1.14587	-1.5657	-0.155661
0.364	1.39776	-0.821108	1.20381	1.32715	1.14587	-1.5657	-0.155661
0.377	1.39773	-0.821108	1.2038	1.32714	1.14587	-1.56571	-0.155661
0.39	1.39767	-0.821107	1.20378	1.32714	1.14587	-1.56573	-0.155661
0.403	1.39762	-0.821108	1.20378	1.32714	1.14587	-1.56577	-0.155661
0.416	1.39754	-0.821108	1.20375	1.32712	1.14587	-1.56582	-0.155661
0.429	1.39751	-0.821108	1.20372	1.3271	1.14587	-1.56588	-0.155661
0.442	1.3975	-0.821108	1.20371	1.32709	1.14587	-1.56596	-0.155661
0.455	1.3975	-0.821108	1.2037	1.32708	1.14587	-1.56607	-0.155661
0.468	1.39748	-0.821108	1.20368	1.32707	1.14587	-1.56622	-0.155661
0.481	1.39748	-0.821108	1.20368	1.32707	1.14587	-1.56622	-0.155661
0.494	1.39742	-0.821108	1.20364	1.32706	1.14587	-1.56641	-0.155661
0.507	1.39735	-0.821109	1.20353	1.32703	1.14587	-1.56666	-0.155661
0.52	1.3973	-0.821108	1.20339	1.32698	1.14587	-1.56705	-0.155661
0.533	1.39728	-0.821113	1.20329	1.32693	1.14587	-1.56727	-0.15566
0.546	1.39728	-0.821112	1.20319	1.32689	1.14587	-1.56746	-0.155661
0.559	1.39728	-0.82111	1.20315	1.32687	1.14587	-1.56765	-0.155661
0.572	1.39728	-0.82111	1.20313	1.32686	1.14587	-1.56783	-0.155661
0.585	1.39728	-0.82111	1.20307	1.32685	1.14587	-1.56801	-0.155661
0.598	1.39728	-0.82111	1.20301	1.32685	1.14587	-1.56824	-0.155661
0.611	1.39728	-0.82111	1.20301	1.32685	1.14587	-1.56824	-0.155661
0.624	1.39728	-0.82111	1.20296	1.32684	1.14588	-1.56844	-0.155661
0.637	1.39731	-0.821112	1.20288	1.32682	1.14588	-1.56852	-0.155661
0.65	1.39739	-0.82111	1.20277	1.32678	1.14588	-1.56854	-0.15566
0.663	1.39742	-0.821112	1.20273	1.32677	1.14588	-1.56855	-0.155661
0.676	1.39751	-0.821113	1.20267	1.32677	1.14588	-1.56855	-0.155661
0.689	1.39761	-0.821112	1.20262	1.32676	1.14588	-1.56856	-0.155661
0.702	1.3977	-0.821112	1.20258	1.32675	1.14588	-1.56857	-0.15566
0.715	1.39775	-0.821112	1.20255	1.32675	1.14588	-1.56857	-0.155661
0.728	1.39777	-0.821112	1.20252	1.32675	1.14588	-1.56858	-0.15566
0.741	1.39778	-0.821112	1.20246	1.32674	1.14588	-1.56858	-0.155661
0.754	1.39778	-0.821112	1.20246	1.32674	1.14588	-1.56858	-0.155661
0.767	1.39779	-0.821112	1.20237	1.32674	1.14588	-1.56859	-0.155661
0.78	1.39784	-0.821112	1.20223	1.32671	1.14588	-1.56864	-0.155661
0.793	1.39791	-0.82111	1.202	1.32661	1.14588	-1.56883	-0.155661
0.806	1.39791	-0.821115	1.20183	1.32657	1.14588	-1.56894	-0.15566
0.819	1.39791	-0.821117	1.20158	1.32656	1.14588	-1.56907	-0.155661
0.832	1.3979	-0.821117	1.20136	1.32652	1.14588	-1.56924	-0.155661
0.845	1.3979	-0.821124	1.20118	1.32646	1.14588	-1.56942	-0.155661
0.858	1.3979	-0.821121	1.20099	1.32638	1.14588	-1.56965	-0.155661
0.871	1.3979	-0.821119	1.20084	1.3263	1.14588	-1.56993	-0.155661
0.884	1.3979	-0.821119	1.20084	1.3263	1.14588	-1.56993	-0.155661
0.897	1.3979	-0.821121	1.20067	1.32622	1.14588	-1.57024	-0.155661
0.91	1.3979	-0.821123	1.2004	1.32612	1.14588	-1.5707	-0.155661
0.923	1.39789	-0.821114	1.20005	1.32599	1.14588	-1.57145	-0.155661
0.936	1.39788	-0.821142	1.19985	1.32588	1.14588	-1.5719	-0.155661
0.949	1.39787	-0.821154	1.19962	1.32576	1.14589	-1.57232	-0.155661
0.962	1.39787	-0.821146	1.19946	1.32568	1.14589	-1.5726	-0.155661
0.975	1.39787	-0.821144	1.19934	1.32562	1.14589	-1.57288	-0.15566
0.988	1.39787	-0.821142	1.19923	1.32554	1.14589	-1.57309	-0.155661
1.001	1.39787	-0.821141	1.19915	1.32548	1.14589	-1.57328	-0.155661
1.014	1.39787	-0.82114	1.19909	1.3254	1.14589	-1.57346	-0.15566
1.027	1.39787	-0.82114	1.19909	1.3254	1.14589	-1.57346	-0.15566
1.04	1.39787	-0.821139	1.19907	1.32536	1.14589	-1.57361	-0.155661
1.053	1.39789	-0.821139	1.19907	1.32532	1.14589	-1.57376	-0.15566
1.066	1.39793	-0.821137	1.19907	1.32529	1.14589	-1.57396	-0.155661
1.079	1.39793	-0.821133	1.1991	1.32529	1.14589	-1.574	-0.155661
1.092	1.39794	-0.821132	1.19914	1.32528	1.14589	-1.574	-0.155661
1.105	1.39795	-0.821132	1.19916	1.32528	1.14589	-1.574	-0.155661
1.118	1.39798	-0.821131	1.19917	1.32528	1.14589	-1.57399	-0.155661
1.131	1.39805	-0.821131	1.19919	1.32528	1.14589	-1.57399	-0.155661
1.144	1.39814	-0.82113	1.19922	1.32528	1.14589	-1.57399	-0.155661
1.157	1.39814	-0.82113	1.19922	1.32528	1.14589	-1.57399	-0.155661
1.17	1.39827	-0.82113	1.19925	1.32528	1.14589	-1.57399	-0.15566
1.183	1.39853	-0.82113	1.19931	1.32528	1.14589	-1.57397	-0.15566
1.196	1.3989	-0.821132	1.19937	1.32528	1.1459	-1.57396	-0.155661
1.209	1.39917	-0.821122	1.1994	1.32528	1.1459	-1.57396	-0.155661
1.222	1.39957	-0.821122	1.19948	1.32528	1.14589	-1.57396	-0.15566
1.235	1.39998	-0.821122	1.19949	1.32528	1.1459	-1.57395	-0.155661
1.248	1.40031	-0.821121	1.1995	1.32528	1.1459	-1.57395	-0.155661
1.261	1.40074	-0.821121	1.19953	1.32528	1.14589	-1.57395	-0.155661
1.274	1.40116	-0.821121	1.19956	1.32528	1.1459	-1.57394	-0.155661
1.287	1.40156	-0.821121	1.19961	1.32528	1.1459	-1.57394	-0.155661
1.3	1.40156	-0.821121	1.19961	1.32528	1.1459	-1.57394	-0.155661
1.313	1.40204	-0.821121	1.19961	1.32528	1.1459	-1.57393	-0.155661
1.326	1.40257	-0.821121	1.1997	1.32529	1.1459	-1.57385	-0.155661
1.339	1.40322	-0.821123	1.19983	1.32528	1.14592	-1.57366	-0.155661
1.352	1.40373	-0.821109	1.19989	1.32529	1.14591	-1.57366	-0.15566
1.365	1.40444	-0.821109	1.19998	1.32529	1.1459	-1.57365	-0.155661
1.378	1.40495	-0.821108	1.20003	1.32529	1.14591	-1.57365	-0.15566
1.391	1.40555	-0.821108	1.20003	1.32529	1.14591	-1.57364	-0.15566
1.404	1.40614	-0.821108	1.20003	1.32529	1.14591	-1.57364	-0.15566
1.417	1.40667	-0.821108	1.20003	1.32528	1.14591	-1.57364	-0.155661
1.43	1.40667	-0.821108	1.20003	1.32528	1.14591	-1.57364	-0.155661
1.443	1.40716	-0.821108	1.20005	1.32528	1.14591	-1.57364	-0.155661
1.456	1.40781	-0.821109	1.20004	1.32528	1.14591	-1.57361	-0.155661
1.469	1.40846	-0.82114	1.20004	1.32527	1.14592	-1.57357	-0.155661
1.482	1.40896	-0.821109	1.20004	1.32527	1.14591	-1.57357	-0.155661
1.495	1.40956	-0.821109	1.20004	1.32527	1.1459	-1.57357	-0.15566
1.508	1.41006	-0.82111	1.20003	1.32527	1.14591	-1.57357	-0.155661
1.521	1.41053	-0.821113	1.20003	1.32526	1.14591	-1.57357	-0.15566
1.534	1.41107	-0.821113	1.20002	1.32526	1.14591	-1.57357	-0.15566
1.547	1.41145	-0.821107	1.20002	1.32526	1.14591	-1.57357	-0.15566
1.56	1.41184	-0.821109	1.20002	1.32526	1.14591	-1.57358	-0.15566
1.573	1.41184	-0.821109	1.20002	1.32526	1.14591	-1.57358	-0.15566
1.586	1.41214	-0.82113	1.19998	1.32526	1.14591	-1.57358	-0.15566
1.599	1.41252	-0.821144	1.19991	1.32523	1.14591	-1.57358	-0.155661
1.612	1.41303	-0.821139	1.19984	1.32509	1.14591	-1.57359	-0.155661
1.625	1.41331	-0.821117	1.19985	1.32501	1.14592	-1.57359	-0.155661
1.638	1.41369	-0.821119	1.19985	1.32501	1.14591	-1.57359	-0.155661
1.651	1.41394	-0.821119	1.19982	1.32497	1.14591	-1.5736	-0.15566
1.664	1.41419	-0.821121	1.19976	1.32491	1.14591	-1.5736	-0.15566
1.677	1.41439	-0.821121	1.19974	1.32488	1.14591	-1.57363	-0.15566
1.69	1.41452	-0.821118	1.19972	1.3248	1.14591	-1.57371	-0.155661
1.703	1.41452	-0.821118	1.19972	1.3248	1.14591	-1.57371	-0.155661
1.716	1.41465	-0.821119	1.19971	1.3247	1.14591	-1.57383	-0.15566
1.729	1.41486	-0.821123	1.19959	1.32455	1.14591	-1.57407	-0.15566
1.742	1.41523	-0.821133	1.1994	1.32429	1.14592	-1.57457	-0.155661
1.755	1.41537	-0.821128	1.19939	1.32413	1.14592	-1.57489	-0.155661
1.768	1.41551	-0.821124	1.19939	1.32408	1.14592	-1.57512	-0.155661
1.781	1.41562	-0.821124	1.1994	1.32398	1.14592	-1.57535	-0.155661
1.794	1.41571	-0.821127	1.1994	1.32387	1.14592	-1.57557	-0.155661
1.807	1.41577	-0.821127	1.1994	1.32377	1.14592	-1.57587	-0.155661
1.82	1.4158	-0.821124	1.19941	1.32363	1.14592	-1.57628	-0.155661
1.833	1.41583	-0.821124	1.19942	1.32348	1.14592	-1.57657	-0.155661
1.846	1.41583	-0.821124	1.19942	1.32348	1.14592	-1.57657	-0.155661
1.859	1.41586	-0.821128	1.19942	1.32335	1.14592	-1.57681	-0.15566
1.872	1.41593	-0.82114	1.19942	1.32317	1.14592	-1.57718	-0.15566
1.885	1.41605	-0.821149	1.19944	1.32289	1.14592	-1.57776	-0.15566
1.898	1.41611	-0.821131	1.19947	1.32271	1.14592	-1.57814	-0.15566
1.911	1.41618	-0.82113	1.19949	1.32257	1.14593	-1.57848	-0.15566
1.924	1.41625	-0.82113	1.1995	1.32242	1.14593	-1.5789	-0.155661
1.937	1.4163	-0.821131	1.19951	1.32226	1.14593	-1.57926	-0.155661
1.95	1.41634	-0.821131	1.19953	1.32212	1.14593	-1.57957	-0.155661
1.963	1.41638	-0.82113	1.19956	1.32195	1.14593	-1.57988	-0.155661
1.976	1.41638	-0.82113	1.19956	1.32195	1.14593	-1.57988	-0.155661
1.989	1.41642	-0.821131	1.1996	1.3218	1.14593	-1.58021	-0.155661
2.002	1.41651	-0.821137	1.19973	1.3216	1.14592	-1.58061	-0.155661
2.015	1.41664	-0.821232	1.2	1.3213	1.14592	-1.58111	-0.155661
2.028	1.41672	-0.821202	1.2002	1.32112	1.14594	-1.58136	-0.155661
2.041	1.41682	-0.821186	1.20044	1.32101	1.14594	-1.58155	-0.155661
2.054	1.41692	-0.821187	1.20071	1.32088	1.14594	-1.58176	-0.155661
2.067	1.41703	-0.821186	1.20095	1.32075	1.14594	-1.5819	-0.155661
2.08	1.41718	-0.821186	1.20124	1.32064	1.14594	-1.58202	-0.155661
2.093	1.41735	-0.821186	1.20154	1.32053	1.14594	-1.58213	-0.155661
2.106	1.41749	-0.821186	1.20192	1.32046	1.14594	-1.58218	-0.155661
2.119	1.41749	-0.821186	1.20192	1.32046	1.14594	-1.58218	-0.155661
2.132	1.41763	-0.821186	1.20237	1.32042	1.14594	-1.58219	-0.155661
2.145	1.41785	-0.821197	1.20313	1.32034	1.14593	-1.58218	-0.155661
2.158	1.41814	-0.821334	1.20406	1.3202	1.14594	-1.58218	-0.155661
2.171	1.41845	-0.821266	1.20477	1.32017	1.14597	-1.58218	-0.155661
2.184	1.41883	-0.821239	1.20548	1.32016	1.14597	-1.58218	-0.155661
2.197	1.41919	-0.821239	1.20622	1.32015	1.14597	-1.58218	-0.155661
2.21	1.41963	-0.821241	1.20685	1.32015	1.14597	-1.58217	-0.155661
2.223	1.42	-0.821238	1.20751	1.32015	1.14597	-1.58217	-0.15566
2.236	1.42044	-0.821237	1.20821	1.32015	1.14597	-1.58217	-0.155661
2.249	1.42044	-0.821237	1.20821	1.32015	1.14597	-1.58217	-0.155661
2.262	1.4209	-0.821237	1.20892	1.32015	1.14597	-1.58217	-0.155661
2.275	1.42144	-0.821237	1.20985	1.32016	1.14595	-1.58211	-0.155661
2.288	1.42204	-0.821355	1.21098	1.32014	1.14598	-1.58202	-0.155661
2.301	1.42257	-0.821255	1.2118	1.32016	1.146	-1.58201	-0.155661
2.314	1.42327	-0.821201	1.21257	1.32016	1.14599	-1.58201	-0.155661
2.327	1.42391	-0.821204	1.21329	1.32016	1.146	-1.58201	-0.155661
2.34	1.42448	-0.821202	1.21386	1.32016	1.14601	-1.582	-0.155661
2.353	1.42514	-0.821202	1.2145	1.32017	1.146	-1.582	-0.155661
2.366	1.42576	-0.821202	1.21509	1.32016	1.14601	-1.582	-0.155661
2.379	1.42642	-0.821202	1.21561	1.32017	1.14601	-1.582	-0.155661
2.392	1.42642	-0.821202	1.21561	1.32017	1.14601	-1.582	-0.155661
2.405	1.42701	-0.821202	1.21612	1.32017	1.146	-1.58199	-0.155661
2.418	1.42776	-0.821204	1.21673	1.32018	1.146	-1.58191	-0.155661
2.431	1.42853	-0.821243	1.21737	1.32015	1.14604	-1.58171	-0.155661
2.444	1.42918	-0.821165	1.21783	1.32019	1.14603	-1.58171	-0.155661
2.457	1.43006	-0.821149	1.21831	1.3202	1.14599	-1.58171	-0.155661
2.47	1.43082	-0.82115	1.21867	1.32019	1.14602	-1.58171	-0.155661
2.483	1.43153	-0.821149	1.21892	1.3202	1.14602	-1.58171	-0.155661
2.496	1.4323	-0.82115	1.21913	1.3202	1.14602	-1.58171	-0.155661
2.509	1.43296	-0.821149	1.21926	1.32019	1.14603	-1.58171	-0.155661
2.522	1.43296	-0.821149	1.21926	1.32019	1.14603	-1.58171	-0.155661
2.535	1.43359	-0.82115	1.21939	1.32019	1.14603	-1.58171	-0.155661
2.548	1.43425	-0.821153	1.2194	1.32019	1.14603	-1.58171	-0.155661
2.561	1.43506	-0.821151	1.2194	1.32018	1.14603	-1.58171	-0.155661
2.574	1.43588	-0.821156	1.21941	1.32015	1.14606	-1.58171	-0.155661
2.587	1.43662	-0.821147	1.21941	1.32016	1.14604	-1.58171	-0.155661
2.6	1.43743	-0.821154	1.2194	1.32016	1.14604	-1.58171	-0.155661
2.613	1.43808	-0.821155	1.21938	1.32016	1.14603	-1.58171	-0.155661
2.626	1.43875	-0.821167	1.21937	1.32016	1.14603	-1.58171	-0.155661
2.639	1.43944	-0.821158	1.21937	1.32015	1.14603	-1.58172	-0.155661
2.652	1.43998	-0.821155	1.21938	1.32014	1.14605	-1.58172	-0.155661
2.665	1.43998	-0.821155	1.21938	1.32014	1.14605	-1.58172	-0.155661
2.678	1.44059	-0.82116	1.21937	1.32014	1.14604	-1.58172	-0.155661
2.691	1.44131	-0.821199	1.21931	1.32011	1.14604	-1.58172	-0.155661
2.704	1.44211	-0.821294	1.21921	1.31999	1.14605	-1.58172	-0.155661
2.717	1.44275	-0.821257	1.21922	1.31996	1.14605	-1.58172	-0.155661
2.73	1.44348	-0.821255	1.21922	1.31996	1.14604	-1.58173	-0.155661
2.743	1.44407	-0.821255	1.21922	1.31991	1.14604	-1.58173	-0.155661
2.756	1.4447	-0.821252	1.21922	1.31989	1.14604	-1.58173	-0.155661
2.769	1.44533	-0.821269	1.21922	1.31988	1.14604	-1.58173	-0.155661
2.782	1.44591	-0.821251	1.21922	1.3198	1.14604	-1.58174	-0.155661
2.795	1.44591	-0.821251	1.21922	1.3198	1.14604	-1.58174	-0.155661
2.808	1.44646	-0.82125	1.21922	1.31975	1.14605	-1.58176	-0.155661
2.821	1.44721	-0.821294	1.21918	1.31968	1.14604	-1.58182	-0.155661
2.834	1.44807	-0.821395	1.21913	1.31941	1.14605	-1.58205	-0.155661
2.847	1.44863	-0.821366	1.21915	1.31934	1.14606	-1.58219	-0.155661
2.86	1.44934	-0.821357	1.21915	1.31934	1.14603	-1.58219	-0.155661
2.873	1.45001	-0.821353	1.21915	1.31925	1.14604	-1.58222	-0.155661
2.886	1.45071	-0.821367	1.21915	1.31917	1.14604	-1.58222	-0.155661
2.899	1.45138	-0.821353	1.21915	1.31916	1.14604	-1.58222	-0.15566
2.912	1.452	-0.821342	1.21916	1.31909	1.14604	-1.58224	-0.15566
2.925	1.45264	-0.82134	1.21916	1.31902	1.14605	-1.58226	-0.155661
2.938	1.45264	-0.82134	1.21916	1.31902	1.14605	-1.58226	-0.155661
2.951	1.45325	-0.821356	1.21915	1.31901	1.14604	-1.58228	-0.155661
2.964	1.45411	-0.82143	1.21915	1.31893	1.14604	-1.58234	-0.155661
2.977	1.45509	-0.821505	1.21916	1.31862	1.14606	-1.58263	-0.155661
2.99	1.4559	-0.82144	1.21918	1.31855	1.14608	-1.58281	-0.155661
3.003	1.45681	-0.821431	1.21918	1.31855	1.14604	-1.5829	-0.155661
3.016	1.45755	-0.821431	1.21918	1.31852	1.14606	-1.58298	-0.155661
3.029	1.45839	-0.82145	1.21918	1.31849	1.14605	-1.58301	-0.155661
3.042	1.4592	-0.821459	1.21918	1.31847	1.14605	-1.5831	-0.155661
3.055	1.45994	-0.821416	1.21918	1.31841	1.14605	-1.5832	-0.15566
3.068	1.45994	-0.821416	1.21918	1.31841	1.14605	-1.5832	-0.15566
3.081	1.46075	-0.821417	1.21918	1.31835	1.14606	-1.58328	-0.155661
3.094	1.46152	-0.82144	1.21914	1.3183	1.14606	-1.58341	-0.155661
3.107	1.46259	-0.821472	1.21902	1.31823	1.14605	-1.58368	-0.155661
3.12	1.46379	-0.821505	1.2188	1.31789	1.14608	-1.58416	-0.155661
3.133	1.46471	-0.821441	1.2188	1.31782	1.14608	-1.58434	-0.155661
3.146	1.46578	-0.821445	1.21875	1.31783	1.14605	-1.58443	-0.155661
3.159	1.46674	-0.821438	1.21871	1.31781	1.14605	-1.58459	-0.155661
3.172	1.46777	-0.821436	1.21859	1.31778	1.14605	-1.58466	-0.155661
3.185	1.46869	-0.821434	1.21852	1.31778	1.14605	-1.5848	-0.155661
3.198	1.46964	-0.821424	1.21841	1.31768	1.14606	-1.58494	-0.155661
3.211	1.46964	-0.821424	1.21841	1.31768	1.14606	-1.58494	-0.155661
3.224	1.47056	-0.821424	1.21832	1.31761	1.14607	-1.58506	-0.155661
3.237	1.47183	-0.821427	1.21794	1.31755	1.14607	-1.58519	-0.155661
3.25	1.47323	-0.821441	1.21744	1.31738	1.14608	-1.58552	-0.15566
3.263	1.47431	-0.82142	1.21726	1.31736	1.14607	-1.58562	-0.15566
3.276	1.47541	-0.82142	1.21715	1.31738	1.14604	-1.58563	-0.155661
3.289	1.4765	-0.821417	1.21705	1.31736	1.14604	-1.58562	-0.155661
3.302	1.47756	-0.821417	1.21698	1.31736	1.14604	-1.58562	-0.155661
3.315	1.47868	-0.821416	1.21693	1.31736	1.14603	-1.58562	-0.155661
3.328	1.47959	-0.821398	1.21693	1.31736	1.14604	-1.58562	-0.155661
3.341	1.47959	-0.821398	1.21693	1.31736	1.14604	-1.58562	-0.155661
3.354	1.48057	-0.821395	1.21693	1.31736	1.14605	-1.58561	-0.155661
3.367	1.48144	-0.821409	1.2169	1.31736	1.14604	-1.58561	-0.155661
3.38	1.48269	-0.821415	1.21676	1.31736	1.14603	-1.58559	-0.155661
3.393	1.48393	-0.821409	1.21668	1.31732	1.14607	-1.58559	-0.155661
3.406	1.48498	-0.821353	1.21671	1.31732	1.14607	-1.58558	-0.155661
3.419	1.48617	-0.821351	1.21674	1.31736	1.14605	-1.58558	-0.155661
3.432	1.48726	-0.821351	1.21673	1.31736	1.14605	-1.58557	-0.15566
3.445	1.48823	-0.821351	1.21673	1.31736	1.14605	-1.58557	-0.15566
3.458	1.48928	-0.821349	1.21674	1.31737	1.14603	-1.58557	-0.155661
3.471	1.49011	-0.821338	1.21678	1.31736	1.14606	-1.58557	-0.155661
3.484	1.49011	-0.821338	1.21678	1.31736	1.14606	-1.58557	-0.155661
3.497	1.491	-0.821337	1.21681	1.31737	1.14606	-1.58556	-0.155661
3.51	1.49209	-0.821339	1.21681	1.31738	1.14606	-1.58548	-0.155661
3.523	1.49326	-0.821409	1.21681	1.31738	1.14607	-1.58525	-0.155661
3.536	1.49423	-0.821339	1.21685	1.31741	1.14606	-1.58524	-0.155661
3.549	1.49528	-0.821333	1.21699	1.31748	1.14604	-1.58522	-0.155661
3.562	1.49623	-0.821334	1.21709	1.31748	1.14604	-1.58522	-0.155661
3.575	1.49712	-0.821334	1.21713	1.31749	1.14604	-1.58519	-0.155661
3.588	1.4981	-0.821334	1.21718	1.31749	1.14604	-1.58518	-0.155661
3.601	1.49884	-0.821331	1.21727	1.31749	1.14605	-1.58518	-0.15566
3.614	1.49966	-0.821333	1.21735	1.31749	1.14605	-1.58518	-0.15566
3.627	1.49966	-0.821333	1.21735	1.31749	1.14605	-1.58518	-0.15566
3.64	1.50044	-0.821335	1.21737	1.3175	1.14605	-1.58517	-0.155661
3.653	1.50134	-0.821334	1.21739	1.31754	1.14604	-1.58512	-0.155661
3.666	1.50239	-0.82137	1.21743	1.31753	1.14609	-1.58506	-0.155661
3.679	1.50318	-0.821317	1.21753	1.31755	1.14609	-1.58505	-0.15566
3.692	1.50419	-0.82132	1.21762	1.31762	1.14606	-1.58506	-0.155661
3.705	1.50506	-0.821324	1.21765	1.31764	1.14606	-1.58506	-0.155661
3.718	1.50589	-0.821321	1.21762	1.31764	1.14606	-1.58506	-0.155661
3.731	1.50674	-0.821323	1.21762	1.31768	1.14606	-1.58506	-0.155661
3.744	1.50738	-0.821317	1.21762	1.31767	1.14607	-1.58506	-0.155661
3.757	1.50738	-0.821317	1.21762	1.31767	1.14607	-1.58506	-0.155661
3.77	1.5081	-0.82132	1.21761	1.31768	1.14608	-1.58506	-0.155661
3.783	1.50903	-0.821383	1.21754	1.31769	1.14608	-1.58506	-0.155661
3.796	1.50996	-0.8215	1.21745	1.3177	1.14609	-1.58507	-0.155661
3.809	1.51074	-0.821455	1.21744	1.31773	1.14608	-1.58507	-0.155661
3.822	1.51161	-0.821453	1.21742	1.31775	1.14606	-1.58507	-0.155661
3.835	1.51237	-0.821444	1.21741	1.31776	1.14606	-1.58507	-0.15566
3.848	1.51319	-0.821452	1.21736	1.31776	1.14607	-1.58507	-0.155661
3.861	1.51395	-0.821453	1.21731	1.31777	1.14607	-1.58508	-0.155661
3.874	1.51463	-0.821417	1.21729	1.31777	1.14607	-1.58508	-0.155661
3.887	1.5153	-0.82142	1.21727	1.31778	1.14608	-1.58509	-0.155661
3.9	1.5153	-0.82142	1.21727	1.31778	1.14608	-1.58509	-0.155661
3.913	1.51593	-0.821439	1.21717	1.31778	1.14608	-1.58509	-0.155661
3.926	1.51678	-0.821467	1.217	1.31787	1.14607	-1.58513	-0.155661
3.939	1.51771	-0.821499	1.21677	1.31788	1.14611	-1.58529	-0.155661
3.952	1.51833	-0.821457	1.21676	1.31793	1.1461	-1.58537	-0.155661
3.965	1.51917	-0.821453	1.21673	1.31807	1.14607	-1.58537	-0.15566
3.978	1.51989	-0.821453	1.21671	1.31819	1.14607	-1.58539	-0.155661
3.991	1.52054	-0.821443	1.21668	1.31827	1.14608	-1.5854	-0.155661
4.004	1.52121	-0.821436	1.21665	1.31842	1.14607	-1.58544	-0.155661
4.017	1.52171	-0.821418	1.21665	1.31849	1.14608	-1.58563	-0.155661
4.03	1.52171	-0.821418	1.21665	1.31849	1.14608	-1.58563	-0.155661
4.043	1.52231	-0.821416	1.21664	1.31856	1.14608	-1.58577	-0.155661
4.056	1.52297	-0.821413	1.21651	1.31883	1.14609	-1.58597	-0.155661
4.069	1.52373	-0.821413	1.21624	1.31915	1.1461	-1.58638	-0.155661
4.082	1.52428	-0.821408	1.21624	1.31946	1.14607	-1.58674	-0.155661
4.095	1.52484	-0.821406	1.21625	1.31976	1.14605	-1.58691	-0.155661
4.108	1.52533	-0.821403	1.21626	1.32005	1.14604	-1.5871	-0.15566
4.121	1.52579	-0.821403	1.21626	1.32033	1.14603	-1.58728	-0.15566
4.134	1.52622	-0.821401	1.21626	1.32071	1.14602	-1.58748	-0.15566
4.147	1.52654	-0.821389	1.21629	1.32107	1.14601	-1.58778	-0.155661
4.16	1.52678	-0.821376	1.21631	1.32148	1.14602	-1.58815	-0.155661
4.173	1.52678	-0.821376	1.21631	1.32148	1.14602	-1.58815	-0.155661
4.186	1.527	-0.821375	1.21632	1.32203	1.14601	-1.58829	-0.15566
4.199	1.52718	-0.821329	1.21632	1.32289	1.146	-1.58846	-0.155661
4.212	1.52724	-0.821283	1.21632	1.32396	1.146	-1.58877	-0.155661
4.225	1.52732	-0.821193	1.21643	1.3249	1.14585	-1.58903	-0.155661
4.238	1.52745	-0.821124	1.21646	1.32577	1.14582	-1.58911	-0.155661
4.251	1.52748	-0.821086	1.21649	1.32674	1.14579	-1.58919	-0.155661
4.264	1.52746	-0.821043	1.2165	1.32772	1.14573	-1.58929	-0.155661
4.277	1.52741	-0.821009	1.21654	1.32878	1.14567	-1.58935	-0.15566
4.29	1.52727	-0.820924	1.21662	1.32988	1.14565	-1.58944	-0.15566
4.303	1.52727	-0.820924	1.21662	1.32988	1.14565	-1.58944	-0.15566
4.316	1.5271	-0.82082	1.21675	1.33105	1.14563	-1.5895	-0.155661
4.329	1.52692	-0.820571	1.21706	1.33263	1.1456	-1.58952	-0.155661
4.342	1.52655	-0.820387	1.21742	1.33474	1.14557	-1.58956	-0.15566
4.355	1.52648	-0.820084	1.21778	1.33642	1.14526	-1.58972	-0.155661
4.368	1.52647	-0.819846	1.21822	1.33781	1.14519	-1.58976	-0.15566
4.381	1.52642	-0.81967	1.21867	1.3393	1.14517	-1.58976	-0.15566
4.394	1.52632	-0.819469	1.2191	1.3407	1.14513	-1.58975	-0.155661
4.407	1.52628	-0.819272	1.21952	1.34218	1.14512	-1.58975	-0.155661
4.42	1.52619	-0.819068	1.21999	1.34369	1.14507	-1.58975	-0.155661
4.433	1.52609	-0.818843	1.22057	1.34509	1.14503	-1.58974	-0.155661
4.446	1.52609	-0.818843	1.22057	1.34509	1.14503	-1.58974	-0.155661
4.459	1.52604	-0.818629	1.22114	1.34655	1.14502	-1.58974	-0.155661
4.472	1.52587	-0.818287	1.22205	1.34845	1.14498	-1.58968	-0.15566
4.485	1.52545	-0.818077	1.22309	1.35083	1.14492	-1.5896	-0.15566
4.498	1.52546	-0.817684	1.22391	1.35254	1.14463	-1.58959	-0.15566
4.511	1.52549	-0.817357	1.2247	1.35383	1.14456	-1.58958	-0.15566
4.524	1.52551	-0.81714	1.22548	1.35522	1.14455	-1.58958	-0.15566
4.537	1.52551	-0.816929	1.22626	1.35641	1.1445	-1.58957	-0.15566
4.55	1.52554	-0.816804	1.22704	1.35762	1.1445	-1.58956	-0.155661
4.563	1.52556	-0.816648	1.22775	1.35884	1.1445	-1.58956	-0.15566
4.576	1.52556	-0.816648	1.22775	1.35884	1.1445	-1.58956	-0.15566
4.589	1.52557	-0.816487	1.2285	1.35991	1.14449	-1.58956	-0.155661
4.602	1.52557	-0.816195	1.22951	1.36126	1.14449	-1.58938	-0.15566
4.615	1.5255	-0.816106	1.23061	1.36284	1.14449	-1.589	-0.15566
4.628	1.52567	-0.81584	1.23143	1.36398	1.14442	-1.58898	-0.15566
4.641	1.52591	-0.815612	1.23219	1.36487	1.1444	-1.58897	-0.155661
4.654	1.5261	-0.815513	1.23293	1.36576	1.14441	-1.58897	-0.15566
4.667	1.52632	-0.815423	1.23357	1.36644	1.14441	-1.58896	-0.15566
4.68	1.52661	-0.815419	1.23418	1.36711	1.14441	-1.58895	-0.15566
4.693	1.52683	-0.815372	1.23482	1.36779	1.14441	-1.58895	-0.15566
4.706	1.52699	-0.815313	1.23544	1.36841	1.14441	-1.58895	-0.15566
4.719	1.52699	-0.815313	1.23544	1.36841	1.14441	-1.58895	-0.15566
4.732	1.52712	-0.815282	1.23602	1.36899	1.14441	-1.58895	-0.15566
4.745	1.52727	-0.81521	1.23672	1.36973	1.14441	-1.58888	-0.15566
4.758	1.52732	-0.815206	1.23747	1.37057	1.14441	-1.58877	-0.155661
4.771	1.52752	-0.815075	1.23807	1.37112	1.14441	-1.58876	-0.155661
4.784	1.52783	-0.814999	1.23861	1.37148	1.14441	-1.58876	-0.155661
4.797	1.52808	-0.814972	1.2391	1.37188	1.14441	-1.58876	-0.15566
4.81	1.52833	-0.814946	1.2395	1.37222	1.14441	-1.58876	-0.15566
4.823	1.52863	-0.814951	1.23987	1.37258	1.14441	-1.58877	-0.15566
4.836	1.52883	-0.814941	1.24021	1.37289	1.14441	-1.58877	-0.15566
4.849	1.52883	-0.814941	1.24021	1.37289	1.14441	-1.58877	-0.15566
4.862	1.52901	-0.814922	1.24057	1.37325	1.14441	-1.58877	-0.15566
4.875	1.52917	-0.814853	1.24103	1.3738	1.14441	-1.58877	-0.15566
4.888	1.5292	-0.814852	1.24154	1.37444	1.14442	-1.58878	-0.15566
4.901	1.52932	-0.814739	1.24194	1.37494	1.14441	-1.58878	-0.15566
4.914	1.52946	-0.814654	1.24239	1.3753	1.14441	-1.58878	-0.15566
4.927	1.52955	-0.814623	1.24277	1.37567	1.14441	-1.58879	-0.155661
4.94	1.52959	-0.814572	1.24306	1.37607	1.14441	-1.58879	-0.15566
4.953	1.52961	-0.814565	1.24335	1.37654	1.14441	-1.58879	-0.15566
4.966	1.52959	-0.814542	1.24363	1.37702	1.14441	-1.5888	-0.155661
4.979	1.52957	-0.814522	1.24393	1.37749	1.14441	-1.5888	-0.155661
4.992	1.52957	-0.814522	1.24393	1.37749	1.14441	-1.5888	-0.155661
5.005	1.52956	-0.814496	1.2442	1.37798	1.14441	-1.5888	-0.15566
5.018	1.52951	-0.814357	1.24467	1.37876	1.14442	-1.58881	-0.15566
5.031	1.52932	-0.814285	1.24521	1.37975	1.14442	-1.58883	-0.15566
5.044	1.52931	-0.814105	1.2457	1.3806	1.14441	-1.58885	-0.15566
5.057	1.52931	-0.813954	1.24621	1.38129	1.14441	-1.58885	-0.15566
5.07	1.52929	-0.813848	1.24671	1.38205	1.14441	-1.58885	-0.15566
5.083	1.52923	-0.813715	1.24715	1.38279	1.14441	-1.58885	-0.15566
5.096	1.52918	-0.813617	1.2476	1.38352	1.14441	-1.58885	-0.15566
5.109	1.52911	-0.813531	1.24808	1.38434	1.14441	-1.58885	-0.155661
5.122	1.52911	-0.813531	1.24808	1.38434	1.14441	-1.58885	-0.155661
5.135	1.529	-0.813407	1.24859	1.3852	1.14441	-1.58885	-0.155661
5.148	1.52878	-0.813146	1.24936	1.38639	1.14442	-1.58885	-0.155661
5.161	1.52837	-0.813017	1.25029	1.38792	1.14441	-1.58887	-0.155661
5.174	1.52828	-0.812735	1.25101	1.38915	1.1444	-1.58893	-0.15566
5.187	1.52819	-0.812482	1.25172	1.3901	1.14441	-1.58894	-0.15566
5.2	1.52809	-0.812345	1.25241	1.39107	1.14441	-1.58895	-0.15566
5.213	1.52792	-0.812193	1.25308	1.39198	1.14441	-1.58894	-0.15566
5.226	1.5278	-0.812126	1.25375	1.39295	1.14441	-1.58894	-0.15566
5.239	1.52771	-0.812087	1.25441	1.39396	1.14441	-1.58894	-0.155661
5.252	1.52761	-0.812025	1.25508	1.39493	1.14441	-1.58894	-0.15566
5.265	1.52761	-0.812025	1.25508	1.39493	1.14441	-1.58894	-0.15566
5.278	1.5275	-0.811958	1.25577	1.39587	1.14441	-1.58894	-0.155661
5.291	1.52721	-0.811848	1.25675	1.39716	1.14441	-1.58894	-0.155661
5.304	1.5267	-0.81184	1.2579	1.39881	1.1444	-1.58896	-0.155661
5.317	1.52664	-0.811763	1.25866	1.4	1.14437	-1.58908	-0.15566
5.33	1.52658	-0.811682	1.25944	1.40086	1.14437	-1.58914	-0.155661
5.343	1.52654	-0.811701	1.26016	1.40177	1.14437	-1.58915	-0.15566
5.356	1.52648	-0.811703	1.26078	1.40258	1.14437	-1.58917	-0.15566
5.369	1.52648	-0.811711	1.26143	1.40338	1.14437	-1.58916	-0.15566
5.382	1.52648	-0.811712	1.262	1.4042	1.14437	-1.58916	-0.15566
5.395	1.52648	-0.811712	1.262	1.4042	1.14437	-1.58916	-0.15566
5.408	1.52648	-0.811712	1.26261	1.405	1.14437	-1.58916	-0.155661
5.421	1.52644	-0.811716	1.26355	1.40589	1.14437	-1.58917	-0.155661
5.434	1.52631	-0.811864	1.26455	1.40697	1.14437	-1.58923	-0.15566
5.447	1.52639	-0.811854	1.26519	1.4078	1.14436	-1.58936	-0.155661
5.46	1.52651	-0.811859	1.26584	1.40836	1.14436	-1.58936	-0.155661
5.473	1.52654	-0.811904	1.26644	1.40895	1.14436	-1.58936	-0.155661
5.486	1.52655	-0.811899	1.26695	1.40942	1.14436	-1.58935	-0.155661
5.499	1.52659	-0.811941	1.26751	1.40986	1.14436	-1.58935	-0.155661
5.512	1.52665	-0.811975	1.26802	1.41024	1.14436	-1.58935	-0.15566
5.525	1.52671	-0.812018	1.26852	1.4106	1.14436	-1.58935	-0.15566
5.538	1.52671	-0.812018	1.26852	1.4106	1.14436	-1.58935	-0.15566
5.551	1.52674	-0.812039	1.26903	1.41093	1.14436	-1.58934	-0.155661
5.564	1.52678	-0.812169	1.26979	1.41137	1.14436	-1.58931	-0.15566
5.577	1.52681	-0.812432	1.2707	1.41192	1.14437	-1.5893	-0.15566
5.59	1.52693	-0.81246	1.27127	1.41234	1.14437	-1.58929	-0.15566
5.603	1.52711	-0.81245	1.27176	1.41262	1.14437	-1.58928	-0.15566
5.616	1.52729	-0.812473	1.27227	1.41292	1.14437	-1.58928	-0.155661
5.629	1.52746	-0.812455	1.27275	1.41317	1.14437	-1.58925	-0.155661
5.642	1.52766	-0.81246	1.27328	1.41347	1.14437	-1.58923	-0.155661
5.655	1.52782	-0.812433	1.27381	1.41375	1.14437	-1.5892	-0.155661
5.668	1.52782	-0.812433	1.27381	1.41375	1.14437	-1.5892	-0.155661
5.681	1.52795	-0.812423	1.27437	1.41408	1.14437	-1.58915	-0.15566
5.694	1.5281	-0.812424	1.27514	1.41466	1.14437	-1.58889	-0.15566
5.707	1.52821	-0.812549	1.27598	1.41553	1.14438	-1.58846	-0.15566
5.72	1.52857	-0.812488	1.27652	1.41647	1.14437	-1.58846	-0.15566
5.733	1.52905	-0.812475	1.27712	1.41752	1.14437	-1.58845	-0.15566
5.746	1.52959	-0.812487	1.2777	1.41879	1.14437	-1.58839	-0.15566
5.759	1.53025	-0.81247	1.27818	1.4202	1.14437	-1.58819	-0.15566
5.772	1.53094	-0.812468	1.27872	1.42169	1.14437	-1.58798	-0.15566
5.785	1.53153	-0.812465	1.27934	1.42318	1.14436	-1.58776	-0.15566
5.798	1.53219	-0.812464	1.2799	1.4248	1.14436	-1.5875	-0.15566
5.811	1.53219	-0.812464	1.2799	1.4248	1.14436	-1.5875	-0.15566
5.824	1.53287	-0.812461	1.2804	1.42648	1.14436	-1.58721	-0.155661
5.837	1.53353	-0.81245	1.28119	1.4284	1.14434	-1.58651	-0.155661
5.85	1.53398	-0.812452	1.28213	1.43055	1.14434	-1.58503	-0.15566
5.863	1.53462	-0.812301	1.28271	1.43237	1.14432	-1.58483	-0.15566
5.876	1.53536	-0.812262	1.28341	1.43409	1.14431	-1.58451	-0.155661
5.889	1.53601	-0.812268	1.28408	1.43589	1.14431	-1.58422	-0.15566
5.902	1.53671	-0.812257	1.28464	1.43765	1.1443	-1.58382	-0.15566
5.915	1.53745	-0.812268	1.28531	1.43956	1.1443	-1.5835	-0.15566
5.928	1.53812	-0.812254	1.28595	1.44163	1.14429	-1.58307	-0.15566
5.941	1.53812	-0.812254	1.28595	1.44163	1.14429	-1.58307	-0.15566
5.954	1.5389	-0.812254	1.28653	1.4438	1.14428	-1.58269	-0.15566
5.967	1.5396	-0.812117	1.28733	1.44633	1.14429	-1.58192	-0.155661
5.98	1.54006	-0.812107	1.28815	1.4493	1.14427	-1.58058	-0.155661
5.993	1.54083	-0.811919	1.28871	1.4517	1.14403	-1.58026	-0.155661
6.006	1.5415	-0.811822	1.28937	1.4538	1.144	-1.57994	-0.155661
6.019	1.54201	-0.811729	1.28995	1.45577	1.14394	-1.57959	-0.155661
6.032	1.54228	-0.811532	1.29051	1.45754	1.1439	-1.57922	-0.15566
6.045	1.5424	-0.811289	1.2911	1.45909	1.14381	-1.57883	-0.15566
6.058	1.54239	-0.810982	1.2917	1.46039	1.14381	-1.57841	-0.155661
6.071	1.54228	-0.810604	1.29232	1.46153	1.14381	-1.578	-0.155661
6.084	1.54228	-0.810604	1.29232	1.46153	1.14381	-1.578	-0.155661
6.097	1.54217	-0.810205	1.29296	1.46253	1.14381	-1.5776	-0.15566
6.11	1.54197	-0.809653	1.29384	1.46386	1.14383	-1.57691	-0.15566
6.123	1.54161	-0.809176	1.29468	1.46553	1.14381	-1.57593	-0.15566
6.136	1.54161	-0.808631	1.29535	1.46682	1.14371	-1.57572	-0.15566
6.149	1.54165	-0.808187	1.29603	1.46784	1.14371	-1.57543	-0.15566
6.162	1.54164	-0.807836	1.29671	1.46887	1.14371	-1.57507	-0.155661
6.175	1.54163	-0.807532	1.2974	1.46973	1.14371	-1.57479	-0.15566
6.188	1.54165	-0.807278	1.29803	1.47066	1.14371	-1.5743	-0.15566
6.201	1.54166	-0.807034	1.29865	1.47159	1.14371	-1.57386	-0.15566
6.214	1.54166	-0.807034	1.29865	1.47159	1.14371	-1.57386	-0.15566
6.227	1.54166	-0.806832	1.29929	1.47248	1.14371	-1.5735	-0.155661
6.24	1.54161	-0.806503	1.30015	1.47361	1.14372	-1.57287	-0.155661
6.253	1.54134	-0.806338	1.30121	1.47503	1.14372	-1.57184	-0.15566
6.266	1.54139	-0.806018	1.30199	1.4761	1.14371	-1.57155	-0.15566
6.279	1.54147	-0.805795	1.3028	1.47696	1.14371	-1.57121	-0.15566
6.292	1.54155	-0.805713	1.30357	1.47792	1.14372	-1.57088	-0.155661
6.305	1.54171	-0.805725	1.30421	1.47904	1.14373	-1.57057	-0.155661
6.318	1.54199	-0.805834	1.30469	1.48057	1.14373	-1.57016	-0.15566
6.331	1.54242	-0.806047	1.305	1.48246	1.14372	-1.56965	-0.15566
6.344	1.54301	-0.806406	1.30532	1.48474	1.14372	-1.56915	-0.155661
6.357	1.54301	-0.806406	1.30532	1.48474	1.14372	-1.56915	-0.155661
6.37	1.54374	-0.806872	1.30557	1.48722	1.14372	-1.56878	-0.15566
6.383	1.5444	-0.807298	1.30605	1.49008	1.14372	-1.56812	-0.155661
6.396	1.5448	-0.807878	1.30676	1.49336	1.14372	-1.56685	-0.155661
6.409	1.54557	-0.808262	1.30703	1.49628	1.14372	-1.56631	-0.15566
6.422	1.5464	-0.808795	1.30724	1.49911	1.1437	-1.56591	-0.155661
6.435	1.54713	-0.809405	1.3075	1.50203	1.1437	-1.56536	-0.15566
6.448	1.5479	-0.810029	1.3077	1.50498	1.1437	-1.565	-0.155661
6.461	1.54877	-0.810638	1.30795	1.50785	1.1437	-1.56448	-0.15566
6.474	1.54962	-0.811242	1.30832	1.51075	1.14369	-1.56396	-0.155661
6.487	1.54962	-0.811242	1.30832	1.51075	1.14369	-1.56396	-0.155661
6.5	1.55046	-0.811822	1.30875	1.51354	1.1437	-1.56333	-0.15566
6.513	1.55109	-0.8123	1.30969	1.51668	1.1437	-1.56234	-0.155661
6.526	1.5515	-0.81298	1.31082	1.51999	1.1437	-1.56066	-0.15566
6.539	1.55236	-0.813469	1.31144	1.52296	1.14369	-1.56023	-0.155661
6.552	1.55321	-0.813942	1.31205	1.52569	1.14369	-1.55963	-0.155661
6.565	1.55402	-0.814501	1.31264	1.52848	1.14369	-1.5588	-0.15566
6.578	1.55472	-0.814967	1.31321	1.53097	1.14369	-1.55791	-0.15566
6.591	1.55533	-0.815442	1.31382	1.53323	1.14369	-1.55707	-0.15566
6.604	1.55594	-0.815768	1.31453	1.53535	1.14368	-1.55619	-0.15566
6.617	1.55637	-0.815945	1.3154	1.53713	1.14365	-1.55529	-0.15566
6.63	1.55637	-0.815945	1.3154	1.53713	1.14365	-1.55529	-0.15566
6.643	1.55663	-0.815927	1.31654	1.53852	1.14362	-1.55424	-0.15566
6.656	1.55684	-0.815858	1.3183	1.53974	1.1436	-1.55279	-0.155661
6.669	1.55684	-0.815851	1.32045	1.54073	1.1436	-1.55073	-0.15566
6.682	1.55706	-0.815501	1.32214	1.54135	1.14358	-1.54954	-0.15566
6.695	1.55715	-0.815083	1.32387	1.54174	1.14358	-1.54864	-0.15566
6.708	1.55716	-0.814819	1.32563	1.54206	1.14358	-1.54765	-0.15566
6.721	1.55716	-0.814556	1.32731	1.54222	1.14358	-1.54639	-0.155661
6.734	1.55716	-0.814386	1.32893	1.5424	1.14358	-1.54512	-0.15566
6.747	1.55717	-0.814274	1.33045	1.5426	1.14358	-1.54399	-0.15566
6.76	1.55717	-0.814274	1.33045	1.5426	1.14358	-1.54399	-0.15566
6.773	1.55716	-0.814186	1.33193	1.54283	1.14358	-1.54255	-0.15566
6.786	1.55716	-0.814109	1.33384	1.54315	1.14358	-1.54066	-0.155661
6.799	1.55715	-0.814241	1.33594	1.54355	1.14359	-1.53771	-0.15566
6.812	1.55725	-0.814027	1.33758	1.54377	1.14358	-1.53624	-0.155661
6.825	1.55742	-0.813902	1.33913	1.54397	1.14358	-1.53452	-0.155661
6.838	1.55748	-0.813881	1.34071	1.54419	1.14358	-1.53291	-0.15566
6.851	1.55753	-0.813885	1.34214	1.5443	1.14358	-1.53132	-0.155661
6.864	1.55758	-0.813934	1.34355	1.54452	1.14358	-1.52947	-0.155661
6.877	1.55758	-0.813963	1.34495	1.54467	1.14358	-1.52786	-0.155661
6.89	1.5576	-0.814053	1.34635	1.54491	1.14358	-1.52592	-0.155661
6.903	1.5576	-0.814053	1.34635	1.54491	1.14358	-1.52592	-0.155661
6.916	1.55759	-0.81409	1.34764	1.54513	1.14358	-1.52423	-0.15566
6.929	1.55756	-0.814175	1.34945	1.54558	1.14358	-1.52156	-0.155661
6.942	1.55747	-0.814389	1.35151	1.54618	1.14358	-1.51778	-0.15566
6.955	1.55752	-0.814325	1.35309	1.54655	1.14356	-1.51575	-0.155661
6.968	1.55764	-0.814354	1.35466	1.54696	1.14356	-1.51343	-0.155661
6.981	1.55765	-0.814412	1.3562	1.54737	1.14356	-1.51136	-0.15566
6.994	1.55763	-0.814427	1.35763	1.54768	1.14357	-1.5091	-0.15566
7.007	1.5576	-0.814431	1.35906	1.54811	1.14357	-1.50689	-0.15566
7.02	1.55754	-0.814432	1.36059	1.5485	1.14357	-1.50462	-0.155661
7.033	1.55754	-0.814432	1.36059	1.5485	1.14357	-1.50462	-0.155661
7.046	1.55753	-0.814439	1.36215	1.54895	1.14357	-1.50226	-0.155661
7.059	1.55744	-0.814459	1.36421	1.54974	1.14357	-1.49918	-0.155661
7.072	1.55718	-0.814762	1.36668	1.55079	1.14361	-1.49466	-0.15566
7.085	1.55721	-0.814666	1.36847	1.55148	1.14357	-1.49235	-0.15566
7.098	1.55725	-0.814661	1.37035	1.55212	1.14356	-1.48982	-0.15566
7.111	1.55723	-0.814672	1.37211	1.55282	1.14356	-1.48747	-0.15566
7.124	1.5572	-0.814669	1.37376	1.55336	1.14356	-1.48496	-0.15566
7.137	1.55719	-0.814672	1.37558	1.55409	1.14356	-1.48231	-0.15566
7.15	1.55712	-0.81467	1.37734	1.55475	1.14356	-1.47982	-0.15566
7.163	1.55707	-0.81467	1.37921	1.55546	1.14357	-1.47728	-0.15566
7.176	1.55707	-0.81467	1.37921	1.55546	1.14357	-1.47728	-0.15566
7.189	1.55701	-0.814672	1.38108	1.55618	1.14354	-1.47462	-0.155661
7.202	1.55681	-0.814673	1.38355	1.55722	1.14354	-1.47133	-0.155661
7.215	1.55629	-0.814884	1.38655	1.55857	1.14355	-1.46648	-0.15566
7.228	1.55629	-0.814695	1.38864	1.55947	1.1435	-1.46404	-0.155661
7.241	1.55631	-0.814622	1.39083	1.56018	1.1435	-1.4615	-0.155661
7.254	1.55629	-0.814651	1.39295	1.56103	1.1435	-1.45896	-0.15566
7.267	1.55622	-0.814643	1.3949	1.56171	1.14349	-1.45658	-0.15566
7.28	1.55617	-0.814654	1.39695	1.5625	1.1435	-1.45397	-0.15566
7.293	1.55613	-0.814651	1.3989	1.5632	1.14349	-1.45149	-0.15566
7.306	1.55613	-0.814651	1.3989	1.5632	1.14349	-1.45149	-0.15566
7.319	1.5561	-0.814651	1.40092	1.5639	1.14349	-1.44915	-0.15566
7.332	1.55596	-0.814656	1.40367	1.5649	1.14349	-1.44588	-0.155661
7.345	1.55548	-0.814826	1.40672	1.56622	1.1435	-1.44131	-0.15566
7.358	1.55547	-0.814581	1.40895	1.56708	1.14344	-1.43889	-0.155661
7.371	1.55547	-0.814407	1.41119	1.56773	1.14344	-1.43659	-0.155661
7.384	1.5554	-0.814461	1.41337	1.56844	1.14344	-1.43426	-0.15566
7.397	1.55526	-0.814448	1.41543	1.56908	1.14344	-1.43192	-0.15566
7.41	1.55522	-0.814504	1.41741	1.56972	1.14344	-1.42974	-0.15566
7.423	1.55521	-0.814508	1.41938	1.57036	1.14344	-1.42735	-0.15566
7.436	1.5552	-0.814509	1.42131	1.57101	1.14344	-1.42517	-0.155661
7.449	1.5552	-0.814509	1.42131	1.57101	1.14344	-1.42517	-0.155661
7.462	1.55519	-0.814509	1.42331	1.57164	1.14344	-1.42283	-0.15566
7.475	1.55512	-0.814524	1.42585	1.57249	1.14344	-1.41991	-0.15566
7.488	1.55487	-0.814711	1.4287	1.57361	1.14344	-1.41576	-0.15566
7.501	1.55495	-0.814518	1.43078	1.57434	1.14341	-1.4138	-0.15566
7.514	1.555	-0.814431	1.43285	1.57501	1.1434	-1.41167	-0.155661
7.527	1.55501	-0.814481	1.4348	1.57566	1.1434	-1.40988	-0.155661
7.54	1.55501	-0.814515	1.43663	1.57615	1.1434	-1.40776	-0.15566
7.553	1.55501	-0.814518	1.43835	1.5767	1.1434	-1.40592	-0.15566
7.566	1.55502	-0.814519	1.44003	1.57725	1.1434	-1.40373	-0.15566
7.579	1.55502	-0.814519	1.44003	1.57725	1.1434	-1.40373	-0.15566
7.592	1.55502	-0.814521	1.44169	1.57782	1.1434	-1.40187	-0.15566
7.605	1.55502	-0.814522	1.44338	1.57834	1.1434	-1.3998	-0.155661
7.618	1.555	-0.814532	1.4454	1.57901	1.14339	-1.3975	-0.15566
7.631	1.55498	-0.814741	1.44768	1.57972	1.1434	-1.3939	-0.15566
7.644	1.55516	-0.814634	1.44932	1.5802	1.1434	-1.39217	-0.15566
7.657	1.55539	-0.814602	1.45087	1.58064	1.14339	-1.39056	-0.155661
7.67	1.55553	-0.814631	1.45234	1.58106	1.14339	-1.38879	-0.155661
7.683	1.55565	-0.814625	1.4536	1.58129	1.14339	-1.3872	-0.155661
7.696	1.55584	-0.814637	1.45492	1.58161	1.14339	-1.38543	-0.15566
7.709	1.55597	-0.814632	1.45612	1.58185	1.14339	-1.38375	-0.15566
7.722	1.55597	-0.814632	1.45612	1.58185	1.14339	-1.38375	-0.15566
7.735	1.55613	-0.814634	1.45733	1.58211	1.14339	-1.38215	-0.15566
7.748	1.55627	-0.814665	1.45887	1.58248	1.14339	-1.37994	-0.155661
7.761	1.5564	-0.814787	1.46053	1.58278	1.14339	-1.37701	-0.15566
7.774	1.55672	-0.814687	1.46171	1.58288	1.14338	-1.3755	-0.15566
7.787	1.55716	-0.814691	1.46287	1.58298	1.14338	-1.3739	-0.155661
7.8	1.55744	-0.814689	1.46398	1.58308	1.14338	-1.37235	-0.15566
7.813	1.55772	-0.814689	1.46493	1.58309	1.14338	-1.37092	-0.155661
7.826	1.55805	-0.814693	1.46599	1.58316	1.14338	-1.36918	-0.155661
7.839	1.55831	-0.814689	1.46689	1.58314	1.14338	-1.36768	-0.155661
7.852	1.55831	-0.814689	1.46689	1.58314	1.14338	-1.36768	-0.155661
7.865	1.55862	-0.814692	1.46789	1.58321	1.14338	-1.36608	-0.155661
7.878	1.5589	-0.814691	1.46883	1.58322	1.14338	-1.36444	-0.15566
7.891	1.55926	-0.814697	1.47006	1.58326	1.14337	-1.36237	-0.15566
7.904	1.55964	-0.814807	1.47146	1.58331	1.1434	-1.35925	-0.15566
7.917	1.56007	-0.814709	1.47246	1.58334	1.14338	-1.35742	-0.155661
7.93	1.56064	-0.814687	1.47349	1.58343	1.14338	-1.35576	-0.15566
7.943	1.56115	-0.8147	1.47443	1.58351	1.14338	-1.35411	-0.15566
7.956	1.56167	-0.814698	1.47521	1.5836	1.14338	-1.35227	-0.15566
7.969	1.56216	-0.814698	1.47604	1.5838	1.14338	-1.35065	-0.155661
7.982	1.56277	-0.814702	1.47673	1.58405	1.14338	-1.34874	-0.155661
7.995	1.56277	-0.814702	1.47673	1.58405	1.14338	-1.34874	-0.155661
8.008	1.56338	-0.814719	1.47735	1.58439	1.14338	-1.34708	-0.155661
8.021	1.56417	-0.814886	1.47826	1.58496	1.14338	-1.34455	-0.155661
8.034	1.5651	-0.815253	1.47927	1.58561	1.1434	-1.3411	-0.15566
8.047	1.56615	-0.815371	1.47983	1.58629	1.14339	-1.33922	-0.155661
8.06	1.56725	-0.815515	1.4803	1.58722	1.14339	-1.33705	-0.15566
8.073	1.56835	-0.815759	1.48068	1.58816	1.14339	-1.33525	-0.15566
8.086	1.56951	-0.816049	1.4811	1.58929	1.14339	-1.33313	-0.15566
8.099	1.57078	-0.8164	1.48144	1.59054	1.14339	-1.33122	-0.15566
8.112	1.57211	-0.81674	1.48186	1.59178	1.14339	-1.32906	-0.15566
8.125	1.57211	-0.81674	1.48186	1.59178	1.14339	-1.32906	-0.15566
8.138	1.57346	-0.817144	1.48225	1.5931	1.14339	-1.32707	-0.15566
8.151	1.57495	-0.817559	1.48254	1.59452	1.14339	-1.32481	-0.155661
8.164	1.57651	-0.817999	1.48316	1.59604	1.14338	-1.32211	-0.155661
8.177	1.57815	-0.818753	1.48407	1.59756	1.1434	-1.31815	-0.15566
8.19	1.57988	-0.819147	1.48439	1.599	1.14339	-1.31606	-0.15566
8.203	1.58168	-0.81959	1.48454	1.60063	1.14339	-1.31376	-0.15566
8.216	1.58346	-0.820129	1.48469	1.60232	1.14339	-1.31177	-0.15566
8.229	1.5853	-0.820742	1.48479	1.60397	1.14339	-1.30946	-0.155661
8.242	1.58712	-0.82138	1.48481	1.60567	1.14339	-1.30745	-0.15566
8.255	1.58901	-0.822088	1.4848	1.60735	1.14339	-1.30517	-0.155661
8.268	1.58901	-0.822088	1.4848	1.60735	1.14339	-1.30517	-0.155661
8.281	1.5909	-0.822839	1.48478	1.60914	1.14339	-1.303	-0.15566
8.294	1.59301	-0.823687	1.4849	1.61101	1.14339	-1.30019	-0.155661
8.307	1.59514	-0.824848	1.48521	1.61295	1.14342	-1.29641	-0.155661
8.32	1.59727	-0.825715	1.48517	1.61473	1.14341	-1.29419	-0.155661
8.333	1.59939	-0.826679	1.48507	1.61671	1.14341	-1.29224	-0.15566
8.346	1.60151	-0.827754	1.48503	1.61864	1.14341	-1.29003	-0.15566
8.359	1.60364	-0.828789	1.4849	1.62049	1.14341	-1.2881	-0.15566
8.372	1.60581	-0.829853	1.4848	1.62237	1.14341	-1.28588	-0.155661
8.385	1.60798	-0.830858	1.48461	1.62418	1.14341	-1.28399	-0.15566
8.398	1.60798	-0.830858	1.48461	1.62418	1.14341	-1.28399	-0.15566
8.411	1.61018	-0.831945	1.48443	1.62599	1.14341	-1.28186	-0.15566
8.424	1.61239	-0.833041	1.48417	1.62776	1.14341	-1.27992	-0.155661
8.437	1.61475	-0.834264	1.48415	1.62963	1.14341	-1.27728	-0.15566
8.45	1.61722	-0.835642	1.48414	1.63134	1.14342	-1.27396	-0.15566
8.463	1.61958	-0.836733	1.48386	1.63298	1.14342	-1.27211	-0.15566
8.476	1.62199	-0.837974	1.48341	1.63475	1.14343	-1.2701	-0.15566
8.489	1.6244	-0.839215	1.48286	1.63651	1.14343	-1.26847	-0.155661
8.502	1.6269	-0.840545	1.48225	1.63827	1.14343	-1.26637	-0.15566
8.515	1.62936	-0.841855	1.48161	1.63998	1.14343	-1.26459	-0.15566
8.528	1.6318	-0.843069	1.48105	1.64168	1.14343	-1.26263	-0.15566
8.541	1.6318	-0.843069	1.48105	1.64168	1.14343	-1.26263	-0.15566
8.554	1.63424	-0.844268	1.48038	1.64332	1.14342	-1.26099	-0.155661
8.567	1.63693	-0.845542	1.47987	1.64503	1.14342	-1.25854	-0.15566
8.58	1.6397	-0.846985	1.47944	1.64651	1.14343	-1.25553	-0.15566
8.593	1.64217	-0.848076	1.47888	1.64799	1.14343	-1.25387	-0.15566
8.606	1.64474	-0.849175	1.47815	1.64968	1.14343	-1.25212	-0.15566
8.619	1.64721	-0.850359	1.47743	1.65125	1.14342	-1.25045	-0.155661
8.632	1.64975	-0.85153	1.47654	1.65272	1.14343	-1.2488	-0.155661
8.645	1.65235	-0.852715	1.47571	1.65425	1.14343	-1.24686	-0.155661
8.658	1.65495	-0.853861	1.47485	1.65574	1.14343	-1.24536	-0.15566
8.671	1.65756	-0.855051	1.47398	1.65722	1.14343	-1.24348	-0.155661
8.684	1.65756	-0.855051	1.47398	1.65722	1.14343	-1.24348	-0.155661
8.697	1.66012	-0.856231	1.47301	1.65866	1.14343	-1.24193	-0.155661
8.71	1.66292	-0.857411	1.4721	1.66013	1.14343	-1.2398	-0.155661
8.723	1.66587	-0.858647	1.47128	1.6614	1.14343	-1.23714	-0.15566
8.736	1.66852	-0.859645	1.47045	1.66267	1.14343	-1.23546	-0.15566
8.749	1.67123	-0.860636	1.46947	1.66413	1.14342	-1.23394	-0.15566
8.762	1.67384	-0.861749	1.46857	1.66554	1.14342	-1.23242	-0.15566
8.775	1.67652	-0.862781	1.46763	1.66681	1.14342	-1.23086	-0.15566
8.788	1.6791	-0.86383	1.46667	1.66807	1.14343	-1.22953	-0.155661
8.801	1.68154	-0.864814	1.46588	1.66929	1.14343	-1.22804	-0.155661
8.814	1.68154	-0.864814	1.46588	1.66929	1.14343	-1.22804	-0.155661
8.827	1.68407	-0.865802	1.46493	1.6704	1.14343	-1.22672	-0.155661
8.84	1.68682	-0.86684	1.46396	1.67162	1.14342	-1.22499	-0.15566
8.853	1.68963	-0.868072	1.46306	1.67268	1.14344	-1.22266	-0.15566
8.866	1.69215	-0.869042	1.46231	1.6738	1.14343	-1.22144	-0.15566
8.879	1.69472	-0.870079	1.46139	1.6751	1.14343	-1.21995	-0.15566
8.892	1.69708	-0.871072	1.46051	1.67628	1.14343	-1.21887	-0.15566
8.905	1.69951	-0.872129	1.45955	1.67738	1.14343	-1.21762	-0.15566
8.918	1.70185	-0.873165	1.45871	1.6785	1.14343	-1.2163	-0.15566
8.931	1.70404	-0.874083	1.45797	1.6796	1.14343	-1.21523	-0.15566
8.944	1.70627	-0.875045	1.4571	1.68067	1.14343	-1.21432	-0.155661
8.957	1.70627	-0.875045	1.4571	1.68067	1.14343	-1.21432	-0.155661
8.97	1.70845	-0.876054	1.45629	1.68178	1.14343	-1.21313	-0.15566
8.983	1.71077	-0.877112	1.45554	1.68286	1.14342	-1.21156	-0.15566
8.996	1.71313	-0.878151	1.45489	1.68375	1.14343	-1.20985	-0.15566
9.009	1.71525	-0.879067	1.45431	1.68473	1.14343	-1.20864	-0.155661
9.022	1.71747	-0.87999	1.45362	1.68577	1.14343	-1.20742	-0.155661
9.035	1.71959	-0.880965	1.45296	1.68675	1.14343	-1.20646	-0.15566
9.048	1.72169	-0.881894	1.45238	1.68777	1.14342	-1.20527	-0.15566
9.061	1.72368	-0.882811	1.45186	1.6888	1.14342	-1.20402	-0.155661
9.074	1.72563	-0.883679	1.45135	1.68971	1.14342	-1.20313	-0.15566
9.087	1.72563	-0.883679	1.45135	1.68971	1.14342	-1.20313	-0.15566
9.1	1.72756	-0.884593	1.45086	1.69068	1.14343	-1.20212	-0.15566
9.113	1.72958	-0.885584	1.45047	1.6917	1.14342	-1.20059	-0.15566
9.126	1.73161	-0.886622	1.45019	1.69254	1.14343	-1.1988	-0.15566
9.139	1.73348	-0.887456	1.44987	1.6934	1.14343	-1.19781	-0.15566
9.152	1.73536	-0.888304	1.44951	1.69439	1.14342	-1.19656	-0.155661
9.165	1.73715	-0.889167	1.44916	1.6953	1.14343	-1.19559	-0.15566
9.178	1.73895	-0.890052	1.44879	1.69616	1.14342	-1.19463	-0.15566
9.191	1.7407	-0.890901	1.44855	1.69706	1.14342	-1.1935	-0.15566
9.204	1.74239	-0.891691	1.44836	1.69786	1.14342	-1.19237	-0.155661
9.217	1.74405	-0.89253	1.44816	1.69866	1.14342	-1.19144	-0.155661
9.23	1.74405	-0.89253	1.44816	1.69866	1.14342	-1.19144	-0.155661
9.243	1.74573	-0.893405	1.44794	1.69949	1.14343	-1.19045	-0.15566
9.256	1.74747	-0.894248	1.44788	1.7003	1.14342	-1.18902	-0.155661
9.269	1.74935	-0.89514	1.44789	1.70096	1.14342	-1.18716	-0.15566
9.282	1.75107	-0.895879	1.44784	1.70162	1.14342	-1.1861	-0.155661
9.295	1.75286	-0.896686	1.44774	1.70242	1.14342	-1.18477	-0.155661
9.308	1.75457	-0.897496	1.44767	1.70313	1.14342	-1.18375	-0.155661
9.321	1.75629	-0.89827	1.44757	1.70383	1.14342	-1.18274	-0.155661
9.334	1.758	-0.899031	1.44757	1.70453	1.14342	-1.18152	-0.15566
9.347	1.7596	-0.899712	1.44758	1.70513	1.14342	-1.18036	-0.15566
9.36	1.7596	-0.899712	1.44758	1.70513	1.14342	-1.18036	-0.15566
9.373	1.76125	-0.90041	1.44756	1.70574	1.14342	-1.17934	-0.15566
9.386	1.76298	-0.901185	1.4476	1.70636	1.14342	-1.17797	-0.15566
9.399	1.76478	-0.901969	1.44765	1.70692	1.14342	-1.17596	-0.15566
9.412	1.76643	-0.902562	1.44763	1.70747	1.14342	-1.17493	-0.15566
9.425	1.76812	-0.903259	1.44762	1.70816	1.14342	-1.17361	-0.15566
9.438	1.76979	-0.90393	1.44762	1.70873	1.14342	-1.17243	-0.15566
9.451	1.7715	-0.904575	1.44762	1.70922	1.14342	-1.17135	-0.15566
9.464	1.77327	-0.905262	1.44762	1.70978	1.14342	-1.17016	-0.15566
9.477	1.77487	-0.905819	1.44763	1.71028	1.14342	-1.16891	-0.155661
9.49	1.77649	-0.906393	1.44762	1.71075	1.14342	-1.16777	-0.155661
9.503	1.77649	-0.906393	1.44762	1.71075	1.14342	-1.16777	-0.155661
9.516	1.77814	-0.907039	1.44763	1.71122	1.14342	-1.16658	-0.155661
9.529	1.77994	-0.907624	1.44766	1.71171	1.14342	-1.16498	-0.15566
9.542	1.78178	-0.90828	1.4477	1.71206	1.14342	-1.16303	-0.15566
9.555	1.78353	-0.908797	1.44768	1.71247	1.14342	-1.1617	-0.15566
9.568	1.78531	-0.909393	1.44766	1.71298	1.14342	-1.16031	-0.15566
9.581	1.78702	-0.909984	1.44766	1.71338	1.14342	-1.15929	-0.15566
9.594	1.78884	-0.910575	1.44766	1.71382	1.14342	-1.15797	-0.15566
9.607	1.79056	-0.911156	1.44766	1.71428	1.14342	-1.15668	-0.15566
9.62	1.79224	-0.911697	1.44766	1.71469	1.14342	-1.15567	-0.15566
9.633	1.79224	-0.911697	1.44766	1.71469	1.14342	-1.15567	-0.15566
9.646	1.79393	-0.912317	1.44766	1.71511	1.14342	-1.15448	-0.155661
9.659	1.79575	-0.912887	1.44767	1.71553	1.14342	-1.15282	-0.15566
9.672	1.79763	-0.913505	1.44768	1.71579	1.14342	-1.15096	-0.155661
9.685	1.79941	-0.913933	1.44768	1.71605	1.14342	-1.14967	-0.155661
9.698	1.80113	-0.914424	1.44766	1.71635	1.14342	-1.14843	-0.155661
9.711	1.80277	-0.914936	1.44766	1.71656	1.14342	-1.14741	-0.15566
9.724	1.80441	-0.915434	1.44766	1.71677	1.14342	-1.14608	-0.15566
9.737	1.806	-0.915864	1.44766	1.71704	1.14342	-1.14485	-0.15566
9.75	1.8075	-0.916253	1.44767	1.71729	1.14342	-1.14389	-0.15566
9.763	1.80903	-0.916727	1.44767	1.71756	1.14342	-1.14275	-0.155661
9.776	1.80903	-0.916727	1.44767	1.71756	1.14342	-1.14275	-0.155661
9.789	1.81055	-0.917127	1.44767	1.71788	1.14342	-1.14149	-0.15566
9.802	1.81218	-0.917535	1.44768	1.71819	1.14341	-1.14009	-0.15566
9.815	1.81385	-0.917995	1.44774	1.71837	1.14341	-1.13825	-0.15566
9.828	1.81542	-0.918229	1.44773	1.71852	1.14341	-1.1371	-0.15566
9.841	1.8171	-0.91862	1.4477	1.7187	1.14341	-1.13605	-0.155661
9.854	1.81873	-0.919114	1.4477	1.71877	1.14342	-1.13502	-0.155661
9.867	1.82035	-0.919587	1.4477	1.71878	1.14342	-1.13369	-0.15566
9.88	1.82192	-0.920029	1.4477	1.71878	1.14342	-1.1326	-0.15566
9.893	1.82356	-0.920451	1.44769	1.71878	1.14343	-1.13166	-0.15566
9.906	1.82356	-0.920451	1.44769	1.71878	1.14343	-1.13166	-0.15566
9.919	1.82513	-0.920935	1.4477	1.71878	1.14343	-1.13044	-0.155661
9.932	1.82689	-0.921399	1.44771	1.71878	1.14343	-1.12888	-0.15566
9.945	1.82873	-0.921895	1.44772	1.71874	1.14344	-1.12696	-0.15566
9.958	1.83044	-0.922181	1.44772	1.71874	1.14344	-1.12567	-0.15566
9.971	1.8322	-0.922499	1.44771	1.71877	1.14344	-1.12457	-0.15566
9.984	1.83385	-0.922909	1.44772	1.71877	1.14344	-1.1235	-0.155661
9.997	1.83553	-0.923257	1.44772	1.71877	1.14344	-1.12215	-0.15566
10.01	1.83715	-0.923553	1.44772	1.71876	1.14344	-1.12094	-0.15566
10.023	1.83879	-0.923781	1.44772	1.71876	1.14344	-1.11997	-0.15566
10.036	1.84038	-0.924061	1.44772	1.71876	1.14344	-1.11879	-0.15566
10.049	1.84038	-0.924061	1.44772	1.71876	1.14344	-1.11879	-0.15566
10.062	1.84191	-0.924364	1.44772	1.71874	1.14344	-1.11751	-0.15566
10.075	1.84357	-0.924717	1.44773	1.71863	1.14344	-1.11619	-0.15566
10.088	1.84525	-0.92513	1.44777	1.71839	1.14345	-1.11418	-0.15566
10.101	1.84671	-0.925315	1.44774	1.71813	1.14345	-1.113	-0.155661
10.114	1.84811	-0.925701	1.44772	1.71798	1.14345	-1.1118	-0.15566
10.127	1.8494	-0.926035	1.44772	1.71781	1.14345	-1.11062	-0.15566
10.14	1.85048	-0.926373	1.44772	1.71763	1.14345	-1.10937	-0.155661
10.153	1.85147	-0.926785	1.44771	1.71742	1.14345	-1.10836	-0.155661
10.166	1.85218	-0.927126	1.44771	1.71714	1.14345	-1.10735	-0.155661
10.179	1.85218	-0.927126	1.44771	1.71714	1.14345	-1.10735	-0.155661
10.192	1.85284	-0.927537	1.44763	1.71682	1.14345	-1.10609	-0.155661
10.205	1.85352	-0.928071	1.44756	1.71637	1.14346	-1.10483	-0.15566
10.218	1.85423	-0.92877	1.44757	1.71576	1.14347	-1.10292	-0.15566
10.231	1.85481	-0.92917	1.44756	1.71527	1.1435	-1.1016	-0.15566
10.244	1.85527	-0.929588	1.44748	1.71492	1.1435	-1.10061	-0.15566
10.257	1.85567	-0.930055	1.44746	1.71458	1.1435	-1.09957	-0.15566
10.27	1.8561	-0.930489	1.4474	1.71422	1.1435	-1.09836	-0.15566
10.283	1.85651	-0.930883	1.4474	1.71388	1.1435	-1.09738	-0.15566
10.296	1.85697	-0.93125	1.44741	1.71348	1.1435	-1.0965	-0.15566
10.309	1.85754	-0.931632	1.44741	1.71303	1.1435	-1.0955	-0.155661
10.322	1.85754	-0.931632	1.44741	1.71303	1.1435	-1.0955	-0.155661
10.335	1.85823	-0.93201	1.44741	1.71259	1.1435	-1.09427	-0.155661
10.348	1.85904	-0.932359	1.44747	1.71208	1.1435	-1.09309	-0.155661
10.361	1.86008	-0.932678	1.44752	1.71142	1.14352	-1.09146	-0.15566
10.374	1.86108	-0.932819	1.44753	1.71087	1.14356	-1.09019	-0.15566
10.387	1.86218	-0.933003	1.44752	1.71052	1.14355	-1.08919	-0.15566
10.4	1.86319	-0.933205	1.44755	1.71016	1.14356	-1.08833	-0.155661
10.413	1.86419	-0.933298	1.44755	1.70981	1.14355	-1.08734	-0.15566
10.426	1.86519	-0.933426	1.44756	1.7095	1.14355	-1.08626	-0.15566
10.439	1.86623	-0.933471	1.44757	1.70915	1.14355	-1.0855	-0.15566
10.452	1.86623	-0.933471	1.44757	1.70915	1.14355	-1.0855	-0.15566
10.465	1.86732	-0.933626	1.44757	1.70875	1.14355	-1.08462	-0.155661
10.478	1.86851	-0.933763	1.44762	1.70833	1.14355	-1.08344	-0.15566
10.491	1.86973	-0.933946	1.44768	1.7078	1.14356	-1.0818	-0.155661
10.504	1.87086	-0.933964	1.44769	1.7073	1.14356	-1.08103	-0.15566
10.517	1.87191	-0.934066	1.44769	1.70695	1.14356	-1.08018	-0.15566
10.53	1.87292	-0.934135	1.4477	1.70655	1.14356	-1.07935	-0.15566
10.543	1.87388	-0.934206	1.4477	1.70611	1.14356	-1.07842	-0.15566
10.556	1.87482	-0.934225	1.4477	1.70565	1.14356	-1.07776	-0.15566
10.569	1.87575	-0.934234	1.4477	1.70516	1.14356	-1.07712	-0.15566
10.582	1.87661	-0.934244	1.44771	1.7047	1.14356	-1.0764	-0.15566
10.595	1.87661	-0.934244	1.44771	1.7047	1.14356	-1.0764	-0.15566
10.608	1.87754	-0.934278	1.44771	1.70429	1.14356	-1.07549	-0.15566
10.621	1.87846	-0.934305	1.44773	1.7038	1.14356	-1.07451	-0.15566
10.634	1.87945	-0.934322	1.44776	1.70319	1.14356	-1.07345	-0.155661
10.647	1.88035	-0.934322	1.44778	1.70261	1.14356	-1.07286	-0.155661
10.66	1.88126	-0.934322	1.44779	1.70216	1.14356	-1.07216	-0.155661
10.673	1.88216	-0.934348	1.44779	1.70165	1.14356	-1.07137	-0.15566
10.686	1.88298	-0.934346	1.44779	1.70108	1.14356	-1.07066	-0.15566
10.699	1.88385	-0.934348	1.44779	1.70053	1.14356	-1.07009	-0.15566
10.712	1.88469	-0.934346	1.44779	1.69997	1.14356	-1.06957	-0.15566
10.725	1.88469	-0.934346	1.44779	1.69997	1.14356	-1.06957	-0.15566
10.738	1.88557	-0.934346	1.4478	1.69943	1.14356	-1.06898	-0.15566
10.751	1.88658	-0.934381	1.4478	1.69881	1.14356	-1.06817	-0.15566
10.764	1.88759	-0.934417	1.44782	1.69808	1.14356	-1.06706	-0.15566
10.777	1.88864	-0.934415	1.44781	1.69746	1.14356	-1.06636	-0.15566
10.79	1.8896	-0.934437	1.44781	1.69694	1.14356	-1.06584	-0.15566
10.803	1.89063	-0.93445	1.44781	1.69637	1.14356	-1.06531	-0.155661
10.816	1.89163	-0.934448	1.44781	1.6958	1.14356	-1.0647	-0.155661
10.829	1.89268	-0.934447	1.44781	1.69528	1.14356	-1.06411	-0.155661
10.842	1.89369	-0.934448	1.44781	1.69471	1.14356	-1.06347	-0.15566
10.855	1.89477	-0.934452	1.4478	1.69412	1.14356	-1.06286	-0.15566
10.868	1.89477	-0.934452	1.4478	1.69412	1.14356	-1.06286	-0.15566
10.881	1.8958	-0.934502	1.4478	1.69353	1.14356	-1.0623	-0.15566
10.894	1.89696	-0.934502	1.44781	1.69294	1.14356	-1.06174	-0.15566
10.907	1.8982	-0.934524	1.44781	1.69224	1.14357	-1.06088	-0.155661
10.92	1.89943	-0.934518	1.44782	1.6916	1.14357	-1.06023	-0.15566
10.933	1.90056	-0.93452	1.44781	1.69109	1.14357	-1.05958	-0.15566
10.946	1.90175	-0.934525	1.44781	1.69049	1.14357	-1.05902	-0.15566
10.959	1.90285	-0.934526	1.44781	1.6899	1.14357	-1.05845	-0.15566
10.972	1.90401	-0.934526	1.44781	1.68933	1.14357	-1.05803	-0.155661
10.985	1.90508	-0.934524	1.44781	1.68875	1.14357	-1.05759	-0.155661
10.998	1.90508	-0.934524	1.44781	1.68875	1.14357	-1.05759	-0.155661
11.011	1.9063	-0.934528	1.44781	1.68816	1.14357	-1.05708	-0.15566
11.024	1.90753	-0.934535	1.44781	1.68749	1.14357	-1.05635	-0.15566
11.037	1.90888	-0.934594	1.44781	1.68667	1.14357	-1.05517	-0.15566
11.05	1.91015	-0.934579	1.44781	1.68594	1.14357	-1.05456	-0.15566
11.063	1.91135	-0.93458	1.44781	1.68536	1.14357	-1.0541	-0.155661
11.076	1.91258	-0.934581	1.44781	1.68473	1.14357	-1.05361	-0.15566
11.089	1.9137	-0.93458	1.44781	1.68407	1.14357	-1.05305	-0.15566
11.102	1.91494	-0.93458	1.44781	1.68341	1.14357	-1.05243	-0.15566
11.115	1.91608	-0.934579	1.44784	1.68273	1.14357	-1.0517	-0.155661
11.128	1.9173	-0.93458	1.44784	1.68205	1.14357	-1.05107	-0.155661
11.141	1.9173	-0.93458	1.44784	1.68205	1.14357	-1.05107	-0.155661
11.154	1.91846	-0.934579	1.44784	1.68136	1.14357	-1.05054	-0.15566
11.167	1.91975	-0.93458	1.44785	1.68064	1.14357	-1.04985	-0.15566
11.18	1.92113	-0.934579	1.44788	1.67983	1.14357	-1.0488	-0.15566
11.193	1.92243	-0.934579	1.44795	1.67906	1.14357	-1.04794	-0.15566
11.206	1.92376	-0.93458	1.44798	1.67841	1.14357	-1.04714	-0.15566
11.219	1.92495	-0.934579	1.448	1.67774	1.14357	-1.04656	-0.15566
11.232	1.92622	-0.93458	1.448	1.67706	1.14357	-1.04592	-0.15566
11.245	1.92741	-0.934579	1.44801	1.67638	1.14357	-1.0453	-0.15566
11.258	1.92859	-0.934579	1.44802	1.6757	1.14357	-1.04453	-0.15566
11.271	1.92859	-0.934579	1.44802	1.6757	1.14357	-1.04453	-0.15566
11.284	1.92978	-0.93458	1.44802	1.67499	1.14357	-1.04372	-0.15566
11.297	1.93104	-0.934579	1.44804	1.6742	1.14357	-1.04279	-0.15566
11.31	1.93246	-0.934581	1.44806	1.67333	1.14357	-1.04179	-0.15566
11.323	1.93367	-0.934579	1.44808	1.67259	1.14357	-1.04103	-0.15566
11.336	1.93487	-0.934579	1.44809	1.67198	1.14357	-1.04024	-0.15566
11.349	1.93601	-0.934579	1.44815	1.67129	1.14357	-1.03949	-0.15566
11.362	1.93722	-0.934579	1.44815	1.67055	1.14357	-1.03877	-0.15566
11.375	1.93838	-0.934579	1.44815	1.66984	1.14357	-1.03819	-0.15566
11.388	1.93947	-0.934579	1.44818	1.66916	1.14357	-1.03757	-0.15566
11.401	1.94057	-0.934579	1.44822	1.66852	1.14357	-1.03684	-0.15566
11.414	1.94057	-0.934579	1.44822	1.66852	1.14357	-1.03684	-0.15566
11.427	1.94168	-0.934579	1.44823	1.66786	1.14357	-1.03598	-0.15566
11.44	1.94293	-0.934579	1.44826	1.66711	1.14357	-1.03505	-0.15566
11.453	1.9442	-0.934579	1.44831	1.66624	1.14357	-1.03404	-0.15566
11.466	1.94549	-0.934579	1.44835	1.6655	1.14357	-1.03331	-0.155661
11.479	1.94665	-0.934579	1.4484	1.6649	1.14357	-1.03255	-0.155661
11.492	1.94781	-0.934579	1.44841	1.66424	1.14357	-1.03172	-0.15566
11.505	1.94891	-0.934579	1.4484	1.66353	1.14357	-1.03099	-0.15566
11.518	1.95001	-0.934579	1.4484	1.66276	1.14357	-1.03046	-0.15566
11.531	1.95105	-0.934579	1.4484	1.66203	1.14357	-1.02982	-0.15566
11.544	1.95105	-0.934579	1.4484	1.66203	1.14357	-1.02982	-0.15566
11.557	1.95212	-0.93458	1.4484	1.66133	1.14357	-1.02908	-0.155661
11.57	1.95324	-0.93458	1.4484	1.66057	1.14357	-1.02805	-0.155661
11.583	1.95444	-0.93458	1.4484	1.65961	1.14358	-1.02692	-0.15566
11.596	1.95557	-0.934579	1.4484	1.65876	1.14358	-1.02629	-0.15566
11.609	1.95667	-0.93458	1.4484	1.65806	1.14357	-1.0256	-0.15566
11.622	1.95771	-0.934579	1.4484	1.6573	1.14357	-1.02496	-0.15566
11.635	1.95879	-0.93458	1.4484	1.65654	1.14357	-1.02406	-0.15566
11.648	1.95978	-0.934579	1.4484	1.65581	1.14357	-1.02337	-0.15566
11.661	1.96081	-0.934579	1.4484	1.65498	1.14357	-1.02285	-0.15566
11.674	1.96175	-0.934579	1.44841	1.6542	1.14358	-1.02238	-0.15566
11.687	1.96175	-0.934579	1.44841	1.6542	1.14358	-1.02238	-0.15566
11.7	1.96274	-0.934579	1.4484	1.65347	1.14357	-1.02172	-0.15566
11.713	1.96377	-0.934579	1.44845	1.65268	1.14357	-1.02092	-0.15566
11.726	1.96501	-0.934579	1.44847	1.65171	1.14358	-1.01977	-0.155661
11.739	1.96603	-0.934579	1.44852	1.65083	1.14358	-1.01916	-0.15566
11.752	1.96713	-0.934579	1.44852	1.65015	1.14358	-1.01864	-0.15566
11.765	1.96806	-0.934579	1.44852	1.64941	1.14358	-1.0182	-0.15566
11.778	1.96909	-0.934579	1.44851	1.64867	1.14358	-1.01752	-0.15566
11.791	1.97002	-0.934578	1.44852	1.64792	1.14358	-1.01692	-0.15566
11.804	1.97099	-0.934579	1.44853	1.64714	1.14357	-1.01628	-0.15566
11.817	1.97099	-0.934579	1.44853	1.64714	1.14357	-1.01628	-0.15566
11.83	1.97192	-0.934579	1.44853	1.64639	1.14358	-1.01576	-0.15566
11.843	1.97296	-0.934579	1.44851	1.64556	1.14357	-1.01514	-0.15566
11.856	1.97408	-0.934579	1.44852	1.64459	1.14358	-1.01433	-0.15566
11.869	1.97509	-0.934574	1.44855	1.64373	1.14358	-1.01385	-0.15566
11.882	1.97613	-0.934575	1.44858	1.64304	1.14357	-1.01334	-0.155661
11.895	1.97707	-0.934575	1.4486	1.6423	1.14357	-1.01289	-0.155661
11.908	1.97811	-0.934575	1.4486	1.64157	1.14357	-1.01223	-0.155661
11.921	1.97902	-0.934575	1.4486	1.64088	1.14357	-1.0118	-0.155661
11.934	1.98003	-0.934575	1.44859	1.64019	1.14357	-1.01137	-0.155661
11.947	1.98098	-0.934575	1.44859	1.63947	1.14357	-1.01108	-0.15566
11.96	1.98098	-0.934575	1.44859	1.63947	1.14357	-1.01108	-0.15566
11.973	1.98199	-0.934575	1.4486	1.63877	1.14357	-1.01066	-0.15566
11.986	1.9831	-0.934575	1.44861	1.63799	1.14356	-1.01024	-0.15566
11.999	1.98436	-0.934575	1.4486	1.63705	1.14357	-1.00956	-0.15566
12.012	1.98545	-0.934575	1.44866	1.63623	1.14357	-1.00902	-0.15566
12.025	1.98659	-0.934574	1.44867	1.63556	1.14356	-1.00853	-0.15566
12.038	1.98763	-0.934574	1.44868	1.63482	1.14356	-1.00809	-0.15566
12.051	1.98872	-0.934574	1.44868	1.6341	1.14356	-1.00757	-0.155661
12.064	1.98972	-0.934574	1.4487	1.63338	1.14356	-1.00734	-0.15566
12.077	1.99076	-0.934571	1.44872	1.63266	1.14356	-1.00706	-0.15566
12.09	1.99076	-0.934571	1.44872	1.63266	1.14356	-1.00706	-0.15566
12.103	1.99178	-0.934571	1.44872	1.63196	1.14356	-1.00683	-0.15566
12.116	1.99295	-0.934562	1.4487	1.63113	1.14355	-1.00654	-0.15566
12.129	1.99415	-0.934561	1.44871	1.63013	1.14356	-1.00616	-0.15566
12.142	1.99528	-0.934529	1.44875	1.6293	1.14356	-1.00581	-0.15566
12.155	1.99635	-0.93453	1.44875	1.62866	1.14356	-1.00556	-0.15566
12.168	1.99743	-0.93453	1.44875	1.6279	1.14356	-1.0054	-0.15566
12.181	1.99848	-0.934532	1.44874	1.62716	1.14356	-1.00511	-0.15566
12.194	1.99953	-0.93453	1.44874	1.62642	1.14356	-1.00485	-0.15566
12.207	2.00054	-0.934532	1.44874	1.62568	1.14356	-1.00463	-0.15566
12.22	2.00154	-0.934532	1.44872	1.62499	1.14356	-1.0044	-0.155661
12.233	2.00154	-0.934532	1.44872	1.62499	1.14356	-1.0044	-0.155661
12.246	2.00252	-0.934532	1.44872	1.6243	1.14356	-1.00414	-0.15566
12.259	2.00369	-0.934502	1.4487	1.62344	1.14355	-1.00391	-0.15566
12.272	2.00492	-0.934501	1.44867	1.62239	1.14356	-1.00369	-0.15566
12.285	2.00605	-0.934496	1.44868	1.62156	1.14356	-1.00361	-0.15566
12.298	2.00712	-0.934498	1.44867	1.62094	1.14356	-1.00352	-0.15566
12.311	2.00821	-0.934501	1.44866	1.6202	1.14356	-1.00351	-0.15566
12.324	2.00927	-0.934501	1.44866	1.61949	1.14356	-1.00342	-0.15566
12.337	2.01031	-0.9345	1.44866	1.6188	1.14356	-1.00341	-0.15566
12.35	2.01133	-0.9345	1.44866	1.61809	1.14356	-1.00339	-0.15566
12.363	2.01133	-0.9345	1.44866	1.61809	1.14356	-1.00339	-0.15566
12.376	2.01237	-0.934501	1.44865	1.61743	1.14356	-1.00339	-0.15566
12.389	2.01345	-0.934501	1.44864	1.61666	1.14355	-1.00335	-0.15566
12.402	2.01466	-0.9345	1.44864	1.61568	1.14356	-1.00334	-0.155661
12.415	2.01579	-0.9345	1.44865	1.61486	1.14356	-1.0033	-0.15566
12.428	2.01686	-0.934501	1.44865	1.61427	1.14356	-1.0033	-0.15566
12.441	2.01789	-0.934501	1.44864	1.61364	1.14356	-1.00329	-0.15566
12.454	2.01896	-0.934502	1.44864	1.61302	1.14356	-1.00327	-0.15566
12.467	2.02001	-0.934502	1.44864	1.61236	1.14356	-1.00326	-0.15566
12.48	2.02108	-0.934502	1.44864	1.61171	1.14356	-1.00326	-0.15566
12.493	2.02214	-0.934502	1.44864	1.61112	1.14356	-1.00324	-0.15566
12.506	2.02214	-0.934502	1.44864	1.61112	1.14356	-1.00324	-0.15566
12.519	2.02325	-0.934502	1.44864	1.61057	1.14356	-1.00325	-0.15566
12.532	2.02447	-0.934502	1.44863	1.60988	1.14356	-1.00324	-0.15566
12.545	2.02582	-0.934503	1.44862	1.60908	1.14356	-1.00322	-0.155661
12.558	2.02706	-0.934502	1.44863	1.60845	1.14356	-1.00315	-0.15566
12.571	2.0284	-0.934503	1.44863	1.60795	1.14356	-1.00313	-0.15566
12.584	2.02957	-0.934503	1.44863	1.60746	1.14356	-1.00313	-0.15566
12.597	2.03078	-0.934503	1.44862	1.60701	1.14356	-1.0031	-0.15566
12.61	2.03194	-0.934503	1.44862	1.60653	1.14356	-1.0031	-0.15566
12.623	2.03311	-0.934505	1.44862	1.60608	1.14356	-1.00308	-0.15566
12.636	2.03311	-0.934505	1.44862	1.60608	1.14356	-1.00308	-0.15566
12.649	2.03427	-0.934505	1.44862	1.60566	1.14356	-1.00305	-0.15566
12.662	2.03549	-0.934503	1.44861	1.60513	1.14356	-1.00296	-0.15566
12.675	2.03682	-0.934505	1.44861	1.60444	1.14356	-1.00291	-0.15566
12.688	2.03803	-0.934505	1.44861	1.60389	1.14356	-1.00282	-0.15566
12.701	2.03931	-0.934506	1.44861	1.60349	1.14356	-1.00276	-0.155661
12.714	2.04043	-0.934505	1.44861	1.60301	1.14356	-1.00275	-0.155661
12.727	2.04163	-0.934507	1.4486	1.60254	1.14356	-1.00265	-0.155661
12.74	2.04283	-0.934507	1.4486	1.60208	1.14356	-1.00254	-0.15566
12.753	2.04403	-0.934507	1.4486	1.60158	1.14356	-1.00243	-0.15566
12.766	2.04523	-0.934507	1.4486	1.6011	1.14356	-1.00238	-0.15566
12.779	2.04523	-0.934507	1.4486	1.6011	1.14356	-1.00238	-0.15566
12.792	2.0464	-0.934507	1.4486	1.60065	1.14356	-1.00226	-0.15566
12.805	2.04768	-0.934507	1.4486	1.60009	1.14356	-1.00209	-0.15566
12.818	2.04892	-0.934507	1.4486	1.59947	1.14356	-1.00185	-0.15566
12.831	2.0502	-0.934507	1.4486	1.59897	1.14356	-1.00164	-0.15566
12.844	2.05135	-0.934507	1.4486	1.59854	1.14356	-1.00148	-0.15566
12.857	2.05256	-0.934507	1.4486	1.59806	1.14356	-1.00135	-0.15566
12.87	2.0537	-0.934509	1.4486	1.5976	1.14356	-1.00115	-0.15566
12.883	2.05486	-0.934515	1.4486	1.59712	1.14356	-1.00089	-0.155661
12.896	2.05601	-0.934514	1.4486	1.5966	1.14356	-1.00067	-0.15566
12.909	2.05601	-0.934514	1.4486	1.5966	1.14356	-1.00067	-0.15566
12.922	2.05715	-0.934515	1.4486	1.59609	1.14356	-1.00042	-0.15566
12.935	2.05832	-0.934514	1.4486	1.59554	1.14356	-1.00012	-0.15566
12.948	2.05948	-0.934541	1.44859	1.59485	1.14357	-0.999746	-0.15566
12.961	2.06062	-0.934565	1.44857	1.59419	1.14357	-0.999542	-0.15566
12.974	2.0617	-0.934649	1.44854	1.59362	1.14358	-0.999289	-0.15566
12.987	2.06276	-0.934708	1.44851	1.59297	1.14358	-0.999134	-0.15566
13	2.06378	-0.934806	1.44848	1.59223	1.14358	-0.998933	-0.15566
13.013	2.06477	-0.934896	1.44845	1.59152	1.14358	-0.998747	-0.15566
13.026	2.0657	-0.935052	1.44838	1.59075	1.14359	-0.998543	-0.15566
13.039	2.06663	-0.93525	1.44832	1.59001	1.1436	-0.998248	-0.15566
13.052	2.06663	-0.93525	1.44832	1.59001	1.1436	-0.998248	-0.15566
13.065	2.06756	-0.935456	1.44821	1.58922	1.14362	-0.997936	-0.15566
13.078	2.06842	-0.935662	1.44815	1.5884	1.14364	-0.997583	-0.15566
13.091	2.06941	-0.935888	1.44807	1.58758	1.14365	-0.996903	-0.15566
13.104	2.07028	-0.93611	1.44802	1.5868	1.14368	-0.996557	-0.15566
13.117	2.07119	-0.936388	1.44789	1.58608	1.14373	-0.996223	-0.15566
13.13	2.07209	-0.936702	1.44775	1.58531	1.14377	-0.995925	-0.15566
13.143	2.07294	-0.936991	1.4476	1.58444	1.14379	-0.995693	-0.155661
13.156	2.07385	-0.937329	1.44745	1.58358	1.14387	-0.995385	-0.155661
13.169	2.07473	-0.937656	1.44732	1.5827	1.144	-0.995122	-0.15566
13.182	2.07473	-0.937656	1.44732	1.5827	1.144	-0.995122	-0.15566
13.195	2.07568	-0.93801	1.44714	1.58188	1.1441	-0.994817	-0.15566
13.208	2.07664	-0.938402	1.44696	1.58099	1.1442	-0.994522	-0.155661
13.221	2.07762	-0.938825	1.4468	1.58003	1.14438	-0.994	-0.15566
13.234	2.07865	-0.93927	1.44652	1.57908	1.14464	-0.993612	-0.15566
13.247	2.07958	-0.939734	1.44631	1.57823	1.14482	-0.993135	-0.15566
13.26	2.08055	-0.940198	1.44609	1.57734	1.14501	-0.992685	-0.15566
13.273	2.08146	-0.940636	1.44586	1.57645	1.14524	-0.992351	-0.15566
13.286	2.08248	-0.941106	1.44558	1.57561	1.14557	-0.992017	-0.15566
13.299	2.08344	-0.941596	1.44526	1.5748	1.14603	-0.991769	-0.15566
13.312	2.08444	-0.942118	1.44496	1.57404	1.14643	-0.991468	-0.15566
13.325	2.08444	-0.942118	1.44496	1.57404	1.14643	-0.991468	-0.15566
13.338	2.08542	-0.942664	1.44469	1.57327	1.14663	-0.991159	-0.155661
13.351	2.0865	-0.943158	1.44443	1.57245	1.14677	-0.990774	-0.15566
13.364	2.08759	-0.943684	1.44414	1.57159	1.14688	-0.990132	-0.155661
13.377	2.08866	-0.944157	1.44391	1.57085	1.14696	-0.98967	-0.15566
13.39	2.08974	-0.944666	1.44362	1.57012	1.14704	-0.989232	-0.155661
13.403	2.09081	-0.945195	1.44333	1.56939	1.14716	-0.988879	-0.155661
13.416	2.09187	-0.945745	1.443	1.56864	1.14722	-0.988405	-0.15566
13.429	2.09287	-0.94626	1.44279	1.56797	1.14724	-0.987994	-0.15566
13.442	2.09394	-0.946743	1.44253	1.56727	1.14728	-0.987727	-0.15566
13.455	2.09394	-0.946743	1.44253	1.56727	1.14728	-0.987727	-0.15566
13.468	2.09495	-0.947224	1.44232	1.56666	1.14734	-0.987406	-0.15566
13.481	2.096	-0.94765	1.44209	1.56605	1.14734	-0.987019	-0.15566
13.494	2.09702	-0.94806	1.44191	1.56542	1.14734	-0.986513	-0.15566
13.507	2.09813	-0.948451	1.4417	1.56481	1.14735	-0.986092	-0.15566
13.52	2.09912	-0.94884	1.4415	1.56427	1.14735	-0.985799	-0.15566
13.533	2.1002	-0.949226	1.44124	1.56372	1.14735	-0.985453	-0.15566
13.546	2.10119	-0.949581	1.44103	1.56315	1.14735	-0.985063	-0.15566
13.559	2.10231	-0.94996	1.44082	1.56259	1.14734	-0.984722	-0.15566
13.572	2.1033	-0.950337	1.4407	1.562	1.14734	-0.984394	-0.15566
13.585	2.10435	-0.9507	1.44055	1.56136	1.14735	-0.984089	-0.15566
13.598	2.10435	-0.9507	1.44055	1.56136	1.14735	-0.984089	-0.15566
13.611	2.10533	-0.95106	1.4404	1.56067	1.14735	-0.98391	-0.15566
13.624	2.10639	-0.951427	1.44021	1.55993	1.14736	-0.983675	-0.15566
13.637	2.10739	-0.951817	1.44003	1.5591	1.14739	-0.983309	-0.15566
13.65	2.10835	-0.95213	1.43989	1.55835	1.14743	-0.98301	-0.15566
13.663	2.10932	-0.95246	1.4397	1.55765	1.14744	-0.982768	-0.15566
13.676	2.11026	-0.95276	1.43956	1.5569	1.14744	-0.982623	-0.15566
13.689	2.11122	-0.953117	1.43934	1.55611	1.14745	-0.982366	-0.15566
13.702	2.11203	-0.953438	1.4392	1.55534	1.14746	-0.982116	-0.15566
13.715	2.11294	-0.953741	1.43903	1.55458	1.14748	-0.981858	-0.15566
13.728	2.11294	-0.953741	1.43903	1.55458	1.14748	-0.981858	-0.15566
13.741	2.11387	-0.954082	1.43886	1.5538	1.14751	-0.981616	-0.15566
13.754	2.11488	-0.954371	1.43868	1.55299	1.14752	-0.981287	-0.15566
13.767	2.1159	-0.95467	1.43849	1.55211	1.14753	-0.980865	-0.15566
13.78	2.11688	-0.954931	1.43835	1.55136	1.14757	-0.980551	-0.15566
13.793	2.1179	-0.955277	1.43811	1.55064	1.1476	-0.980266	-0.15566
13.806	2.11881	-0.95561	1.43791	1.5499	1.14764	-0.980094	-0.15566
13.819	2.11984	-0.955989	1.43763	1.54914	1.14765	-0.979939	-0.15566
13.832	2.12075	-0.956335	1.43736	1.54837	1.14767	-0.979818	-0.15566
13.845	2.12174	-0.956658	1.43701	1.54762	1.14768	-0.979632	-0.15566
13.858	2.12265	-0.957007	1.43676	1.54691	1.1477	-0.979452	-0.15566
13.871	2.12265	-0.957007	1.43676	1.54691	1.1477	-0.979452	-0.15566
13.884	2.12359	-0.957358	1.43653	1.54627	1.1477	-0.979278	-0.15566
13.897	2.12456	-0.957674	1.43628	1.54556	1.14769	-0.979118	-0.15566
13.91	2.12557	-0.957949	1.43607	1.54479	1.14769	-0.978869	-0.15566
13.923	2.12656	-0.958234	1.43586	1.54415	1.14769	-0.978594	-0.15566
13.936	2.12747	-0.958464	1.43574	1.54362	1.14768	-0.978351	-0.15566
13.949	2.12844	-0.95868	1.43559	1.54308	1.14768	-0.978161	-0.15566
13.962	2.12932	-0.958866	1.4355	1.54257	1.14768	-0.977957	-0.15566
13.975	2.13025	-0.959028	1.43541	1.54203	1.14767	-0.977737	-0.15566
13.988	2.13113	-0.959184	1.43534	1.54146	1.14767	-0.977529	-0.15566
14.001	2.13113	-0.959184	1.43534	1.54146	1.14767	-0.977529	-0.15566
14.014	2.13199	-0.959316	1.4353	1.54091	1.14767	-0.977338	-0.15566
14.027	2.13295	-0.959464	1.43522	1.54028	1.14767	-0.977118	-0.15566
14.04	2.13386	-0.959589	1.43514	1.53957	1.14767	-0.976873	-0.15566
14.053	2.13478	-0.959706	1.43509	1.53894	1.14767	-0.976583	-0.15566
14.066	2.13563	-0.959841	1.43505	1.53835	1.14767	-0.976384	-0.15566
14.079	2.13651	-0.959979	1.435	1.53775	1.14767	-0.976254	-0.15566
14.092	2.13741	-0.960155	1.43494	1.53712	1.14767	-0.976153	-0.15566
14.105	2.13819	-0.960283	1.43493	1.53652	1.14767	-0.976075	-0.15566
14.118	2.13904	-0.960394	1.43488	1.536	1.14767	-0.975932	-0.15566
14.131	2.13988	-0.960489	1.43487	1.53546	1.14766	-0.975819	-0.15566
14.144	2.13988	-0.960489	1.43487	1.53546	1.14766	-0.975819	-0.15566
14.157	2.14075	-0.960552	1.43487	1.53495	1.14766	-0.975695	-0.15566
14.17	2.14169	-0.960657	1.43482	1.53436	1.14766	-0.975531	-0.15566
14.183	2.14257	-0.960733	1.4348	1.53368	1.14766	-0.975347	-0.15566
14.196	2.14347	-0.960782	1.4348	1.53316	1.14766	-0.975156	-0.15566
14.209	2.14431	-0.96086	1.4348	1.53266	1.14766	-0.975054	-0.15566
14.222	2.14516	-0.960917	1.4348	1.53217	1.14766	-0.974949	-0.15566
14.235	2.14602	-0.961013	1.43478	1.53166	1.14766	-0.974749	-0.15566
14.248	2.14676	-0.961053	1.43479	1.53114	1.14766	-0.974613	-0.15566
14.261	2.14757	-0.961086	1.4348	1.53067	1.14766	-0.974388	-0.15566
14.274	2.14757	-0.961086	1.4348	1.53067	1.14766	-0.974388	-0.15566
14.287	2.14835	-0.961122	1.4348	1.53015	1.14766	-0.974262	-0.15566
14.3	2.14911	-0.961138	1.43481	1.52959	1.14765	-0.974113	-0.15566
14.313	2.14993	-0.961182	1.43481	1.52899	1.14765	-0.973856	-0.15566
14.326	2.15071	-0.96119	1.43482	1.52843	1.14765	-0.973651	-0.15566
14.339	2.15145	-0.961199	1.43482	1.52801	1.14765	-0.973403	-0.15566
14.352	2.15221	-0.961218	1.43482	1.52756	1.14765	-0.973188	-0.15566
14.365	2.15297	-0.961224	1.43483	1.52709	1.14765	-0.972968	-0.15566
14.378	2.1537	-0.961206	1.43483	1.52666	1.14765	-0.972804	-0.15566
14.391	2.1544	-0.961211	1.43484	1.52622	1.14765	-0.972648	-0.15566
14.404	2.15509	-0.961219	1.43484	1.52578	1.14764	-0.972492	-0.15566
14.417	2.15509	-0.961219	1.43484	1.52578	1.14764	-0.972492	-0.15566
14.43	2.15574	-0.961215	1.43484	1.52538	1.14764	-0.972322	-0.15566
14.443	2.15645	-0.961219	1.43484	1.52493	1.14764	-0.972155	-0.15566
14.456	2.15719	-0.961229	1.43484	1.52436	1.14764	-0.971952	-0.15566
