1.566	1.40122	-0.893069	1.1388	1.29471	1.15361	-1.64282	-0.155661
1.584	1.40133	-0.893071	1.1388	1.29471	1.15361	-1.64282	-0.155661
1.602	1.40144	-0.893071	1.1388	1.29471	1.15361	-1.64282	-0.155661
1.62	1.40144	-0.893071	1.1388	1.29471	1.15361	-1.64282	-0.155661
1.638	1.40156	-0.893071	1.1388	1.29471	1.15361	-1.64282	-0.155661
1.656	1.40171	-0.893069	1.1388	1.29471	1.15361	-1.64282	-0.155661
1.674	1.40189	-0.893071	1.1388	1.29471	1.15361	-1.64282	-0.155661
1.692	1.40208	-0.893071	1.1388	1.29471	1.15361	-1.64282	-0.155661
1.71	1.40218	-0.893069	1.1388	1.29471	1.15361	-1.64282	-0.155661
1.728	1.40227	-0.893071	1.1388	1.29471	1.15361	-1.64282	-0.155661
1.746	1.40233	-0.893071	1.1388	1.29471	1.15361	-1.64282	-0.155661
1.764	1.4024	-0.893069	1.1388	1.29471	1.15361	-1.64282	-0.155661
1.782	1.40249	-0.893068	1.1388	1.29471	1.15361	-1.64282	-0.155661
1.8	1.40258	-0.893067	1.1388	1.29471	1.15361	-1.64282	-0.155661
1.818	1.40267	-0.893068	1.13881	1.29471	1.15361	-1.64282	-0.155661
1.836	1.40267	-0.893068	1.13881	1.29471	1.15361	-1.64282	-0.155661
1.854	1.40275	-0.893068	1.13881	1.29471	1.15361	-1.64282	-0.155661
1.872	1.40284	-0.893068	1.13881	1.29471	1.15361	-1.64282	-0.155661
1.89	1.40294	-0.893067	1.13881	1.29471	1.15361	-1.64282	-0.155661
1.908	1.40307	-0.893067	1.13881	1.29471	1.15361	-1.64282	-0.155661
1.926	1.40324	-0.893068	1.13881	1.29471	1.15361	-1.64282	-0.155661
1.944	1.40341	-0.893068	1.13881	1.29471	1.15361	-1.64282	-0.155661
1.962	1.4036	-0.893067	1.13881	1.29471	1.15361	-1.64282	-0.155661
1.98	1.40377	-0.893067	1.13881	1.29471	1.15361	-1.64282	-0.155661
1.998	1.40398	-0.893068	1.13881	1.29471	1.15361	-1.64282	-0.155661
2.016	1.40431	-0.893069	1.13881	1.29471	1.15361	-1.64282	-0.155661
2.034	1.40431	-0.893069	1.13881	1.29471	1.15361	-1.64282	-0.155661
2.052	1.40455	-0.893064	1.13881	1.29471	1.1536	-1.64282	-0.155661
2.07	1.40488	-0.893032	1.13881	1.29472	1.1536	-1.64282	-0.155661
2.088	1.40522	-0.893049	1.13881	1.29472	1.1536	-1.64282	-0.155661
2.106	1.4056	-0.893055	1.13881	1.29472	1.1536	-1.64282	-0.155661
2.124	1.406	-0.893058	1.13881	1.29472	1.1536	-1.64282	-0.155661
2.142	1.40653	-0.893058	1.13881	1.29472	1.1536	-1.64282	-0.155661
2.16	1.40694	-0.893055	1.13881	1.29474	1.1536	-1.64282	-0.155661
2.178	1.40738	-0.893058	1.13881	1.29476	1.1536	-1.64282	-0.155661
2.196	1.40789	-0.89306	1.13881	1.29476	1.1536	-1.64282	-0.155661
2.214	1.40831	-0.893057	1.13881	1.29477	1.1536	-1.64282	-0.155661
2.232	1.40831	-0.893057	1.13881	1.29477	1.1536	-1.64282	-0.155661
2.25	1.40887	-0.893063	1.13881	1.29477	1.1536	-1.64282	-0.155661
2.268	1.4093	-0.893059	1.13881	1.29477	1.1536	-1.64282	-0.155661
2.286	1.40982	-0.893062	1.13881	1.29477	1.1536	-1.64282	-0.155661
2.304	1.41033	-0.893063	1.13881	1.29477	1.1536	-1.64282	-0.155661
2.322	1.41089	-0.89306	1.13881	1.29477	1.1536	-1.64282	-0.155661
2.34	1.41143	-0.893062	1.13881	1.29477	1.1536	-1.64282	-0.155661
2.358	1.4119	-0.893048	1.13881	1.29477	1.1536	-1.64282	-0.155661
2.376	1.41241	-0.89306	1.13881	1.29477	1.1536	-1.64282	-0.155661
2.394	1.41295	-0.893062	1.13881	1.29477	1.1536	-1.64282	-0.155661
2.412	1.41346	-0.893062	1.13881	1.29477	1.1536	-1.64282	-0.155661
2.43	1.41346	-0.893062	1.13881	1.29477	1.1536	-1.64282	-0.155661
2.448	1.41396	-0.893031	1.13881	1.29478	1.1536	-1.64282	-0.155661
2.466	1.41453	-0.89304	1.13881	1.29477	1.1536	-1.64282	-0.155661
2.484	1.41513	-0.893054	1.13881	1.29477	1.1536	-1.64282	-0.155661
2.502	1.41571	-0.893059	1.13881	1.29477	1.1536	-1.64282	-0.155661
2.52	1.41629	-0.893041	1.13881	1.29478	1.1536	-1.64282	-0.155661
2.538	1.41697	-0.893046	1.13881	1.29478	1.1536	-1.64282	-0.155661
2.556	1.41764	-0.893049	1.13881	1.29478	1.1536	-1.64282	-0.155661
2.574	1.41828	-0.893027	1.13883	1.29478	1.1536	-1.64282	-0.155661
2.592	1.41905	-0.893032	1.13882	1.29477	1.1536	-1.64282	-0.155661
2.61	1.41981	-0.893017	1.13883	1.29477	1.1536	-1.64282	-0.155661
2.628	1.42057	-0.893025	1.13888	1.29478	1.1536	-1.64282	-0.155661
2.646	1.42057	-0.893025	1.13888	1.29478	1.1536	-1.64282	-0.155661
2.664	1.42146	-0.89304	1.13888	1.29478	1.1536	-1.64282	-0.155661
2.682	1.42223	-0.893022	1.13889	1.29477	1.1536	-1.64282	-0.155661
2.7	1.42306	-0.893003	1.13892	1.29477	1.1536	-1.64282	-0.155661
2.718	1.42397	-0.893034	1.13892	1.29477	1.1536	-1.64282	-0.155661
2.736	1.42471	-0.893013	1.13894	1.29477	1.1536	-1.64282	-0.155661
2.754	1.4256	-0.892989	1.13896	1.29477	1.1536	-1.64282	-0.155661
2.772	1.4265	-0.893016	1.13896	1.29476	1.1536	-1.64282	-0.155661
2.79	1.4273	-0.892998	1.139	1.29477	1.1536	-1.64282	-0.155661
2.808	1.42827	-0.893011	1.139	1.29476	1.1536	-1.64282	-0.155661
2.826	1.4291	-0.892997	1.13905	1.29476	1.1536	-1.64282	-0.155661
2.844	1.4291	-0.892997	1.13905	1.29476	1.1536	-1.64282	-0.155661
2.862	1.43001	-0.892968	1.13913	1.29476	1.1536	-1.64282	-0.155661
2.88	1.43105	-0.89299	1.13918	1.29474	1.1536	-1.64282	-0.155661
2.898	1.43199	-0.892938	1.13933	1.29474	1.1536	-1.64282	-0.155661
2.916	1.43305	-0.892948	1.13943	1.29474	1.1536	-1.64282	-0.155661
2.934	1.43398	-0.892908	1.13965	1.29474	1.1536	-1.64282	-0.155661
2.952	1.43503	-0.892893	1.1399	1.29469	1.1536	-1.64282	-0.155661
2.97	1.436	-0.892881	1.14024	1.29467	1.1536	-1.64282	-0.155661
2.988	1.43704	-0.892837	1.14062	1.29464	1.15361	-1.64282	-0.155661
3.006	1.43802	-0.892792	1.14104	1.2946	1.15361	-1.64282	-0.155661
3.024	1.43914	-0.892741	1.14153	1.29452	1.15361	-1.64282	-0.155661
3.042	1.43914	-0.892741	1.14153	1.29452	1.15361	-1.64282	-0.155661
3.06	1.44021	-0.892719	1.14209	1.29439	1.15361	-1.64282	-0.155661
3.078	1.44133	-0.892645	1.14267	1.29426	1.15361	-1.64282	-0.155661
3.096	1.44237	-0.892558	1.14332	1.29414	1.15361	-1.64282	-0.155661
3.114	1.44339	-0.892499	1.14409	1.29399	1.15361	-1.64282	-0.155661
3.132	1.44444	-0.892455	1.14491	1.29382	1.15361	-1.64282	-0.155661
3.15	1.44547	-0.892323	1.14584	1.29367	1.15361	-1.64282	-0.155661
3.168	1.44653	-0.892224	1.14678	1.29349	1.15361	-1.64282	-0.155661
3.186	1.44754	-0.892006	1.14788	1.29335	1.15361	-1.64282	-0.155661
3.204	1.44855	-0.891923	1.14901	1.2932	1.15361	-1.64282	-0.155661
3.222	1.44947	-0.891719	1.15026	1.29312	1.15361	-1.64282	-0.155661
3.24	1.45045	-0.891593	1.15147	1.293	1.15361	-1.64282	-0.155661
3.258	1.45045	-0.891593	1.15147	1.293	1.15361	-1.64282	-0.155661
3.276	1.45123	-0.891464	1.15283	1.2929	1.15361	-1.64282	-0.155661
3.294	1.4521	-0.89136	1.1542	1.29286	1.15361	-1.64282	-0.155661
3.312	1.45291	-0.891278	1.15562	1.29284	1.15361	-1.64282	-0.155661
3.33	1.45365	-0.891264	1.15711	1.29284	1.15361	-1.64282	-0.155661
3.348	1.45453	-0.891266	1.15856	1.29283	1.15361	-1.64282	-0.155661
3.366	1.45522	-0.891237	1.16011	1.2928	1.15361	-1.64282	-0.155661
3.384	1.456	-0.891234	1.16172	1.2928	1.15361	-1.64282	-0.155661
3.402	1.45683	-0.891234	1.1632	1.29279	1.15361	-1.64282	-0.155661
3.42	1.45749	-0.891216	1.16482	1.29279	1.15361	-1.64282	-0.155661
3.438	1.4584	-0.891218	1.1664	1.29279	1.15361	-1.64282	-0.155661
3.456	1.4584	-0.891218	1.1664	1.29279	1.15361	-1.64282	-0.155661
3.474	1.45928	-0.891207	1.16799	1.29277	1.15361	-1.64282	-0.155661
3.492	1.46009	-0.891189	1.16963	1.29278	1.15361	-1.64282	-0.155661
3.51	1.4611	-0.891193	1.17112	1.29278	1.15361	-1.64283	-0.155661
3.528	1.46192	-0.891189	1.17265	1.29278	1.15361	-1.64282	-0.155661
3.546	1.46292	-0.891184	1.17413	1.29278	1.15361	-1.64282	-0.155661
3.564	1.46389	-0.891185	1.17556	1.29278	1.15361	-1.64282	-0.155661
3.582	1.46481	-0.891181	1.17699	1.29278	1.15361	-1.64282	-0.155661
3.6	1.46589	-0.891183	1.17825	1.29278	1.15361	-1.64282	-0.155661
3.618	1.4669	-0.891166	1.17955	1.29278	1.1536	-1.64282	-0.155661
3.636	1.46803	-0.891167	1.18076	1.29278	1.1536	-1.64282	-0.155661
3.654	1.46803	-0.891167	1.18076	1.29278	1.1536	-1.64282	-0.155661
3.672	1.46909	-0.891165	1.18191	1.29279	1.1536	-1.64282	-0.155661
3.69	1.4703	-0.891156	1.18299	1.29278	1.1536	-1.64282	-0.155661
3.708	1.47144	-0.891157	1.18402	1.29279	1.1536	-1.64282	-0.155661
3.726	1.47274	-0.891143	1.18489	1.29279	1.1536	-1.64282	-0.155661
3.744	1.47409	-0.891137	1.18576	1.29278	1.1536	-1.64282	-0.155661
3.762	1.47542	-0.891133	1.18654	1.29279	1.1536	-1.64282	-0.155661
3.78	1.47686	-0.891125	1.1873	1.29279	1.1536	-1.64282	-0.155661
3.798	1.47831	-0.891122	1.18798	1.29279	1.1536	-1.64282	-0.155661
3.816	1.4798	-0.891101	1.18855	1.2928	1.1536	-1.64282	-0.155661
3.834	1.48132	-0.891084	1.18903	1.29279	1.1536	-1.64282	-0.155661
3.852	1.48284	-0.891079	1.18945	1.29279	1.1536	-1.64282	-0.155661
3.87	1.48284	-0.891079	1.18945	1.29279	1.1536	-1.64282	-0.155661
3.888	1.4843	-0.891071	1.18981	1.2928	1.1536	-1.64282	-0.155661
3.906	1.48588	-0.891062	1.19002	1.29279	1.1536	-1.64282	-0.155661
3.924	1.48749	-0.891059	1.19016	1.29279	1.1536	-1.64282	-0.155661
3.942	1.48908	-0.891057	1.19028	1.29279	1.1536	-1.64282	-0.155661
3.96	1.49075	-0.891062	1.19028	1.29279	1.1536	-1.64282	-0.155661
3.978	1.49238	-0.891061	1.19028	1.29279	1.1536	-1.64282	-0.155661
3.996	1.49415	-0.891062	1.19027	1.29279	1.1536	-1.64282	-0.155661
4.014	1.49584	-0.891061	1.19027	1.2928	1.1536	-1.64282	-0.155661
4.032	1.49754	-0.891061	1.19026	1.2928	1.1536	-1.64282	-0.155661
4.05	1.49928	-0.891062	1.19026	1.2928	1.1536	-1.64282	-0.155661
4.068	1.49928	-0.891062	1.19026	1.2928	1.1536	-1.64282	-0.155661
4.086	1.50101	-0.891062	1.19026	1.29279	1.1536	-1.64282	-0.155661
4.104	1.5028	-0.891062	1.19026	1.2928	1.1536	-1.64282	-0.155661
4.122	1.50449	-0.891062	1.19025	1.29281	1.1536	-1.64282	-0.155661
4.14	1.50625	-0.891062	1.19025	1.29281	1.1536	-1.64282	-0.155661
4.158	1.50798	-0.891062	1.19025	1.29281	1.1536	-1.64282	-0.155661
4.176	1.50977	-0.891062	1.19025	1.29281	1.1536	-1.64282	-0.155661
4.194	1.51153	-0.891062	1.19025	1.29282	1.1536	-1.64282	-0.155661
4.212	1.51333	-0.891062	1.19025	1.29286	1.1536	-1.64282	-0.155661
4.23	1.51515	-0.891062	1.19025	1.29288	1.1536	-1.64282	-0.155661
4.248	1.51695	-0.891062	1.19024	1.29291	1.1536	-1.64282	-0.155661
4.266	1.51695	-0.891062	1.19024	1.29291	1.1536	-1.64282	-0.155661
4.284	1.51878	-0.891062	1.19024	1.29294	1.1536	-1.64282	-0.155661
4.302	1.52058	-0.891062	1.19024	1.29301	1.1536	-1.64282	-0.155661
4.32	1.52241	-0.891062	1.19024	1.29309	1.1536	-1.64282	-0.155661
4.338	1.52417	-0.891062	1.19024	1.29321	1.1536	-1.64282	-0.155661
4.356	1.52596	-0.891062	1.19025	1.29336	1.1536	-1.64282	-0.155661
4.374	1.52777	-0.891061	1.19024	1.29354	1.15359	-1.64282	-0.155661
4.392	1.52964	-0.891061	1.19024	1.29369	1.15359	-1.64282	-0.155661
4.41	1.53151	-0.891062	1.19024	1.29381	1.15359	-1.64282	-0.155661
4.428	1.53348	-0.891062	1.19024	1.29399	1.15359	-1.64282	-0.155661
4.446	1.53543	-0.891062	1.19024	1.29417	1.15359	-1.64282	-0.155661
4.464	1.53741	-0.891062	1.19024	1.29435	1.15359	-1.64282	-0.155661
4.482	1.53741	-0.891062	1.19024	1.29435	1.15359	-1.64282	-0.155661
4.5	1.53942	-0.891061	1.19024	1.2945	1.15358	-1.64282	-0.155661
4.518	1.54142	-0.891062	1.19024	1.29458	1.15358	-1.64282	-0.155661
4.536	1.54343	-0.891062	1.19024	1.2946	1.15358	-1.64282	-0.155661
4.554	1.54546	-0.891062	1.19024	1.29463	1.15357	-1.64282	-0.155661
4.572	1.54749	-0.891062	1.19024	1.29467	1.15357	-1.64282	-0.155661
4.59	1.54953	-0.891062	1.19023	1.29471	1.15357	-1.64282	-0.155661
4.608	1.55154	-0.891062	1.19023	1.29475	1.15356	-1.64282	-0.155661
4.626	1.55362	-0.891062	1.19023	1.29483	1.15356	-1.64282	-0.155661
4.644	1.55565	-0.891062	1.19023	1.2949	1.15356	-1.64282	-0.155661
4.662	1.55769	-0.891062	1.19023	1.29496	1.15355	-1.64282	-0.155661
4.68	1.55769	-0.891062	1.19023	1.29496	1.15355	-1.64282	-0.155661
4.698	1.55969	-0.891062	1.19023	1.29509	1.15353	-1.64282	-0.155661
4.716	1.56164	-0.891062	1.19023	1.29525	1.15351	-1.64282	-0.155661
4.734	1.5635	-0.891062	1.19023	1.29548	1.1535	-1.64282	-0.155661
4.752	1.56535	-0.891062	1.19023	1.29575	1.15347	-1.64282	-0.155661
4.77	1.56716	-0.891062	1.19023	1.29606	1.15344	-1.64282	-0.155661
4.788	1.56896	-0.891062	1.19023	1.29636	1.1534	-1.64282	-0.155661
4.806	1.57075	-0.891061	1.19023	1.29671	1.15337	-1.64282	-0.155661
4.824	1.57255	-0.891057	1.19023	1.29709	1.15335	-1.64282	-0.155661
4.842	1.57425	-0.89106	1.19023	1.29753	1.15334	-1.64282	-0.155661
4.86	1.57586	-0.891057	1.19023	1.29805	1.15334	-1.64282	-0.155661
4.878	1.57586	-0.891057	1.19023	1.29805	1.15334	-1.64282	-0.155661
4.896	1.57742	-0.891056	1.19023	1.29864	1.15334	-1.64282	-0.155661
4.914	1.57887	-0.891	1.19024	1.29929	1.15334	-1.64282	-0.155661
4.932	1.58026	-0.890988	1.19024	1.29996	1.15334	-1.64282	-0.155661
4.95	1.58161	-0.890967	1.19024	1.30062	1.15333	-1.64282	-0.155661
4.968	1.58288	-0.890904	1.19027	1.30133	1.15332	-1.64282	-0.155661
4.986	1.58413	-0.890894	1.19026	1.30209	1.15331	-1.64282	-0.155661
5.004	1.58531	-0.890825	1.19028	1.303	1.15331	-1.64282	-0.155661
5.022	1.58633	-0.890813	1.19029	1.30394	1.15331	-1.64282	-0.155661
5.04	1.58741	-0.890742	1.19032	1.30492	1.15331	-1.64282	-0.155661
5.058	1.58843	-0.890656	1.19037	1.30586	1.1533	-1.64282	-0.155661
5.076	1.58843	-0.890656	1.19037	1.30586	1.1533	-1.64282	-0.155661
5.094	1.58939	-0.890527	1.19048	1.30692	1.1533	-1.64282	-0.155661
5.112	1.59036	-0.890423	1.19059	1.30812	1.1533	-1.64283	-0.155661
5.13	1.59119	-0.89026	1.19087	1.30946	1.15329	-1.64282	-0.155661
5.148	1.59208	-0.890125	1.19119	1.31092	1.15326	-1.64282	-0.155661
5.166	1.59274	-0.889893	1.19164	1.31256	1.15322	-1.64283	-0.155661
5.184	1.59338	-0.889583	1.19216	1.31438	1.15311	-1.64282	-0.155661
5.202	1.59393	-0.889228	1.19277	1.31637	1.15303	-1.64282	-0.155661
5.22	1.59432	-0.8888	1.19345	1.31842	1.15294	-1.64282	-0.155661
5.238	1.59461	-0.888251	1.19426	1.32062	1.1528	-1.64282	-0.155661
5.256	1.59476	-0.887671	1.19528	1.32295	1.15262	-1.64283	-0.155661
5.274	1.59477	-0.88705	1.19641	1.32531	1.15245	-1.64283	-0.155661
5.292	1.59477	-0.88705	1.19641	1.32531	1.15245	-1.64283	-0.155661
5.31	1.59478	-0.886393	1.19759	1.3279	1.15217	-1.64283	-0.155661
5.328	1.59476	-0.885668	1.1989	1.33053	1.15182	-1.64282	-0.155661
5.346	1.59466	-0.884976	1.20029	1.33315	1.1514	-1.64283	-0.155661
5.364	1.59457	-0.88417	1.20173	1.33587	1.15079	-1.64283	-0.155661
5.382	1.59448	-0.883329	1.2033	1.33848	1.15006	-1.64282	-0.155661
5.4	1.59441	-0.882467	1.20483	1.34097	1.1494	-1.64282	-0.155661
5.418	1.59441	-0.881539	1.20628	1.34353	1.14879	-1.64283	-0.155661
5.436	1.5944	-0.880565	1.20781	1.34592	1.14809	-1.64283	-0.155661
5.454	1.5944	-0.87961	1.20939	1.3483	1.14744	-1.64282	-0.155661
5.472	1.59441	-0.878573	1.21101	1.35083	1.14691	-1.64283	-0.155661
5.49	1.59441	-0.878573	1.21101	1.35083	1.14691	-1.64283	-0.155661
5.508	1.59441	-0.877652	1.21251	1.35334	1.14654	-1.64283	-0.155661
5.526	1.5944	-0.876555	1.2141	1.35588	1.1464	-1.64282	-0.155661
5.544	1.5944	-0.875528	1.21565	1.35828	1.14634	-1.64282	-0.155661
5.562	1.5944	-0.874452	1.21717	1.36057	1.14634	-1.64283	-0.155661
5.58	1.5944	-0.873379	1.21868	1.36283	1.14635	-1.64283	-0.155661
5.598	1.59439	-0.872372	1.22017	1.36498	1.14635	-1.64283	-0.155661
5.616	1.59438	-0.871327	1.22162	1.36716	1.14636	-1.64282	-0.155661
5.634	1.59438	-0.870272	1.22309	1.36929	1.14636	-1.64282	-0.155661
5.652	1.59438	-0.86928	1.2245	1.37134	1.14639	-1.64282	-0.155661
5.67	1.59438	-0.868262	1.22585	1.37338	1.14642	-1.64282	-0.155661
5.688	1.59438	-0.868262	1.22585	1.37338	1.14642	-1.64282	-0.155661
5.706	1.59438	-0.867299	1.22723	1.37536	1.14641	-1.64282	-0.155661
5.724	1.59437	-0.866336	1.22856	1.37727	1.14643	-1.64282	-0.155661
5.742	1.59435	-0.865381	1.22976	1.37904	1.14643	-1.64282	-0.155661
5.76	1.59435	-0.864435	1.23095	1.38076	1.14643	-1.64282	-0.155661
5.778	1.59435	-0.863544	1.23208	1.38237	1.14644	-1.64282	-0.155661
5.796	1.59435	-0.862598	1.23311	1.38392	1.14644	-1.64282	-0.155661
5.814	1.59435	-0.861698	1.23408	1.38541	1.14644	-1.64282	-0.155661
5.832	1.59435	-0.860849	1.23509	1.38688	1.14644	-1.64282	-0.155661
5.85	1.59435	-0.860011	1.23614	1.38834	1.14644	-1.64282	-0.155661
5.868	1.59435	-0.859227	1.23719	1.38978	1.14644	-1.64282	-0.155661
5.886	1.59435	-0.858473	1.23833	1.39125	1.14644	-1.64283	-0.155661
5.904	1.59435	-0.858473	1.23833	1.39125	1.14644	-1.64283	-0.155661
5.922	1.59435	-0.857815	1.23958	1.39266	1.14644	-1.64282	-0.155661
5.94	1.59435	-0.857178	1.24089	1.3941	1.14644	-1.64282	-0.155661
5.958	1.59435	-0.85653	1.24236	1.39551	1.14643	-1.64282	-0.155661
5.976	1.59435	-0.855976	1.24386	1.39694	1.14644	-1.64282	-0.155661
5.994	1.59435	-0.855415	1.24544	1.39842	1.14644	-1.64283	-0.155661
6.012	1.59435	-0.854883	1.24719	1.3998	1.14644	-1.64282	-0.155661
6.03	1.59435	-0.854389	1.24901	1.40126	1.14645	-1.64282	-0.155661
6.048	1.59435	-0.853909	1.25089	1.40274	1.14645	-1.64282	-0.155661
6.066	1.59435	-0.853481	1.25281	1.40415	1.14645	-1.64282	-0.155661
6.084	1.59435	-0.853062	1.2548	1.40563	1.14645	-1.64282	-0.155661
6.102	1.59435	-0.853062	1.2548	1.40563	1.14645	-1.64282	-0.155661
6.12	1.59435	-0.852708	1.25677	1.40715	1.14645	-1.64282	-0.155661
6.138	1.59435	-0.852383	1.25877	1.40867	1.14645	-1.64282	-0.155661
6.156	1.59435	-0.852107	1.26077	1.41027	1.14645	-1.64282	-0.155661
6.174	1.59435	-0.851814	1.26282	1.4118	1.14645	-1.64282	-0.155661
6.192	1.59435	-0.851561	1.26484	1.41339	1.14645	-1.64282	-0.155661
6.21	1.59434	-0.851316	1.26689	1.41499	1.14645	-1.64282	-0.155661
6.228	1.59434	-0.851119	1.26891	1.41654	1.14645	-1.64282	-0.155661
6.246	1.59434	-0.850959	1.2709	1.41801	1.14645	-1.64282	-0.155661
6.264	1.59434	-0.850775	1.27287	1.41944	1.14645	-1.64282	-0.155661
6.282	1.59434	-0.850638	1.27479	1.4209	1.14645	-1.64282	-0.155661
6.3	1.59434	-0.850638	1.27479	1.4209	1.14645	-1.64282	-0.155661
6.318	1.59434	-0.850519	1.27665	1.42232	1.14645	-1.64282	-0.155661
6.336	1.59434	-0.850423	1.27848	1.42364	1.14645	-1.64282	-0.155661
6.354	1.59434	-0.850342	1.28027	1.42502	1.14645	-1.64282	-0.155661
6.372	1.59434	-0.850239	1.28205	1.42638	1.14645	-1.64282	-0.155661
6.39	1.59434	-0.850189	1.28374	1.42769	1.14645	-1.64282	-0.155661
6.408	1.59434	-0.8501	1.28535	1.42908	1.14645	-1.64282	-0.155661
6.426	1.59433	-0.850053	1.28693	1.43044	1.14645	-1.64282	-0.155661
6.444	1.59433	-0.849935	1.28847	1.43177	1.14645	-1.64282	-0.155661
6.462	1.59433	-0.849864	1.28998	1.43311	1.14645	-1.64282	-0.155661
6.48	1.59433	-0.849764	1.2914	1.43447	1.14645	-1.64282	-0.155661
6.498	1.59433	-0.849764	1.2914	1.43447	1.14645	-1.64282	-0.155661
6.516	1.59433	-0.849616	1.29271	1.43586	1.14645	-1.64282	-0.155661
6.534	1.59433	-0.849513	1.29396	1.43721	1.14645	-1.64282	-0.155661
6.552	1.59432	-0.84936	1.29516	1.43857	1.14645	-1.64282	-0.155661
6.57	1.59432	-0.849168	1.29621	1.43991	1.14645	-1.6428	-0.155661
6.588	1.59432	-0.848964	1.29724	1.44129	1.14646	-1.64269	-0.155661
6.606	1.59431	-0.848739	1.29822	1.4426	1.14646	-1.64252	-0.155661
6.624	1.59431	-0.848448	1.29912	1.44404	1.14646	-1.64209	-0.15566
6.642	1.59431	-0.84811	1.29992	1.44555	1.14646	-1.6413	-0.15566
6.66	1.59429	-0.847679	1.30073	1.44709	1.14646	-1.64004	-0.15566
6.678	1.59424	-0.847225	1.30155	1.44872	1.14646	-1.63852	-0.15566
6.696	1.5942	-0.846678	1.30229	1.45042	1.14646	-1.63665	-0.15566
6.714	1.5942	-0.846678	1.30229	1.45042	1.14646	-1.63665	-0.15566
6.732	1.59413	-0.846034	1.30305	1.45215	1.14646	-1.63439	-0.15566
6.75	1.5941	-0.845288	1.30376	1.45398	1.14646	-1.63181	-0.15566
6.768	1.59407	-0.844449	1.30443	1.45589	1.14647	-1.62897	-0.15566
6.786	1.59399	-0.843606	1.30522	1.45777	1.14647	-1.62578	-0.15566
6.804	1.59399	-0.842667	1.30601	1.45978	1.1465	-1.62236	-0.155661
6.822	1.59399	-0.841664	1.30681	1.46176	1.14653	-1.61881	-0.155661
6.84	1.59399	-0.840637	1.3077	1.46376	1.14653	-1.61522	-0.155661
6.858	1.59402	-0.839548	1.30871	1.46587	1.14654	-1.61161	-0.155661
6.876	1.59404	-0.838493	1.30985	1.46803	1.14654	-1.60815	-0.15566
6.894	1.59409	-0.837381	1.31112	1.47022	1.14654	-1.60505	-0.155661
6.912	1.59409	-0.837381	1.31112	1.47022	1.14654	-1.60505	-0.155661
6.93	1.59411	-0.836274	1.3125	1.47249	1.14658	-1.60229	-0.155661
6.948	1.59411	-0.835178	1.31407	1.47481	1.14658	-1.59972	-0.155661
6.966	1.59411	-0.83407	1.31579	1.47704	1.14658	-1.5975	-0.155661
6.984	1.59411	-0.832964	1.31775	1.47917	1.14658	-1.59545	-0.15566
7.002	1.59411	-0.831906	1.31981	1.48119	1.14659	-1.59382	-0.15566
7.02	1.59411	-0.830788	1.32211	1.48317	1.14659	-1.59227	-0.15566
7.038	1.59411	-0.829756	1.3245	1.48507	1.14661	-1.5913	-0.15566
7.056	1.59412	-0.82875	1.32703	1.48699	1.14662	-1.59052	-0.15566
7.074	1.59412	-0.827772	1.32973	1.48885	1.14664	-1.58982	-0.15566
7.092	1.59412	-0.826826	1.33251	1.49054	1.14664	-1.58922	-0.15566
7.11	1.59412	-0.826826	1.33251	1.49054	1.14664	-1.58922	-0.15566
7.128	1.59412	-0.825904	1.33534	1.49226	1.14665	-1.58869	-0.15566
7.146	1.59412	-0.825023	1.3382	1.49377	1.14664	-1.58839	-0.15566
7.164	1.59412	-0.824146	1.34116	1.49518	1.14667	-1.58829	-0.15566
7.182	1.59412	-0.823269	1.34402	1.49653	1.14667	-1.58825	-0.15566
7.2	1.59411	-0.8224	1.34692	1.49775	1.14667	-1.5882	-0.15566
7.218	1.5941	-0.821481	1.34982	1.49892	1.14667	-1.58814	-0.15566
7.236	1.5941	-0.820635	1.35258	1.49997	1.14668	-1.58804	-0.15566
7.254	1.5941	-0.819746	1.35526	1.50094	1.14668	-1.58787	-0.15566
7.272	1.5941	-0.818898	1.35787	1.50183	1.14668	-1.58757	-0.15566
7.29	1.5941	-0.818087	1.36048	1.50272	1.14668	-1.58702	-0.15566
7.308	1.5941	-0.817318	1.36297	1.50359	1.14669	-1.58611	-0.15566
7.326	1.5941	-0.817318	1.36297	1.50359	1.14669	-1.58611	-0.15566
7.344	1.59407	-0.816497	1.36546	1.50446	1.14669	-1.58473	-0.15566
7.362	1.59406	-0.815693	1.36788	1.50528	1.14671	-1.58333	-0.15566
7.38	1.59406	-0.814951	1.37016	1.50617	1.14671	-1.58153	-0.15566
7.398	1.59404	-0.814213	1.37242	1.50716	1.14671	-1.57932	-0.15566
7.416	1.59403	-0.813559	1.37461	1.50825	1.14671	-1.57668	-0.15566
7.434	1.59401	-0.812879	1.37675	1.50938	1.14671	-1.57379	-0.15566
7.452	1.594	-0.812244	1.37886	1.51054	1.14672	-1.57057	-0.15566
7.47	1.594	-0.811628	1.38099	1.51189	1.14672	-1.56715	-0.15566
7.488	1.59403	-0.811024	1.38312	1.51328	1.14673	-1.5636	-0.15566
7.506	1.59405	-0.810459	1.38525	1.51479	1.14674	-1.55986	-0.15566
7.524	1.59405	-0.810459	1.38525	1.51479	1.14674	-1.55986	-0.15566
7.542	1.59408	-0.80992	1.38743	1.51632	1.14676	-1.55586	-0.15566
7.56	1.5941	-0.809448	1.38968	1.51784	1.14677	-1.55175	-0.15566
7.578	1.59411	-0.808954	1.39199	1.51952	1.14678	-1.54747	-0.15566
7.596	1.59412	-0.808564	1.39424	1.52117	1.14678	-1.54306	-0.15566
7.614	1.59412	-0.808147	1.39657	1.52291	1.14678	-1.53854	-0.15566
7.632	1.59413	-0.807797	1.39892	1.52462	1.14679	-1.53402	-0.15566
7.65	1.59413	-0.807444	1.40143	1.52643	1.1468	-1.52958	-0.15566
7.668	1.59414	-0.807155	1.40407	1.52828	1.1468	-1.52527	-0.15566
7.686	1.59414	-0.806967	1.40674	1.53009	1.14681	-1.5211	-0.15566
7.704	1.59415	-0.80678	1.40958	1.53199	1.14681	-1.51681	-0.15566
7.722	1.59415	-0.806678	1.41254	1.53374	1.14682	-1.51261	-0.15566
7.74	1.59415	-0.806678	1.41254	1.53374	1.14682	-1.51261	-0.15566
7.758	1.59415	-0.806662	1.41557	1.53547	1.14685	-1.50842	-0.15566
7.776	1.59416	-0.806668	1.41864	1.53714	1.14686	-1.50443	-0.15566
7.794	1.59416	-0.806671	1.42189	1.53881	1.14686	-1.50053	-0.15566
7.812	1.59416	-0.806673	1.42522	1.54045	1.14688	-1.49663	-0.15566
7.83	1.59416	-0.806667	1.42859	1.54205	1.14689	-1.49292	-0.15566
7.848	1.59416	-0.80666	1.43206	1.54364	1.14689	-1.48925	-0.15566
7.866	1.59417	-0.806667	1.43547	1.54514	1.1469	-1.48574	-0.15566
7.884	1.59417	-0.806665	1.43887	1.54661	1.1469	-1.48225	-0.15566
7.902	1.59418	-0.80666	1.44237	1.54807	1.1469	-1.47871	-0.15566
7.92	1.59417	-0.806663	1.44593	1.54947	1.14691	-1.47516	-0.15566
7.938	1.59417	-0.806663	1.44593	1.54947	1.14691	-1.47516	-0.15566
7.956	1.59417	-0.806662	1.44954	1.55083	1.14693	-1.47153	-0.15566
7.974	1.59417	-0.806663	1.45308	1.55212	1.14694	-1.46787	-0.15566
7.992	1.59418	-0.806668	1.45649	1.55336	1.14695	-1.46411	-0.15566
8.01	1.59418	-0.806667	1.45987	1.55465	1.14695	-1.46013	-0.15566
8.028	1.59417	-0.806647	1.46328	1.55593	1.14697	-1.45612	-0.15566
8.046	1.59418	-0.80665	1.46657	1.5572	1.14699	-1.452	-0.15566
8.064	1.59418	-0.806649	1.46987	1.5585	1.14699	-1.44791	-0.15566
8.082	1.59418	-0.806656	1.47305	1.55977	1.14698	-1.44368	-0.15566
8.1	1.59418	-0.806659	1.47617	1.56109	1.14698	-1.43928	-0.15566
8.118	1.59419	-0.806656	1.47924	1.56257	1.14698	-1.43481	-0.15566
8.136	1.59419	-0.806656	1.47924	1.56257	1.14698	-1.43481	-0.15566
8.154	1.59419	-0.80665	1.48237	1.56403	1.14698	-1.43031	-0.15566
8.172	1.59421	-0.806646	1.4854	1.56551	1.147	-1.42573	-0.15566
8.19	1.59425	-0.806651	1.48842	1.56705	1.14701	-1.42106	-0.15566
8.208	1.59427	-0.80665	1.49141	1.56852	1.14701	-1.41625	-0.15566
8.226	1.59429	-0.806653	1.49432	1.57005	1.14703	-1.41147	-0.15566
8.244	1.59433	-0.806651	1.49719	1.57162	1.14703	-1.40673	-0.15566
8.262	1.59437	-0.806644	1.50014	1.57308	1.14703	-1.40202	-0.15566
8.28	1.59442	-0.806647	1.50312	1.57448	1.14702	-1.3972	-0.15566
8.298	1.5945	-0.806653	1.50603	1.57586	1.14703	-1.39253	-0.15566
8.316	1.5946	-0.806635	1.5089	1.57726	1.14704	-1.38804	-0.15566
8.334	1.5946	-0.806635	1.5089	1.57726	1.14704	-1.38804	-0.15566
8.352	1.59467	-0.806653	1.51183	1.57862	1.14703	-1.38362	-0.15566
8.37	1.59474	-0.806655	1.51471	1.57991	1.14703	-1.37944	-0.15566
8.388	1.59489	-0.806647	1.51753	1.58123	1.14704	-1.37543	-0.15566
8.406	1.59509	-0.806653	1.52028	1.58251	1.14704	-1.37173	-0.15566
8.424	1.59534	-0.806653	1.52302	1.58365	1.14704	-1.36837	-0.15566
8.442	1.59568	-0.806653	1.52566	1.58475	1.14706	-1.36528	-0.15566
8.46	1.59609	-0.806654	1.52818	1.58588	1.14707	-1.36236	-0.15566
8.478	1.59658	-0.806656	1.53062	1.58692	1.14707	-1.35949	-0.15566
8.496	1.59705	-0.806647	1.53298	1.58783	1.14707	-1.35681	-0.15566
8.514	1.59763	-0.806655	1.53525	1.58874	1.14707	-1.35429	-0.15566
8.532	1.5982	-0.806655	1.53752	1.58954	1.14708	-1.35192	-0.15566
8.55	1.5982	-0.806655	1.53752	1.58954	1.14708	-1.35192	-0.15566
8.568	1.59887	-0.806654	1.53964	1.5902	1.14708	-1.3497	-0.15566
8.586	1.59957	-0.806654	1.54179	1.59088	1.14708	-1.34757	-0.15566
8.604	1.60034	-0.806655	1.54381	1.5914	1.14708	-1.34555	-0.15566
8.622	1.60117	-0.806655	1.54578	1.59188	1.14708	-1.34358	-0.15566
8.64	1.60202	-0.806649	1.54774	1.59239	1.14709	-1.3415	-0.15566
8.658	1.60289	-0.806655	1.54969	1.59288	1.14709	-1.33944	-0.15566
8.676	1.60368	-0.806654	1.5516	1.59332	1.1471	-1.33728	-0.15566
8.694	1.60452	-0.806656	1.55347	1.59384	1.1471	-1.33517	-0.15566
8.712	1.60543	-0.806658	1.55531	1.59435	1.1471	-1.33291	-0.15566
8.73	1.60626	-0.806631	1.55718	1.59488	1.1471	-1.33074	-0.15566
8.748	1.60626	-0.806631	1.55718	1.59488	1.1471	-1.33074	-0.15566
8.766	1.60729	-0.806649	1.559	1.5954	1.14711	-1.32823	-0.15566
8.784	1.60817	-0.806647	1.56081	1.59581	1.14711	-1.32568	-0.15566
8.802	1.60912	-0.806644	1.56263	1.59626	1.14711	-1.32273	-0.15566
8.82	1.61011	-0.80665	1.56446	1.59672	1.14712	-1.31946	-0.15566
8.838	1.61106	-0.806644	1.56637	1.5972	1.14712	-1.31597	-0.15566
8.856	1.61217	-0.806649	1.56824	1.59761	1.14713	-1.31229	-0.15566
8.874	1.61323	-0.806646	1.57024	1.59803	1.14714	-1.30845	-0.15566
8.892	1.61439	-0.806645	1.5723	1.59839	1.14713	-1.30436	-0.15566
8.91	1.61553	-0.806649	1.57447	1.5988	1.14714	-1.30016	-0.15566
8.928	1.61678	-0.806649	1.57657	1.59916	1.14714	-1.29582	-0.15566
8.946	1.61678	-0.806649	1.57657	1.59916	1.14714	-1.29582	-0.15566
8.964	1.61804	-0.806649	1.57874	1.59949	1.14714	-1.29155	-0.15566
8.982	1.61931	-0.806647	1.58092	1.59975	1.14715	-1.28719	-0.15566
9	1.62072	-0.806654	1.58298	1.59996	1.14716	-1.28271	-0.15566
9.018	1.62212	-0.806646	1.58504	1.6001	1.14717	-1.27811	-0.15566
9.036	1.62368	-0.806651	1.587	1.60015	1.14719	-1.27345	-0.15566
9.054	1.62529	-0.806655	1.58889	1.60015	1.14721	-1.26872	-0.15566
9.072	1.62692	-0.806647	1.59062	1.60015	1.14731	-1.26391	-0.15566
9.09	1.62859	-0.806654	1.59234	1.60012	1.14733	-1.259	-0.15566
9.108	1.63025	-0.806654	1.59403	1.60014	1.14738	-1.25429	-0.15566
9.126	1.63207	-0.806655	1.5955	1.60017	1.14739	-1.24975	-0.15566
9.144	1.63394	-0.806655	1.59691	1.60015	1.14743	-1.24534	-0.15566
9.162	1.63394	-0.806655	1.59691	1.60015	1.14743	-1.24534	-0.15566
9.18	1.63592	-0.806655	1.5982	1.60012	1.14754	-1.24094	-0.15566
9.198	1.63799	-0.806655	1.59939	1.60009	1.14782	-1.23675	-0.15566
9.216	1.6401	-0.806655	1.60056	1.60004	1.14795	-1.23261	-0.15566
9.234	1.6422	-0.806654	1.60173	1.60001	1.14798	-1.22871	-0.15566
9.252	1.64437	-0.806656	1.6028	1.6	1.14798	-1.2251	-0.15566
9.27	1.64656	-0.806656	1.60378	1.59998	1.14797	-1.22173	-0.15566
9.288	1.64885	-0.806655	1.60467	1.59994	1.14797	-1.21854	-0.15566
9.306	1.65118	-0.806654	1.60554	1.59987	1.14796	-1.21569	-0.15566
9.324	1.65353	-0.806656	1.60628	1.59976	1.14798	-1.21324	-0.15566
9.342	1.65592	-0.806656	1.60694	1.5997	1.14798	-1.21084	-0.15566
9.36	1.65592	-0.806656	1.60694	1.5997	1.14798	-1.21084	-0.15566
9.378	1.65824	-0.806658	1.60747	1.59962	1.14798	-1.20878	-0.15566
9.396	1.6606	-0.806656	1.60792	1.59956	1.14798	-1.20671	-0.15566
9.414	1.66287	-0.806653	1.60831	1.59951	1.14798	-1.20475	-0.15566
9.432	1.6651	-0.806655	1.60874	1.59949	1.14798	-1.20271	-0.15566
9.45	1.66725	-0.806655	1.60907	1.59948	1.14797	-1.20078	-0.15566
9.468	1.66936	-0.806653	1.60937	1.59947	1.14797	-1.19876	-0.15566
9.486	1.67153	-0.806653	1.60962	1.59947	1.14797	-1.19677	-0.15566
9.504	1.67365	-0.806653	1.60987	1.59945	1.14797	-1.19473	-0.15566
9.522	1.67574	-0.806653	1.61008	1.59944	1.14797	-1.19272	-0.15566
9.54	1.67777	-0.806653	1.61033	1.59944	1.14796	-1.19063	-0.15566
9.558	1.67777	-0.806653	1.61033	1.59944	1.14796	-1.19063	-0.15566
9.576	1.67978	-0.806654	1.61057	1.59943	1.14796	-1.18849	-0.15566
9.594	1.6817	-0.806653	1.61096	1.59943	1.14796	-1.18624	-0.15566
9.612	1.68356	-0.806653	1.61143	1.59943	1.14796	-1.18375	-0.15566
9.63	1.68533	-0.806651	1.61195	1.59941	1.14796	-1.1813	-0.15566
9.648	1.68712	-0.806651	1.61258	1.59937	1.14796	-1.17872	-0.15566
9.666	1.68885	-0.806655	1.61333	1.59935	1.14796	-1.17607	-0.15566
9.684	1.69063	-0.806627	1.61406	1.59929	1.14796	-1.17349	-0.15566
9.702	1.69237	-0.806635	1.61497	1.59924	1.14796	-1.1708	-0.15566
9.72	1.69404	-0.806646	1.61594	1.5992	1.14796	-1.16801	-0.15566
9.738	1.69576	-0.806645	1.61688	1.59912	1.14796	-1.1652	-0.15566
9.756	1.69742	-0.806639	1.61796	1.59902	1.14796	-1.16241	-0.15566
9.774	1.69742	-0.806639	1.61796	1.59902	1.14796	-1.16241	-0.15566
9.792	1.69917	-0.806641	1.61912	1.59897	1.14796	-1.15955	-0.15566
9.81	1.70081	-0.806639	1.62043	1.59888	1.14796	-1.15659	-0.15566
9.828	1.70248	-0.80663	1.62183	1.59881	1.14795	-1.15367	-0.15566
9.846	1.70412	-0.806632	1.62334	1.59874	1.14795	-1.15079	-0.15566
9.864	1.70579	-0.806635	1.62483	1.59871	1.14795	-1.14782	-0.15566
9.882	1.70744	-0.806627	1.62636	1.59858	1.14795	-1.1448	-0.15566
9.9	1.709	-0.806632	1.62802	1.59838	1.14794	-1.1418	-0.15566
9.918	1.71067	-0.806639	1.62959	1.59816	1.14795	-1.13868	-0.15566
9.936	1.71229	-0.806624	1.63118	1.5979	1.14795	-1.1357	-0.15566
9.954	1.71389	-0.806633	1.6328	1.5976	1.14795	-1.13263	-0.15566
9.972	1.71389	-0.806633	1.6328	1.5976	1.14795	-1.13263	-0.15566
9.99	1.71554	-0.806636	1.63431	1.59718	1.14795	-1.12957	-0.15566
10.008	1.71707	-0.806627	1.63597	1.59676	1.14795	-1.12644	-0.15566
10.026	1.71866	-0.806632	1.63763	1.59633	1.14795	-1.12326	-0.15566
10.044	1.72014	-0.806628	1.63933	1.59593	1.14795	-1.1201	-0.15566
10.062	1.72163	-0.806641	1.64091	1.59551	1.14796	-1.11682	-0.15566
10.08	1.72317	-0.806635	1.6424	1.59507	1.14796	-1.1136	-0.15566
10.098	1.72461	-0.806627	1.64398	1.59464	1.14797	-1.1104	-0.15566
10.116	1.72614	-0.806637	1.64542	1.59422	1.14797	-1.10714	-0.15566
10.134	1.72766	-0.80663	1.64686	1.59382	1.14797	-1.1039	-0.15566
10.152	1.72917	-0.806637	1.64827	1.59347	1.14797	-1.10071	-0.15566
10.17	1.72917	-0.806637	1.64827	1.59347	1.14797	-1.10071	-0.15566
10.188	1.73074	-0.806637	1.64949	1.59307	1.14798	-1.09769	-0.15566
10.206	1.73228	-0.806623	1.65075	1.59262	1.14797	-1.0949	-0.15566
10.224	1.73392	-0.806628	1.65201	1.5922	1.14796	-1.09214	-0.15566
10.242	1.73551	-0.806621	1.65323	1.59177	1.14795	-1.08938	-0.15566
10.26	1.73712	-0.806601	1.65451	1.59135	1.14795	-1.08673	-0.15566
10.278	1.73879	-0.806605	1.65567	1.59096	1.14795	-1.08405	-0.15566
10.296	1.74046	-0.806558	1.65688	1.59066	1.14795	-1.08136	-0.15566
10.314	1.7421	-0.806544	1.65803	1.59026	1.14795	-1.07874	-0.15566
10.332	1.7437	-0.806535	1.65924	1.58991	1.14795	-1.07604	-0.15566
10.35	1.74537	-0.80653	1.66032	1.5895	1.14795	-1.07318	-0.15566
10.368	1.74537	-0.80653	1.66032	1.5895	1.14795	-1.07318	-0.15566
10.386	1.74703	-0.806497	1.66134	1.589	1.14794	-1.07038	-0.15566
10.404	1.74871	-0.806471	1.66244	1.58844	1.14794	-1.06754	-0.15566
10.422	1.75047	-0.806474	1.66345	1.58791	1.14794	-1.06461	-0.15566
10.44	1.75217	-0.806429	1.66439	1.58736	1.14794	-1.06178	-0.15566
10.458	1.75397	-0.806382	1.66527	1.58676	1.14794	-1.05909	-0.15566
10.476	1.7557	-0.806365	1.66621	1.58617	1.14794	-1.05647	-0.15566
10.494	1.75739	-0.806356	1.66715	1.5856	1.14794	-1.05373	-0.15566
10.512	1.75907	-0.806347	1.668	1.58496	1.14794	-1.05106	-0.15566
10.53	1.76078	-0.806309	1.66887	1.58429	1.14794	-1.04838	-0.15566
10.548	1.76257	-0.806291	1.66974	1.58367	1.14794	-1.04559	-0.15566
10.566	1.76426	-0.806288	1.67067	1.58303	1.14794	-1.04281	-0.15566
10.584	1.76426	-0.806288	1.67067	1.58303	1.14794	-1.04281	-0.15566
10.602	1.76597	-0.806284	1.67156	1.58234	1.14794	-1.04009	-0.15566
10.62	1.76762	-0.806264	1.6725	1.58174	1.14794	-1.03729	-0.15566
10.638	1.76937	-0.806228	1.67332	1.58116	1.14794	-1.0345	-0.15566
10.656	1.77109	-0.806204	1.6742	1.58053	1.14794	-1.03188	-0.15566
10.674	1.77281	-0.806201	1.67506	1.57989	1.14794	-1.02922	-0.15566
10.692	1.77455	-0.806183	1.67585	1.57924	1.14794	-1.02655	-0.15566
10.71	1.77621	-0.806135	1.67661	1.57856	1.14794	-1.02409	-0.15566
10.728	1.77796	-0.806093	1.67735	1.57793	1.14794	-1.02174	-0.15566
10.746	1.77956	-0.806059	1.67817	1.57734	1.14794	-1.01955	-0.15566
10.764	1.78119	-0.806049	1.67892	1.5767	1.14794	-1.0175	-0.15566
10.782	1.78119	-0.806049	1.67892	1.5767	1.14794	-1.0175	-0.15566
10.8	1.78288	-0.806012	1.67955	1.57604	1.14794	-1.01548	-0.15566
10.818	1.78454	-0.805928	1.6802	1.57536	1.14794	-1.0138	-0.15566
10.836	1.78624	-0.805879	1.68079	1.57467	1.14794	-1.01215	-0.15566
10.854	1.78791	-0.805802	1.68142	1.57405	1.14794	-1.01058	-0.15566
10.872	1.78961	-0.805768	1.682	1.57339	1.14794	-1.00916	-0.15566
10.89	1.79135	-0.805726	1.6826	1.57273	1.14793	-1.00755	-0.15566
10.908	1.79314	-0.805666	1.68308	1.57199	1.14793	-1.00616	-0.15566
10.926	1.79487	-0.805589	1.68361	1.57126	1.14793	-1.00479	-0.15566
10.944	1.79656	-0.805512	1.68409	1.57052	1.14793	-1.0031	-0.15566
10.962	1.79824	-0.805387	1.68444	1.56972	1.14793	-1.00158	-0.15566
10.98	1.79824	-0.805387	1.68444	1.56972	1.14793	-1.00158	-0.15566
10.998	1.79997	-0.80522	1.68482	1.56893	1.14793	-0.999823	-0.15566
11.016	1.80171	-0.805036	1.68513	1.56815	1.14793	-0.998064	-0.15566
11.034	1.80335	-0.804832	1.68548	1.56737	1.14792	-0.996104	-0.15566
11.052	1.80501	-0.804614	1.68578	1.56658	1.14792	-0.994094	-0.15566
11.07	1.80665	-0.804355	1.68609	1.5658	1.14792	-0.991844	-0.15566
11.088	1.80838	-0.804021	1.68637	1.56504	1.14792	-0.989612	-0.15566
11.106	1.81007	-0.803614	1.68656	1.5642	1.14792	-0.987273	-0.15566
11.124	1.81177	-0.803113	1.68666	1.56333	1.14792	-0.985161	-0.15566
11.142	1.81354	-0.802651	1.6868	1.56246	1.14792	-0.982942	-0.15566
11.16	1.81529	-0.802093	1.68694	1.56162	1.14791	-0.981021	-0.15566
11.178	1.8171	-0.801571	1.68703	1.56069	1.14791	-0.979162	-0.15566
11.196	1.8171	-0.801571	1.68703	1.56069	1.14791	-0.979162	-0.15566
11.214	1.81887	-0.801028	1.68708	1.55974	1.14791	-0.97782	-0.15566
11.232	1.82072	-0.800494	1.68709	1.55877	1.14791	-0.976368	-0.15566
11.25	1.82252	-0.799934	1.68709	1.55771	1.1479	-0.975291	-0.15566
11.268	1.82435	-0.799353	1.68709	1.55659	1.1479	-0.974616	-0.15566
11.286	1.8262	-0.79891	1.68709	1.55546	1.14789	-0.974088	-0.15566
11.304	1.82812	-0.798437	1.6871	1.55433	1.14789	-0.973711	-0.15566
11.322	1.82993	-0.798085	1.6871	1.55311	1.14788	-0.973276	-0.15566
11.34	1.83174	-0.79769	1.6871	1.55187	1.14786	-0.972874	-0.15566
11.358	1.83347	-0.797381	1.68711	1.55059	1.14785	-0.97254	-0.15566
11.376	1.83515	-0.796982	1.68712	1.54927	1.14782	-0.972348	-0.15566
11.394	1.83515	-0.796982	1.68712	1.54927	1.14782	-0.972348	-0.15566
11.412	1.83683	-0.796624	1.68712	1.54791	1.14777	-0.972245	-0.15566
11.43	1.83844	-0.796285	1.68712	1.54655	1.14774	-0.97221	-0.15566
11.448	1.83996	-0.795903	1.68712	1.54509	1.1477	-0.972157	-0.15566
11.466	1.84144	-0.795493	1.68712	1.54363	1.14766	-0.972066	-0.15566
11.484	1.84288	-0.795057	1.68712	1.54223	1.14765	-0.971996	-0.15566
11.502	1.8442	-0.794709	1.68712	1.5408	1.1476	-0.971899	-0.15566
11.52	1.84553	-0.794244	1.68712	1.53941	1.14757	-0.971766	-0.15566
11.538	1.84675	-0.793831	1.68712	1.53808	1.14756	-0.971531	-0.15566
11.556	1.84798	-0.793464	1.68712	1.53669	1.14753	-0.971209	-0.15566
11.574	1.8492	-0.79298	1.68712	1.53536	1.14752	-0.970786	-0.15566
11.592	1.8492	-0.79298	1.68712	1.53536	1.14752	-0.970786	-0.15566
11.61	1.85027	-0.792575	1.68712	1.53406	1.14751	-0.970111	-0.15566
11.628	1.85143	-0.792121	1.68713	1.53275	1.14749	-0.969275	-0.15566
11.646	1.85249	-0.791715	1.68714	1.53148	1.14749	-0.968194	-0.15566
11.664	1.85358	-0.791222	1.68714	1.53033	1.14748	-0.967314	-0.15566
11.682	1.85459	-0.790808	1.68714	1.52921	1.14748	-0.966438	-0.15566
11.7	1.85566	-0.790345	1.68714	1.52817	1.14747	-0.965455	-0.15566
11.718	1.85669	-0.789963	1.68715	1.5272	1.14747	-0.964212	-0.15566
11.736	1.85768	-0.789477	1.68714	1.52634	1.14747	-0.963237	-0.15566
11.754	1.85867	-0.789089	1.68714	1.52555	1.14746	-0.962251	-0.15566
11.772	1.85969	-0.788671	1.68715	1.52487	1.14746	-0.961095	-0.15566
11.79	1.85969	-0.788671	1.68715	1.52487	1.14746	-0.961095	-0.15566
11.808	1.86063	-0.788288	1.68714	1.52426	1.14746	-0.959769	-0.15566
11.826	1.86149	-0.787905	1.68714	1.52379	1.14746	-0.958653	-0.15566
11.844	1.8624	-0.787635	1.68714	1.52346	1.14746	-0.957216	-0.15566
11.862	1.86326	-0.787397	1.68715	1.52317	1.14746	-0.955748	-0.15566
11.88	1.8641	-0.787148	1.68714	1.52296	1.14746	-0.954572	-0.15566
11.898	1.86498	-0.787088	1.68714	1.52288	1.14746	-0.95303	-0.15566
11.916	1.86579	-0.786992	1.68714	1.52283	1.14746	-0.951712	-0.15566
11.934	1.86663	-0.786983	1.68714	1.52282	1.14745	-0.95047	-0.15566
11.952	1.86747	-0.786989	1.68714	1.5228	1.14745	-0.94898	-0.15566
11.97	1.86823	-0.786914	1.68714	1.52275	1.14745	-0.947741	-0.15566
11.988	1.86901	-0.786919	1.68714	1.52273	1.14745	-0.946701	-0.15566
12.006	1.86901	-0.786919	1.68714	1.52273	1.14745	-0.946701	-0.15566
12.024	1.8697	-0.786927	1.68714	1.52269	1.14744	-0.945619	-0.15566
12.042	1.87045	-0.786922	1.68714	1.52265	1.14744	-0.944484	-0.15566
12.06	1.87119	-0.786932	1.68714	1.52255	1.14744	-0.943746	-0.15566
12.078	1.87184	-0.786928	1.68714	1.5224	1.14743	-0.943284	-0.15566
12.096	1.87255	-0.78688	1.68714	1.52228	1.14743	-0.942945	-0.15566
12.114	1.87324	-0.786894	1.68714	1.52211	1.14743	-0.942708	-0.15566
12.132	1.87387	-0.786892	1.68714	1.52188	1.14742	-0.942609	-0.15566
12.15	1.87454	-0.786832	1.68714	1.52168	1.14742	-0.942607	-0.15566
12.168	1.87518	-0.786832	1.68714	1.52142	1.14742	-0.942609	-0.15566
12.186	1.87589	-0.786831	1.68714	1.52113	1.14741	-0.942609	-0.15566
12.204	1.87589	-0.786831	1.68714	1.52113	1.14741	-0.942609	-0.15566
12.222	1.87653	-0.786813	1.68714	1.52089	1.14741	-0.942609	-0.15566
12.24	1.87719	-0.786802	1.68714	1.52069	1.1474	-0.942607	-0.15566
12.258	1.87788	-0.786768	1.68714	1.52044	1.1474	-0.942607	-0.15566
12.276	1.87848	-0.786745	1.68714	1.52022	1.14739	-0.942607	-0.15566
12.294	1.87916	-0.786694	1.68714	1.52	1.14738	-0.942588	-0.15566
12.312	1.87983	-0.78668	1.68714	1.51974	1.14738	-0.942542	-0.15566
12.33	1.88046	-0.786661	1.68714	1.51945	1.14737	-0.942372	-0.15566
12.348	1.88109	-0.78655	1.68714	1.51918	1.14735	-0.942099	-0.15566
12.366	1.88169	-0.786501	1.68714	1.51888	1.14732	-0.941578	-0.15566
12.384	1.88241	-0.786418	1.68714	1.51849	1.1473	-0.940915	-0.15566
12.402	1.88241	-0.786418	1.68714	1.51849	1.1473	-0.940915	-0.15566
12.42	1.8831	-0.786346	1.68714	1.51807	1.14729	-0.940286	-0.15566
12.438	1.88386	-0.786311	1.68714	1.51766	1.14727	-0.939665	-0.15566
12.456	1.88469	-0.78629	1.68714	1.51723	1.14727	-0.938934	-0.15566
12.474	1.8855	-0.786202	1.68714	1.51685	1.14727	-0.937981	-0.15566
12.492	1.88645	-0.786182	1.68714	1.51651	1.14726	-0.936722	-0.15566
12.51	1.88737	-0.786155	1.68714	1.51611	1.14726	-0.935665	-0.15566
12.528	1.8884	-0.786067	1.68714	1.51573	1.14725	-0.934639	-0.15566
12.546	1.88943	-0.786072	1.68714	1.51537	1.14725	-0.933192	-0.15566
12.564	1.89057	-0.785978	1.68714	1.515	1.14725	-0.931881	-0.15566
12.582	1.89171	-0.78599	1.68714	1.51459	1.14725	-0.930533	-0.15566
12.6	1.89297	-0.785936	1.68714	1.51422	1.14724	-0.929057	-0.15566
12.618	1.89297	-0.785936	1.68714	1.51422	1.14724	-0.929057	-0.15566
12.636	1.89413	-0.785944	1.68714	1.51376	1.14724	-0.928077	-0.15566
12.654	1.89537	-0.785983	1.68714	1.51333	1.14724	-0.927472	-0.15566
12.672	1.89639	-0.785999	1.68714	1.51294	1.14724	-0.926967	-0.15566
12.69	1.89736	-0.786	1.68714	1.51261	1.14723	-0.926533	-0.15566
12.708	1.89812	-0.786001	1.68714	1.51229	1.14723	-0.92603	-0.15566
12.726	1.89872	-0.786003	1.68714	1.51204	1.14722	-0.925703	-0.15566
12.744	1.89915	-0.786003	1.68714	1.51187	1.14722	-0.925481	-0.15566
12.762	1.89947	-0.786004	1.68713	1.51175	1.14721	-0.925311	-0.15566
12.78	1.8996	-0.786004	1.68713	1.51163	1.1472	-0.925242	-0.15566
12.798	1.8996	-0.786004	1.68713	1.5116	1.14719	-0.925231	-0.15566
12.816	1.8996	-0.786004	1.68713	1.5116	1.14719	-0.925231	-0.15566
12.834	1.8996	-0.786005	1.68713	1.5116	1.14718	-0.925229	-0.15566
12.852	1.8996	-0.786005	1.68713	1.51157	1.14716	-0.925225	-0.15566
12.87	1.8996	-0.786005	1.68713	1.51154	1.14711	-0.925224	-0.15566
12.888	1.8996	-0.786005	1.68713	1.51154	1.1471	-0.92522	-0.15566
12.906	1.8996	-0.786006	1.68713	1.51154	1.14709	-0.925219	-0.15566
12.924	1.8996	-0.786006	1.68713	1.51153	1.14709	-0.925215	-0.15566
12.942	1.8996	-0.786005	1.68713	1.51153	1.14709	-0.925215	-0.15566
12.96	1.8996	-0.785999	1.68713	1.51153	1.14709	-0.925212	-0.15566
12.978	1.89962	-0.785999	1.68713	1.51153	1.14709	-0.92521	-0.15566
12.996	1.89963	-0.785999	1.68713	1.51154	1.14709	-0.925205	-0.15566
13.014	1.89963	-0.785999	1.68713	1.51154	1.14709	-0.925205	-0.15566
13.032	1.89964	-0.785996	1.68713	1.51154	1.14709	-0.925202	-0.15566
13.05	1.89968	-0.785995	1.68713	1.51154	1.14709	-0.9252	-0.15566
13.068	1.89973	-0.785998	1.68713	1.51154	1.14709	-0.925196	-0.15566
13.086	1.89976	-0.785999	1.68713	1.51154	1.14709	-0.925193	-0.15566
13.104	1.89981	-0.785999	1.68713	1.51154	1.14709	-0.925191	-0.15566
13.122	1.89984	-0.786001	1.68713	1.51154	1.14709	-0.92519	-0.15566
13.14	1.89985	-0.786003	1.68713	1.51153	1.14709	-0.925188	-0.15566
13.158	1.89985	-0.786004	1.68713	1.51153	1.14709	-0.925186	-0.15566
13.176	1.89984	-0.786004	1.68713	1.51151	1.14709	-0.925186	-0.15566
13.194	1.89984	-0.786005	1.68713	1.51147	1.14709	-0.925186	-0.15566
13.212	1.89984	-0.786005	1.68713	1.51147	1.14709	-0.925186	-0.15566
13.23	1.89984	-0.786005	1.68713	1.51145	1.14709	-0.925186	-0.15566
13.248	1.89984	-0.786005	1.68713	1.51144	1.14709	-0.925186	-0.15566
13.266	1.89984	-0.786005	1.68713	1.51144	1.14709	-0.925186	-0.15566
13.284	1.89983	-0.786005	1.68713	1.51143	1.14709	-0.925186	-0.15566
13.302	1.89983	-0.786005	1.68713	1.51143	1.14709	-0.925186	-0.15566
13.32	1.89983	-0.786006	1.68713	1.51143	1.14709	-0.925186	-0.15566
13.338	1.89983	-0.786006	1.68713	1.51143	1.14709	-0.925186	-0.15566
13.356	1.89983	-0.786006	1.68713	1.51143	1.14709	-0.925186	-0.15566
13.374	1.89983	-0.786006	1.68713	1.51143	1.14709	-0.925186	-0.15566
13.392	1.89983	-0.786006	1.68713	1.51142	1.14709	-0.925186	-0.15566
13.41	1.89983	-0.786006	1.68713	1.51141	1.14709	-0.925186	-0.15566
13.428	1.89983	-0.786006	1.68713	1.51141	1.14709	-0.925186	-0.15566
13.446	1.89983	-0.786006	1.68713	1.51141	1.14709	-0.925186	-0.15566
13.464	1.89983	-0.786006	1.68713	1.51141	1.14709	-0.925186	-0.15566
13.482	1.89983	-0.786006	1.68713	1.51141	1.14709	-0.925186	-0.15566
13.5	1.89983	-0.786006	1.68713	1.51141	1.14709	-0.925186	-0.15566
13.518	1.89983	-0.786008	1.68713	1.51141	1.14709	-0.925186	-0.15566
13.536	1.89983	-0.786008	1.68713	1.51141	1.14709	-0.925186	-0.15566
13.554	1.89983	-0.786008	1.68713	1.51141	1.14709	-0.925186	-0.15566
13.572	1.89983	-0.786008	1.68713	1.51141	1.14709	-0.925186	-0.15566
13.59	1.89983	-0.786008	1.68713	1.51141	1.14709	-0.925186	-0.15566
13.608	1.89983	-0.786008	1.68713	1.51141	1.14709	-0.925186	-0.15566
13.626	1.89983	-0.786008	1.68713	1.51141	1.14709	-0.925186	-0.15566
13.644	1.89983	-0.786008	1.68713	1.51141	1.14709	-0.925186	-0.15566
13.662	1.89983	-0.786008	1.68713	1.51141	1.14709	-0.925186	-0.15566
13.68	1.89983	-0.786008	1.68713	1.51141	1.14709	-0.925186	-0.15566
13.698	1.89983	-0.786008	1.68713	1.51141	1.14709	-0.925186	-0.15566
13.716	1.89983	-0.786008	1.68713	1.51141	1.14709	-0.925186	-0.15566
13.734	1.89984	-0.786008	1.68713	1.51141	1.14709	-0.925186	-0.15566
13.752	1.89984	-0.786008	1.68713	1.51141	1.14709	-0.925186	-0.15566
13.77	1.89984	-0.786009	1.68713	1.51141	1.14709	-0.925186	-0.15566
13.788	1.89984	-0.786008	1.68713	1.51141	1.14709	-0.925186	-0.15566
13.806	1.89984	-0.786009	1.68713	1.51141	1.14709	-0.925186	-0.15566
13.824	1.89984	-0.786009	1.68713	1.51141	1.14709	-0.925186	-0.15566
13.842	1.89984	-0.786009	1.68713	1.51141	1.14709	-0.925186	-0.15566
13.86	1.89984	-0.786009	1.68713	1.51141	1.14709	-0.925186	-0.15566
13.878	1.89984	-0.786009	1.68713	1.51141	1.14709	-0.925186	-0.15566
13.896	1.89984	-0.786009	1.68713	1.51141	1.14709	-0.925186	-0.15566
13.914	1.89984	-0.786009	1.68713	1.51141	1.14709	-0.925186	-0.15566
13.932	1.89984	-0.786009	1.68713	1.51141	1.14709	-0.925186	-0.15566
13.95	1.89984	-0.786009	1.68713	1.51141	1.14709	-0.925186	-0.15566
13.968	1.89984	-0.786009	1.68713	1.51141	1.14709	-0.925186	-0.15566
13.986	1.89984	-0.786009	1.68713	1.51141	1.14709	-0.925186	-0.15566
14.004	1.89984	-0.786009	1.68713	1.51141	1.14709	-0.925186	-0.15566
14.022	1.89984	-0.78601	1.68713	1.51141	1.14709	-0.925188	-0.15566
14.04	1.89984	-0.78601	1.68713	1.51141	1.14709	-0.925188	-0.15566
14.058	1.89984	-0.78601	1.68713	1.51142	1.14709	-0.925188	-0.15566
14.076	1.89983	-0.78601	1.68713	1.51142	1.14709	-0.925188	-0.15566
14.094	1.89983	-0.78601	1.68713	1.51142	1.14709	-0.925188	-0.15566
14.112	1.89983	-0.786012	1.68713	1.51142	1.14709	-0.925188	-0.15566
14.13	1.89983	-0.786012	1.68713	1.51142	1.14709	-0.925188	-0.15566
14.148	1.89983	-0.786012	1.68713	1.51142	1.14709	-0.925188	-0.15566
14.166	1.89982	-0.786013	1.68713	1.51142	1.14709	-0.92519	-0.15566
14.184	1.89982	-0.786014	1.68713	1.51142	1.14709	-0.92519	-0.15566
14.202	1.89981	-0.786014	1.68713	1.51142	1.14709	-0.92519	-0.15566
14.22	1.89981	-0.786014	1.68713	1.51142	1.14709	-0.92519	-0.15566
14.238	1.89981	-0.786014	1.68713	1.51142	1.14709	-0.92519	-0.15566
14.256	1.89979	-0.786015	1.68713	1.51142	1.14709	-0.92519	-0.15566
14.274	1.89974	-0.786015	1.68713	1.51142	1.14709	-0.925191	-0.15566
14.292	1.89967	-0.786017	1.68713	1.51142	1.14709	-0.925191	-0.15566
14.31	1.89961	-0.786018	1.68713	1.51142	1.14709	-0.925193	-0.15566
14.328	1.89956	-0.786018	1.68713	1.51142	1.14709	-0.925193	-0.15566
14.346	1.89952	-0.786019	1.68713	1.51143	1.14709	-0.925195	-0.15566
14.364	1.89951	-0.786019	1.68713	1.51145	1.14709	-0.925195	-0.15566
14.382	1.89951	-0.786021	1.68712	1.51146	1.14709	-0.925195	-0.15566
14.4	1.89951	-0.786021	1.68712	1.51147	1.14709	-0.925195	-0.15566
14.418	1.89952	-0.786022	1.68712	1.51148	1.14709	-0.925195	-0.15566
14.436	1.89952	-0.786022	1.68712	1.51148	1.14709	-0.925195	-0.15566
14.454	1.89952	-0.786022	1.68712	1.51148	1.14709	-0.925195	-0.15566
14.472	1.89952	-0.786023	1.68712	1.51148	1.14709	-0.925195	-0.15566
14.49	1.89952	-0.786026	1.68712	1.51148	1.14709	-0.925195	-0.15566
14.508	1.89952	-0.786028	1.68712	1.51148	1.14709	-0.925195	-0.15566
14.526	1.89952	-0.786031	1.68712	1.51148	1.14709	-0.925195	-0.15566
14.544	1.8995	-0.786033	1.68712	1.51149	1.14709	-0.925195	-0.15566
14.562	1.89946	-0.786041	1.68712	1.51149	1.14709	-0.925196	-0.15566
14.58	1.89941	-0.786047	1.68711	1.51149	1.14709	-0.925196	-0.15566
14.598	1.89938	-0.786052	1.68711	1.51153	1.14709	-0.925196	-0.15566
14.616	1.89933	-0.786058	1.68711	1.51155	1.14709	-0.925196	-0.15566
14.634	1.89933	-0.786058	1.68711	1.51155	1.14709	-0.925196	-0.15566
14.652	1.89925	-0.786061	1.6871	1.51156	1.14709	-0.925198	-0.15566
14.67	1.8991	-0.786063	1.6871	1.51156	1.14709	-0.925198	-0.15566
14.688	1.89892	-0.786063	1.68709	1.51157	1.14709	-0.9252	-0.15566
14.706	1.89877	-0.786063	1.68709	1.51158	1.14705	-0.925202	-0.15566
14.724	1.89863	-0.786063	1.68709	1.51159	1.14698	-0.925203	-0.15566
14.742	1.89851	-0.786063	1.68709	1.51159	1.14695	-0.925203	-0.15566
14.76	1.8984	-0.786072	1.68708	1.5116	1.14691	-0.925203	-0.15566
14.778	1.89824	-0.786076	1.68705	1.5116	1.14687	-0.925203	-0.15566
14.796	1.89805	-0.786076	1.68705	1.51161	1.14683	-0.925203	-0.15566
14.814	1.89787	-0.786076	1.68705	1.51161	1.14679	-0.925203	-0.15566
14.832	1.89768	-0.786074	1.68705	1.51161	1.14677	-0.925203	-0.15566
14.85	1.89768	-0.786074	1.68705	1.51161	1.14677	-0.925203	-0.15566
14.868	1.89752	-0.786076	1.68704	1.51161	1.14676	-0.925203	-0.15566
14.886	1.89742	-0.786078	1.68703	1.51161	1.14676	-0.925203	-0.15566
14.904	1.89735	-0.786078	1.68702	1.51161	1.14676	-0.925203	-0.15566
14.922	1.89732	-0.786078	1.68702	1.51162	1.14675	-0.925203	-0.15566
14.94	1.8973	-0.786078	1.68702	1.51162	1.14675	-0.925203	-0.15566
14.958	1.8973	-0.786078	1.68702	1.51162	1.14675	-0.925203	-0.15566
14.976	1.8973	-0.786078	1.68702	1.51162	1.14675	-0.925203	-0.15566
14.994	1.8973	-0.786078	1.68702	1.51162	1.14675	-0.925203	-0.15566
15.012	1.8973	-0.786078	1.68702	1.51162	1.14675	-0.925203	-0.15566
15.03	1.8973	-0.786078	1.68702	1.51162	1.14675	-0.925203	-0.15566
15.048	1.8973	-0.786078	1.68702	1.51162	1.14675	-0.925203	-0.15566
15.066	1.8973	-0.786078	1.68702	1.51162	1.14675	-0.925203	-0.15566
15.084	1.8973	-0.786079	1.68702	1.51162	1.14675	-0.925203	-0.15566
15.102	1.8973	-0.786078	1.68702	1.51162	1.14675	-0.925203	-0.15566
15.12	1.8973	-0.786078	1.68702	1.51163	1.14675	-0.925203	-0.15566
15.138	1.8973	-0.786078	1.68702	1.51163	1.14675	-0.925203	-0.15566
15.156	1.8973	-0.786078	1.68702	1.51163	1.14675	-0.925203	-0.15566
15.174	1.8973	-0.786079	1.68702	1.51163	1.14675	-0.925203	-0.15566
15.192	1.8973	-0.786079	1.68702	1.51163	1.14675	-0.925203	-0.15566
15.21	1.8973	-0.786079	1.68702	1.51163	1.14675	-0.925203	-0.15566
15.228	1.8973	-0.786079	1.68702	1.51163	1.14675	-0.925203	-0.15566
15.246	1.8973	-0.786079	1.68702	1.51163	1.14675	-0.925203	-0.15566
15.264	1.89729	-0.786079	1.68702	1.51163	1.14675	-0.925203	-0.15566
15.282	1.89727	-0.786079	1.68701	1.51163	1.14675	-0.925203	-0.15566
15.3	1.89727	-0.786079	1.68701	1.51163	1.14675	-0.925203	-0.15566
15.318	1.89726	-0.786079	1.68701	1.51163	1.14675	-0.925203	-0.15566
15.336	1.89726	-0.786079	1.68701	1.51163	1.14675	-0.925203	-0.15566
15.354	1.89726	-0.786079	1.68701	1.51163	1.14675	-0.925203	-0.15566
15.372	1.89725	-0.786079	1.68701	1.51163	1.14674	-0.925203	-0.15566
15.39	1.89725	-0.786079	1.68701	1.51163	1.14674	-0.925203	-0.15566
15.408	1.89725	-0.786079	1.68701	1.51163	1.14674	-0.925203	-0.15566
15.426	1.89725	-0.786079	1.68701	1.51163	1.14674	-0.925203	-0.15566
15.444	1.89725	-0.786079	1.68701	1.51163	1.14674	-0.925203	-0.15566
15.462	1.89725	-0.786079	1.68701	1.51163	1.14674	-0.925203	-0.15566
15.48	1.89725	-0.786079	1.68701	1.51163	1.14674	-0.925203	-0.15566
15.498	1.89725	-0.786078	1.68701	1.51163	1.14673	-0.925203	-0.15566
15.516	1.89725	-0.786078	1.68701	1.51163	1.14673	-0.925203	-0.15566
15.534	1.89725	-0.786079	1.68701	1.51163	1.14672	-0.925203	-0.15566
15.552	1.89725	-0.786078	1.68701	1.51163	1.14672	-0.925203	-0.15566
15.57	1.89725	-0.786078	1.68701	1.51163	1.14671	-0.925203	-0.15566
15.588	1.89726	-0.786078	1.68701	1.51163	1.14671	-0.925203	-0.15566
15.606	1.89726	-0.786078	1.68701	1.51163	1.1467	-0.925203	-0.15566
15.624	1.89728	-0.786078	1.68701	1.51163	1.14669	-0.925203	-0.15566
15.642	1.89729	-0.786078	1.68701	1.51163	1.14669	-0.925203	-0.15566
15.66	1.89729	-0.786078	1.68701	1.51163	1.14669	-0.925203	-0.15566
15.678	1.89731	-0.786078	1.68701	1.51163	1.14668	-0.925203	-0.15566
15.696	1.89733	-0.786078	1.68701	1.51163	1.14668	-0.925202	-0.15566
15.714	1.89734	-0.786078	1.68701	1.51163	1.14668	-0.925202	-0.15566
15.732	1.89735	-0.786078	1.68701	1.51163	1.14668	-0.925202	-0.15566
15.75	1.89734	-0.786078	1.68701	1.51163	1.14668	-0.925202	-0.15566
15.768	1.89734	-0.786078	1.68701	1.51163	1.14668	-0.925202	-0.15566
15.786	1.89734	-0.786078	1.68701	1.51163	1.14668	-0.925202	-0.15566
15.804	1.89734	-0.786078	1.68701	1.51163	1.14669	-0.925202	-0.15566
15.822	1.89732	-0.786078	1.68701	1.51163	1.14669	-0.925202	-0.15566
15.84	1.89729	-0.786078	1.68701	1.51163	1.14669	-0.925202	-0.15566
15.858	1.89729	-0.786078	1.68701	1.51163	1.14669	-0.925202	-0.15566
15.876	1.89727	-0.786078	1.68701	1.51163	1.14669	-0.925202	-0.15566
15.894	1.89726	-0.786078	1.68701	1.51163	1.14669	-0.925202	-0.15566
15.912	1.89725	-0.786078	1.68701	1.51163	1.14669	-0.925202	-0.15566
15.93	1.89725	-0.786078	1.68701	1.51163	1.14669	-0.925202	-0.15566
15.948	1.89725	-0.786078	1.68701	1.51163	1.14669	-0.925202	-0.15566
15.966	1.89725	-0.786078	1.68701	1.51163	1.14669	-0.925202	-0.15566
15.984	1.89725	-0.786078	1.68701	1.51163	1.14669	-0.925202	-0.15566
16.002	1.89725	-0.786078	1.68701	1.51163	1.14669	-0.925202	-0.15566
16.02	1.89725	-0.786078	1.68701	1.51163	1.14668	-0.925202	-0.15566
