0.013	0.097138	1.5864	-1.80852	-1.26206	-0.360409	0.343025	0.383326
0.026	0.097138	1.5864	-1.80852	-1.26206	-0.360409	0.343025	0.383326
0.039	0.097138	1.5864	-1.80852	-1.26206	-0.360409	0.343025	0.383326
0.052	0.097138	1.5864	-1.80852	-1.26206	-0.360409	0.343025	0.383326
0.065	0.0954621	1.58633	-1.80847	-1.26204	-0.360422	0.343027	0.383345
0.078	0.0954621	1.58633	-1.80847	-1.26204	-0.360422	0.343027	0.383343
0.091	0.0954621	1.58633	-1.80847	-1.26204	-0.360422	0.343027	0.383343
0.104	0.0954621	1.58633	-1.80847	-1.26204	-0.360422	0.343027	0.383343
0.117	0.0954621	1.58633	-1.80847	-1.26204	-0.360422	0.343027	0.383343
0.13	0.0954621	1.58633	-1.80847	-1.26204	-0.360422	0.343027	0.383343
0.143	0.0954621	1.58633	-1.80847	-1.26204	-0.360422	0.343027	0.383343
0.156	0.0954621	1.58633	-1.80847	-1.26204	-0.360422	0.343027	0.383343
0.169	0.0954621	1.58633	-1.80847	-1.26204	-0.360422	0.343027	0.383343
0.182	0.0954621	1.58633	-1.80847	-1.26204	-0.360422	0.343027	0.383343
0.195	0.0954621	1.58633	-1.80847	-1.26204	-0.360422	0.343027	0.383343
0.208	0.0954621	1.58633	-1.80847	-1.26204	-0.360422	0.343027	0.383343
0.221	0.0954621	1.58633	-1.80847	-1.26204	-0.360422	0.343027	0.383343
0.234	0.0954621	1.58633	-1.80847	-1.26204	-0.360422	0.343027	0.383343
0.247	0.0954621	1.58633	-1.80847	-1.26204	-0.360422	0.343027	0.383343
0.26	0.0954621	1.58633	-1.80847	-1.26204	-0.360422	0.343027	0.383343
0.273	0.0954621	1.58633	-1.80847	-1.26204	-0.360422	0.343027	0.383343
0.286	0.0954621	1.58633	-1.80847	-1.26204	-0.360422	0.343027	0.383343
0.299	0.0954621	1.58633	-1.80847	-1.26204	-0.360422	0.343027	0.383343
0.312	0.0954621	1.58633	-1.80847	-1.26204	-0.360422	0.343027	0.383343
0.325	0.0954621	1.58633	-1.80847	-1.26204	-0.360422	0.343027	0.383343
0.338	0.0954596	1.58633	-1.80847	-1.26204	-0.360422	0.343029	0.383343
0.351	0.095457	1.58633	-1.80847	-1.26204	-0.360424	0.343029	0.383343
0.364	0.0954481	1.58633	-1.80847	-1.26204	-0.360424	0.343029	0.383343
0.377	0.095434	1.58633	-1.80847	-1.26204	-0.360424	0.343029	0.383343
0.39	0.0953893	1.58633	-1.80847	-1.26204	-0.360424	0.343029	0.383343
0.403	0.0953458	1.58633	-1.80847	-1.26204	-0.360426	0.34303	0.383343
0.416	0.0952691	1.58633	-1.80847	-1.26204	-0.360426	0.34303	0.383343
0.429	0.0951771	1.58633	-1.80847	-1.26204	-0.360428	0.34303	0.383343
0.442	0.0950595	1.58633	-1.80847	-1.26204	-0.360432	0.34303	0.383343
0.455	0.0949252	1.58633	-1.80847	-1.26204	-0.360444	0.343032	0.383343
0.468	0.0947552	1.58633	-1.80847	-1.26204	-0.360471	0.343032	0.383343
0.481	0.0945763	1.58633	-1.80847	-1.26204	-0.360537	0.343032	0.383343
0.494	0.0943768	1.58633	-1.80847	-1.26205	-0.360602	0.343034	0.383343
0.507	0.0941621	1.58633	-1.80847	-1.26205	-0.360641	0.343034	0.383343
0.52	0.0939371	1.58633	-1.80847	-1.26205	-0.360682	0.343034	0.383343
0.533	0.0936916	1.58633	-1.80847	-1.26205	-0.360719	0.343034	0.383343
0.546	0.0934079	1.58633	-1.80847	-1.26205	-0.36077	0.343036	0.383343
0.559	0.0931356	1.58633	-1.80847	-1.26205	-0.360833	0.343036	0.383343
0.572	0.0928403	1.58633	-1.80847	-1.26206	-0.360868	0.343036	0.383343
0.585	0.0925233	1.58633	-1.80847	-1.26206	-0.360905	0.343036	0.383343
0.598	0.0922293	1.58633	-1.80847	-1.26206	-0.360954	0.343036	0.383343
0.611	0.0919033	1.58633	-1.80847	-1.26206	-0.360989	0.343036	0.383343
0.624	0.0916016	1.58633	-1.80847	-1.26206	-0.361013	0.343036	0.383343
0.637	0.0912961	1.58633	-1.80847	-1.26206	-0.361038	0.343036	0.383343
0.65	0.0909983	1.58633	-1.80847	-1.26206	-0.361068	0.343036	0.383343
0.663	0.0907311	1.58633	-1.80847	-1.26206	-0.361095	0.343036	0.383343
0.676	0.0904588	1.58633	-1.80847	-1.26206	-0.361111	0.343036	0.383345
0.689	0.0902185	1.58633	-1.80847	-1.26206	-0.361128	0.343036	0.383343
0.702	0.0899935	1.58633	-1.80847	-1.26206	-0.36114	0.343036	0.383345
0.715	0.0897838	1.58633	-1.80847	-1.26206	-0.361144	0.343036	0.383345
0.728	0.0895959	1.58633	-1.80847	-1.26206	-0.361146	0.343034	0.383345
0.741	0.0894195	1.58633	-1.80847	-1.26206	-0.36115	0.343034	0.383345
0.754	0.0892636	1.58633	-1.80847	-1.26206	-0.361152	0.343034	0.383345
0.767	0.0891332	1.58633	-1.80847	-1.26206	-0.361152	0.343034	0.383345
0.78	0.0890181	1.58633	-1.80847	-1.26206	-0.361154	0.343034	0.383345
0.793	0.0889312	1.58633	-1.80847	-1.26206	-0.361154	0.343034	0.383345
0.806	0.0888686	1.58633	-1.80847	-1.26206	-0.361152	0.343034	0.383345
0.819	0.0888277	1.58633	-1.80847	-1.26206	-0.361152	0.343034	0.383343
0.832	0.0888098	1.58633	-1.80847	-1.26206	-0.36115	0.343034	0.383343
0.845	0.0888034	1.58633	-1.80847	-1.26206	-0.36115	0.343034	0.383343
0.858	0.0888047	1.58633	-1.80847	-1.26206	-0.36115	0.343032	0.383343
0.871	0.0888072	1.58633	-1.80847	-1.26206	-0.36115	0.343032	0.383343
0.884	0.0888072	1.58633	-1.80847	-1.26206	-0.36115	0.343032	0.383343
0.897	0.0888072	1.58633	-1.80847	-1.26205	-0.36115	0.343032	0.383343
0.91	0.0888072	1.58633	-1.80847	-1.26205	-0.36115	0.343032	0.383343
0.923	0.0888072	1.58633	-1.80847	-1.26205	-0.361148	0.343032	0.383343
0.936	0.0888072	1.58633	-1.80847	-1.26205	-0.361148	0.343032	0.383343
0.949	0.0888072	1.58633	-1.80847	-1.26205	-0.361148	0.34303	0.383343
0.962	0.0888072	1.58633	-1.80847	-1.26205	-0.361148	0.34303	0.383343
0.975	0.0888072	1.58633	-1.80847	-1.26205	-0.361148	0.34303	0.383343
0.988	0.0888072	1.58633	-1.80847	-1.26205	-0.361148	0.34303	0.383343
1.001	0.0888072	1.58633	-1.80847	-1.26205	-0.361146	0.34303	0.383343
1.014	0.0888072	1.58633	-1.80847	-1.26205	-0.361146	0.34303	0.383343
1.027	0.0888072	1.58633	-1.80847	-1.26205	-0.361146	0.34303	0.383343
1.04	0.0888072	1.58633	-1.80847	-1.26205	-0.361144	0.34303	0.383343
1.053	0.0888072	1.58633	-1.80847	-1.26205	-0.361144	0.343029	0.383343
1.066	0.0888072	1.58633	-1.80847	-1.26205	-0.361144	0.343029	0.383343
1.079	0.0888072	1.58633	-1.80847	-1.26205	-0.361144	0.343029	0.383343
1.092	0.0888072	1.58633	-1.80847	-1.26205	-0.361144	0.343029	0.383343
1.105	0.0888072	1.58633	-1.80847	-1.26205	-0.361142	0.343029	0.383343
1.118	0.0888072	1.58633	-1.80847	-1.26205	-0.361142	0.343029	0.383343
1.131	0.0888072	1.58633	-1.80847	-1.26205	-0.361142	0.343029	0.383343
1.144	0.0888072	1.58633	-1.80847	-1.26205	-0.361142	0.343029	0.383343
1.157	0.0888072	1.58633	-1.80847	-1.26205	-0.36114	0.343029	0.383343
1.17	0.0888072	1.58633	-1.80847	-1.26205	-0.36114	0.343029	0.383343
1.183	0.0888072	1.58633	-1.80847	-1.26205	-0.36114	0.343029	0.383343
1.196	0.0888072	1.58633	-1.80847	-1.26205	-0.36114	0.343029	0.383343
1.209	0.0888072	1.58633	-1.80847	-1.26205	-0.36114	0.343029	0.383343
1.222	0.0888072	1.58633	-1.80847	-1.26205	-0.361138	0.343029	0.383343
1.235	0.0888072	1.58633	-1.80846	-1.26205	-0.361138	0.343029	0.383343
1.248	0.0888072	1.58633	-1.80846	-1.26205	-0.361138	0.343027	0.383343
1.261	0.0888072	1.58633	-1.80846	-1.26205	-0.361136	0.343025	0.383343
1.274	0.0888072	1.58633	-1.80846	-1.26205	-0.361136	0.343018	0.383343
1.287	0.0888072	1.58633	-1.80846	-1.26205	-0.361136	0.343003	0.383343
1.3	0.0888072	1.58633	-1.80846	-1.26205	-0.361136	0.342969	0.383343
1.313	0.0888072	1.58633	-1.80846	-1.26205	-0.361136	0.342896	0.383343
1.326	0.0888072	1.58633	-1.80846	-1.26205	-0.361136	0.34278	0.383343
1.339	0.0888072	1.58633	-1.80846	-1.26205	-0.361136	0.342652	0.383343
1.352	0.0888085	1.58633	-1.80846	-1.26205	-0.361136	0.342499	0.383343
1.365	0.0888085	1.58633	-1.80846	-1.26205	-0.361136	0.342328	0.383343
1.378	0.0888085	1.58633	-1.80846	-1.26205	-0.361136	0.342122	0.383343
1.391	0.0888085	1.58633	-1.80846	-1.26205	-0.361136	0.341892	0.383343
1.404	0.0888085	1.58633	-1.80846	-1.26205	-0.361136	0.341698	0.383343
1.417	0.0888085	1.58633	-1.80846	-1.26205	-0.361136	0.34141	0.383343
1.43	0.0888085	1.58633	-1.80846	-1.26205	-0.361136	0.340966	0.383343
1.443	0.0888085	1.58632	-1.80846	-1.26205	-0.361136	0.340639	0.383343
1.456	0.0888098	1.58633	-1.80846	-1.26205	-0.361138	0.340426	0.383343
1.469	0.0888098	1.58632	-1.80846	-1.26205	-0.361138	0.340187	0.383343
1.482	0.0888098	1.58632	-1.80847	-1.26205	-0.361138	0.339973	0.383343
1.495	0.0888098	1.58632	-1.80847	-1.26205	-0.361138	0.339772	0.383343
1.508	0.0888098	1.58633	-1.80847	-1.26205	-0.36114	0.339494	0.383343
1.521	0.0888098	1.58633	-1.80847	-1.26205	-0.361142	0.339064	0.383343
1.534	0.0888098	1.58633	-1.80847	-1.26205	-0.36115	0.338735	0.383343
1.547	0.0888098	1.58633	-1.80847	-1.26205	-0.361214	0.33849	0.383343
1.56	0.0888098	1.58633	-1.80847	-1.26205	-0.36143	0.338226	0.383343
1.573	0.0888098	1.58632	-1.80847	-1.26205	-0.361639	0.337892	0.383343
1.586	0.0888098	1.58632	-1.80847	-1.26205	-0.361837	0.337542	0.383343
1.599	0.0888098	1.58632	-1.80847	-1.26205	-0.362083	0.337096	0.383343
1.612	0.0888098	1.58632	-1.80847	-1.26205	-0.362351	0.336719	0.383343
1.625	0.0888098	1.58632	-1.80847	-1.26205	-0.362621	0.336593	0.383343
1.638	0.0888098	1.58632	-1.80847	-1.26205	-0.362864	0.336557	0.383343
1.651	0.0888098	1.58632	-1.80847	-1.26205	-0.363064	0.336542	0.383345
1.664	0.0888098	1.58632	-1.80847	-1.26205	-0.363277	0.336533	0.383343
1.677	0.0888098	1.58632	-1.80847	-1.26205	-0.363566	0.336504	0.383343
1.69	0.0888098	1.58632	-1.80847	-1.26205	-0.363881	0.336433	0.383343
1.703	0.0888098	1.58632	-1.80847	-1.26205	-0.364138	0.336385	0.383343
1.716	0.0888098	1.58632	-1.80847	-1.26205	-0.364367	0.336385	0.383343
1.729	0.0888098	1.58632	-1.80847	-1.26205	-0.364654	0.336385	0.383343
1.742	0.0888098	1.58632	-1.80847	-1.26205	-0.365034	0.336385	0.383343
1.755	0.0888059	1.58632	-1.80847	-1.26205	-0.365406	0.336387	0.383343
1.768	0.0887829	1.58632	-1.80847	-1.26205	-0.365719	0.336387	0.383343
1.781	0.0887497	1.58632	-1.80847	-1.26205	-0.365973	0.336388	0.383343
1.794	0.0887049	1.58632	-1.80847	-1.26206	-0.366231	0.336388	0.383343
1.807	0.0886282	1.58632	-1.80847	-1.26208	-0.366505	0.33639	0.383343
1.82	0.0885311	1.58632	-1.80847	-1.26214	-0.366799	0.336392	0.383343
1.833	0.0884148	1.58632	-1.80847	-1.26224	-0.367114	0.336393	0.383343
1.846	0.0882435	1.58632	-1.80847	-1.26238	-0.367368	0.336393	0.383343
1.859	0.088044	1.58632	-1.80847	-1.26257	-0.367611	0.336395	0.383343
1.872	0.0878101	1.58632	-1.80847	-1.26282	-0.367875	0.336395	0.383343
1.885	0.087534	1.58632	-1.80847	-1.26313	-0.368227	0.336395	0.383343
1.898	0.087217	1.58632	-1.80847	-1.26346	-0.36862	0.336395	0.383343
1.911	0.0868578	1.58632	-1.80847	-1.26384	-0.368883	0.336395	0.383343
1.924	0.0864871	1.58632	-1.80847	-1.26425	-0.369076	0.336395	0.383343
1.937	0.0860639	1.58632	-1.80847	-1.26472	-0.369278	0.336395	0.383343
1.95	0.0856063	1.58632	-1.80846	-1.2652	-0.369503	0.336395	0.383343
1.963	0.0850886	1.58632	-1.80846	-1.26568	-0.369722	0.336395	0.383343
1.976	0.0845568	1.58632	-1.80846	-1.26621	-0.369898	0.336395	0.383343
1.989	0.0840161	1.58632	-1.80846	-1.26679	-0.370037	0.336395	0.383343
2.002	0.0834025	1.58632	-1.80846	-1.26734	-0.37017	0.336395	0.383345
2.015	0.0827633	1.58632	-1.80846	-1.26784	-0.370315	0.336395	0.383345
2.028	0.0821037	1.58632	-1.80846	-1.26838	-0.37044	0.336393	0.383345
2.041	0.0813994	1.58632	-1.80846	-1.2689	-0.370552	0.336393	0.383345
2.054	0.0806707	1.58632	-1.80846	-1.26936	-0.370669	0.336393	0.383347
2.067	0.0799063	1.58632	-1.80845	-1.26987	-0.370749	0.336393	0.383347
2.08	0.0791035	1.58632	-1.80845	-1.27039	-0.370812	0.336393	0.383347
2.093	0.0783058	1.58632	-1.80845	-1.2709	-0.3709	0.336393	0.383348
2.106	0.077434	1.58632	-1.80845	-1.27148	-0.370951	0.336393	0.38335
2.119	0.0765622	1.58632	-1.80845	-1.27199	-0.370992	0.336393	0.383352
2.132	0.0756201	1.58631	-1.80845	-1.27251	-0.371013	0.336393	0.383354
2.145	0.0746728	1.58631	-1.80845	-1.27301	-0.371031	0.336393	0.383357
2.158	0.0736911	1.58631	-1.80844	-1.27356	-0.371053	0.336393	0.383366
2.171	0.0726646	1.58631	-1.80841	-1.2741	-0.371066	0.336393	0.383398
2.184	0.0716023	1.58631	-1.80839	-1.27465	-0.37108	0.336393	0.383461
2.197	0.070535	1.58631	-1.80836	-1.27519	-0.371088	0.336393	0.383536
2.21	0.0693972	1.58631	-1.80835	-1.27577	-0.371098	0.336393	0.383626
2.223	0.0682736	1.58631	-1.80834	-1.27629	-0.371113	0.336393	0.383756
2.236	0.0670464	1.58631	-1.80834	-1.27682	-0.371125	0.336393	0.383884
2.249	0.0658077	1.58631	-1.80834	-1.27741	-0.371141	0.336393	0.384013
2.262	0.0645588	1.58631	-1.80832	-1.27799	-0.371156	0.336393	0.384133
2.275	0.0632089	1.58631	-1.80832	-1.27865	-0.371168	0.336393	0.384255
2.288	0.0619165	1.58631	-1.80831	-1.2793	-0.371178	0.336393	0.384415
2.301	0.0605245	1.5863	-1.80831	-1.27994	-0.371203	0.336393	0.384557
2.314	0.0590889	1.5863	-1.80831	-1.28064	-0.37124	0.336393	0.384678
2.327	0.0576789	1.5863	-1.8083	-1.28138	-0.371258	0.336395	0.384821
2.34	0.0562101	1.5863	-1.8083	-1.28212	-0.371285	0.336395	0.385012
2.353	0.054717	1.58629	-1.8083	-1.28292	-0.371317	0.336395	0.385227
2.366	0.0531741	1.58629	-1.8083	-1.28375	-0.371373	0.336395	0.385409
2.379	0.0516389	1.58629	-1.8083	-1.28454	-0.371477	0.336395	0.385634
2.392	0.0500781	1.58629	-1.8083	-1.28543	-0.371571	0.336395	0.385893
2.405	0.0485287	1.58629	-1.8083	-1.28632	-0.37171	0.336397	0.386181
2.418	0.0469474	1.58629	-1.80831	-1.28724	-0.371876	0.336397	0.386369
2.431	0.0452984	1.58629	-1.80831	-1.2882	-0.371949	0.336398	0.386483
2.444	0.0436315	1.58628	-1.80831	-1.28918	-0.372025	0.336398	0.386701
2.457	0.0420106	1.58627	-1.80831	-1.29022	-0.372125	0.3364	0.386865
2.47	0.040359	1.58627	-1.80832	-1.29131	-0.372254	0.336404	0.387045
2.483	0.0386806	1.58626	-1.80832	-1.2924	-0.372416	0.336407	0.387332
2.496	0.0369088	1.58625	-1.80832	-1.29354	-0.372626	0.336407	0.387603
2.509	0.0352163	1.58624	-1.80833	-1.29469	-0.372882	0.336409	0.387901
2.522	0.0334574	1.58623	-1.80833	-1.29591	-0.373099	0.336414	0.388191
2.535	0.0317035	1.58622	-1.80836	-1.2971	-0.373236	0.336426	0.388477
2.548	0.0299164	1.58622	-1.80839	-1.29837	-0.373414	0.336427	0.388673
2.561	0.0281383	1.58622	-1.80842	-1.29958	-0.373577	0.336443	0.388854
2.574	0.0263346	1.58621	-1.80852	-1.30086	-0.373798	0.336462	0.38919
2.587	0.02449	1.5862	-1.80863	-1.30219	-0.374087	0.336482	0.389624
2.6	0.0226696	1.5862	-1.80881	-1.30354	-0.374455	0.336542	0.390192
2.613	0.0207458	1.5862	-1.80897	-1.3049	-0.37486	0.336709	0.390621
2.626	0.0188552	1.58619	-1.80926	-1.30629	-0.375273	0.336893	0.390799
2.639	0.0169032	1.58619	-1.80955	-1.30773	-0.375482	0.337119	0.391194
2.652	0.0149691	1.58619	-1.80996	-1.30911	-0.375578	0.337515	0.39175
2.665	0.0129774	1.58619	-1.81034	-1.31046	-0.375811	0.33812	0.392188
2.678	0.011051	1.58619	-1.81078	-1.31168	-0.37612	0.339066	0.392471
2.691	0.00904279	1.58619	-1.81119	-1.31287	-0.376347	0.339749	0.392794
2.704	0.00713299	1.58618	-1.81174	-1.31404	-0.376498	0.340199	0.393355
2.717	0.00511708	1.58619	-1.81222	-1.31519	-0.376711	0.340651	0.394044
2.73	0.00313697	1.58618	-1.81276	-1.31623	-0.377003	0.341387	0.394593
2.743	0.00107504	1.58618	-1.81324	-1.31719	-0.377241	0.342661	0.394828
2.756	-0.000937015	1.58617	-1.81375	-1.31814	-0.377339	0.34407	0.395269
2.769	-0.00305134	1.58616	-1.81422	-1.31907	-0.377453	0.34533	0.395983
2.782	-0.00514012	1.58614	-1.81472	-1.31991	-0.377719	0.346613	0.396623
2.795	-0.00730303	1.58614	-1.81518	-1.32075	-0.378034	0.347677	0.397069
2.808	-0.00942504	1.58613	-1.8157	-1.32157	-0.378226	0.348493	0.398034
2.821	-0.0115585	1.58614	-1.81618	-1.32237	-0.378502	0.349381	0.399212
2.834	-0.013724	1.58614	-1.81664	-1.32312	-0.378883	0.350843	0.399887
2.847	-0.0158972	1.58614	-1.81707	-1.32379	-0.379065	0.352396	0.400422
2.86	-0.0181163	1.58614	-1.81761	-1.32456	-0.379071	0.35402	0.401165
2.873	-0.0202843	1.58614	-1.81806	-1.32528	-0.379108	0.355768	0.40246
2.886	-0.022561	1.58613	-1.81856	-1.32612	-0.379345	0.35732	0.403244
2.899	-0.0247853	1.58613	-1.81902	-1.32684	-0.379617	0.359089	0.403769
2.912	-0.0270633	1.58613	-1.81949	-1.32756	-0.37966	0.360939	0.404707
2.925	-0.0293118	1.58613	-1.81993	-1.32817	-0.379685	0.363071	0.40567
2.938	-0.0315105	1.58613	-1.82036	-1.32874	-0.379787	0.365212	0.406762
2.951	-0.0337489	1.58613	-1.82075	-1.3293	-0.37992	0.367427	0.407297
2.964	-0.0359182	1.58611	-1.8211	-1.32984	-0.37994	0.369304	0.408141
2.977	-0.0381488	1.58611	-1.82153	-1.33039	-0.379971	0.371274	0.409291
2.99	-0.0403475	1.5861	-1.82191	-1.33097	-0.380112	0.37317	0.410597
3.003	-0.0425884	1.5861	-1.82225	-1.3315	-0.380313	0.375581	0.411482
3.016	-0.0448076	1.58608	-1.82258	-1.33201	-0.380374	0.378196	0.41239
3.029	-0.0470076	1.58609	-1.82281	-1.33249	-0.38038	0.381097	0.413686
3.042	-0.0492037	1.58609	-1.82302	-1.33296	-0.380407	0.384156	0.415308
3.055	-0.0513359	1.58609	-1.82321	-1.33337	-0.380552	0.387056	0.416585
3.068	-0.053527	1.58609	-1.82338	-1.33381	-0.380752	0.389546	0.417885
3.081	-0.0556426	1.58608	-1.82353	-1.33422	-0.38093	0.391883	0.419762
3.094	-0.0577991	1.58609	-1.82368	-1.33465	-0.381221	0.394328	0.42142
3.107	-0.0599122	1.58609	-1.8238	-1.33503	-0.381444	0.397136	0.422964
3.12	-0.0620853	1.58609	-1.82388	-1.33534	-0.381485	0.400495	0.424214
3.133	-0.0642303	1.58608	-1.82394	-1.33555	-0.381478	0.40424	0.425293
3.146	-0.0663651	1.58609	-1.82395	-1.33572	-0.38147	0.407872	0.426866
3.159	-0.0684986	1.58609	-1.82397	-1.33591	-0.38147	0.410996	0.428132
3.172	-0.0705606	1.58609	-1.82397	-1.33605	-0.38147	0.413723	0.429208
3.185	-0.0726659	1.58609	-1.82397	-1.33615	-0.38147	0.416629	0.430869
3.198	-0.0747304	1.58609	-1.82397	-1.33616	-0.381476	0.420092	0.43231
3.211	-0.0768179	1.5861	-1.82397	-1.33615	-0.381483	0.424096	0.433632
3.224	-0.0788172	1.5861	-1.82397	-1.33614	-0.381489	0.428042	0.435233
3.237	-0.0809456	1.5861	-1.82397	-1.33616	-0.381507	0.431599	0.436867
3.25	-0.0829871	1.5861	-1.82397	-1.33615	-0.381656	0.43473	0.438865
3.263	-0.0850925	1.5861	-1.82396	-1.33616	-0.381949	0.437841	0.44066
3.276	-0.0871135	1.58611	-1.82396	-1.33615	-0.382231	0.441215	0.442425
3.289	-0.0891524	1.58612	-1.82395	-1.33615	-0.382276	0.444774	0.443879
3.302	-0.0911466	1.58612	-1.82395	-1.33613	-0.382274	0.448152	0.445066
3.315	-0.0932149	1.58612	-1.82395	-1.33613	-0.382274	0.45135	0.446635
3.328	-0.0952091	1.58612	-1.82395	-1.33612	-0.382272	0.454471	0.447961
3.341	-0.0972096	1.58612	-1.82395	-1.33609	-0.382274	0.457762	0.449083
3.354	-0.099191	1.58613	-1.82393	-1.33608	-0.382272	0.461246	0.450602
3.367	-0.101198	1.58616	-1.82388	-1.33605	-0.382274	0.464724	0.451911
3.38	-0.103202	1.58619	-1.82387	-1.336	-0.382274	0.467791	0.453327
3.393	-0.105221	1.58621	-1.82386	-1.33598	-0.382278	0.470513	0.455065
3.406	-0.107191	1.58621	-1.82384	-1.33594	-0.382325	0.473105	0.456526
3.419	-0.109182	1.58625	-1.82378	-1.33582	-0.382434	0.475895	0.458106
3.432	-0.111238	1.58628	-1.82368	-1.33554	-0.382524	0.479149	0.459626
3.445	-0.113339	1.58635	-1.82349	-1.33508	-0.382544	0.482759	0.461012
3.458	-0.115474	1.58641	-1.82332	-1.33457	-0.382544	0.486279	0.46243
3.471	-0.117601	1.58655	-1.82311	-1.33398	-0.382544	0.489347	0.463584
3.484	-0.119868	1.58671	-1.82288	-1.33342	-0.382542	0.491983	0.464644
3.497	-0.12215	1.58695	-1.8225	-1.33266	-0.38254	0.494639	0.466361
3.51	-0.124609	1.58721	-1.82208	-1.33168	-0.382538	0.497821	0.467622
3.523	-0.127125	1.58761	-1.82172	-1.33045	-0.382538	0.501494	0.468575
3.536	-0.129692	1.58822	-1.82144	-1.32905	-0.382536	0.505257	0.470463
3.549	-0.132408	1.58892	-1.82127	-1.32747	-0.382536	0.508716	0.472425
3.562	-0.135229	1.58979	-1.82105	-1.32574	-0.382536	0.511858	0.474406
3.575	-0.1381	1.59072	-1.82085	-1.32382	-0.382534	0.514996	0.476328
3.588	-0.141182	1.59171	-1.82054	-1.32177	-0.382532	0.518526	0.478675
3.601	-0.144289	1.59288	-1.82025	-1.31957	-0.382528	0.522429	0.480968
3.614	-0.147536	1.59411	-1.81996	-1.31729	-0.382524	0.526176	0.483129
3.627	-0.150799	1.59548	-1.81971	-1.3149	-0.382515	0.529516	0.485005
3.64	-0.154123	1.59695	-1.81947	-1.31251	-0.382499	0.532618	0.487184
3.653	-0.157494	1.5984	-1.8193	-1.31001	-0.382348	0.535891	0.489376
3.666	-0.160989	1.59996	-1.81905	-1.30734	-0.381941	0.539625	0.491412
3.679	-0.164542	1.60146	-1.81879	-1.30454	-0.38136	0.543573	0.493527
3.692	-0.168189	1.60298	-1.81839	-1.30166	-0.380926	0.547321	0.495687
3.705	-0.171788	1.60444	-1.81804	-1.29875	-0.38058	0.550726	0.498102
3.718	-0.175459	1.6059	-1.8177	-1.29584	-0.380231	0.553924	0.500447
3.731	-0.179206	1.6074	-1.81743	-1.29287	-0.379963	0.55739	0.502636
3.744	-0.18306	1.60888	-1.81717	-1.2896	-0.379574	0.561043	0.504485
3.757	-0.186963	1.61029	-1.81694	-1.28618	-0.378908	0.564716	0.50638
3.77	-0.190802	1.61172	-1.81667	-1.28269	-0.378057	0.568253	0.507959
3.783	-0.194663	1.61302	-1.81648	-1.27929	-0.377193	0.57173	0.509703
3.796	-0.198461	1.61432	-1.81624	-1.27586	-0.37668	0.575367	0.511231
3.809	-0.202346	1.61548	-1.81592	-1.27242	-0.376287	0.579245	0.513156
3.822	-0.206225	1.6166	-1.81562	-1.26883	-0.375725	0.582953	0.515215
3.835	-0.209999	1.61765	-1.81537	-1.26523	-0.375179	0.586314	0.51733
3.848	-0.213797	1.61865	-1.81508	-1.26178	-0.374713	0.589425	0.518995
3.861	-0.21749	1.61959	-1.81484	-1.2584	-0.374265	0.592693	0.520563
3.874	-0.221278	1.6205	-1.81445	-1.25502	-0.373866	0.596267	0.522116
3.887	-0.225016	1.62129	-1.8141	-1.25157	-0.37341	0.599984	0.523418
3.9	-0.228662	1.62207	-1.81372	-1.248	-0.37287	0.603517	0.52492
3.913	-0.232279	1.6228	-1.81344	-1.24446	-0.372285	0.60665	0.526133
3.926	-0.235844	1.6235	-1.81317	-1.24103	-0.371786	0.609634	0.52721
3.939	-0.239459	1.62413	-1.81285	-1.23768	-0.371362	0.612752	0.528727
3.952	-0.243017	1.62474	-1.81246	-1.23429	-0.370974	0.616144	0.530035
3.965	-0.246504	1.62533	-1.81208	-1.23085	-0.370655	0.619622	0.531154
3.978	-0.249901	1.62588	-1.81168	-1.22737	-0.370282	0.622854	0.532782
3.991	-0.253287	1.62642	-1.81124	-1.22395	-0.369927	0.625768	0.534331
4.004	-0.256606	1.62691	-1.81081	-1.22063	-0.369638	0.628673	0.535755
4.017	-0.259971	1.6274	-1.8103	-1.21734	-0.369307	0.631913	0.537346
4.03	-0.263306	1.62794	-1.80989	-1.21406	-0.368932	0.635642	0.538805
4.043	-0.266594	1.62854	-1.80947	-1.21062	-0.36862	0.639472	0.540466
4.056	-0.269851	1.62915	-1.80908	-1.2071	-0.368407	0.643085	0.541838
4.069	-0.27312	1.62977	-1.80867	-1.20356	-0.368112	0.646326	0.542891
4.082	-0.276343	1.63035	-1.80829	-1.20006	-0.367636	0.649567	0.544524
4.095	-0.279602	1.63097	-1.80778	-1.19653	-0.367251	0.653179	0.545896
4.108	-0.282874	1.63157	-1.8073	-1.1929	-0.366883	0.657218	0.546821
4.121	-0.286136	1.63229	-1.80678	-1.18904	-0.36639	0.661411	0.548412
4.134	-0.289341	1.63291	-1.80627	-1.18508	-0.365881	0.665383	0.549966
4.147	-0.292604	1.63359	-1.80577	-1.18117	-0.365314	0.66924	0.551146
4.16	-0.295788	1.63422	-1.80532	-1.17718	-0.364828	0.673327	0.552676
4.173	-0.299087	1.63481	-1.80476	-1.17311	-0.364449	0.677711	0.554234
4.186	-0.30238	1.63545	-1.80418	-1.16889	-0.364056	0.682057	0.556008
4.199	-0.305712	1.63613	-1.80365	-1.16461	-0.363723	0.686149	0.557847
4.212	-0.309001	1.6368	-1.80317	-1.16041	-0.363412	0.690242	0.559547
4.225	-0.312303	1.63743	-1.8026	-1.15622	-0.362958	0.694648	0.561031
4.238	-0.315528	1.63801	-1.8021	-1.15193	-0.362289	0.699233	0.562071
4.251	-0.318853	1.63866	-1.80156	-1.14755	-0.361535	0.703534	0.563249
4.264	-0.322195	1.63923	-1.80097	-1.14322	-0.361113	0.707671	0.564842
4.277	-0.325541	1.63979	-1.80033	-1.13892	-0.360786	0.711908	0.566005
4.29	-0.328846	1.6403	-1.79983	-1.13457	-0.36033	0.71642	0.567198
4.303	-0.332175	1.64084	-1.79926	-1.13011	-0.359821	0.720879	0.568766
4.316	-0.33549	1.64125	-1.79866	-1.12569	-0.359258	0.72502	0.569988
4.329	-0.338865	1.64166	-1.79796	-1.12137	-0.35861	0.729029	0.571138
4.342	-0.342235	1.642	-1.7973	-1.11715	-0.358066	0.733188	0.572677
4.355	-0.34558	1.6423	-1.79658	-1.11288	-0.357876	0.737476	0.574215
4.368	-0.348894	1.64257	-1.79589	-1.10853	-0.357671	0.741523	0.575863
4.381	-0.352224	1.64285	-1.7952	-1.10425	-0.35737	0.745286	0.577404
4.394	-0.355565	1.64305	-1.79461	-1.10014	-0.357033	0.749094	0.578793
4.407	-0.358882	1.64321	-1.79396	-1.09609	-0.35664	0.75312	0.580208
4.42	-0.3622	1.6433	-1.79334	-1.09195	-0.356254	0.757205	0.581254
4.433	-0.365516	1.64333	-1.79267	-1.08766	-0.35584	0.761008	0.581963
4.446	-0.368858	1.64333	-1.79204	-1.08343	-0.355376	0.764611	0.583279
4.459	-0.372131	1.64333	-1.79141	-1.07929	-0.355139	0.768328	0.584472
4.472	-0.375403	1.64332	-1.79084	-1.07518	-0.354986	0.772383	0.585358
4.485	-0.378623	1.64332	-1.79024	-1.07091	-0.354695	0.77663	0.586241
4.498	-0.381905	1.64332	-1.78962	-1.06658	-0.354323	0.780716	0.587731
4.511	-0.385153	1.64332	-1.7889	-1.06224	-0.35402	0.784592	0.588822
4.524	-0.388359	1.64331	-1.7882	-1.05791	-0.353646	0.788553	0.589614
4.537	-0.391453	1.64331	-1.78742	-1.05342	-0.353259	0.792875	0.590831
4.55	-0.39456	1.64331	-1.78656	-1.04879	-0.352879	0.797586	0.592174
4.563	-0.397734	1.64331	-1.78558	-1.04408	-0.352478	0.802256	0.593197
4.576	-0.40097	1.6433	-1.78455	-1.03932	-0.352179	0.80686	0.594146
4.589	-0.404166	1.6433	-1.78346	-1.03437	-0.351916	0.811607	0.595692
4.602	-0.407294	1.6433	-1.7823	-1.02922	-0.351699	0.816562	0.596938
4.615	-0.410489	1.6433	-1.78107	-1.02402	-0.351359	0.821612	0.597562
4.628	-0.413725	1.64329	-1.77982	-1.01873	-0.35085	0.826674	0.598568
4.641	-0.417022	1.64329	-1.77854	-1.01323	-0.350332	0.831915	0.599728
4.654	-0.420332	1.64329	-1.77727	-1.00764	-0.349823	0.837402	0.600517
4.667	-0.423706	1.64328	-1.77599	-1.00211	-0.349441	0.842752	0.601024
4.68	-0.427101	1.64326	-1.77475	-0.996481	-0.348981	0.847863	0.601842
4.693	-0.430526	1.64327	-1.77349	-0.990756	-0.348576	0.852965	0.603343
4.706	-0.433958	1.64325	-1.77226	-0.985115	-0.34831	0.858192	0.60417
4.719	-0.437444	1.6432	-1.7711	-0.979703	-0.347876	0.863116	0.604676
4.732	-0.440949	1.64318	-1.77008	-0.9743	-0.347307	0.867802	0.605505
4.745	-0.444436	1.64316	-1.76903	-0.968813	-0.3468	0.872463	0.607071
4.758	-0.447985	1.64311	-1.76801	-0.96358	-0.346444	0.877121	0.608133
4.771	-0.451465	1.64303	-1.76698	-0.958567	-0.34623	0.881289	0.608721
4.784	-0.454884	1.6429	-1.76607	-0.953658	-0.345908	0.885088	0.609619
4.797	-0.45826	1.64272	-1.76509	-0.94883	-0.345626	0.888899	0.611315
4.81	-0.461668	1.64246	-1.7641	-0.944174	-0.345448	0.892863	0.612639
4.823	-0.464994	1.64213	-1.76305	-0.939589	-0.345307	0.896547	0.613253
4.836	-0.468218	1.64171	-1.76212	-0.935036	-0.344986	0.89969	0.614068
4.849	-0.471331	1.64119	-1.76117	-0.930579	-0.344726	0.902603	0.615116
4.862	-0.474391	1.64061	-1.76026	-0.926262	-0.344489	0.905766	0.615733
4.875	-0.47745	1.63993	-1.75937	-0.922018	-0.344334	0.909248	0.616154
4.888	-0.48047	1.6392	-1.75857	-0.917789	-0.344147	0.912761	0.616433
4.901	-0.483344	1.63842	-1.75776	-0.913519	-0.3439	0.915807	0.616783
4.914	-0.486129	1.63746	-1.75699	-0.909353	-0.343657	0.918466	0.617064
4.927	-0.488823	1.63643	-1.75617	-0.905282	-0.343366	0.921009	0.617093
4.94	-0.491422	1.63534	-1.75534	-0.901303	-0.343059	0.923645	0.617091
4.953	-0.494015	1.63416	-1.75448	-0.897334	-0.34282	0.926541	0.617069
4.966	-0.496477	1.63299	-1.75364	-0.893392	-0.342765	0.929624	0.617052
4.979	-0.498857	1.63172	-1.75285	-0.889581	-0.342734	0.932611	0.61704
4.992	-0.501187	1.63045	-1.75206	-0.885987	-0.342726	0.935097	0.617032
5.005	-0.503397	1.62926	-1.75122	-0.882516	-0.342716	0.937102	0.617023
5.018	-0.505576	1.62809	-1.75051	-0.879307	-0.342714	0.938656	0.617018
5.031	-0.507571	1.62702	-1.74981	-0.876098	-0.342714	0.94043	0.617015
5.044	-0.509521	1.6259	-1.74917	-0.873068	-0.342714	0.942442	0.617013
5.057	-0.511421	1.62492	-1.74842	-0.87006	-0.342714	0.944833	0.617009
5.07	-0.513301	1.62396	-1.74765	-0.867293	-0.342714	0.947262	0.617006
5.083	-0.515108	1.62309	-1.7469	-0.864668	-0.342712	0.94944	0.617006
5.096	-0.516845	1.62227	-1.74625	-0.862202	-0.342714	0.951047	0.617004
5.109	-0.518522	1.62146	-1.74559	-0.859777	-0.342712	0.952237	0.617003
5.122	-0.520157	1.62077	-1.74498	-0.857374	-0.342714	0.95298	0.617001
5.135	-0.521746	1.62009	-1.74443	-0.854917	-0.342714	0.953827	0.617001
5.148	-0.523216	1.61944	-1.74381	-0.852424	-0.342714	0.955322	0.616999
5.161	-0.524649	1.6188	-1.74317	-0.849925	-0.342712	0.957262	0.616998
5.174	-0.52609	1.61817	-1.74262	-0.847418	-0.342712	0.959194	0.616996
5.187	-0.527491	1.61752	-1.74205	-0.844887	-0.342712	0.960965	0.616994
5.2	-0.528817	1.6168	-1.74152	-0.842288	-0.342712	0.962539	0.616992
5.213	-0.530172	1.61609	-1.74109	-0.839682	-0.342712	0.96427	0.616989
5.226	-0.531427	1.61536	-1.74078	-0.837152	-0.342712	0.965828	0.616986
5.239	-0.53265	1.61467	-1.74046	-0.834548	-0.342712	0.967533	0.616982
5.252	-0.533875	1.61398	-1.74017	-0.83208	-0.342712	0.969097	0.616977
5.265	-0.535037	1.61324	-1.73978	-0.829832	-0.342712	0.970435	0.61697
5.278	-0.536182	1.61251	-1.73932	-0.827678	-0.342712	0.971635	0.616953
5.291	-0.537323	1.61181	-1.73903	-0.82578	-0.342712	0.972354	0.616926
5.304	-0.53843	1.6112	-1.73882	-0.824027	-0.342714	0.972728	0.616894
5.317	-0.539525	1.61062	-1.73862	-0.822426	-0.342714	0.973075	0.616861
5.33	-0.540562	1.61007	-1.73839	-0.820832	-0.342714	0.973587	0.616817
5.343	-0.541579	1.60951	-1.73819	-0.819275	-0.342714	0.974396	0.616767
5.356	-0.542538	1.60897	-1.738	-0.817751	-0.342716	0.975271	0.616674
5.369	-0.543508	1.60846	-1.7378	-0.816195	-0.342716	0.9759	0.616575
5.382	-0.544465	1.60797	-1.73761	-0.814733	-0.342716	0.976259	0.616467
5.395	-0.545377	1.6075	-1.73746	-0.813277	-0.342718	0.976559	0.616381
5.408	-0.546212	1.60705	-1.73732	-0.811858	-0.342718	0.976995	0.61626
5.421	-0.547047	1.6066	-1.73718	-0.810527	-0.34272	0.977575	0.616098
5.434	-0.547836	1.60612	-1.73705	-0.80906	-0.34272	0.978528	0.61584
5.447	-0.548644	1.60571	-1.73688	-0.807648	-0.342722	0.979549	0.615489
5.46	-0.549393	1.60524	-1.73674	-0.806311	-0.34272	0.980351	0.615215
5.473	-0.550134	1.60484	-1.73651	-0.805001	-0.34272	0.980853	0.61502
5.486	-0.550875	1.60437	-1.73621	-0.803789	-0.34272	0.98126	0.614884
5.499	-0.551619	1.60395	-1.73585	-0.802566	-0.342722	0.981793	0.614683
5.512	-0.552361	1.60358	-1.73552	-0.801258	-0.342722	0.982895	0.614465
5.525	-0.553128	1.60327	-1.73528	-0.79999	-0.342722	0.983982	0.614301
5.538	-0.553832	1.60302	-1.73506	-0.798762	-0.342722	0.984691	0.614216
5.551	-0.554576	1.60277	-1.73477	-0.79755	-0.342722	0.985057	0.614177
5.564	-0.555341	1.60252	-1.73441	-0.796233	-0.34272	0.985492	0.614088
5.577	-0.556139	1.60229	-1.73397	-0.794837	-0.34272	0.986317	0.613923
5.59	-0.557005	1.60203	-1.7335	-0.793246	-0.34272	0.987561	0.613689
5.603	-0.55787	1.60178	-1.73309	-0.791602	-0.34272	0.988623	0.613384
5.616	-0.55877	1.60157	-1.73273	-0.789896	-0.34272	0.989363	0.613173
5.629	-0.559702	1.60134	-1.73244	-0.788033	-0.342718	0.990328	0.613123
5.642	-0.560697	1.60116	-1.73209	-0.786111	-0.342718	0.991425	0.61297
5.655	-0.56167	1.6009	-1.73178	-0.784113	-0.342718	0.992334	0.612711
5.668	-0.562728	1.60068	-1.7315	-0.782224	-0.342716	0.993049	0.61244
5.681	-0.563754	1.6004	-1.73132	-0.780194	-0.342716	0.994016	0.612239
5.694	-0.564844	1.60019	-1.73111	-0.778255	-0.342716	0.995142	0.611968
5.707	-0.565864	1.59994	-1.73092	-0.776395	-0.342714	0.996092	0.611637
5.72	-0.566949	1.59971	-1.7307	-0.774794	-0.342714	0.996666	0.611341
5.733	-0.567937	1.59943	-1.73052	-0.773232	-0.342712	0.997169	0.611175
5.746	-0.568989	1.59916	-1.73035	-0.771918	-0.342712	0.997796	0.611054
5.759	-0.569945	1.59885	-1.73024	-0.770713	-0.342712	0.998585	0.610914
5.772	-0.571	1.59861	-1.7301	-0.769644	-0.342712	0.998947	0.610695
5.785	-0.571942	1.5983	-1.73003	-0.768646	-0.342712	0.998954	0.610579
5.798	-0.572928	1.59802	-1.72991	-0.767812	-0.342712	0.998954	0.6105
5.811	-0.573826	1.59768	-1.72981	-0.767003	-0.342712	0.998954	0.610381
5.824	-0.57482	1.59736	-1.72968	-0.766163	-0.342712	0.998954	0.610207
5.837	-0.57578	1.59705	-1.72963	-0.765264	-0.342712	0.998954	0.610001
5.85	-0.576731	1.59674	-1.7296	-0.764432	-0.342712	0.998955	0.60983
5.863	-0.577604	1.59642	-1.72957	-0.763668	-0.342712	0.998955	0.609698
5.876	-0.578474	1.59614	-1.72953	-0.762874	-0.342712	0.998955	0.609549
5.889	-0.579356	1.59583	-1.72949	-0.761965	-0.342712	0.998954	0.609357
5.902	-0.580247	1.59556	-1.72943	-0.761057	-0.342714	0.998959	0.60914
5.915	-0.581001	1.59526	-1.7294	-0.760186	-0.342712	0.998967	0.608985
5.928	-0.581705	1.59502	-1.72933	-0.759448	-0.342714	0.998972	0.608789
5.941	-0.582349	1.59482	-1.7293	-0.758711	-0.342714	0.999012	0.608595
5.954	-0.582957	1.5947	-1.72925	-0.757987	-0.342714	0.999075	0.608489
5.967	-0.583492	1.59461	-1.72918	-0.757427	-0.342714	0.999199	0.608457
5.98	-0.583974	1.59454	-1.72912	-0.756961	-0.342716	0.999378	0.60844
5.993	-0.584367	1.59449	-1.72907	-0.756507	-0.342716	0.999567	0.608424
6.006	-0.584751	1.59445	-1.729	-0.756163	-0.342716	0.999642	0.608399
6.019	-0.585073	1.59441	-1.72894	-0.75591	-0.342716	0.999658	0.608392
6.032	-0.585353	1.59439	-1.72887	-0.755712	-0.342716	0.999663	0.608392
6.045	-0.585621	1.59434	-1.7288	-0.755553	-0.342716	0.999664	0.608392
6.058	-0.585919	1.59429	-1.72868	-0.755364	-0.342716	0.999664	0.608392
6.071	-0.586228	1.59418	-1.72851	-0.755117	-0.342716	0.999666	0.60839
6.084	-0.586548	1.59406	-1.72832	-0.754913	-0.342716	0.999666	0.60838
6.097	-0.586845	1.59391	-1.72815	-0.754748	-0.342716	0.999664	0.608336
6.11	-0.587121	1.59379	-1.72806	-0.754591	-0.342716	0.999664	0.608293
6.123	-0.587407	1.5937	-1.72803	-0.754363	-0.342716	0.999664	0.608288
6.136	-0.587697	1.59358	-1.72801	-0.754061	-0.342716	0.999666	0.608286
6.149	-0.587977	1.59345	-1.72799	-0.753737	-0.342716	0.999668	0.608278
6.162	-0.588211	1.59331	-1.72798	-0.753472	-0.342716	0.999675	0.608237
6.175	-0.588412	1.5932	-1.72797	-0.753266	-0.342716	0.999678	0.608136
6.188	-0.588586	1.59311	-1.72795	-0.753081	-0.342716	0.999685	0.608073
6.201	-0.58874	1.59305	-1.72794	-0.752933	-0.342716	0.999693	0.608065
6.214	-0.588859	1.593	-1.72792	-0.752842	-0.342716	0.999697	0.608066
6.227	-0.588935	1.59297	-1.72791	-0.752803	-0.342716	0.999698	0.608066
6.24	-0.588997	1.59296	-1.72791	-0.752787	-0.342716	0.9997	0.608068
6.253	-0.58904	1.59295	-1.72791	-0.752765	-0.342718	0.9997	0.60807
6.266	-0.589072	1.59295	-1.72791	-0.752733	-0.342718	0.9997	0.60807
6.279	-0.589092	1.59294	-1.7279	-0.752703	-0.342718	0.999702	0.60807
6.292	-0.5891	1.59293	-1.7279	-0.752685	-0.342718	0.999707	0.60807
6.305	-0.589116	1.59291	-1.7279	-0.752678	-0.342718	0.999709	0.60807
6.318	-0.589134	1.59289	-1.7279	-0.752673	-0.342718	0.999709	0.60807
6.331	-0.589164	1.59287	-1.72789	-0.752672	-0.342718	0.999709	0.60807
6.344	-0.589202	1.59286	-1.72789	-0.752671	-0.342718	0.999707	0.60807
6.357	-0.58924	1.59285	-1.72789	-0.752668	-0.342718	0.999707	0.60807
6.37	-0.589271	1.59284	-1.72789	-0.752649	-0.34272	0.999707	0.60807
6.383	-0.589313	1.59283	-1.72789	-0.752602	-0.342722	0.999707	0.608068
6.396	-0.589362	1.59283	-1.72789	-0.752543	-0.342724	0.999709	0.608065
6.409	-0.589396	1.59283	-1.72789	-0.752497	-0.342726	0.999709	0.608053
6.422	-0.589435	1.59283	-1.72789	-0.75248	-0.342728	0.999709	0.608015
6.435	-0.589479	1.59283	-1.72789	-0.752449	-0.342746	0.999709	0.607954
6.448	-0.589524	1.59283	-1.72789	-0.752411	-0.342773	0.999709	0.607911
6.461	-0.589571	1.59283	-1.72789	-0.752369	-0.342791	0.999709	0.607864
6.474	-0.589593	1.59283	-1.72789	-0.752334	-0.342826	0.99971	0.607806
6.487	-0.589614	1.59283	-1.72789	-0.752321	-0.342875	0.999712	0.607744
6.5	-0.589642	1.59283	-1.72789	-0.752305	-0.342896	0.999712	0.607671
6.513	-0.589679	1.59283	-1.72789	-0.752255	-0.3429	0.999712	0.607598
6.526	-0.58972	1.59283	-1.72789	-0.752212	-0.3429	0.999712	0.607523
6.539	-0.589746	1.59283	-1.72789	-0.752191	-0.342912	0.999714	0.607448
6.552	-0.589762	1.59283	-1.72789	-0.752175	-0.342941	0.999714	0.607357
6.565	-0.58977	1.59283	-1.72789	-0.752152	-0.342951	0.999715	0.607305
6.578	-0.589771	1.59283	-1.72789	-0.752123	-0.342957	0.999719	0.607253
6.591	-0.589772	1.59283	-1.72789	-0.752095	-0.342965	0.999726	0.607167
6.604	-0.589772	1.59284	-1.72789	-0.75208	-0.342973	0.999743	0.607088
6.617	-0.589771	1.59284	-1.72789	-0.75207	-0.34298	0.99977	0.607045
6.63	-0.589771	1.59284	-1.72789	-0.752066	-0.34299	0.99978	0.607017
6.643	-0.589777	1.59284	-1.72789	-0.752066	-0.342994	0.999782	0.606967
6.656	-0.589786	1.59284	-1.72789	-0.752065	-0.342994	0.999782	0.606938
6.669	-0.589789	1.59284	-1.72789	-0.75206	-0.342998	0.999782	0.606895
6.682	-0.589791	1.59284	-1.72789	-0.752052	-0.343023	0.999784	0.606841
6.695	-0.589794	1.59284	-1.72789	-0.752038	-0.343037	0.999785	0.606827
6.708	-0.589798	1.59284	-1.72789	-0.752022	-0.343037	0.999787	0.606824
6.721	-0.589803	1.59284	-1.72789	-0.752008	-0.343035	0.999789	0.606817
6.734	-0.589805	1.59284	-1.72789	-0.751999	-0.343033	0.99979	0.606814
6.747	-0.589805	1.59284	-1.72789	-0.751993	-0.343031	0.999792	0.606814
6.76	-0.589807	1.59284	-1.72789	-0.751988	-0.343029	0.999792	0.606812
6.773	-0.589807	1.59284	-1.72789	-0.751984	-0.343029	0.999794	0.606814
6.786	-0.589805	1.59284	-1.72789	-0.751983	-0.343029	0.999804	0.606815
6.799	-0.589805	1.59284	-1.72789	-0.751982	-0.343027	0.999818	0.606819
6.812	-0.589804	1.59284	-1.72789	-0.751978	-0.34302	0.999833	0.606819
6.825	-0.589803	1.59284	-1.72789	-0.751966	-0.343018	0.999848	0.60682
6.838	-0.589801	1.59284	-1.72789	-0.751928	-0.343016	0.999872	0.60682
6.851	-0.589801	1.59284	-1.72789	-0.751902	-0.343014	0.999923	0.60682
6.864	-0.589801	1.59284	-1.72789	-0.751892	-0.343014	0.99994	0.60682
6.877	-0.589801	1.59284	-1.72789	-0.751882	-0.343014	0.999964	0.60682
6.89	-0.589803	1.59284	-1.72789	-0.751878	-0.343014	0.999973	0.606822
6.903	-0.589804	1.59284	-1.72789	-0.751878	-0.343014	0.999978	0.606822
6.916	-0.589805	1.59284	-1.72789	-0.751877	-0.343014	0.99999	0.606822
