0.013	0.0971597	1.58635	-1.80856	-1.2621	-0.360424	0.342867	0.383314
0.026	0.0971597	1.58635	-1.80856	-1.2621	-0.360424	0.342867	0.383314
0.039	0.0971597	1.58635	-1.80856	-1.2621	-0.360424	0.342867	0.383314
0.052	0.0971597	1.58635	-1.80856	-1.2621	-0.360424	0.342867	0.383314
0.065	0.0954519	1.58647	-1.80852	-1.26209	-0.36043	0.34287	0.383333
0.078	0.0954519	1.58647	-1.80852	-1.26209	-0.36043	0.34287	0.383333
0.091	0.0954519	1.58647	-1.80852	-1.26209	-0.36043	0.34287	0.383333
0.104	0.0954519	1.58647	-1.80852	-1.26209	-0.36043	0.34287	0.383333
0.117	0.0954519	1.58647	-1.80852	-1.26209	-0.36043	0.34287	0.383333
0.13	0.0954519	1.58647	-1.80852	-1.26209	-0.36043	0.34287	0.383333
0.143	0.0954519	1.58647	-1.80852	-1.26209	-0.36043	0.34287	0.383333
0.156	0.0954519	1.58647	-1.80852	-1.26209	-0.36043	0.34287	0.383333
0.169	0.0954519	1.58647	-1.80852	-1.26209	-0.36043	0.34287	0.383333
0.182	0.0954519	1.58647	-1.80852	-1.26209	-0.36043	0.34287	0.383333
0.195	0.0954519	1.58647	-1.80852	-1.26209	-0.36043	0.34287	0.383333
0.208	0.0954519	1.58647	-1.80852	-1.26209	-0.36043	0.34287	0.383333
0.221	0.0954519	1.58647	-1.80852	-1.26209	-0.36043	0.34287	0.383333
0.234	0.0954519	1.58647	-1.80852	-1.26209	-0.36043	0.34287	0.383333
0.247	0.0954519	1.58647	-1.80852	-1.26209	-0.36043	0.34287	0.383333
0.26	0.0954519	1.58647	-1.80852	-1.26209	-0.36043	0.34287	0.383333
0.273	0.0954519	1.58647	-1.80852	-1.26209	-0.36043	0.34287	0.383333
0.286	0.0954519	1.58647	-1.80852	-1.26209	-0.36043	0.34287	0.383333
0.299	0.0954519	1.58647	-1.80852	-1.26209	-0.36043	0.342872	0.383333
0.312	0.0954506	1.58647	-1.80852	-1.26209	-0.36043	0.342872	0.383333
0.325	0.0954493	1.58647	-1.80852	-1.26209	-0.36043	0.342872	0.383333
0.338	0.0954468	1.58647	-1.80852	-1.26209	-0.36043	0.342872	0.383333
0.351	0.0954404	1.58647	-1.80852	-1.26209	-0.36043	0.342872	0.383333
0.364	0.0954263	1.58647	-1.80852	-1.26209	-0.36043	0.342872	0.383333
0.377	0.0953957	1.58647	-1.80852	-1.26209	-0.36043	0.342874	0.383333
0.39	0.0953611	1.58647	-1.80852	-1.26209	-0.36043	0.342874	0.383333
0.403	0.0953075	1.58647	-1.80852	-1.26209	-0.36043	0.342874	0.383333
0.416	0.0952448	1.58647	-1.80852	-1.26209	-0.36043	0.342874	0.383333
0.429	0.0951656	1.58647	-1.80852	-1.26209	-0.36043	0.342875	0.383333
0.442	0.0950697	1.58647	-1.80852	-1.26209	-0.36043	0.342875	0.383333
0.455	0.0949521	1.58647	-1.80852	-1.26209	-0.36043	0.342875	0.383333
0.468	0.0948179	1.58647	-1.80852	-1.26209	-0.36043	0.342875	0.383333
0.481	0.0946708	1.58647	-1.80852	-1.26209	-0.36043	0.342875	0.383333
0.494	0.0945085	1.58647	-1.80852	-1.26209	-0.36043	0.342877	0.383333
0.507	0.0943308	1.58647	-1.80852	-1.26209	-0.36043	0.342877	0.383333
0.52	0.0941506	1.58647	-1.80852	-1.26209	-0.36043	0.342877	0.383333
0.533	0.0939678	1.58648	-1.80852	-1.26209	-0.360432	0.342877	0.383333
0.546	0.0937799	1.58648	-1.80852	-1.26209	-0.360432	0.342877	0.383333
0.559	0.0935728	1.58648	-1.80851	-1.26209	-0.36043	0.342877	0.383333
0.572	0.093344	1.58648	-1.80851	-1.26209	-0.360432	0.342877	0.383333
0.585	0.09311	1.58648	-1.80851	-1.26209	-0.360432	0.342877	0.383333
0.598	0.0928505	1.58648	-1.80851	-1.26209	-0.360432	0.342877	0.383333
0.611	0.0925834	1.58648	-1.80851	-1.26209	-0.360432	0.342877	0.383333
0.624	0.0923226	1.58648	-1.80851	-1.26209	-0.360432	0.342877	0.383333
0.637	0.0920464	1.58648	-1.80851	-1.26209	-0.360432	0.342877	0.383333
0.65	0.0917793	1.58648	-1.80851	-1.26209	-0.360432	0.342877	0.383333
0.663	0.0915224	1.58648	-1.80851	-1.26209	-0.360432	0.342877	0.383333
0.676	0.0912552	1.58648	-1.80851	-1.26209	-0.360432	0.342877	0.383333
0.689	0.0910174	1.58648	-1.80851	-1.26209	-0.360432	0.342877	0.383333
0.702	0.0907848	1.58648	-1.80851	-1.26209	-0.360432	0.342877	0.383333
0.715	0.0905483	1.58648	-1.80851	-1.26209	-0.360434	0.342877	0.383333
0.728	0.0903284	1.58648	-1.80851	-1.26209	-0.360434	0.342877	0.383333
0.741	0.0900919	1.58648	-1.80851	-1.26209	-0.360434	0.342877	0.383333
0.754	0.0898542	1.58648	-1.80851	-1.26209	-0.360434	0.342877	0.383333
0.767	0.0896202	1.58648	-1.80851	-1.26209	-0.360434	0.342877	0.383333
0.78	0.0893952	1.58648	-1.80851	-1.26209	-0.360434	0.342877	0.383333
0.793	0.0891856	1.58648	-1.80851	-1.26209	-0.360434	0.342877	0.383333
0.806	0.0889913	1.58648	-1.80851	-1.26209	-0.360434	0.342877	0.383333
0.819	0.0888225	1.58648	-1.80851	-1.26209	-0.360434	0.342875	0.383333
0.832	0.088673	1.58648	-1.80851	-1.26209	-0.360434	0.342875	0.383333
0.845	0.0885375	1.58648	-1.80851	-1.26209	-0.360434	0.342875	0.383333
0.858	0.0884263	1.58648	-1.80851	-1.26209	-0.360434	0.342875	0.383333
0.871	0.0883278	1.58648	-1.80851	-1.26209	-0.360434	0.342875	0.383333
0.884	0.0882499	1.58648	-1.80851	-1.26209	-0.360434	0.342875	0.383333
0.897	0.0881808	1.58648	-1.80851	-1.26209	-0.360434	0.342877	0.383333
0.91	0.0881233	1.58648	-1.80851	-1.26209	-0.360434	0.342877	0.383333
0.923	0.0880594	1.58648	-1.80851	-1.26209	-0.360434	0.342877	0.383333
0.936	0.088007	1.58648	-1.80851	-1.26209	-0.360434	0.342877	0.383333
0.949	0.087961	1.58648	-1.80851	-1.26209	-0.360434	0.342877	0.383333
0.962	0.087915	1.58648	-1.80851	-1.26209	-0.360434	0.342877	0.383333
0.975	0.0878677	1.58648	-1.80851	-1.26209	-0.360434	0.342877	0.383333
0.988	0.0878101	1.58648	-1.80851	-1.26209	-0.360434	0.342877	0.383333
1.001	0.0877436	1.58648	-1.80851	-1.26209	-0.360434	0.342877	0.383333
1.014	0.0876772	1.58648	-1.80851	-1.26209	-0.360434	0.342877	0.383333
1.027	0.0876018	1.58648	-1.80851	-1.26209	-0.360434	0.342877	0.383333
1.04	0.0875161	1.58647	-1.80851	-1.26209	-0.360434	0.342877	0.383333
1.053	0.0874317	1.58648	-1.80851	-1.26209	-0.360434	0.342877	0.383333
1.066	0.0873282	1.58647	-1.80851	-1.26209	-0.360434	0.342877	0.383333
1.079	0.0872323	1.58647	-1.80851	-1.26209	-0.360432	0.342877	0.383333
1.092	0.0871313	1.58647	-1.80851	-1.26209	-0.360432	0.342877	0.383333
1.105	0.0870367	1.58647	-1.80851	-1.26209	-0.360432	0.342877	0.383333
1.118	0.0869396	1.58647	-1.80851	-1.26209	-0.360432	0.342877	0.383333
1.131	0.0868322	1.58647	-1.80851	-1.26209	-0.360432	0.342877	0.383333
1.144	0.08673	1.58647	-1.80851	-1.26209	-0.360432	0.342877	0.383333
1.157	0.0866302	1.58647	-1.80851	-1.26209	-0.360432	0.342877	0.383333
1.17	0.0865331	1.58647	-1.80851	-1.26209	-0.360432	0.342877	0.383333
1.183	0.0864372	1.58647	-1.80851	-1.26209	-0.360432	0.342877	0.383333
1.196	0.0863401	1.58647	-1.80851	-1.26209	-0.36043	0.342877	0.383333
1.209	0.0862468	1.58647	-1.80851	-1.26209	-0.360432	0.342877	0.383333
1.222	0.0861496	1.58647	-1.80851	-1.26209	-0.360432	0.342877	0.383333
1.235	0.0860588	1.58647	-1.80851	-1.26209	-0.36043	0.342877	0.383333
1.248	0.0859668	1.58647	-1.80851	-1.26209	-0.36043	0.342877	0.383333
1.261	0.0858798	1.58647	-1.80851	-1.26209	-0.36043	0.342877	0.383333
1.274	0.085793	1.58647	-1.80851	-1.26209	-0.36043	0.342877	0.383333
1.287	0.0857201	1.58647	-1.80851	-1.26209	-0.36043	0.342877	0.383333
1.3	0.0856549	1.58647	-1.80851	-1.26209	-0.36043	0.342877	0.383333
1.313	0.0856101	1.58647	-1.80851	-1.26209	-0.36043	0.342877	0.383333
1.326	0.0855731	1.58647	-1.80851	-1.26209	-0.36043	0.342877	0.383333
1.339	0.0855564	1.58647	-1.80851	-1.26209	-0.36043	0.342875	0.383333
1.352	0.0855539	1.58648	-1.80851	-1.26209	-0.36043	0.342875	0.383333
1.365	0.0855577	1.58648	-1.80851	-1.26209	-0.36043	0.342875	0.383333
1.378	0.0855616	1.58648	-1.80851	-1.26209	-0.36043	0.342875	0.383333
1.391	0.0855616	1.58648	-1.80851	-1.26209	-0.36043	0.342875	0.383333
1.404	0.0855616	1.58648	-1.80851	-1.26209	-0.36043	0.342874	0.383333
1.417	0.0855628	1.58648	-1.80851	-1.26209	-0.36043	0.34287	0.383333
1.43	0.0855628	1.58648	-1.80851	-1.26209	-0.36043	0.34286	0.383333
1.443	0.0855628	1.58648	-1.80851	-1.26209	-0.36043	0.34279	0.383333
1.456	0.0855641	1.58648	-1.80851	-1.26209	-0.36043	0.342586	0.383333
1.469	0.0855641	1.58648	-1.80851	-1.26209	-0.360432	0.342292	0.383333
1.482	0.0855641	1.58648	-1.80852	-1.26209	-0.360432	0.341921	0.383333
1.495	0.0855641	1.58648	-1.80852	-1.26209	-0.360432	0.341541	0.383333
1.508	0.0855641	1.58648	-1.80852	-1.26209	-0.360432	0.341004	0.383333
1.521	0.0855641	1.58648	-1.80852	-1.26209	-0.360434	0.340578	0.383333
1.534	0.0855654	1.58648	-1.80852	-1.26209	-0.360434	0.340305	0.383333
1.547	0.0855667	1.58649	-1.80852	-1.26209	-0.360436	0.340058	0.383333
1.56	0.0855667	1.58649	-1.80852	-1.26209	-0.36044	0.339783	0.383333
1.573	0.0855667	1.58648	-1.80852	-1.26208	-0.360451	0.339502	0.383333
1.586	0.0855667	1.58649	-1.80852	-1.26208	-0.360514	0.339062	0.383333
1.599	0.0855667	1.58649	-1.80852	-1.26208	-0.360663	0.338573	0.383333
1.612	0.0855667	1.58648	-1.80852	-1.26208	-0.360837	0.338154	0.383333
1.625	0.0855667	1.58648	-1.80852	-1.26208	-0.361021	0.337667	0.383333
1.638	0.0855667	1.58648	-1.80852	-1.26208	-0.361191	0.337022	0.383333
1.651	0.0855667	1.58648	-1.80852	-1.26208	-0.361342	0.336489	0.383333
1.664	0.0855667	1.58648	-1.80852	-1.26208	-0.361502	0.336163	0.383333
1.677	0.0855667	1.58648	-1.80852	-1.26208	-0.361694	0.335885	0.383335
1.69	0.0855667	1.58648	-1.80852	-1.26208	-0.361886	0.33566	0.383335
1.703	0.0855667	1.58648	-1.80852	-1.26208	-0.362079	0.33541	0.383335
1.716	0.085568	1.58648	-1.80852	-1.26208	-0.362328	0.335115	0.383335
1.729	0.085568	1.58648	-1.80852	-1.26208	-0.362608	0.334769	0.383335
1.742	0.0855667	1.58648	-1.80852	-1.26208	-0.362829	0.334474	0.383335
1.755	0.0855667	1.58648	-1.80852	-1.26208	-0.362989	0.334276	0.383335
1.768	0.0855667	1.58648	-1.80852	-1.26208	-0.36314	0.334108	0.383335
1.781	0.0855667	1.58648	-1.80852	-1.26208	-0.363341	0.333941	0.383335
1.794	0.0855667	1.58648	-1.80852	-1.26208	-0.363572	0.333791	0.383335
1.807	0.0855667	1.58648	-1.80852	-1.26208	-0.363807	0.333644	0.383335
1.82	0.0855667	1.58648	-1.80852	-1.26208	-0.364003	0.333509	0.383335
1.833	0.0855667	1.58648	-1.80852	-1.26208	-0.364177	0.333441	0.383335
1.846	0.0855654	1.58648	-1.80852	-1.26208	-0.364365	0.333438	0.383335
1.859	0.0855628	1.58648	-1.80852	-1.26208	-0.364572	0.333438	0.383335
1.872	0.0855488	1.58648	-1.80852	-1.26208	-0.364797	0.333438	0.383335
1.885	0.0855091	1.58648	-1.80852	-1.26208	-0.365022	0.333438	0.383335
1.898	0.0854644	1.58648	-1.80852	-1.26209	-0.365214	0.333438	0.383333
1.911	0.0853762	1.58648	-1.80852	-1.26209	-0.365384	0.333438	0.383333
1.924	0.0852535	1.58648	-1.80852	-1.26209	-0.365566	0.333438	0.383333
1.937	0.0850937	1.58648	-1.80851	-1.26209	-0.365734	0.33344	0.383333
1.95	0.0848904	1.58648	-1.80851	-1.2621	-0.365867	0.33344	0.383333
1.963	0.0846335	1.58648	-1.80851	-1.2621	-0.366032	0.333441	0.383333
1.976	0.0843331	1.58648	-1.80851	-1.26211	-0.366208	0.333441	0.383333
1.989	0.0839752	1.58648	-1.80851	-1.26216	-0.366335	0.333441	0.383333
2.002	0.0835751	1.58648	-1.80851	-1.26219	-0.366437	0.333443	0.383333
2.015	0.0831033	1.58648	-1.80851	-1.26222	-0.366544	0.333443	0.383333
2.028	0.0826074	1.58648	-1.80851	-1.2623	-0.366644	0.333443	0.383333
2.041	0.0820769	1.58648	-1.80851	-1.26242	-0.366748	0.333445	0.383333
2.054	0.081453	1.58648	-1.80851	-1.26254	-0.366832	0.333445	0.383333
2.067	0.0807883	1.58648	-1.80851	-1.26262	-0.366897	0.333445	0.383333
2.08	0.0800891	1.58648	-1.80851	-1.26278	-0.366965	0.333446	0.383333
2.093	0.079363	1.58648	-1.80851	-1.26298	-0.367041	0.333446	0.383333
2.106	0.0786075	1.58648	-1.80851	-1.26316	-0.367114	0.333446	0.383333
2.119	0.0777753	1.58648	-1.80851	-1.26339	-0.367159	0.333446	0.383333
2.132	0.0768805	1.58648	-1.80851	-1.26359	-0.367206	0.333446	0.383333
2.145	0.0759908	1.58648	-1.80851	-1.2638	-0.367259	0.333446	0.383333
2.158	0.0750564	1.58648	-1.80851	-1.26409	-0.367298	0.333446	0.383333
2.171	0.0741206	1.58648	-1.80851	-1.26437	-0.367331	0.333446	0.383333
2.184	0.0730941	1.58648	-1.80851	-1.26463	-0.367351	0.333446	0.383333
2.197	0.0720229	1.58648	-1.80851	-1.26487	-0.367378	0.333446	0.383333
2.21	0.0709581	1.58648	-1.80851	-1.26517	-0.367405	0.333446	0.383333
2.223	0.0699035	1.58648	-1.80851	-1.26552	-0.367425	0.333446	0.383333
2.236	0.0688169	1.58648	-1.80851	-1.26585	-0.367441	0.333446	0.383333
2.249	0.067646	1.58648	-1.80851	-1.2662	-0.367454	0.333446	0.383335
2.262	0.0665287	1.58648	-1.80851	-1.26655	-0.367472	0.333446	0.383335
2.275	0.0653066	1.58648	-1.80851	-1.26698	-0.367501	0.333446	0.383335
2.288	0.0641459	1.58648	-1.80851	-1.26741	-0.367538	0.333446	0.383335
2.301	0.0629098	1.58648	-1.8085	-1.26785	-0.367568	0.333446	0.383335
2.314	0.0616264	1.58648	-1.80851	-1.2683	-0.367585	0.333446	0.383335
2.327	0.0603736	1.58647	-1.80851	-1.26868	-0.367609	0.333446	0.383335
2.34	0.0590173	1.58647	-1.80851	-1.26914	-0.36765	0.333446	0.383337
2.353	0.0577403	1.58647	-1.80851	-1.26966	-0.367695	0.333446	0.383337
2.366	0.0564147	1.58647	-1.8085	-1.27018	-0.367759	0.333446	0.383337
2.379	0.055029	1.58647	-1.80851	-1.27073	-0.36782	0.333446	0.383338
2.392	0.0536637	1.58647	-1.80851	-1.27131	-0.367902	0.333446	0.38334
2.405	0.0522742	1.58647	-1.80851	-1.27189	-0.368016	0.333446	0.383342
2.418	0.0508847	1.58647	-1.80851	-1.27248	-0.368133	0.333448	0.383343
2.431	0.0494453	1.58647	-1.80851	-1.2731	-0.368227	0.333448	0.383345
2.444	0.0480174	1.58647	-1.80851	-1.27369	-0.368323	0.333448	0.383348
2.457	0.0466023	1.58647	-1.80851	-1.27435	-0.368427	0.333448	0.383357
2.47	0.0451041	1.58647	-1.80851	-1.27504	-0.368554	0.33345	0.383376
2.483	0.0435931	1.58647	-1.80851	-1.27575	-0.368718	0.333452	0.383415
2.496	0.0420988	1.58647	-1.80851	-1.2765	-0.368902	0.333452	0.383516
2.509	0.0405495	1.58647	-1.80851	-1.27725	-0.36909	0.333453	0.383645
2.522	0.0389797	1.58647	-1.80851	-1.27809	-0.369315	0.333453	0.383734
2.535	0.0373549	1.58647	-1.80851	-1.27901	-0.369517	0.333453	0.383819
2.548	0.0357494	1.58647	-1.80851	-1.2799	-0.369726	0.333453	0.384012
2.561	0.0340773	1.58647	-1.80851	-1.28084	-0.369941	0.333453	0.384175
2.574	0.0323938	1.58647	-1.80851	-1.2818	-0.370164	0.333453	0.384262
2.587	0.0307371	1.58646	-1.80851	-1.28278	-0.370403	0.333453	0.384354
2.6	0.0290114	1.58646	-1.80851	-1.28374	-0.370614	0.333453	0.384536
2.613	0.0272908	1.58646	-1.80851	-1.28466	-0.370859	0.333455	0.384697
2.626	0.0254934	1.58646	-1.80851	-1.28566	-0.371094	0.333455	0.384823
2.639	0.0237549	1.58646	-1.80852	-1.28669	-0.371411	0.333457	0.385015
2.652	0.0219794	1.58646	-1.80851	-1.2878	-0.371823	0.333457	0.385249
2.665	0.0201846	1.58646	-1.80852	-1.28887	-0.372144	0.33346	0.385583
2.678	0.0183528	1.58646	-1.80852	-1.29007	-0.372403	0.33346	0.385936
2.691	0.0165363	1.58646	-1.80852	-1.29129	-0.372671	0.333462	0.386232
2.704	0.0146917	1.58646	-1.80853	-1.29256	-0.372999	0.333463	0.386391
2.717	0.0128215	1.58646	-1.80853	-1.29386	-0.373238	0.333465	0.386636
2.73	0.0109871	1.58645	-1.80853	-1.29516	-0.37344	0.333467	0.386926
2.743	0.0091016	1.58645	-1.80854	-1.29645	-0.373676	0.333469	0.387206
2.756	0.00724036	1.58645	-1.80857	-1.2978	-0.373944	0.333475	0.387565
2.769	0.00535101	1.58645	-1.80862	-1.29923	-0.374312	0.333486	0.388068
2.782	0.00345526	1.58645	-1.80867	-1.30064	-0.374725	0.333501	0.388574
2.795	0.00150456	1.58645	-1.80873	-1.30209	-0.375195	0.333516	0.388937
2.808	-0.000411618	1.58645	-1.80883	-1.30355	-0.375584	0.333569	0.389425
2.821	-0.00241986	1.58645	-1.80893	-1.30509	-0.375772	0.333716	0.390316
2.834	-0.00435652	1.58645	-1.80912	-1.30659	-0.376099	0.334133	0.391039
2.847	-0.00637497	1.58645	-1.80922	-1.30805	-0.376486	0.334938	0.391225
2.86	-0.00834102	1.58645	-1.80941	-1.30951	-0.3766	0.335371	0.39168
2.873	-0.010348	1.58645	-1.80965	-1.31108	-0.376723	0.335406	0.392735
2.886	-0.0122757	1.58645	-1.80989	-1.31261	-0.377097	0.335447	0.393555
2.899	-0.014275	1.58645	-1.81013	-1.31418	-0.377574	0.335715	0.394337
2.912	-0.0162257	1.58645	-1.81034	-1.31567	-0.377979	0.336441	0.395225
2.925	-0.0182646	1.58645	-1.81054	-1.31716	-0.378196	0.337462	0.39621
2.938	-0.020223	1.58645	-1.81076	-1.31858	-0.378341	0.338919	0.397088
2.951	-0.0222811	1.58645	-1.81097	-1.32	-0.378521	0.340465	0.398116
2.964	-0.0243047	1.58645	-1.81121	-1.32133	-0.378836	0.341796	0.399384
2.977	-0.0264049	1.58645	-1.81139	-1.32256	-0.379214	0.343204	0.400556
2.99	-0.028472	1.58645	-1.81161	-1.32367	-0.379421	0.344474	0.401509
3.003	-0.0305697	1.58645	-1.81178	-1.32468	-0.379505	0.345923	0.40296
3.016	-0.0326086	1.58645	-1.81195	-1.3256	-0.379666	0.347673	0.403962
3.029	-0.0347178	1.58645	-1.81204	-1.32645	-0.379832	0.349403	0.404686
3.042	-0.0368373	1.58645	-1.81215	-1.32716	-0.379852	0.351438	0.405622
3.055	-0.0389733	1.58645	-1.81224	-1.32779	-0.379891	0.353499	0.407236
3.068	-0.0411887	1.58645	-1.81235	-1.32844	-0.380065	0.355846	0.40825
3.081	-0.0433516	1.58645	-1.81243	-1.32898	-0.380208	0.358167	0.408882
3.094	-0.045627	1.58646	-1.81252	-1.32943	-0.380221	0.360814	0.410227
3.107	-0.0478845	1.58646	-1.81252	-1.32966	-0.380249	0.363705	0.411872
3.12	-0.0502251	1.58646	-1.81252	-1.3298	-0.38036	0.366739	0.412811
3.133	-0.0525286	1.58645	-1.81252	-1.32987	-0.38039	0.369618	0.413789
3.146	-0.0548718	1.58646	-1.81252	-1.32988	-0.380407	0.37228	0.415577
3.159	-0.0572622	1.58646	-1.81252	-1.32989	-0.38056	0.374889	0.417253
3.172	-0.0596092	1.58648	-1.81252	-1.32989	-0.38082	0.377594	0.418932
3.185	-0.0621032	1.58649	-1.81252	-1.32989	-0.38102	0.380754	0.42053
3.198	-0.0644834	1.58649	-1.81252	-1.32989	-0.381114	0.384179	0.422226
3.211	-0.0669084	1.5865	-1.81252	-1.32988	-0.381139	0.387589	0.423825
3.224	-0.069341	1.58653	-1.81252	-1.32988	-0.381161	0.390482	0.424962
3.237	-0.0717047	1.58654	-1.81252	-1.32989	-0.38117	0.392944	0.42652
3.25	-0.0741347	1.58655	-1.81252	-1.32989	-0.381184	0.395527	0.427991
3.263	-0.0764894	1.58656	-1.81253	-1.32989	-0.381225	0.398422	0.429095
3.276	-0.0787789	1.5866	-1.81252	-1.32988	-0.381237	0.401857	0.430638
3.289	-0.0811693	1.58664	-1.81252	-1.32988	-0.381243	0.40554	0.432086
3.302	-0.0834716	1.58669	-1.81253	-1.32988	-0.381262	0.408843	0.433593
3.315	-0.0858352	1.58671	-1.81254	-1.32988	-0.381323	0.411642	0.435407
3.328	-0.0881489	1.58672	-1.81255	-1.32988	-0.381525	0.414204	0.437034
3.341	-0.0903515	1.58679	-1.81255	-1.32988	-0.381771	0.416757	0.438947
3.354	-0.0926179	1.58689	-1.81254	-1.32988	-0.382043	0.41982	0.440765
3.367	-0.0948141	1.58709	-1.81255	-1.32988	-0.382231	0.423254	0.442679
3.38	-0.0970613	1.58735	-1.81255	-1.32988	-0.382319	0.426782	0.444253
3.393	-0.099269	1.58759	-1.81257	-1.32988	-0.382323	0.42991	0.445732
3.406	-0.101541	1.58786	-1.81257	-1.32988	-0.382323	0.43262	0.447288
3.419	-0.103762	1.58819	-1.81259	-1.32988	-0.382331	0.435088	0.448679
3.432	-0.10599	1.58862	-1.81259	-1.32987	-0.38237	0.437825	0.450532
3.445	-0.108203	1.58911	-1.81258	-1.32987	-0.382536	0.441016	0.452274
3.458	-0.110307	1.58972	-1.81259	-1.32987	-0.382618	0.444353	0.454179
3.471	-0.112488	1.5903	-1.81259	-1.32987	-0.38273	0.447559	0.456265
3.484	-0.114593	1.59092	-1.81259	-1.32987	-0.382869	0.450341	0.45845
3.497	-0.11676	1.59163	-1.81259	-1.32987	-0.383059	0.452759	0.460484
3.51	-0.118896	1.59246	-1.81259	-1.32987	-0.383344	0.455159	0.462703
3.523	-0.12111	1.5933	-1.81259	-1.32987	-0.383524	0.458053	0.464653
3.536	-0.123269	1.59431	-1.81259	-1.32986	-0.383608	0.461155	0.46656
3.549	-0.125455	1.59536	-1.81259	-1.32985	-0.383618	0.464384	0.468377
3.562	-0.127643	1.59649	-1.81259	-1.32983	-0.383624	0.46715	0.470572
3.575	-0.129772	1.59768	-1.8126	-1.32983	-0.383667	0.469585	0.472785
3.588	-0.131957	1.59894	-1.81259	-1.32983	-0.383792	0.471782	0.475321
3.601	-0.134093	1.60034	-1.81259	-1.3298	-0.384041	0.474169	0.478109
3.614	-0.136299	1.60181	-1.81259	-1.32979	-0.384413	0.476857	0.481073
3.627	-0.138467	1.60337	-1.81259	-1.32975	-0.384714	0.479877	0.483618
3.64	-0.140706	1.60502	-1.81259	-1.32973	-0.384728	0.482979	0.485777
3.653	-0.142893	1.60668	-1.81259	-1.32967	-0.384726	0.485822	0.48792
3.666	-0.145063	1.60848	-1.81258	-1.3296	-0.384726	0.488077	0.490531
3.679	-0.147274	1.61027	-1.81259	-1.32954	-0.384726	0.49002	0.49336
3.692	-0.149384	1.61214	-1.81259	-1.32935	-0.384726	0.492103	0.496219
3.705	-0.151587	1.61414	-1.81259	-1.32915	-0.384726	0.494649	0.499251
3.718	-0.153724	1.61618	-1.81259	-1.32885	-0.384726	0.497748	0.502271
3.731	-0.155902	1.61827	-1.81259	-1.32851	-0.384726	0.501122	0.504792
3.744	-0.158068	1.62045	-1.81258	-1.32819	-0.384726	0.504247	0.507049
3.757	-0.160278	1.62259	-1.81259	-1.32789	-0.384724	0.506771	0.509728
3.77	-0.162468	1.62466	-1.81258	-1.32755	-0.384724	0.508845	0.512741
3.783	-0.16467	1.62675	-1.81258	-1.32725	-0.384724	0.510633	0.515743
3.796	-0.166903	1.62892	-1.81258	-1.32684	-0.384724	0.512876	0.518927
3.809	-0.169072	1.63112	-1.81258	-1.32637	-0.384724	0.515542	0.521944
3.822	-0.171323	1.6334	-1.81258	-1.32585	-0.384722	0.518678	0.524497
3.835	-0.173552	1.6357	-1.81257	-1.32518	-0.384718	0.521915	0.52698
3.848	-0.175859	1.63791	-1.81257	-1.32442	-0.384714	0.524933	0.529721
3.861	-0.178209	1.6401	-1.81257	-1.32359	-0.384708	0.527374	0.53252
3.874	-0.180601	1.64221	-1.81257	-1.32269	-0.384706	0.529457	0.53564
3.887	-0.183059	1.64421	-1.81256	-1.32173	-0.384702	0.531611	0.538855
3.9	-0.185548	1.64622	-1.81255	-1.32062	-0.38469	0.534105	0.541599
3.913	-0.188157	1.64824	-1.81254	-1.31927	-0.384553	0.5372	0.54375
3.926	-0.19079	1.65018	-1.81253	-1.31773	-0.384099	0.540673	0.546041
3.939	-0.193467	1.65214	-1.81249	-1.31598	-0.383511	0.54403	0.54834
3.952	-0.196282	1.65406	-1.81247	-1.31415	-0.383254	0.547017	0.550626
3.965	-0.199204	1.65589	-1.81244	-1.31222	-0.38316	0.549526	0.553319
3.978	-0.202205	1.65769	-1.81241	-1.31006	-0.383076	0.552163	0.556467
3.991	-0.205326	1.6595	-1.81234	-1.30769	-0.382933	0.555108	0.559485
4.004	-0.208509	1.66123	-1.81231	-1.30508	-0.38271	0.558672	0.561887
4.017	-0.211829	1.66296	-1.81222	-1.30227	-0.382215	0.56262	0.563692
4.03	-0.215188	1.66459	-1.81218	-1.29929	-0.381378	0.566414	0.565662
4.043	-0.2187	1.66617	-1.81208	-1.29624	-0.38065	0.569751	0.56775
4.056	-0.22229	1.66772	-1.81188	-1.29303	-0.380233	0.572916	0.56992
4.069	-0.225957	1.66919	-1.81168	-1.2895	-0.380032	0.576264	0.572265
4.082	-0.229643	1.67071	-1.81139	-1.28567	-0.379724	0.580105	0.574905
4.095	-0.233455	1.6722	-1.81109	-1.28166	-0.379284	0.584354	0.577688
4.108	-0.2373	1.67366	-1.8107	-1.27753	-0.378766	0.588619	0.579925
4.121	-0.241282	1.67503	-1.81029	-1.27335	-0.37803	0.592849	0.581583
4.134	-0.245314	1.67638	-1.80997	-1.26883	-0.377114	0.5971	0.583303
4.147	-0.249357	1.67783	-1.80961	-1.26398	-0.376478	0.601515	0.585416
4.16	-0.253526	1.6792	-1.80926	-1.25911	-0.376099	0.606008	0.587385
4.173	-0.257722	1.68051	-1.80896	-1.25416	-0.375531	0.610383	0.589316
4.186	-0.261955	1.68177	-1.80858	-1.24897	-0.374764	0.614693	0.59139
4.199	-0.26623	1.68295	-1.80815	-1.24358	-0.373948	0.619196	0.593546
4.212	-0.270526	1.68413	-1.80764	-1.23816	-0.373416	0.623866	0.595534
4.225	-0.274877	1.68521	-1.8071	-1.2327	-0.373001	0.628424	0.597449
4.238	-0.279257	1.68625	-1.80645	-1.22701	-0.372324	0.633128	0.599389
4.251	-0.283653	1.68724	-1.80585	-1.22123	-0.371358	0.638369	0.60102
4.264	-0.288107	1.68826	-1.80522	-1.21532	-0.370436	0.643764	0.602169
4.277	-0.292543	1.68919	-1.80463	-1.20929	-0.369834	0.648901	0.6038
4.29	-0.296976	1.69006	-1.80398	-1.20312	-0.369151	0.653934	0.605244
4.303	-0.301448	1.69089	-1.8034	-1.19702	-0.368266	0.659315	0.606664
4.316	-0.305914	1.69164	-1.80271	-1.19082	-0.367474	0.664641	0.608199
4.329	-0.310254	1.69238	-1.80197	-1.18448	-0.366916	0.669724	0.609335
4.342	-0.314626	1.69303	-1.80127	-1.17821	-0.366206	0.675112	0.610868
4.355	-0.319001	1.69356	-1.80055	-1.17195	-0.365404	0.680864	0.612612
4.368	-0.323317	1.69414	-1.79983	-1.16553	-0.364668	0.686301	0.613882
4.381	-0.327651	1.69471	-1.79913	-1.15922	-0.364128	0.691685	0.615269
4.394	-0.331943	1.69531	-1.79844	-1.15294	-0.363735	0.697293	0.616786
4.407	-0.336149	1.69587	-1.79779	-1.14652	-0.363193	0.702771	0.618387
4.42	-0.340398	1.69644	-1.79706	-1.14031	-0.362416	0.708188	0.619759
4.433	-0.344616	1.69696	-1.79631	-1.13409	-0.361655	0.713674	0.620712
4.446	-0.348753	1.69754	-1.79548	-1.12762	-0.361003	0.719251	0.621559
4.459	-0.352872	1.69806	-1.79462	-1.12133	-0.360367	0.724877	0.623171
4.472	-0.35701	1.69854	-1.79379	-1.11518	-0.359759	0.730376	0.624361
4.485	-0.361104	1.69908	-1.79299	-1.10895	-0.359103	0.735908	0.625131
4.498	-0.365197	1.69962	-1.79216	-1.10275	-0.358418	0.741417	0.626563
4.511	-0.369297	1.70015	-1.79128	-1.09668	-0.357916	0.746714	0.628184
4.524	-0.373307	1.70068	-1.79034	-1.09054	-0.357583	0.751928	0.629351
4.537	-0.377369	1.70119	-1.78945	-1.08453	-0.357019	0.757364	0.630892
4.55	-0.381459	1.70172	-1.78851	-1.07866	-0.356417	0.762746	0.632612
4.563	-0.385548	1.70226	-1.78762	-1.07279	-0.355994	0.767745	0.63448
4.576	-0.389594	1.70283	-1.78668	-1.06679	-0.355773	0.772734	0.636273
4.589	-0.393614	1.70342	-1.78587	-1.06098	-0.355474	0.778086	0.637734
4.602	-0.397733	1.70399	-1.78507	-1.05522	-0.355092	0.783348	0.639441
4.615	-0.401819	1.70455	-1.78425	-1.04927	-0.354683	0.78828	0.64082
4.628	-0.405942	1.70514	-1.78332	-1.04321	-0.354165	0.793441	0.642279
4.641	-0.410074	1.70563	-1.78247	-1.03722	-0.353515	0.799038	0.643646
4.654	-0.414149	1.7062	-1.78165	-1.03099	-0.352824	0.804326	0.644776
4.667	-0.418314	1.70664	-1.78086	-1.02477	-0.352288	0.809746	0.64623
4.68	-0.422564	1.7071	-1.77995	-1.0184	-0.351862	0.81542	0.64759
4.693	-0.426739	1.70751	-1.77904	-1.01172	-0.351486	0.820913	0.64878
4.706	-0.430919	1.70784	-1.77817	-1.00503	-0.350909	0.826446	0.650246
4.719	-0.435106	1.70811	-1.77732	-0.998357	-0.350242	0.832314	0.651655
4.732	-0.439287	1.70831	-1.77646	-0.99152	-0.349694	0.838295	0.652627
4.745	-0.443522	1.70848	-1.77556	-0.984564	-0.349203	0.843994	0.653765
4.758	-0.447732	1.70859	-1.77463	-0.977593	-0.348758	0.849774	0.654906
4.771	-0.451883	1.70867	-1.77374	-0.970428	-0.348332	0.855632	0.655874
4.784	-0.456066	1.70867	-1.77286	-0.963456	-0.347804	0.861519	0.656474
4.797	-0.460258	1.70867	-1.77201	-0.956525	-0.347168	0.867243	0.657573
4.81	-0.464411	1.7087	-1.77107	-0.949393	-0.346608	0.872944	0.65855
4.823	-0.468567	1.70871	-1.77015	-0.942397	-0.346162	0.878688	0.659083
4.836	-0.472667	1.7087	-1.76927	-0.935434	-0.345765	0.884144	0.659748
4.849	-0.476756	1.7087	-1.76843	-0.928517	-0.345387	0.889605	0.6605
4.862	-0.480905	1.7087	-1.76745	-0.921714	-0.345033	0.895192	0.66172
4.875	-0.484972	1.70871	-1.76652	-0.914906	-0.344675	0.900343	0.662523
4.888	-0.489025	1.70872	-1.76556	-0.908088	-0.344248	0.905193	0.663024
4.901	-0.49303	1.70869	-1.76471	-0.90146	-0.34374	0.910329	0.663781
4.914	-0.49704	1.70869	-1.76392	-0.894896	-0.343313	0.915561	0.664669
4.927	-0.501049	1.70869	-1.76303	-0.888327	-0.343039	0.920479	0.665851
4.94	-0.50503	1.7087	-1.76215	-0.881802	-0.34281	0.925196	0.666606
4.953	-0.508998	1.70869	-1.76127	-0.875223	-0.342638	0.930005	0.66729
4.966	-0.512838	1.70869	-1.7605	-0.868678	-0.34237	0.935135	0.668135
4.979	-0.516806	1.70869	-1.7597	-0.862296	-0.342092	0.940134	0.669317
4.992	-0.520766	1.7087	-1.75891	-0.855766	-0.341937	0.944777	0.670532
5.005	-0.52468	1.70873	-1.75804	-0.849025	-0.341726	0.949408	0.67141
5.018	-0.528622	1.7087	-1.75723	-0.842474	-0.341399	0.954419	0.671998
5.031	-0.532492	1.7087	-1.75656	-0.835884	-0.341024	0.95924	0.673053
5.044	-0.536433	1.7087	-1.75583	-0.829248	-0.340859	0.963819	0.674198
5.057	-0.540455	1.70871	-1.75506	-0.822612	-0.340762	0.968494	0.674975
5.07	-0.544407	1.7087	-1.75433	-0.815768	-0.340507	0.973111	0.675529
5.083	-0.54836	1.7087	-1.75367	-0.808961	-0.340194	0.977643	0.676124
5.096	-0.552302	1.70868	-1.75308	-0.80231	-0.339899	0.982112	0.677176
5.109	-0.556278	1.70868	-1.75252	-0.795535	-0.339764	0.986574	0.677948
5.122	-0.560285	1.70868	-1.75182	-0.788665	-0.339633	0.991154	0.678221
5.135	-0.564267	1.70867	-1.75117	-0.781798	-0.339347	0.995604	0.678699
5.148	-0.568197	1.70865	-1.75065	-0.774833	-0.339134	0.999712	0.679475
5.161	-0.572078	1.70864	-1.75009	-0.767957	-0.33895	1.00392	0.679867
5.174	-0.575993	1.70863	-1.74954	-0.761265	-0.338672	1.00833	0.680334
5.187	-0.579864	1.70863	-1.74894	-0.754421	-0.338443	1.01256	0.681162
5.2	-0.583644	1.70862	-1.74824	-0.747616	-0.338206	1.01652	0.681546
5.213	-0.587411	1.70857	-1.74762	-0.741046	-0.337934	1.02038	0.68165
5.226	-0.591024	1.70857	-1.74715	-0.734408	-0.337658	1.02426	0.68202
5.239	-0.594705	1.70857	-1.74664	-0.727949	-0.33741	1.02841	0.68262
5.252	-0.598419	1.70856	-1.74609	-0.721636	-0.337226	1.03251	0.683139
5.265	-0.602	1.70856	-1.74553	-0.715254	-0.337095	1.03604	0.683388
5.278	-0.60558	1.70854	-1.74504	-0.709028	-0.336948	1.03928	0.683693
5.291	-0.609098	1.70851	-1.7446	-0.702987	-0.336766	1.04266	0.684239
5.304	-0.612626	1.7085	-1.7441	-0.69688	-0.336551	1.04624	0.68499
5.317	-0.616144	1.70848	-1.74348	-0.690809	-0.336228	1.04997	0.685292
5.33	-0.619692	1.70847	-1.74291	-0.684925	-0.335907	1.05351	0.685343
5.343	-0.623112	1.70846	-1.74242	-0.678985	-0.335745	1.0566	0.685653
5.356	-0.626489	1.70843	-1.74194	-0.673077	-0.335678	1.05956	0.68617
5.369	-0.629841	1.70835	-1.74149	-0.667235	-0.335545	1.06282	0.686586
5.382	-0.633258	1.70827	-1.74101	-0.661382	-0.335228	1.06632	0.686812
5.395	-0.636661	1.70819	-1.74046	-0.655406	-0.334825	1.06994	0.686945
5.408	-0.640044	1.70803	-1.73981	-0.649513	-0.33435	1.07338	0.687039
5.421	-0.643373	1.70779	-1.73918	-0.643702	-0.333933	1.07655	0.687072
5.434	-0.646638	1.70761	-1.73863	-0.637795	-0.333686	1.07932	0.687099
5.447	-0.649916	1.7074	-1.73809	-0.63195	-0.333616	1.08235	0.687131
5.46	-0.653212	1.70715	-1.73751	-0.626305	-0.333473	1.08572	0.68717
5.473	-0.656482	1.70686	-1.73702	-0.620651	-0.333324	1.0892	0.687194
5.486	-0.659675	1.70661	-1.73657	-0.614936	-0.333238	1.09221	0.687201
5.499	-0.662842	1.70631	-1.73614	-0.609367	-0.333136	1.09497	0.687201
5.512	-0.665955	1.70598	-1.73567	-0.603843	-0.332906	1.09752	0.687198
5.525	-0.66892	1.7056	-1.7352	-0.59833	-0.332585	1.10024	0.687187
5.538	-0.671926	1.70524	-1.73476	-0.592938	-0.332369	1.10335	0.687182
5.551	-0.674917	1.70485	-1.73435	-0.58775	-0.332321	1.10673	0.687179
5.564	-0.677828	1.70447	-1.73393	-0.582596	-0.332277	1.10976	0.687177
5.577	-0.680571	1.70408	-1.73349	-0.57743	-0.332084	1.11215	0.687175
5.59	-0.683291	1.70368	-1.73305	-0.572453	-0.331741	1.11427	0.687174
5.603	-0.685912	1.70327	-1.73257	-0.567757	-0.331438	1.11643	0.687172
5.616	-0.688433	1.70294	-1.73203	-0.563158	-0.331325	1.11872	0.68717
5.629	-0.690923	1.70261	-1.73159	-0.558676	-0.331313	1.12128	0.68717
5.642	-0.693332	1.70237	-1.73124	-0.55441	-0.331307	1.12401	0.687169
5.655	-0.695624	1.70214	-1.73095	-0.550411	-0.331297	1.12665	0.687169
5.668	-0.697875	1.70197	-1.73063	-0.546653	-0.331229	1.12882	0.687169
5.681	-0.699965	1.70185	-1.73028	-0.543021	-0.331117	1.13018	0.687169
5.694	-0.702018	1.70175	-1.72994	-0.539589	-0.331037	1.13131	0.687169
5.707	-0.703913	1.70167	-1.72968	-0.536276	-0.331037	1.13277	0.687167
5.72	-0.705754	1.70159	-1.72945	-0.533214	-0.331031	1.13432	0.687167
5.733	-0.707468	1.70148	-1.72919	-0.530365	-0.330957	1.13598	0.687167
5.746	-0.70918	1.7014	-1.72887	-0.527776	-0.330765	1.1376	0.687167
5.759	-0.710729	1.70126	-1.72853	-0.525249	-0.330603	1.13894	0.687167
5.772	-0.712288	1.70108	-1.72807	-0.522745	-0.330442	1.14035	0.687165
5.785	-0.713803	1.70083	-1.72772	-0.520243	-0.330368	1.1416	0.687165
5.798	-0.715303	1.70069	-1.72753	-0.517894	-0.33036	1.14256	0.687165
5.811	-0.716765	1.70056	-1.72744	-0.515687	-0.330358	1.14375	0.687165
5.824	-0.718176	1.70047	-1.72735	-0.513641	-0.330352	1.14507	0.687165
5.837	-0.719494	1.70036	-1.7272	-0.511865	-0.330331	1.14582	0.687165
5.85	-0.720833	1.70025	-1.72696	-0.510215	-0.330274	1.14612	0.687165
5.863	-0.722183	1.70011	-1.72668	-0.508796	-0.33017	1.14618	0.687165
5.876	-0.723463	1.69995	-1.72634	-0.507484	-0.330029	1.14621	0.687164
5.889	-0.724756	1.6998	-1.72607	-0.506187	-0.329916	1.14629	0.687164
5.902	-0.726025	1.69964	-1.72592	-0.505057	-0.32989	1.14636	0.687164
5.915	-0.727214	1.69951	-1.72582	-0.503938	-0.329888	1.14642	0.687164
5.928	-0.728487	1.69936	-1.72572	-0.502774	-0.329857	1.14645	0.687164
5.941	-0.729721	1.69912	-1.72558	-0.501499	-0.329704	1.14646	0.687164
5.954	-0.73094	1.6989	-1.72537	-0.500161	-0.329432	1.1465	0.687164
5.967	-0.732272	1.69865	-1.72511	-0.498776	-0.329262	1.14671	0.687164
5.98	-0.733592	1.69847	-1.72487	-0.497217	-0.329256	1.14726	0.687164
5.993	-0.734924	1.69832	-1.72466	-0.495618	-0.329258	1.14783	0.687164
6.006	-0.736311	1.69816	-1.72442	-0.493943	-0.32926	1.14816	0.687164
6.019	-0.737685	1.69796	-1.72408	-0.492247	-0.329258	1.14825	0.687164
6.032	-0.739092	1.69779	-1.72374	-0.490501	-0.329252	1.14836	0.687164
6.045	-0.740562	1.69768	-1.72354	-0.488719	-0.329229	1.14856	0.687164
6.058	-0.742105	1.6976	-1.72343	-0.48683	-0.329211	1.14898	0.687164
6.071	-0.743663	1.69753	-1.72341	-0.484905	-0.329213	1.14942	0.687164
6.084	-0.745149	1.69743	-1.72342	-0.482852	-0.329215	1.15005	0.687164
6.097	-0.746687	1.69731	-1.72342	-0.480806	-0.329215	1.1509	0.687164
6.11	-0.748308	1.69721	-1.72342	-0.478654	-0.329215	1.15184	0.687164
6.123	-0.749943	1.69713	-1.7234	-0.476404	-0.329215	1.1524	0.687164
6.136	-0.75167	1.69707	-1.72338	-0.474125	-0.329215	1.15287	0.687164
6.149	-0.753302	1.69697	-1.7234	-0.471745	-0.329217	1.1534	0.687164
6.162	-0.754959	1.69682	-1.7234	-0.469415	-0.329217	1.15422	0.687164
6.175	-0.756518	1.69668	-1.7234	-0.466904	-0.329217	1.15548	0.687164
6.188	-0.758109	1.69655	-1.72339	-0.464373	-0.329217	1.15683	0.687164
6.201	-0.759742	1.69643	-1.72338	-0.461818	-0.329217	1.15799	0.687164
6.214	-0.761292	1.69625	-1.72337	-0.459175	-0.329217	1.15939	0.687164
6.227	-0.762852	1.69607	-1.72334	-0.456612	-0.329215	1.16086	0.687164
6.24	-0.764422	1.69586	-1.72329	-0.454103	-0.329215	1.16191	0.687164
6.253	-0.765996	1.69567	-1.72323	-0.451654	-0.329215	1.1628	0.687162
6.266	-0.767643	1.69552	-1.72314	-0.449312	-0.329215	1.16381	0.687162
6.279	-0.769168	1.69539	-1.72307	-0.446953	-0.329213	1.16452	0.687162
6.292	-0.770745	1.69522	-1.72293	-0.444761	-0.329161	1.16491	0.687162
6.305	-0.772302	1.695	-1.72277	-0.442587	-0.329029	1.16521	0.687162
6.318	-0.773832	1.69482	-1.72261	-0.440472	-0.32893	1.16556	0.687162
6.331	-0.775373	1.69465	-1.72252	-0.438444	-0.328926	1.16609	0.687162
6.344	-0.776792	1.69454	-1.72251	-0.436403	-0.328932	1.16694	0.687162
6.357	-0.77816	1.69441	-1.72251	-0.434446	-0.328934	1.16789	0.687162
6.37	-0.779481	1.6943	-1.72251	-0.432543	-0.328937	1.16857	0.687162
6.383	-0.78075	1.69421	-1.72251	-0.430677	-0.328939	1.16907	0.687162
6.396	-0.781823	1.69416	-1.72251	-0.428823	-0.328939	1.16962	0.687162
6.409	-0.782882	1.6941	-1.72251	-0.42706	-0.328941	1.17049	0.68716
6.422	-0.783725	1.69406	-1.72251	-0.425264	-0.328941	1.17149	0.68716
6.435	-0.784586	1.69405	-1.72251	-0.423675	-0.328941	1.17231	0.68716
6.448	-0.785311	1.69405	-1.72251	-0.422183	-0.328943	1.17294	0.68716
6.461	-0.786003	1.69406	-1.7225	-0.420899	-0.328941	1.17349	0.68716
6.474	-0.786657	1.69406	-1.72248	-0.419702	-0.328941	1.17408	0.68716
6.487	-0.787253	1.69405	-1.72248	-0.418585	-0.328943	1.1748	0.68716
6.5	-0.787842	1.69405	-1.72248	-0.417622	-0.328943	1.17534	0.687158
6.513	-0.788442	1.69405	-1.72248	-0.416762	-0.328943	1.17561	0.687158
6.526	-0.789041	1.69404	-1.72248	-0.416031	-0.328941	1.17575	0.687158
6.539	-0.789632	1.69403	-1.72248	-0.415429	-0.328943	1.17578	0.687158
6.552	-0.790234	1.69402	-1.72248	-0.414879	-0.328943	1.17579	0.687158
6.565	-0.790827	1.694	-1.72248	-0.414245	-0.328943	1.1758	0.687158
6.578	-0.791407	1.69392	-1.72248	-0.41352	-0.328943	1.17592	0.687158
6.591	-0.791975	1.69382	-1.72248	-0.412664	-0.328943	1.17639	0.687158
6.604	-0.792521	1.69375	-1.72248	-0.411687	-0.328945	1.17691	0.687158
6.617	-0.793023	1.6937	-1.72248	-0.410685	-0.328945	1.17747	0.687157
6.63	-0.793514	1.69367	-1.72248	-0.409666	-0.328945	1.17818	0.687157
6.643	-0.794037	1.69364	-1.72248	-0.4085	-0.328945	1.1792	0.687157
6.656	-0.79458	1.69363	-1.72248	-0.407267	-0.328947	1.17994	0.687157
6.669	-0.795109	1.69363	-1.72248	-0.406079	-0.328947	1.18052	0.687155
6.682	-0.795705	1.69363	-1.72245	-0.404954	-0.328947	1.18094	0.687155
6.695	-0.796367	1.69363	-1.72243	-0.403846	-0.328949	1.18136	0.687155
6.708	-0.797029	1.69363	-1.72243	-0.402803	-0.328953	1.18181	0.687153
6.721	-0.797758	1.69363	-1.72243	-0.401799	-0.328957	1.18229	0.687153
6.734	-0.798611	1.69363	-1.72243	-0.400619	-0.328965	1.18282	0.687153
6.747	-0.799572	1.69363	-1.72244	-0.399319	-0.328977	1.18327	0.687153
6.76	-0.800574	1.69363	-1.72244	-0.397954	-0.329039	1.18356	0.687153
6.773	-0.80161	1.69363	-1.72244	-0.396604	-0.329202	1.18398	0.687153
6.786	-0.802735	1.69363	-1.72244	-0.395268	-0.329493	1.18433	0.687153
6.799	-0.803762	1.69362	-1.72245	-0.393902	-0.329759	1.1847	0.687153
6.812	-0.804817	1.69358	-1.72245	-0.39251	-0.329888	1.18524	0.687153
6.825	-0.805808	1.69349	-1.72246	-0.391203	-0.330086	1.18587	0.687153
6.838	-0.806756	1.69346	-1.72246	-0.38983	-0.330278	1.18664	0.687153
6.851	-0.807655	1.69338	-1.72247	-0.388421	-0.330421	1.18738	0.687153
6.864	-0.808511	1.69335	-1.7225	-0.387179	-0.330573	1.18791	0.687153
6.877	-0.80932	1.69334	-1.72254	-0.386059	-0.330873	1.18839	0.687153
6.89	-0.810131	1.69334	-1.72255	-0.385053	-0.33117	1.18869	0.687153
6.903	-0.810867	1.69329	-1.72259	-0.384045	-0.33135	1.1891	0.687153
6.916	-0.811527	1.69322	-1.72266	-0.383147	-0.331452	1.18946	0.687153
