0.013	0.0971533	1.58641	-1.80854	-1.26208	-0.360416	0.342966	0.383326
0.026	0.0971533	1.58641	-1.80854	-1.26208	-0.360416	0.342966	0.383326
0.039	0.0971533	1.58641	-1.80854	-1.26208	-0.360416	0.342966	0.383326
0.052	0.0971533	1.58641	-1.80854	-1.26208	-0.360416	0.342966	0.383326
0.065	0.095526	1.58652	-1.8085	-1.26207	-0.360422	0.342972	0.383343
0.078	0.095526	1.58652	-1.8085	-1.26207	-0.360422	0.342972	0.383343
0.091	0.095526	1.58652	-1.8085	-1.26207	-0.360422	0.342972	0.383343
0.104	0.095526	1.58652	-1.8085	-1.26207	-0.360422	0.342972	0.383343
0.117	0.095526	1.58652	-1.8085	-1.26207	-0.360422	0.342972	0.383343
0.13	0.095526	1.58652	-1.8085	-1.26207	-0.360422	0.342972	0.383343
0.143	0.095526	1.58652	-1.8085	-1.26207	-0.360422	0.342972	0.383343
0.156	0.095526	1.58652	-1.8085	-1.26207	-0.360422	0.342972	0.383343
0.169	0.095526	1.58652	-1.8085	-1.26207	-0.360422	0.342972	0.383343
0.182	0.095526	1.58652	-1.8085	-1.26207	-0.360422	0.342972	0.383343
0.195	0.095526	1.58652	-1.8085	-1.26207	-0.360422	0.342972	0.383343
0.208	0.095526	1.58652	-1.8085	-1.26207	-0.360422	0.342972	0.383343
0.221	0.095526	1.58652	-1.8085	-1.26207	-0.360422	0.342972	0.383343
0.234	0.095526	1.58652	-1.8085	-1.26207	-0.360422	0.342972	0.383343
0.247	0.095526	1.58652	-1.8085	-1.26207	-0.360422	0.342972	0.383343
0.26	0.095526	1.58652	-1.8085	-1.26207	-0.360422	0.342972	0.383343
0.273	0.095526	1.58652	-1.8085	-1.26207	-0.360422	0.342972	0.383343
0.286	0.095526	1.58652	-1.8085	-1.26207	-0.360422	0.342972	0.383343
0.299	0.0955248	1.58652	-1.8085	-1.26207	-0.360422	0.342972	0.383343
0.312	0.0955235	1.58652	-1.8085	-1.26207	-0.360422	0.342972	0.383343
0.325	0.0955222	1.58652	-1.8085	-1.26207	-0.360422	0.342972	0.383343
0.338	0.0955184	1.58652	-1.8085	-1.26207	-0.360422	0.342972	0.383343
0.351	0.0955107	1.58652	-1.8085	-1.26207	-0.360422	0.342972	0.383343
0.364	0.0954903	1.58652	-1.8085	-1.26207	-0.360422	0.342972	0.383343
0.377	0.0954481	1.58652	-1.8085	-1.26207	-0.360422	0.342972	0.383343
0.39	0.0954046	1.58652	-1.8085	-1.26207	-0.360422	0.342974	0.383342
0.403	0.0953368	1.58652	-1.8085	-1.26207	-0.360422	0.342974	0.383342
0.416	0.0952627	1.58652	-1.8085	-1.26207	-0.360422	0.342974	0.383343
0.429	0.0951656	1.58652	-1.8085	-1.26207	-0.360422	0.342974	0.383343
0.442	0.0950454	1.58652	-1.8085	-1.26207	-0.360422	0.342974	0.383342
0.455	0.0949112	1.58652	-1.8085	-1.26207	-0.360422	0.342974	0.383343
0.468	0.0947527	1.58652	-1.8085	-1.26207	-0.360422	0.342976	0.383342
0.481	0.0945814	1.58652	-1.8085	-1.26207	-0.360422	0.342976	0.383342
0.494	0.094396	1.58652	-1.8085	-1.26207	-0.360424	0.342976	0.383342
0.507	0.0941953	1.58652	-1.8085	-1.26207	-0.360424	0.342976	0.383342
0.52	0.0939831	1.58652	-1.8085	-1.26207	-0.360424	0.342976	0.383343
0.533	0.0937556	1.58652	-1.8085	-1.26207	-0.360424	0.342978	0.383342
0.546	0.0935076	1.58652	-1.8085	-1.26207	-0.360426	0.342978	0.383343
0.559	0.0932494	1.58652	-1.8085	-1.26207	-0.360426	0.342978	0.383343
0.572	0.0929809	1.58652	-1.8085	-1.26207	-0.360426	0.342978	0.383343
0.585	0.0926754	1.58652	-1.8085	-1.26207	-0.360428	0.342978	0.383343
0.598	0.0923942	1.58652	-1.8085	-1.26207	-0.360428	0.342978	0.383342
0.611	0.0920963	1.58652	-1.8085	-1.26207	-0.360428	0.342978	0.383342
0.624	0.0917921	1.58652	-1.8085	-1.26207	-0.360428	0.342978	0.383342
0.637	0.0915121	1.58652	-1.8085	-1.26207	-0.36043	0.342978	0.383342
0.65	0.091213	1.58652	-1.8085	-1.26207	-0.36043	0.342978	0.383343
0.663	0.0909484	1.58652	-1.8085	-1.26207	-0.36043	0.342978	0.383343
0.676	0.0906863	1.58652	-1.8085	-1.26207	-0.36043	0.342978	0.383343
0.689	0.0904383	1.58652	-1.8085	-1.26207	-0.360432	0.342978	0.383342
0.702	0.0902108	1.58652	-1.8085	-1.26207	-0.360432	0.342978	0.383343
0.715	0.0899884	1.58652	-1.8085	-1.26207	-0.360434	0.342978	0.383343
0.728	0.0897774	1.58652	-1.8085	-1.26207	-0.360436	0.342978	0.383342
0.741	0.0895806	1.58652	-1.8085	-1.26207	-0.36044	0.342976	0.383342
0.754	0.0893991	1.58652	-1.8085	-1.26207	-0.360442	0.342976	0.383343
0.767	0.0892252	1.58652	-1.8085	-1.26207	-0.360447	0.342976	0.383343
0.78	0.0890693	1.58652	-1.8085	-1.26207	-0.360449	0.342976	0.383343
0.793	0.0889248	1.58652	-1.8085	-1.26207	-0.360455	0.342976	0.383342
0.806	0.0888047	1.58652	-1.8085	-1.26207	-0.360459	0.342976	0.383343
0.819	0.088696	1.58652	-1.8085	-1.26207	-0.360463	0.342976	0.383342
0.832	0.0886193	1.58652	-1.8085	-1.26207	-0.360465	0.342976	0.383342
0.845	0.0885477	1.58652	-1.8085	-1.26207	-0.360467	0.342976	0.383342
0.858	0.0884864	1.58652	-1.8085	-1.26207	-0.360469	0.342976	0.383343
0.871	0.0884454	1.58652	-1.8085	-1.26207	-0.360471	0.342976	0.383343
0.884	0.0884058	1.58652	-1.8085	-1.26207	-0.360473	0.342976	0.383343
0.897	0.0883777	1.58653	-1.8085	-1.26207	-0.360475	0.342976	0.383343
0.91	0.0883534	1.58653	-1.8085	-1.26207	-0.360479	0.342976	0.383343
0.923	0.088333	1.58652	-1.8085	-1.26207	-0.360483	0.342976	0.383342
0.936	0.0883163	1.58652	-1.8085	-1.26207	-0.360485	0.342976	0.383342
0.949	0.0882997	1.58652	-1.8085	-1.26207	-0.360485	0.342976	0.383342
0.962	0.0882856	1.58652	-1.8085	-1.26207	-0.360487	0.342976	0.383343
0.975	0.0882716	1.58652	-1.8085	-1.26207	-0.360489	0.342976	0.383342
0.988	0.0882588	1.58652	-1.8085	-1.26207	-0.360489	0.342976	0.383343
1.001	0.0882384	1.58652	-1.8085	-1.26207	-0.360492	0.342976	0.383343
1.014	0.0882166	1.58652	-1.8085	-1.26207	-0.360492	0.342976	0.383343
1.027	0.0881962	1.58652	-1.8085	-1.26207	-0.360492	0.342976	0.383343
1.04	0.0881706	1.58652	-1.8085	-1.26207	-0.360492	0.342976	0.383343
1.053	0.0881412	1.58652	-1.8085	-1.26207	-0.360492	0.342976	0.383342
1.066	0.0881054	1.58652	-1.8085	-1.26207	-0.360492	0.342976	0.383342
1.079	0.0880658	1.58652	-1.8085	-1.26207	-0.360492	0.342976	0.383342
1.092	0.0880249	1.58652	-1.8085	-1.26207	-0.360492	0.342976	0.383343
1.105	0.0879814	1.58652	-1.8085	-1.26207	-0.360492	0.342976	0.383343
1.118	0.0879367	1.58652	-1.8085	-1.26207	-0.360492	0.342976	0.383342
1.131	0.0878881	1.58652	-1.8085	-1.26207	-0.360492	0.342976	0.383342
1.144	0.087837	1.58652	-1.8085	-1.26207	-0.360492	0.342976	0.383342
1.157	0.087791	1.58652	-1.8085	-1.26207	-0.360489	0.342976	0.383342
1.17	0.0877347	1.58652	-1.8085	-1.26207	-0.360492	0.342976	0.383343
1.183	0.08769	1.58652	-1.8085	-1.26207	-0.360489	0.342976	0.383343
1.196	0.0876427	1.58652	-1.8085	-1.26207	-0.360489	0.342976	0.383343
1.209	0.0875903	1.58652	-1.8085	-1.26207	-0.360489	0.342976	0.383343
1.222	0.0875455	1.58652	-1.8085	-1.26207	-0.360489	0.342976	0.383343
1.235	0.087502	1.58652	-1.8085	-1.26207	-0.360489	0.342976	0.383343
1.248	0.0874714	1.58652	-1.8085	-1.26207	-0.360489	0.342976	0.383342
1.261	0.0874356	1.58652	-1.8085	-1.26207	-0.360489	0.342976	0.383342
1.274	0.0874177	1.58652	-1.8085	-1.26207	-0.360489	0.342976	0.383343
1.287	0.0874011	1.58652	-1.8085	-1.26207	-0.360489	0.342976	0.383343
1.3	0.0873934	1.58652	-1.8085	-1.26207	-0.360489	0.342976	0.383343
1.313	0.0873947	1.58652	-1.8085	-1.26207	-0.360489	0.342974	0.383343
1.326	0.0873947	1.58652	-1.8085	-1.26207	-0.360489	0.342974	0.383343
1.339	0.0873947	1.58652	-1.8085	-1.26207	-0.360487	0.342974	0.383343
1.352	0.0873947	1.58652	-1.8085	-1.26207	-0.360487	0.342974	0.383342
1.365	0.0873947	1.58653	-1.8085	-1.26207	-0.360487	0.342972	0.383343
1.378	0.0873947	1.58653	-1.8085	-1.26207	-0.360487	0.342969	0.383342
1.391	0.0873947	1.58653	-1.8085	-1.26207	-0.360489	0.342957	0.383342
1.404	0.0873947	1.58653	-1.8085	-1.26207	-0.360489	0.342894	0.383342
1.417	0.0873947	1.58653	-1.8085	-1.26207	-0.360489	0.342717	0.383343
1.43	0.087396	1.58653	-1.8085	-1.26207	-0.360489	0.342468	0.383342
1.443	0.087396	1.58653	-1.8085	-1.26207	-0.360489	0.342159	0.383343
1.456	0.087396	1.58653	-1.8085	-1.26207	-0.360489	0.341807	0.383342
1.469	0.087396	1.58653	-1.8085	-1.26207	-0.360489	0.341502	0.383343
1.482	0.087396	1.58653	-1.8085	-1.26207	-0.360492	0.341053	0.383343
1.495	0.087396	1.58653	-1.8085	-1.26207	-0.360494	0.34068	0.383343
1.508	0.087396	1.58653	-1.8085	-1.26207	-0.360498	0.340447	0.383343
1.521	0.087396	1.58654	-1.8085	-1.26207	-0.360534	0.340215	0.383343
1.534	0.087396	1.58654	-1.8085	-1.26207	-0.360653	0.339968	0.383343
1.547	0.087396	1.58653	-1.8085	-1.26207	-0.36079	0.339697	0.383343
1.56	0.087396	1.58653	-1.8085	-1.26207	-0.360946	0.339334	0.383343
1.573	0.087396	1.58653	-1.8085	-1.26207	-0.361105	0.338843	0.383343
1.586	0.087396	1.58653	-1.8085	-1.26207	-0.361263	0.338498	0.383343
1.599	0.087396	1.58653	-1.8085	-1.26207	-0.36142	0.338183	0.383343
1.612	0.087396	1.58653	-1.8085	-1.26207	-0.36159	0.337811	0.383343
1.625	0.087396	1.58653	-1.8085	-1.26207	-0.361778	0.337346	0.383343
1.638	0.087396	1.58653	-1.8085	-1.26207	-0.362017	0.336869	0.383343
1.651	0.087396	1.58653	-1.8085	-1.26207	-0.362293	0.33654	0.383343
1.664	0.087396	1.58653	-1.8085	-1.26207	-0.36259	0.336329	0.383343
1.677	0.087396	1.58653	-1.8085	-1.26207	-0.362833	0.336221	0.383345
1.69	0.087396	1.58653	-1.8085	-1.26207	-0.362979	0.336146	0.383343
1.703	0.087396	1.58653	-1.8085	-1.26207	-0.363132	0.336042	0.383343
1.716	0.087396	1.58653	-1.8085	-1.26207	-0.363355	0.335846	0.383343
1.729	0.087396	1.58653	-1.8085	-1.26207	-0.363629	0.335671	0.383345
1.742	0.087396	1.58653	-1.8085	-1.26207	-0.363911	0.335517	0.383345
1.755	0.087396	1.58653	-1.8085	-1.26207	-0.364132	0.335395	0.383345
1.768	0.087396	1.58653	-1.8085	-1.26207	-0.364329	0.335366	0.383343
1.781	0.0873947	1.58653	-1.8085	-1.26207	-0.364558	0.335366	0.383343
1.794	0.0873947	1.58653	-1.8085	-1.26207	-0.364848	0.335367	0.383343
1.807	0.0873844	1.58653	-1.8085	-1.26207	-0.365153	0.335367	0.383343
1.82	0.087355	1.58653	-1.8085	-1.26207	-0.365404	0.335367	0.383343
1.833	0.0873295	1.58653	-1.8085	-1.26207	-0.365619	0.335367	0.383343
1.846	0.0872719	1.58653	-1.8085	-1.26207	-0.365832	0.335367	0.383343
1.859	0.0871914	1.58653	-1.8085	-1.26207	-0.366071	0.335369	0.383343
1.872	0.0870815	1.58653	-1.8085	-1.26208	-0.366286	0.335369	0.383343
1.885	0.0869281	1.58653	-1.8085	-1.26208	-0.366486	0.335369	0.383343
1.898	0.0867325	1.58653	-1.8085	-1.26209	-0.366666	0.335371	0.383343
1.911	0.0865024	1.58653	-1.8085	-1.26213	-0.366869	0.335371	0.383343
1.924	0.0862404	1.58653	-1.8085	-1.26223	-0.367081	0.335371	0.383343
1.937	0.0859029	1.58653	-1.8085	-1.26234	-0.367239	0.335372	0.383343
1.95	0.085504	1.58653	-1.8085	-1.26243	-0.367394	0.335372	0.383343
1.963	0.0850374	1.58653	-1.8085	-1.26256	-0.36755	0.335372	0.383343
1.976	0.0845364	1.58653	-1.8085	-1.26273	-0.367691	0.335372	0.383343
1.989	0.0840046	1.58653	-1.8085	-1.26293	-0.367848	0.335374	0.383343
2.002	0.083382	1.58653	-1.8085	-1.26313	-0.368028	0.335374	0.383343
2.015	0.0827275	1.58653	-1.8085	-1.26331	-0.368225	0.335374	0.383343
2.028	0.0820526	1.58653	-1.8085	-1.26356	-0.368345	0.335374	0.383343
2.041	0.0813214	1.58653	-1.8085	-1.26383	-0.368423	0.335374	0.383343
2.054	0.0805761	1.58653	-1.80849	-1.26407	-0.368501	0.335374	0.383343
2.067	0.0797657	1.58653	-1.80849	-1.26434	-0.368552	0.335374	0.383343
2.08	0.078922	1.58653	-1.80849	-1.26463	-0.368615	0.335374	0.383343
2.093	0.0780911	1.58653	-1.80849	-1.26495	-0.368697	0.335374	0.383343
2.106	0.0771822	1.58653	-1.80849	-1.26533	-0.368748	0.335372	0.383343
2.119	0.0762938	1.58653	-1.80849	-1.26565	-0.368781	0.335372	0.383345
2.132	0.0753299	1.58653	-1.80849	-1.26607	-0.368798	0.335372	0.383345
2.145	0.0744198	1.58652	-1.80849	-1.26648	-0.368826	0.335372	0.383345
2.158	0.0734418	1.58652	-1.80848	-1.26694	-0.368851	0.335372	0.383347
2.171	0.0724435	1.58652	-1.80848	-1.26736	-0.368871	0.335372	0.383348
2.184	0.0713978	1.58652	-1.80848	-1.26779	-0.3689	0.335372	0.383348
2.197	0.0703816	1.58652	-1.80848	-1.2682	-0.368914	0.335372	0.383348
2.21	0.0692898	1.58652	-1.80848	-1.26865	-0.368928	0.335372	0.38335
2.223	0.0682046	1.58652	-1.80848	-1.26905	-0.368939	0.335372	0.383352
2.236	0.0670656	1.58652	-1.80848	-1.26948	-0.368947	0.335372	0.383354
2.249	0.0659394	1.58652	-1.80848	-1.26999	-0.368955	0.335372	0.383355
2.262	0.064771	1.58652	-1.80847	-1.27052	-0.368961	0.335372	0.383372
2.275	0.06354	1.58652	-1.80847	-1.27108	-0.368967	0.335372	0.3834
2.288	0.0623895	1.58652	-1.80847	-1.27164	-0.368984	0.335374	0.383459
2.301	0.0610792	1.58652	-1.80847	-1.27226	-0.36902	0.335374	0.383507
2.314	0.0598393	1.58652	-1.80847	-1.27283	-0.369096	0.335374	0.383584
2.327	0.0585418	1.58652	-1.80847	-1.27347	-0.369149	0.335374	0.383705
2.34	0.0571804	1.58652	-1.80847	-1.2742	-0.369209	0.335374	0.383831
2.353	0.055879	1.58652	-1.80846	-1.27487	-0.369258	0.335374	0.383952
2.366	0.0544895	1.58652	-1.80846	-1.27559	-0.369331	0.335374	0.384034
2.379	0.0530885	1.58652	-1.80846	-1.27633	-0.369409	0.335374	0.384127
2.392	0.0516465	1.58652	-1.80846	-1.27707	-0.369503	0.335374	0.384259
2.405	0.0502199	1.58652	-1.80846	-1.27783	-0.36962	0.335374	0.384376
2.418	0.0487563	1.58652	-1.80846	-1.27864	-0.369716	0.335374	0.384496
2.431	0.0472555	1.58652	-1.80846	-1.27942	-0.369832	0.335376	0.384603
2.444	0.0457113	1.58651	-1.80847	-1.28025	-0.369965	0.335378	0.384703
2.457	0.0441671	1.58651	-1.80847	-1.28109	-0.370094	0.335378	0.384865
2.47	0.0426127	1.58651	-1.80847	-1.28198	-0.37026	0.335379	0.385026
2.483	0.0409931	1.58651	-1.80847	-1.28293	-0.370419	0.335379	0.385193
2.496	0.0393709	1.58651	-1.80847	-1.28389	-0.37061	0.335381	0.385372
2.509	0.0376873	1.58651	-1.80847	-1.28492	-0.370792	0.335381	0.385588
2.522	0.0360153	1.58651	-1.80848	-1.28599	-0.371008	0.335381	0.385828
2.535	0.0343496	1.58651	-1.80848	-1.28711	-0.371225	0.335381	0.386077
2.548	0.0326124	1.58651	-1.80848	-1.28823	-0.371479	0.335383	0.38628
2.561	0.0308841	1.58651	-1.80849	-1.28933	-0.371816	0.335383	0.386451
2.574	0.0291264	1.58651	-1.80849	-1.29045	-0.372062	0.335383	0.386674
2.587	0.0274084	1.58651	-1.8085	-1.29158	-0.372203	0.335386	0.386872
2.6	0.0256136	1.58651	-1.8085	-1.29274	-0.372371	0.335391	0.386991
2.613	0.0238214	1.5865	-1.80851	-1.2939	-0.372618	0.335393	0.387207
2.626	0.0220151	1.5865	-1.80852	-1.2951	-0.372954	0.335398	0.387516
2.639	0.0201961	1.5865	-1.80855	-1.29627	-0.373236	0.335408	0.387848
2.652	0.0183246	1.5865	-1.80864	-1.29757	-0.373457	0.33542	0.388184
2.665	0.0164596	1.5865	-1.80871	-1.29887	-0.373706	0.335429	0.388494
2.678	0.01456	1.5865	-1.80886	-1.30022	-0.373964	0.335459	0.388716
2.691	0.0125952	1.5865	-1.80901	-1.30159	-0.374244	0.33547	0.38907
2.704	0.0106535	1.5865	-1.80927	-1.303	-0.374606	0.335488	0.38958
2.717	0.00868998	1.5865	-1.80953	-1.30439	-0.375054	0.335517	0.390304
2.73	0.00671114	1.5865	-1.8099	-1.30587	-0.375619	0.33556	0.390843
2.743	0.00472719	1.58649	-1.81023	-1.30733	-0.375954	0.335623	0.391097
2.756	0.00273046	1.58649	-1.81063	-1.3088	-0.376003	0.335853	0.391545
2.769	0.000722235	1.58649	-1.81104	-1.31027	-0.376091	0.33618	0.392211
2.782	-0.00128599	1.58649	-1.81153	-1.31181	-0.376418	0.336426	0.392743
2.795	-0.00334025	1.58649	-1.81198	-1.31333	-0.376795	0.336606	0.393243
2.808	-0.00537533	1.58649	-1.81254	-1.31488	-0.377069	0.336799	0.39416
2.821	-0.0074462	1.58649	-1.81301	-1.31636	-0.377384	0.337099	0.39516
2.834	-0.00950941	1.58649	-1.81356	-1.3179	-0.37786	0.337675	0.395731
2.847	-0.0115164	1.58649	-1.814	-1.31928	-0.378177	0.33872	0.396409
2.86	-0.0135885	1.58649	-1.8145	-1.32068	-0.378257	0.339927	0.39719
2.873	-0.0156351	1.58649	-1.81495	-1.32201	-0.378392	0.340794	0.398324
2.886	-0.0177328	1.5865	-1.81543	-1.32338	-0.378817	0.341566	0.399363
2.899	-0.0197717	1.58649	-1.8158	-1.32462	-0.379282	0.342746	0.400239
2.912	-0.021872	1.58649	-1.81627	-1.32592	-0.379443	0.343981	0.401103
2.925	-0.0239109	1.58649	-1.81669	-1.32712	-0.379501	0.345074	0.402464
2.938	-0.0260585	1.58649	-1.8171	-1.3283	-0.379707	0.346472	0.403476
2.951	-0.0281089	1.58649	-1.81754	-1.32941	-0.379985	0.347816	0.404185
2.964	-0.0301951	1.58649	-1.81796	-1.33056	-0.380112	0.349003	0.404976
2.977	-0.0322149	1.58649	-1.81837	-1.33161	-0.380174	0.350438	0.406319
2.99	-0.0343164	1.58649	-1.81876	-1.33266	-0.380394	0.352093	0.407478
3.003	-0.0363528	1.58649	-1.81917	-1.33373	-0.380693	0.353671	0.408211
3.016	-0.0384224	1.58649	-1.81952	-1.3347	-0.380822	0.355652	0.40909
3.029	-0.040506	1.58649	-1.81996	-1.33566	-0.380857	0.357736	0.410623
3.042	-0.0426178	1.58649	-1.82027	-1.33655	-0.381045	0.360126	0.411915
3.055	-0.0447155	1.58649	-1.8206	-1.33746	-0.38128	0.362526	0.412699
3.068	-0.046803	1.58648	-1.82088	-1.33825	-0.381317	0.364891	0.413953
3.081	-0.0489161	1.58649	-1.82122	-1.33902	-0.381347	0.367272	0.415813
3.094	-0.0509691	1.58649	-1.82156	-1.33975	-0.381572	0.369294	0.41726
3.107	-0.0530975	1.58649	-1.82188	-1.34052	-0.381922	0.371351	0.418775
3.12	-0.05513	1.58648	-1.82215	-1.34131	-0.382209	0.373333	0.420435
3.133	-0.0572252	1.58649	-1.82241	-1.34211	-0.382348	0.375795	0.422202
3.146	-0.0592385	1.58648	-1.82256	-1.34284	-0.382446	0.378513	0.42375
3.159	-0.0613516	1.58648	-1.82269	-1.34359	-0.382493	0.381615	0.424723
3.172	-0.0633918	1.58648	-1.82282	-1.3442	-0.382493	0.384755	0.426101
3.185	-0.0654946	1.58649	-1.82287	-1.34481	-0.382497	0.387693	0.427708
3.198	-0.0675309	1.58648	-1.82293	-1.34535	-0.382524	0.390154	0.428811
3.211	-0.0695967	1.58648	-1.82302	-1.3459	-0.382581	0.392423	0.430225
3.224	-0.0716062	1.58648	-1.82305	-1.34629	-0.382685	0.395037	0.431805
3.237	-0.0737001	1.58648	-1.82306	-1.34659	-0.382798	0.398141	0.433162
3.25	-0.0757774	1.58649	-1.82306	-1.34673	-0.382855	0.40184	0.434795
3.263	-0.0778559	1.58649	-1.82305	-1.34676	-0.382884	0.405784	0.436353
3.276	-0.0799677	1.58649	-1.82305	-1.34681	-0.382949	0.4093	0.438031
3.289	-0.0820859	1.58649	-1.82305	-1.34683	-0.383131	0.412208	0.439951
3.302	-0.0842526	1.58649	-1.82305	-1.34683	-0.383436	0.414865	0.441711
3.315	-0.0864142	1.58651	-1.82305	-1.34681	-0.383655	0.417607	0.443383
3.328	-0.0885682	1.58654	-1.82304	-1.3468	-0.383749	0.420784	0.444619
3.341	-0.0906301	1.58655	-1.82304	-1.3468	-0.383751	0.424352	0.446126
3.354	-0.09277	1.58657	-1.82302	-1.3468	-0.383751	0.427916	0.447436
3.367	-0.0948729	1.58658	-1.82302	-1.34679	-0.383751	0.431047	0.448563
3.38	-0.0970217	1.58657	-1.82302	-1.34678	-0.383753	0.433832	0.450152
3.393	-0.0991041	1.58658	-1.82302	-1.34678	-0.383837	0.436503	0.451568
3.406	-0.101263	1.5866	-1.823	-1.34678	-0.383947	0.439467	0.452744
3.419	-0.103363	1.58667	-1.82299	-1.34676	-0.384088	0.44262	0.454459
3.432	-0.105493	1.58679	-1.82297	-1.34674	-0.384266	0.445785	0.456228
3.445	-0.107602	1.58694	-1.82296	-1.34674	-0.384571	0.448592	0.458098
3.458	-0.109669	1.58714	-1.82296	-1.34674	-0.384894	0.451048	0.45988
3.471	-0.111762	1.58733	-1.82295	-1.34673	-0.385101	0.45344	0.461607
3.484	-0.113829	1.58765	-1.82295	-1.3467	-0.385189	0.455926	0.463175
3.497	-0.115956	1.58803	-1.82295	-1.34666	-0.385252	0.458819	0.46443
3.51	-0.118017	1.58857	-1.82295	-1.34653	-0.385275	0.462011	0.466217
3.523	-0.120166	1.58909	-1.82293	-1.34647	-0.385305	0.465154	0.467825
3.536	-0.122222	1.58968	-1.8229	-1.34639	-0.385313	0.467717	0.469231
3.549	-0.124384	1.59028	-1.82287	-1.34629	-0.38532	0.469889	0.470862
3.562	-0.126516	1.59092	-1.82285	-1.34617	-0.38533	0.471791	0.472549
3.575	-0.128652	1.59167	-1.82276	-1.34594	-0.385358	0.474119	0.474694
3.588	-0.130792	1.5925	-1.82275	-1.34571	-0.385516	0.476877	0.476751
3.601	-0.132948	1.59347	-1.82269	-1.34542	-0.385684	0.480063	0.479026
3.614	-0.135155	1.5945	-1.82261	-1.3451	-0.385735	0.483209	0.481164
3.627	-0.137341	1.59558	-1.82252	-1.34474	-0.385739	0.485946	0.483185
3.64	-0.139631	1.59674	-1.82244	-1.34443	-0.385741	0.488104	0.484896
3.653	-0.141852	1.59798	-1.82241	-1.34406	-0.385741	0.489952	0.48695
3.666	-0.144221	1.59934	-1.82236	-1.34366	-0.385741	0.49193	0.489045
3.679	-0.14658	1.60081	-1.82233	-1.34309	-0.385741	0.494373	0.49129
3.692	-0.148998	1.60232	-1.82231	-1.34236	-0.385741	0.49732	0.493643
3.705	-0.151451	1.60393	-1.82228	-1.34154	-0.385741	0.500543	0.496137
3.718	-0.1539	1.60557	-1.82224	-1.34065	-0.385741	0.503655	0.498988
3.731	-0.156457	1.60729	-1.82218	-1.33967	-0.385741	0.506241	0.501576
3.744	-0.159075	1.60903	-1.82214	-1.33865	-0.385739	0.508429	0.503754
3.757	-0.161668	1.6108	-1.82211	-1.33759	-0.385739	0.510393	0.506031
3.77	-0.164389	1.61263	-1.82206	-1.33638	-0.385737	0.512791	0.508317
3.783	-0.167164	1.6145	-1.82201	-1.33493	-0.385733	0.515733	0.510858
3.796	-0.169988	1.61642	-1.82197	-1.33329	-0.385727	0.519131	0.513425
3.809	-0.172917	1.61833	-1.82195	-1.33148	-0.385698	0.522666	0.516297
3.822	-0.175895	1.62025	-1.82192	-1.32949	-0.385581	0.525843	0.519314
3.835	-0.178966	1.62215	-1.82191	-1.32741	-0.385397	0.528584	0.522024
3.848	-0.182114	1.62401	-1.82186	-1.32523	-0.385037	0.531073	0.524084
3.861	-0.185364	1.62584	-1.82178	-1.32283	-0.384538	0.533868	0.526116
3.874	-0.188671	1.62767	-1.82158	-1.32021	-0.383904	0.537287	0.528229
3.887	-0.192061	1.62943	-1.82137	-1.31745	-0.383334	0.541313	0.530524
3.9	-0.195462	1.63117	-1.82104	-1.31448	-0.38299	0.545361	0.532755
3.913	-0.198969	1.63282	-1.82071	-1.31142	-0.38265	0.548943	0.535187
3.926	-0.202525	1.63445	-1.82025	-1.30812	-0.382307	0.552124	0.538038
3.939	-0.206145	1.63601	-1.81986	-1.30465	-0.381898	0.555509	0.540506
3.952	-0.209787	1.63759	-1.81949	-1.30094	-0.381372	0.559523	0.54238
3.965	-0.213531	1.63916	-1.81908	-1.2971	-0.380691	0.564048	0.544055
3.978	-0.217287	1.64064	-1.81865	-1.29312	-0.379942	0.568525	0.546068
3.991	-0.221132	1.64196	-1.81817	-1.28899	-0.379431	0.572705	0.547895
4.004	-0.224972	1.64323	-1.81768	-1.28464	-0.378766	0.576867	0.549511
4.017	-0.228786	1.64442	-1.8172	-1.28011	-0.377856	0.581348	0.551105
4.03	-0.23267	1.64553	-1.81669	-1.27552	-0.377044	0.585977	0.553128
4.043	-0.236505	1.6466	-1.81608	-1.2708	-0.376692	0.590512	0.554871
4.056	-0.240448	1.64758	-1.81547	-1.26594	-0.376386	0.59508	0.556755
4.069	-0.2444	1.64849	-1.81479	-1.26089	-0.375835	0.599996	0.558504
4.082	-0.248362	1.64933	-1.81409	-1.25576	-0.374997	0.605005	0.560191
4.095	-0.252351	1.65009	-1.81343	-1.25062	-0.374148	0.609694	0.561399
4.108	-0.256281	1.6509	-1.81275	-1.24533	-0.373649	0.614156	0.562292
4.121	-0.260314	1.65163	-1.81211	-1.24014	-0.373195	0.618813	0.564004
4.134	-0.26436	1.65233	-1.81149	-1.23501	-0.372665	0.623514	0.565667
4.147	-0.268328	1.65304	-1.81081	-1.22978	-0.372025	0.627894	0.566698
4.16	-0.272299	1.65361	-1.81017	-1.22449	-0.371346	0.63229	0.567934
4.173	-0.276275	1.65419	-1.80952	-1.21927	-0.370595	0.637261	0.569083
4.186	-0.280336	1.6547	-1.80883	-1.2142	-0.370059	0.642416	0.570319
4.199	-0.284374	1.65525	-1.80818	-1.20897	-0.369601	0.646956	0.572016
4.212	-0.288351	1.65588	-1.80759	-1.20376	-0.369256	0.651181	0.573865
4.225	-0.292381	1.65647	-1.80702	-1.1987	-0.368984	0.655662	0.575832
4.238	-0.296364	1.65706	-1.80639	-1.1936	-0.368628	0.660397	0.577552
4.251	-0.300426	1.65765	-1.80581	-1.18843	-0.368082	0.66487	0.57898
4.264	-0.30453	1.65826	-1.80526	-1.18322	-0.367534	0.669149	0.580548
4.277	-0.308568	1.65889	-1.80469	-1.178	-0.36721	0.673687	0.581904
4.29	-0.312605	1.65951	-1.80415	-1.17276	-0.366717	0.67857	0.583414
4.303	-0.316588	1.66014	-1.80369	-1.16739	-0.366071	0.683453	0.584878
4.316	-0.320682	1.66072	-1.80313	-1.16203	-0.365359	0.688118	0.585994
4.329	-0.324795	1.6612	-1.80248	-1.15665	-0.364547	0.692809	0.587347
4.342	-0.328822	1.66174	-1.80182	-1.15109	-0.36386	0.697671	0.5886
4.355	-0.332825	1.66222	-1.80117	-1.14547	-0.363402	0.702514	0.589771
4.368	-0.336856	1.66266	-1.80053	-1.13998	-0.362838	0.707443	0.591351
4.381	-0.340969	1.66302	-1.79984	-1.13437	-0.36223	0.712326	0.593059
4.394	-0.345088	1.66338	-1.79911	-1.12849	-0.361704	0.717347	0.594354
4.407	-0.349145	1.6637	-1.79833	-1.12259	-0.361252	0.722363	0.595656
4.42	-0.353253	1.66398	-1.79761	-1.1169	-0.360696	0.727284	0.596908
4.433	-0.357392	1.66425	-1.79686	-1.11111	-0.36022	0.732092	0.598199
4.446	-0.361589	1.66453	-1.79598	-1.10517	-0.35968	0.737083	0.599721
4.459	-0.365847	1.66481	-1.79511	-1.09931	-0.359086	0.742109	0.600814
4.472	-0.37011	1.66503	-1.79423	-1.09332	-0.358573	0.747028	0.601586
4.485	-0.374356	1.66525	-1.79335	-1.08711	-0.358025	0.751972	0.603031
4.498	-0.378723	1.66545	-1.7924	-1.08097	-0.357642	0.757377	0.604277
4.511	-0.383137	1.66564	-1.79142	-1.07472	-0.357188	0.762693	0.605099
4.524	-0.387466	1.66589	-1.79045	-1.06812	-0.35664	0.767808	0.60607
4.537	-0.39183	1.66609	-1.78953	-1.06144	-0.356016	0.773257	0.607661
4.55	-0.396199	1.66622	-1.7886	-1.05481	-0.355487	0.779114	0.60869
4.563	-0.400572	1.66637	-1.78765	-1.04795	-0.354975	0.784653	0.609287
4.576	-0.404984	1.66644	-1.78665	-1.04112	-0.354366	0.790244	0.610352
4.589	-0.409357	1.66655	-1.78565	-1.03429	-0.353681	0.796028	0.61186
4.602	-0.413635	1.66664	-1.78469	-1.02738	-0.353208	0.801694	0.613002
4.615	-0.418025	1.6667	-1.78378	-1.02082	-0.352768	0.807286	0.613913
4.628	-0.422428	1.6668	-1.78279	-1.01412	-0.352343	0.812814	0.61532
4.641	-0.426734	1.66693	-1.78184	-1.00733	-0.35192	0.818281	0.616706
4.654	-0.431083	1.66702	-1.78083	-1.00079	-0.351588	0.823642	0.617759
4.667	-0.435346	1.66704	-1.77983	-0.994317	-0.351118	0.828931	0.618987
4.68	-0.439606	1.66706	-1.77871	-0.987836	-0.35057	0.834403	0.619863
4.693	-0.443902	1.66707	-1.7777	-0.981452	-0.349868	0.839784	0.620688
4.706	-0.448193	1.66708	-1.77662	-0.974994	-0.349371	0.844799	0.621617
4.719	-0.452405	1.66708	-1.77562	-0.968449	-0.34906	0.8499	0.623007
4.732	-0.456708	1.66708	-1.77466	-0.962083	-0.348891	0.855339	0.623854
4.745	-0.460969	1.66709	-1.77375	-0.955683	-0.348623	0.860653	0.624661
4.758	-0.465158	1.6671	-1.77272	-0.949005	-0.34822	0.865646	0.625688
4.771	-0.469365	1.66709	-1.77174	-0.942324	-0.347692	0.870924	0.626992
4.784	-0.473485	1.66709	-1.77086	-0.935565	-0.347269	0.876564	0.627749
4.797	-0.477593	1.66709	-1.77	-0.928728	-0.346806	0.882006	0.628334
4.81	-0.481715	1.66708	-1.7691	-0.921892	-0.34625	0.887438	0.629186
4.823	-0.485726	1.66709	-1.76819	-0.91489	-0.345733	0.893022	0.630536
4.836	-0.489689	1.66708	-1.76718	-0.907769	-0.34544	0.898521	0.631425
4.849	-0.493589	1.66707	-1.76632	-0.900895	-0.34515	0.904002	0.631937
4.862	-0.497437	1.66707	-1.76543	-0.89394	-0.344792	0.909494	0.632632
4.875	-0.501217	1.66707	-1.76451	-0.886996	-0.34426	0.915091	0.633788
4.888	-0.50494	1.66707	-1.76346	-0.880225	-0.343708	0.920574	0.634812
4.901	-0.508545	1.66706	-1.7625	-0.873471	-0.343229	0.925779	0.635291
4.914	-0.512013	1.66706	-1.76145	-0.866898	-0.342775	0.931232	0.635728
4.927	-0.515494	1.66704	-1.76046	-0.860738	-0.342352	0.936822	0.636225
4.94	-0.518919	1.66704	-1.75951	-0.854549	-0.342084	0.941763	0.637077
4.953	-0.522304	1.66704	-1.75851	-0.848484	-0.341842	0.946466	0.638305
4.966	-0.525599	1.66704	-1.75753	-0.842621	-0.341644	0.951349	0.638823
4.979	-0.528757	1.66704	-1.75663	-0.836945	-0.341319	0.956045	0.639075
4.992	-0.531822	1.66704	-1.75575	-0.83137	-0.340818	0.96027	0.639849
5.005	-0.534942	1.66703	-1.75482	-0.826101	-0.340364	0.964355	0.640491
5.018	-0.538082	1.66703	-1.75399	-0.820962	-0.340163	0.968545	0.641081
5.031	-0.541126	1.66703	-1.75308	-0.815796	-0.340036	0.972528	0.642076
5.044	-0.544058	1.66701	-1.75231	-0.810767	-0.339885	0.976155	0.642637
5.057	-0.546975	1.66698	-1.75159	-0.806015	-0.339693	0.979434	0.643036
5.07	-0.549873	1.66695	-1.75098	-0.801396	-0.339525	0.982618	0.643892
5.083	-0.552765	1.66693	-1.75036	-0.796765	-0.339419	0.985714	0.644652
5.096	-0.555613	1.66683	-1.74977	-0.792197	-0.339276	0.988966	0.645294
5.109	-0.558497	1.66672	-1.74917	-0.787847	-0.339089	0.992088	0.646053
5.122	-0.561353	1.66654	-1.74862	-0.783658	-0.338969	0.994769	0.646539
5.135	-0.564125	1.66636	-1.74807	-0.779473	-0.338901	0.996861	0.646992
5.148	-0.566857	1.6661	-1.7475	-0.775306	-0.338836	0.998746	0.647723
5.161	-0.569605	1.66582	-1.74704	-0.771172	-0.338756	1.00077	0.648282
5.174	-0.572419	1.66543	-1.74663	-0.767135	-0.338721	1.00318	0.648722
5.187	-0.575198	1.66499	-1.74617	-0.763112	-0.338686	1.0058	0.649216
5.2	-0.577972	1.66456	-1.74575	-0.759079	-0.338648	1.00819	0.649714
5.213	-0.580701	1.6641	-1.74543	-0.755046	-0.338644	1.01011	0.650028
5.226	-0.583347	1.66371	-1.74516	-0.75106	-0.338646	1.01173	0.650357
5.239	-0.585951	1.66325	-1.74489	-0.747222	-0.338648	1.01309	0.650866
5.252	-0.588579	1.6628	-1.74455	-0.74341	-0.338648	1.01467	0.651374
5.265	-0.59115	1.66233	-1.74418	-0.739621	-0.33865	1.01616	0.651681
5.278	-0.593648	1.66185	-1.74372	-0.735815	-0.33865	1.01781	0.651836
5.291	-0.596179	1.66145	-1.74326	-0.732044	-0.33865	1.01983	0.652034
5.304	-0.598655	1.66112	-1.74289	-0.728328	-0.33865	1.02194	0.652514
5.317	-0.601076	1.66087	-1.74251	-0.724557	-0.338654	1.02423	0.6533
5.33	-0.60349	1.66066	-1.74209	-0.720732	-0.338654	1.02638	0.653864
5.343	-0.605833	1.66058	-1.74164	-0.716828	-0.338656	1.0284	0.65396
5.356	-0.608176	1.66055	-1.74122	-0.712924	-0.338656	1.03042	0.654207
5.369	-0.610531	1.66055	-1.74071	-0.709109	-0.338656	1.0323	0.654858
5.382	-0.61283	1.66055	-1.74016	-0.705311	-0.338656	1.03425	0.655608
5.395	-0.615156	1.66055	-1.73952	-0.701556	-0.338656	1.03602	0.655841
5.408	-0.617374	1.66055	-1.73897	-0.697763	-0.338656	1.03786	0.656029
5.421	-0.61963	1.66057	-1.73843	-0.694002	-0.338656	1.03991	0.656499
5.434	-0.621844	1.66056	-1.73787	-0.690335	-0.338656	1.04229	0.65713
5.447	-0.624087	1.66056	-1.73736	-0.68678	-0.338656	1.04481	0.657534
5.46	-0.626314	1.66056	-1.73696	-0.683289	-0.338656	1.04713	0.657593
5.473	-0.628458	1.66055	-1.73665	-0.679852	-0.338656	1.04886	0.657766
5.486	-0.630677	1.66052	-1.73644	-0.676597	-0.338656	1.0503	0.658139
5.499	-0.632747	1.66051	-1.73631	-0.673476	-0.338656	1.05138	0.658599
5.512	-0.6349	1.6605	-1.73612	-0.670675	-0.338656	1.05228	0.659037
5.525	-0.636947	1.66049	-1.73588	-0.668025	-0.338656	1.0534	0.659455
5.538	-0.638982	1.66049	-1.73563	-0.665557	-0.338656	1.05448	0.659698
5.551	-0.640882	1.66049	-1.7355	-0.663155	-0.338656	1.05528	0.660015
5.564	-0.642767	1.66049	-1.73542	-0.660908	-0.338658	1.05589	0.660515
5.577	-0.644545	1.66049	-1.73538	-0.658625	-0.33866	1.05674	0.661181
5.59	-0.646294	1.66049	-1.73533	-0.656351	-0.33866	1.05796	0.661589
5.603	-0.647944	1.66045	-1.73527	-0.654097	-0.33866	1.05918	0.661601
5.616	-0.649546	1.66041	-1.7352	-0.651979	-0.33866	1.06022	0.661628
5.629	-0.651089	1.66033	-1.73512	-0.649774	-0.33866	1.06157	0.661716
5.642	-0.652577	1.66029	-1.73498	-0.647528	-0.338662	1.06288	0.661803
5.655	-0.654093	1.66019	-1.7348	-0.64538	-0.338662	1.06387	0.661873
5.668	-0.655513	1.66011	-1.73456	-0.643077	-0.33866	1.06495	0.661901
5.681	-0.656928	1.66002	-1.73425	-0.640785	-0.33866	1.06625	0.661901
5.694	-0.658309	1.65992	-1.73395	-0.638496	-0.33866	1.06738	0.661899
5.707	-0.659674	1.65985	-1.73363	-0.636266	-0.33866	1.06831	0.661897
5.72	-0.661089	1.65976	-1.73332	-0.634199	-0.33866	1.06948	0.661897
5.733	-0.6624	1.65971	-1.73306	-0.632155	-0.33866	1.07043	0.661897
5.746	-0.663788	1.65962	-1.73282	-0.630333	-0.33866	1.071	0.661897
5.759	-0.665166	1.65953	-1.73258	-0.628597	-0.33866	1.07138	0.661897
5.772	-0.666469	1.6594	-1.73238	-0.626887	-0.33866	1.07177	0.661897
5.785	-0.667779	1.65923	-1.73218	-0.625323	-0.33866	1.07225	0.661897
5.798	-0.669135	1.65903	-1.732	-0.623823	-0.33866	1.07295	0.661897
5.811	-0.670392	1.65888	-1.73189	-0.622397	-0.338662	1.07336	0.661895
5.824	-0.671669	1.6587	-1.73187	-0.621097	-0.338664	1.07341	0.661897
5.837	-0.672921	1.65852	-1.73187	-0.619783	-0.338666	1.07344	0.661895
5.85	-0.674017	1.65834	-1.73187	-0.618469	-0.338668	1.07355	0.661895
5.863	-0.675074	1.65816	-1.73186	-0.617193	-0.338668	1.07387	0.661894
5.876	-0.676039	1.65798	-1.73186	-0.615919	-0.33867	1.07441	0.661894
5.889	-0.676914	1.65781	-1.73186	-0.614686	-0.338672	1.07495	0.661892
5.902	-0.677672	1.65759	-1.73185	-0.613483	-0.338672	1.07556	0.66189
5.915	-0.678388	1.65738	-1.73177	-0.612287	-0.33867	1.07641	0.66189
5.928	-0.679029	1.65717	-1.73164	-0.611117	-0.33867	1.07722	0.661889
5.941	-0.679624	1.65698	-1.73154	-0.610174	-0.33867	1.0777	0.661889
5.954	-0.680185	1.65682	-1.73145	-0.609342	-0.33867	1.07815	0.661889
5.967	-0.680737	1.65666	-1.73137	-0.608604	-0.338672	1.07849	0.661889
5.98	-0.681229	1.65652	-1.73136	-0.608104	-0.338672	1.0786	0.661889
5.993	-0.681647	1.65638	-1.73136	-0.607736	-0.338672	1.07862	0.661889
6.006	-0.682056	1.65623	-1.73136	-0.607419	-0.338672	1.07861	0.661887
6.019	-0.682454	1.65611	-1.73136	-0.607065	-0.338674	1.07861	0.661889
6.032	-0.682818	1.65598	-1.73136	-0.60673	-0.338676	1.07862	0.661887
6.045	-0.683102	1.65582	-1.73136	-0.606487	-0.338676	1.07861	0.661887
6.058	-0.683352	1.65567	-1.73132	-0.60629	-0.338676	1.07861	0.661887
6.071	-0.683579	1.65554	-1.73124	-0.606037	-0.338676	1.07861	0.661887
6.084	-0.683799	1.65545	-1.7312	-0.605809	-0.338676	1.07862	0.661887
6.097	-0.683984	1.65534	-1.73115	-0.605595	-0.338676	1.07862	0.661887
6.11	-0.684153	1.65525	-1.73111	-0.605437	-0.338676	1.07862	0.661887
6.123	-0.684283	1.65515	-1.73108	-0.605332	-0.338676	1.07861	0.661887
6.136	-0.684396	1.65509	-1.73105	-0.605247	-0.338678	1.07862	0.661887
6.149	-0.684479	1.65504	-1.73101	-0.605176	-0.338678	1.07862	0.661887
6.162	-0.684521	1.65498	-1.73097	-0.605158	-0.338678	1.07862	0.661887
6.175	-0.684541	1.65492	-1.73092	-0.60514	-0.338678	1.07862	0.661887
6.188	-0.684541	1.65488	-1.73088	-0.605109	-0.338678	1.07862	0.661887
6.201	-0.684541	1.65485	-1.73083	-0.60508	-0.338678	1.07862	0.661887
6.214	-0.684541	1.65483	-1.73078	-0.605057	-0.338678	1.07862	0.661887
6.227	-0.684541	1.65481	-1.73075	-0.605051	-0.338678	1.07862	0.661887
6.24	-0.684541	1.6548	-1.73074	-0.605051	-0.338678	1.07865	0.661887
6.253	-0.684543	1.6548	-1.73073	-0.605048	-0.33868	1.07871	0.661887
6.266	-0.684544	1.6548	-1.73072	-0.605043	-0.33868	1.07872	0.661887
6.279	-0.684545	1.65479	-1.73071	-0.605038	-0.33868	1.07872	0.661887
6.292	-0.684545	1.65478	-1.73069	-0.605034	-0.33868	1.07872	0.661887
6.305	-0.684545	1.65476	-1.73067	-0.605025	-0.33868	1.07872	0.661887
6.318	-0.684545	1.65473	-1.73065	-0.60501	-0.33868	1.07872	0.661887
6.331	-0.684549	1.65471	-1.73061	-0.604997	-0.33868	1.07872	0.661887
6.344	-0.684552	1.65468	-1.73058	-0.60499	-0.33868	1.07872	0.661887
6.357	-0.684553	1.65466	-1.73054	-0.604985	-0.33868	1.07872	0.661887
6.37	-0.684553	1.65464	-1.73052	-0.604984	-0.33868	1.07873	0.661887
6.383	-0.684554	1.65463	-1.73051	-0.604983	-0.33868	1.07873	0.661887
6.396	-0.684559	1.65462	-1.73049	-0.604981	-0.33868	1.07873	0.661887
6.409	-0.68456	1.65462	-1.73048	-0.604966	-0.33868	1.07873	0.661887
6.422	-0.684559	1.65462	-1.73047	-0.604939	-0.338682	1.07873	0.661887
6.435	-0.684559	1.65461	-1.73046	-0.604933	-0.33868	1.07873	0.661887
6.448	-0.684559	1.6546	-1.73045	-0.60493	-0.338682	1.07873	0.661885
6.461	-0.684559	1.6546	-1.73044	-0.604928	-0.338682	1.07873	0.661885
6.474	-0.684559	1.65459	-1.73044	-0.60492	-0.338682	1.07873	0.661885
6.487	-0.684559	1.65459	-1.73044	-0.604907	-0.338682	1.07873	0.661885
6.5	-0.684559	1.65459	-1.73044	-0.604891	-0.338682	1.07873	0.661885
6.513	-0.684559	1.65459	-1.73044	-0.604879	-0.338682	1.07873	0.661885
6.526	-0.684559	1.65459	-1.73043	-0.60487	-0.338682	1.07873	0.661885
6.539	-0.684559	1.65459	-1.73042	-0.604863	-0.338684	1.07876	0.661885
6.552	-0.684559	1.65459	-1.73041	-0.604834	-0.338684	1.0788	0.661885
6.565	-0.684559	1.65459	-1.7304	-0.604793	-0.338684	1.07883	0.661885
6.578	-0.684559	1.65459	-1.7304	-0.604776	-0.338686	1.07886	0.661885
6.591	-0.684559	1.65459	-1.7304	-0.604731	-0.338686	1.07891	0.661885
6.604	-0.684559	1.65459	-1.7304	-0.604675	-0.338686	1.07898	0.661885
6.617	-0.684559	1.65459	-1.73038	-0.604625	-0.338689	1.07906	0.661885
6.63	-0.684559	1.65459	-1.73036	-0.604575	-0.338689	1.07913	0.661885
6.643	-0.684559	1.65459	-1.73036	-0.604542	-0.338691	1.07917	0.661885
6.656	-0.684559	1.65459	-1.73035	-0.604525	-0.338691	1.07919	0.661885
6.669	-0.684559	1.65459	-1.73034	-0.60452	-0.338695	1.07919	0.661885
6.682	-0.684559	1.65459	-1.73033	-0.604516	-0.338695	1.07919	0.661884
6.695	-0.684559	1.65459	-1.73032	-0.604515	-0.338697	1.0792	0.661885
6.708	-0.684559	1.65459	-1.73032	-0.604511	-0.338701	1.0792	0.661884
6.721	-0.684559	1.65459	-1.73032	-0.604505	-0.338709	1.0792	0.661884
6.734	-0.684559	1.65459	-1.73032	-0.604498	-0.33873	1.0792	0.661884
6.747	-0.684559	1.65459	-1.73032	-0.604496	-0.338762	1.07921	0.661884
6.76	-0.684559	1.65459	-1.73032	-0.604494	-0.338768	1.07922	0.661884
6.773	-0.684559	1.65459	-1.73031	-0.604491	-0.33877	1.07923	0.661884
6.786	-0.684559	1.65459	-1.73029	-0.604482	-0.338774	1.07926	0.661884
6.799	-0.684559	1.65459	-1.73029	-0.604463	-0.338779	1.07928	0.661884
6.812	-0.684559	1.65459	-1.73029	-0.604447	-0.338787	1.07931	0.661884
6.825	-0.684559	1.65459	-1.73029	-0.604428	-0.338801	1.07938	0.661884
6.838	-0.684559	1.6546	-1.73029	-0.604408	-0.338803	1.07941	0.661884
6.851	-0.684559	1.65459	-1.73027	-0.604401	-0.338805	1.07941	0.661884
6.864	-0.684559	1.65459	-1.73026	-0.604396	-0.338805	1.07943	0.661884
6.877	-0.684559	1.65459	-1.73026	-0.604365	-0.338805	1.07949	0.661884
6.89	-0.684559	1.65459	-1.73026	-0.60431	-0.338805	1.07954	0.661884
6.903	-0.684559	1.65459	-1.73026	-0.604292	-0.338807	1.07959	0.661884
6.916	-0.684559	1.6546	-1.73026	-0.604272	-0.338809	1.07963	0.661884
