0	0.0970894	1.58636	-1.80848	-1.26204	-0.360465	0.343237	0.383342
0.013	0.0970715	1.58636	-1.80848	-1.26204	-0.360502	0.343235	0.383342
0.026	0.0970421	1.58636	-1.80848	-1.26204	-0.360577	0.343235	0.383342
0.039	0.0969936	1.58636	-1.80848	-1.26204	-0.360659	0.343235	0.383342
0.052	0.096936	1.58636	-1.80848	-1.26204	-0.360712	0.343235	0.383342
0.065	0.0968555	1.58636	-1.80848	-1.26204	-0.360745	0.343235	0.383342
0.078	0.0967737	1.58636	-1.80848	-1.26204	-0.360768	0.343235	0.383342
0.091	0.096674	1.58636	-1.80848	-1.26204	-0.360782	0.343235	0.383342
0.104	0.0965704	1.58636	-1.80848	-1.26204	-0.360786	0.343235	0.383342
0.117	0.0964605	1.58636	-1.80848	-1.26204	-0.360788	0.343235	0.383342
0.13	0.0963493	1.58636	-1.80848	-1.26204	-0.360792	0.343235	0.383342
0.143	0.0962355	1.58636	-1.80848	-1.26204	-0.360794	0.343235	0.383342
0.156	0.0961205	1.58636	-1.80848	-1.26204	-0.360798	0.343235	0.383342
0.169	0.0960093	1.58636	-1.80848	-1.26204	-0.3608	0.343235	0.383342
0.182	0.0959006	1.58636	-1.80848	-1.26204	-0.360802	0.343235	0.383342
0.195	0.0957932	1.58636	-1.80848	-1.26204	-0.360804	0.343235	0.383342
0.208	0.0956871	1.58636	-1.80848	-1.26204	-0.360807	0.343235	0.383342
0.221	0.0955785	1.58636	-1.80848	-1.26204	-0.360807	0.343235	0.383342
0.234	0.0954724	1.58636	-1.80848	-1.26204	-0.360809	0.343235	0.383342
0.247	0.0953676	1.58636	-1.80848	-1.26204	-0.360809	0.343235	0.383342
0.26	0.0952729	1.58636	-1.80848	-1.26204	-0.360811	0.343235	0.383342
0.273	0.0951681	1.58636	-1.80848	-1.26204	-0.360811	0.343235	0.383342
0.286	0.0950774	1.58636	-1.80848	-1.26204	-0.360815	0.343235	0.383342
0.299	0.0949828	1.58636	-1.80848	-1.26204	-0.360815	0.343235	0.383342
0.312	0.094892	1.58636	-1.80848	-1.26204	-0.360815	0.343235	0.383342
0.325	0.0948076	1.58636	-1.80848	-1.26204	-0.360817	0.343235	0.383342
0.338	0.0947194	1.58636	-1.80848	-1.26204	-0.360819	0.343235	0.383342
0.351	0.0946376	1.58636	-1.80848	-1.26204	-0.360819	0.343235	0.383342
0.364	0.0945597	1.58636	-1.80848	-1.26204	-0.360821	0.343235	0.383342
0.377	0.0944932	1.58636	-1.80848	-1.26204	-0.360823	0.343235	0.383342
0.39	0.0944216	1.58636	-1.80848	-1.26204	-0.360823	0.343235	0.383342
0.403	0.0943628	1.58636	-1.80848	-1.26204	-0.360825	0.343235	0.383342
0.416	0.0943053	1.58636	-1.80848	-1.26204	-0.360825	0.343235	0.383342
0.429	0.0942477	1.58636	-1.80848	-1.26204	-0.360825	0.343235	0.383342
0.442	0.0942043	1.58636	-1.80848	-1.26204	-0.360827	0.343235	0.383342
0.455	0.0941595	1.58636	-1.80848	-1.26204	-0.360827	0.343235	0.383342
0.468	0.0941173	1.58636	-1.80848	-1.26204	-0.360829	0.343235	0.383342
0.481	0.0940777	1.58636	-1.80848	-1.26204	-0.360829	0.343235	0.383342
0.494	0.0940432	1.58636	-1.80848	-1.26204	-0.360831	0.343235	0.383342
0.507	0.0940125	1.58636	-1.80848	-1.26204	-0.360833	0.343235	0.383342
0.52	0.0939844	1.58636	-1.80848	-1.26204	-0.360835	0.343235	0.383342
0.533	0.0939601	1.58636	-1.80848	-1.26204	-0.360837	0.343235	0.383342
0.546	0.0939371	1.58636	-1.80848	-1.26204	-0.360837	0.343235	0.383342
0.559	0.0939141	1.58636	-1.80848	-1.26204	-0.360839	0.343235	0.383342
0.572	0.0938949	1.58636	-1.80848	-1.26204	-0.360841	0.343235	0.383342
0.585	0.0938796	1.58636	-1.80848	-1.26204	-0.360845	0.343235	0.383342
0.598	0.0938655	1.58636	-1.80848	-1.26204	-0.360845	0.343235	0.383342
0.611	0.0938514	1.58636	-1.80848	-1.26204	-0.360847	0.343235	0.383342
0.624	0.0938374	1.58636	-1.80848	-1.26204	-0.360851	0.343235	0.383342
0.637	0.0938208	1.58636	-1.80848	-1.26204	-0.360856	0.343235	0.383342
0.65	0.0938003	1.58636	-1.80848	-1.26204	-0.36086	0.343235	0.383342
0.663	0.0937799	1.58635	-1.80848	-1.26204	-0.360864	0.343235	0.383342
0.676	0.0937607	1.58635	-1.80848	-1.26204	-0.360866	0.343235	0.383342
0.689	0.0937441	1.58635	-1.80848	-1.26204	-0.360866	0.343235	0.383342
0.702	0.0937338	1.58635	-1.80848	-1.26204	-0.360868	0.343235	0.383342
0.715	0.0937211	1.58635	-1.80848	-1.26204	-0.36087	0.343235	0.383342
0.728	0.0936955	1.58635	-1.80848	-1.26204	-0.360872	0.343235	0.383342
0.741	0.093675	1.58636	-1.80847	-1.26204	-0.360874	0.343235	0.383342
0.754	0.0936482	1.58636	-1.80847	-1.26204	-0.360876	0.343235	0.383342
0.767	0.0936137	1.58635	-1.80847	-1.26204	-0.36088	0.343235	0.383342
0.78	0.093583	1.58635	-1.80847	-1.26204	-0.360882	0.343235	0.383342
0.793	0.0935549	1.58636	-1.80847	-1.26204	-0.360882	0.343235	0.383342
0.806	0.0935344	1.58635	-1.80847	-1.26204	-0.360884	0.343235	0.383342
0.819	0.0935191	1.58635	-1.80847	-1.26204	-0.360884	0.343235	0.383342
0.832	0.0934859	1.58635	-1.80847	-1.26204	-0.360886	0.343235	0.383342
0.845	0.0934654	1.58635	-1.80847	-1.26204	-0.360886	0.343235	0.383342
0.858	0.0934488	1.58635	-1.80847	-1.26204	-0.360886	0.343235	0.383342
0.871	0.0934232	1.58635	-1.80847	-1.26204	-0.360886	0.343235	0.383342
0.884	0.0934002	1.58635	-1.80847	-1.26204	-0.360886	0.343235	0.383342
0.897	0.0933798	1.58635	-1.80847	-1.26204	-0.360886	0.343235	0.383342
0.91	0.0933567	1.58635	-1.80847	-1.26204	-0.360886	0.343235	0.383342
0.923	0.0933337	1.58635	-1.80847	-1.26204	-0.360886	0.343235	0.383342
0.936	0.093303	1.58635	-1.80847	-1.26204	-0.360886	0.343235	0.383342
0.949	0.0932775	1.58635	-1.80847	-1.26204	-0.360884	0.343235	0.383342
0.962	0.093266	1.58635	-1.80847	-1.26204	-0.360886	0.343235	0.383342
0.975	0.0932609	1.58635	-1.80847	-1.26204	-0.360886	0.343235	0.383342
0.988	0.0932647	1.58635	-1.80847	-1.26204	-0.360886	0.343235	0.383342
1.001	0.0932685	1.58635	-1.80847	-1.26204	-0.360886	0.343235	0.383342
1.014	0.0932685	1.58635	-1.80847	-1.26204	-0.360886	0.343235	0.383342
1.027	0.0932685	1.58635	-1.80847	-1.26204	-0.360886	0.343235	0.383342
1.04	0.0932698	1.58635	-1.80847	-1.26204	-0.360886	0.343235	0.383342
1.053	0.0932698	1.58635	-1.80847	-1.26204	-0.360886	0.343235	0.383342
1.066	0.0932711	1.58635	-1.80848	-1.26204	-0.360886	0.343235	0.383342
1.079	0.0932711	1.58635	-1.80848	-1.26204	-0.360886	0.343235	0.383342
1.092	0.0932698	1.58635	-1.80848	-1.26204	-0.360886	0.343235	0.383342
1.105	0.0932698	1.58635	-1.80848	-1.26204	-0.360886	0.343235	0.383342
1.118	0.0932673	1.58635	-1.80848	-1.26204	-0.360886	0.343235	0.383342
1.131	0.0932685	1.58635	-1.80848	-1.26204	-0.360886	0.343235	0.383342
1.144	0.0932698	1.58635	-1.80848	-1.26204	-0.360886	0.343235	0.383342
1.157	0.0932698	1.58635	-1.80848	-1.26204	-0.360888	0.343235	0.383342
1.17	0.0932698	1.58635	-1.80847	-1.26204	-0.360896	0.343235	0.383342
1.183	0.0932698	1.58635	-1.80847	-1.26204	-0.360907	0.343235	0.383342
1.196	0.093266	1.58635	-1.80847	-1.26204	-0.360911	0.343235	0.383342
1.209	0.0932442	1.58635	-1.80847	-1.26204	-0.360915	0.343235	0.383342
1.222	0.0932315	1.58635	-1.80847	-1.26204	-0.360921	0.343235	0.383342
1.235	0.0932391	1.58635	-1.80847	-1.26204	-0.360927	0.343235	0.383342
1.248	0.093243	1.58635	-1.80848	-1.26204	-0.360927	0.343235	0.383342
1.261	0.0932455	1.58635	-1.80848	-1.26204	-0.360929	0.343235	0.383342
1.274	0.0932455	1.58635	-1.80848	-1.26204	-0.360929	0.343235	0.383342
1.287	0.093243	1.58635	-1.80847	-1.26204	-0.360929	0.343235	0.383342
1.3	0.0932366	1.58635	-1.80847	-1.26204	-0.360929	0.343235	0.383342
1.313	0.0932289	1.58635	-1.80847	-1.26204	-0.360929	0.343235	0.383342
1.326	0.0932238	1.58635	-1.80847	-1.26204	-0.360929	0.343235	0.383342
1.339	0.0932225	1.58635	-1.80847	-1.26204	-0.360927	0.343235	0.383342
1.352	0.0932276	1.58635	-1.80847	-1.26204	-0.360927	0.343235	0.383342
1.365	0.0932289	1.58635	-1.80847	-1.26204	-0.360927	0.343235	0.383342
1.378	0.0932302	1.58635	-1.80847	-1.26204	-0.360927	0.343235	0.383342
1.391	0.0932302	1.58635	-1.80847	-1.26204	-0.360927	0.343235	0.383342
1.404	0.0932289	1.58635	-1.80847	-1.26204	-0.360927	0.343235	0.383342
1.417	0.0932289	1.58635	-1.80847	-1.26204	-0.360929	0.343235	0.383342
1.43	0.0932289	1.58635	-1.80847	-1.26204	-0.360929	0.343235	0.383342
1.443	0.0932251	1.58635	-1.80848	-1.26204	-0.360931	0.343235	0.383342
1.456	0.0931765	1.58635	-1.80848	-1.26204	-0.360933	0.343235	0.383342
1.469	0.093096	1.58635	-1.80848	-1.26204	-0.360935	0.343235	0.383342
1.482	0.0929873	1.58635	-1.80848	-1.26204	-0.360946	0.343235	0.383342
1.495	0.0928531	1.58635	-1.80848	-1.26204	-0.360968	0.343235	0.383342
1.508	0.092692	1.58634	-1.80848	-1.26204	-0.361052	0.343235	0.383342
1.521	0.0924849	1.58634	-1.80848	-1.26204	-0.361171	0.343235	0.383342
1.534	0.0922676	1.58634	-1.80848	-1.26204	-0.361277	0.343235	0.383342
1.547	0.0920477	1.58634	-1.80847	-1.26203	-0.361332	0.343235	0.383342
1.56	0.0918304	1.58634	-1.80847	-1.26203	-0.361342	0.343235	0.383342
1.573	0.0915863	1.58634	-1.80847	-1.26202	-0.361351	0.343235	0.383342
1.586	0.0912897	1.58634	-1.80847	-1.26201	-0.361357	0.343235	0.383342
1.599	0.0909625	1.58634	-1.80847	-1.26194	-0.361373	0.343235	0.383342
1.612	0.0906096	1.58634	-1.80847	-1.26186	-0.361432	0.343235	0.383342
1.625	0.0902645	1.58634	-1.80847	-1.26177	-0.361537	0.343235	0.383342
1.638	0.089913	1.58634	-1.80847	-1.26168	-0.361668	0.343235	0.383342
1.651	0.0895359	1.58634	-1.80847	-1.2616	-0.361833	0.343235	0.383342
1.664	0.0891549	1.58634	-1.80847	-1.26153	-0.362103	0.343235	0.383342
1.677	0.0887842	1.58634	-1.80847	-1.26151	-0.362492	0.343235	0.383342
1.69	0.0884045	1.58634	-1.80847	-1.26151	-0.362981	0.343235	0.383342
1.703	0.087984	1.58634	-1.80847	-1.26151	-0.363519	0.343235	0.383342
1.716	0.0875532	1.58634	-1.80847	-1.2615	-0.364095	0.343235	0.383342
1.729	0.0870955	1.58634	-1.80847	-1.2615	-0.364609	0.343237	0.383342
1.742	0.0866111	1.58634	-1.80847	-1.2615	-0.365177	0.343237	0.383342
1.755	0.0860908	1.58634	-1.80848	-1.2615	-0.365838	0.343237	0.383342
1.768	0.0855091	1.58634	-1.80848	-1.26149	-0.366656	0.343237	0.383342
1.781	0.0848828	1.58634	-1.80848	-1.26145	-0.367468	0.343237	0.383342
1.794	0.0842462	1.58634	-1.80848	-1.26144	-0.36811	0.343238	0.383342
1.807	0.0835827	1.58634	-1.80848	-1.26144	-0.368822	0.343238	0.383342
1.82	0.0829065	1.58634	-1.80848	-1.26143	-0.369675	0.343238	0.383342
1.833	0.082197	1.58633	-1.80848	-1.26143	-0.370581	0.343238	0.383342
1.846	0.0813968	1.58633	-1.80848	-1.26143	-0.371346	0.343238	0.383342
1.859	0.0806234	1.58633	-1.80848	-1.26139	-0.372176	0.34324	0.383342
1.872	0.0797848	1.58632	-1.80848	-1.26139	-0.373011	0.34324	0.383342
1.885	0.0789015	1.58632	-1.80849	-1.26139	-0.373682	0.34324	0.383342
1.898	0.0780655	1.5863	-1.80849	-1.26139	-0.374087	0.343242	0.383342
1.911	0.077048	1.58628	-1.80849	-1.26139	-0.374295	0.343242	0.383342
1.924	0.0761276	1.58628	-1.80849	-1.2614	-0.374459	0.343243	0.383342
1.937	0.0750845	1.58626	-1.80849	-1.2614	-0.374524	0.343247	0.383342
1.95	0.0740912	1.58625	-1.80849	-1.2614	-0.374561	0.343247	0.383342
1.963	0.0730404	1.58623	-1.80849	-1.2614	-0.374569	0.343252	0.383342
1.976	0.0719539	1.58621	-1.80849	-1.2614	-0.374582	0.343254	0.383342
1.989	0.070806	1.58619	-1.80849	-1.2614	-0.374596	0.343255	0.383342
2.002	0.0696069	1.58618	-1.80849	-1.2614	-0.374608	0.343255	0.383342
2.015	0.0683733	1.58617	-1.80849	-1.2614	-0.37461	0.343257	0.383342
2.028	0.0670975	1.58616	-1.80849	-1.2614	-0.374612	0.343261	0.383342
2.041	0.0657975	1.58614	-1.80849	-1.2614	-0.374612	0.343271	0.383342
2.054	0.0644412	1.58612	-1.8085	-1.2614	-0.374614	0.343274	0.383342
2.067	0.062989	1.58608	-1.8085	-1.2614	-0.374618	0.343279	0.383342
2.08	0.0614909	1.58602	-1.8085	-1.2614	-0.374623	0.343283	0.383342
2.093	0.0599658	1.58592	-1.8085	-1.2614	-0.374625	0.343284	0.383342
2.106	0.0583782	1.58575	-1.8085	-1.2614	-0.374627	0.343295	0.383342
2.119	0.0566882	1.58554	-1.8085	-1.2614	-0.374627	0.343344	0.383342
2.132	0.0550686	1.58531	-1.8085	-1.2614	-0.374629	0.343359	0.383342
2.145	0.0533518	1.585	-1.8085	-1.2614	-0.374635	0.343429	0.383342
2.158	0.0516107	1.5847	-1.8085	-1.2614	-0.374639	0.343482	0.383342
2.171	0.0498646	1.58435	-1.8085	-1.2614	-0.374641	0.343579	0.383342
2.184	0.0480966	1.58397	-1.8085	-1.2614	-0.374647	0.343746	0.383342
2.197	0.046385	1.58357	-1.8085	-1.2614	-0.374653	0.344056	0.383342
2.21	0.0445787	1.58313	-1.8085	-1.2614	-0.374659	0.344479	0.383342
2.223	0.042821	1.58266	-1.80851	-1.2614	-0.37469	0.345094	0.383342
2.236	0.0409994	1.58216	-1.8085	-1.2614	-0.374739	0.34608	0.383342
2.249	0.0392047	1.58174	-1.80851	-1.2614	-0.374749	0.347172	0.383342
2.262	0.0372923	1.58124	-1.80851	-1.2614	-0.374747	0.348372	0.383342
2.275	0.0354285	1.58074	-1.80851	-1.2614	-0.374747	0.349434	0.383342
2.288	0.0335571	1.58014	-1.80852	-1.2614	-0.374749	0.350818	0.383342
2.301	0.0316665	1.57955	-1.80852	-1.2614	-0.374756	0.352188	0.383342
2.314	0.0297375	1.57891	-1.80852	-1.2614	-0.374762	0.353398	0.383342
2.327	0.0278341	1.57829	-1.80852	-1.26139	-0.374764	0.354719	0.383342
2.34	0.0259268	1.57768	-1.80852	-1.26139	-0.374766	0.355923	0.383342
2.353	0.023971	1.57705	-1.80854	-1.26139	-0.374774	0.357022	0.383342
2.366	0.0220522	1.57636	-1.80855	-1.26139	-0.374798	0.358362	0.383342
2.379	0.0201284	1.57569	-1.80855	-1.26139	-0.374852	0.35994	0.383342
2.392	0.0181303	1.57502	-1.80855	-1.26139	-0.374915	0.361811	0.383342
2.405	0.0160646	1.57432	-1.80855	-1.26138	-0.374962	0.364085	0.383342
2.418	0.014041	1.57359	-1.80855	-1.26137	-0.375011	0.366666	0.383342
2.431	0.0119842	1.57289	-1.80856	-1.26137	-0.37507	0.369418	0.383342
2.444	0.00990181	1.57215	-1.8086	-1.26137	-0.375193	0.372306	0.383342
2.457	0.00786547	1.57142	-1.8086	-1.26136	-0.375347	0.375179	0.383342
2.47	0.00576262	1.57075	-1.80859	-1.26137	-0.375494	0.378169	0.383342
2.483	0.00365468	1.57008	-1.80862	-1.26135	-0.375629	0.38153	0.383342
2.496	0.00158893	1.56941	-1.80862	-1.26134	-0.375705	0.385298	0.383342
2.509	-0.000432074	1.56883	-1.80862	-1.26129	-0.375729	0.389321	0.383342
2.522	-0.00253746	1.56826	-1.80863	-1.26128	-0.375735	0.39333	0.383342
2.535	-0.00455721	1.56763	-1.80863	-1.26123	-0.375737	0.397282	0.383342
2.548	-0.00662935	1.567	-1.80863	-1.26121	-0.375737	0.40131	0.383342
2.561	-0.00859669	1.56641	-1.80863	-1.26114	-0.375735	0.405407	0.383342
2.574	-0.0105819	1.56582	-1.80863	-1.26105	-0.375733	0.409249	0.383342
2.587	-0.0124649	1.56524	-1.80863	-1.26091	-0.375733	0.412348	0.383342
2.6	-0.0143478	1.56465	-1.80863	-1.26081	-0.375733	0.41477	0.383342
2.613	-0.0161618	1.56408	-1.80868	-1.26072	-0.375733	0.416494	0.383342
2.626	-0.0180256	1.56344	-1.80871	-1.26061	-0.375735	0.418229	0.383342
2.639	-0.0198676	1.5628	-1.80872	-1.26049	-0.375747	0.419854	0.383342
2.652	-0.0217608	1.56218	-1.80871	-1.26035	-0.37576	0.421642	0.383342
2.665	-0.023608	1.5616	-1.80875	-1.26021	-0.375829	0.423472	0.383342
2.678	-0.0254628	1.56096	-1.80877	-1.26016	-0.375981	0.425579	0.383342
2.691	-0.027287	1.56032	-1.80877	-1.26014	-0.376183	0.427663	0.383342
2.704	-0.029175	1.55968	-1.80877	-1.26013	-0.376506	0.429799	0.383342
2.717	-0.0310516	1.55904	-1.80877	-1.26011	-0.376917	0.431815	0.383342
2.73	-0.0329883	1.55837	-1.80877	-1.26009	-0.377347	0.433955	0.383342
2.743	-0.0348968	1.55779	-1.80877	-1.26005	-0.377838	0.436061	0.383342
2.756	-0.0368449	1.55718	-1.80877	-1.25996	-0.378457	0.438524	0.383342
2.769	-0.0387918	1.55659	-1.80876	-1.25977	-0.379167	0.44126	0.383342
2.782	-0.0408077	1.55602	-1.80876	-1.25958	-0.37983	0.444387	0.383342
2.795	-0.0428594	1.55546	-1.80877	-1.25929	-0.380221	0.447638	0.383342
2.808	-0.0449086	1.55482	-1.80877	-1.25893	-0.380368	0.450891	0.383342
2.821	-0.0469577	1.55418	-1.80877	-1.2585	-0.380411	0.454113	0.383342
2.834	-0.0490247	1.55355	-1.80876	-1.25805	-0.380415	0.457373	0.383342
2.847	-0.051033	1.55294	-1.80877	-1.25744	-0.380409	0.460872	0.383342
2.86	-0.0530885	1.55227	-1.80876	-1.25677	-0.380403	0.464629	0.383342
2.873	-0.0551031	1.55159	-1.80876	-1.25613	-0.380398	0.468386	0.383342
2.886	-0.0571446	1.55087	-1.80877	-1.25547	-0.380396	0.471888	0.383342
2.899	-0.0591209	1.55008	-1.80877	-1.25474	-0.380394	0.475125	0.383342
2.912	-0.0611713	1.54924	-1.80876	-1.2541	-0.380392	0.478491	0.383342
2.925	-0.0631412	1.54844	-1.80877	-1.25341	-0.380392	0.482149	0.383342
2.938	-0.065184	1.54749	-1.80876	-1.25278	-0.38039	0.486139	0.383342
2.951	-0.0671679	1.54663	-1.80876	-1.25215	-0.38039	0.49009	0.383342
2.964	-0.0691953	1.54566	-1.80877	-1.25159	-0.38039	0.494025	0.383342
2.977	-0.0711345	1.54463	-1.80876	-1.25099	-0.38039	0.498041	0.383342
2.99	-0.0731555	1.5436	-1.80876	-1.25043	-0.380388	0.50231	0.383342
3.003	-0.0750999	1.54245	-1.80876	-1.24976	-0.380388	0.506793	0.383342
3.016	-0.0771362	1.54129	-1.80876	-1.24916	-0.380388	0.511327	0.383342
3.029	-0.0791138	1.54003	-1.80876	-1.24853	-0.380388	0.515847	0.383342
3.042	-0.081177	1.53865	-1.80876	-1.24797	-0.380386	0.520515	0.383342
3.055	-0.083152	1.53727	-1.80876	-1.24732	-0.380386	0.525271	0.383342
3.068	-0.0852203	1.53572	-1.80876	-1.24674	-0.380386	0.529839	0.383342
3.081	-0.0872375	1.53412	-1.80876	-1.2461	-0.380386	0.534156	0.383342
3.094	-0.0892802	1.5325	-1.80876	-1.24536	-0.380386	0.538374	0.383342
3.107	-0.0912591	1.53082	-1.80876	-1.24457	-0.380386	0.542657	0.383342
3.12	-0.0932967	1.52917	-1.80876	-1.2438	-0.380386	0.546828	0.383342
3.133	-0.0953407	1.52739	-1.80876	-1.24302	-0.380386	0.550687	0.383342
3.146	-0.0974001	1.52559	-1.80876	-1.24217	-0.380384	0.554135	0.383342
3.159	-0.0994672	1.52376	-1.80876	-1.24131	-0.380384	0.557377	0.383342
3.172	-0.101524	1.52185	-1.80876	-1.24053	-0.380384	0.560639	0.383342
3.185	-0.103573	1.51985	-1.80876	-1.23982	-0.380384	0.563714	0.383342
3.198	-0.105607	1.51791	-1.80875	-1.2391	-0.380384	0.566383	0.383342
3.211	-0.107702	1.51595	-1.80875	-1.2384	-0.380386	0.568733	0.383342
3.224	-0.109744	1.51394	-1.80875	-1.23761	-0.380388	0.571123	0.383342
3.237	-0.111859	1.51192	-1.80874	-1.23687	-0.380392	0.573654	0.383342
3.25	-0.113943	1.51	-1.80872	-1.23596	-0.380392	0.576412	0.383342
3.263	-0.116121	1.50808	-1.80872	-1.23495	-0.380398	0.579568	0.383342
3.276	-0.11827	1.50624	-1.80872	-1.23385	-0.380409	0.58312	0.383342
3.289	-0.120603	1.50439	-1.80872	-1.23277	-0.380409	0.586783	0.383342
3.302	-0.122846	1.50249	-1.80872	-1.23153	-0.380411	0.590407	0.383342
3.315	-0.1252	1.50056	-1.80871	-1.23022	-0.380413	0.594192	0.383342
3.328	-0.127584	1.49868	-1.80871	-1.22875	-0.380413	0.598327	0.383342
3.341	-0.129937	1.49688	-1.80871	-1.22719	-0.380413	0.602602	0.383342
3.354	-0.132322	1.49502	-1.80871	-1.2255	-0.380411	0.606689	0.383342
3.367	-0.134717	1.49322	-1.80871	-1.22377	-0.380409	0.610354	0.383342
3.38	-0.137097	1.49143	-1.80871	-1.22195	-0.380403	0.613434	0.383342
3.393	-0.139587	1.48967	-1.8087	-1.22015	-0.380401	0.615982	0.383342
3.406	-0.142012	1.48792	-1.80871	-1.21831	-0.380405	0.618187	0.383342
3.419	-0.144525	1.48623	-1.80871	-1.21661	-0.380407	0.619858	0.383342
3.432	-0.146986	1.48459	-1.80871	-1.21502	-0.380411	0.620964	0.383342
3.445	-0.149406	1.48295	-1.80871	-1.21341	-0.380413	0.621591	0.383342
3.458	-0.151908	1.48131	-1.8087	-1.21192	-0.380419	0.621635	0.383342
3.471	-0.154422	1.47974	-1.8087	-1.21041	-0.380437	0.621642	0.383342
3.484	-0.157011	1.4783	-1.8087	-1.20904	-0.38048	0.621661	0.383342
3.497	-0.159654	1.47682	-1.8087	-1.20786	-0.380607	0.621686	0.383342
3.51	-0.162322	1.47547	-1.8087	-1.20679	-0.380716	0.621738	0.383342
3.523	-0.165106	1.47411	-1.8087	-1.20582	-0.380883	0.621906	0.383342
3.536	-0.16793	1.47274	-1.8087	-1.2049	-0.381022	0.622075	0.383342
3.549	-0.170776	1.47153	-1.8087	-1.20393	-0.381039	0.622176	0.383342
3.562	-0.173636	1.47025	-1.8087	-1.20292	-0.381051	0.622346	0.383342
3.575	-0.176594	1.46899	-1.8087	-1.20189	-0.381053	0.622637	0.383342
3.588	-0.179598	1.46778	-1.8087	-1.20085	-0.381055	0.622883	0.383342
3.601	-0.182641	1.46659	-1.80871	-1.19978	-0.381055	0.62298	0.383342
3.614	-0.185705	1.46542	-1.8087	-1.19854	-0.381051	0.622989	0.383342
3.627	-0.188799	1.46419	-1.8087	-1.19718	-0.381049	0.622995	0.383342
3.64	-0.191912	1.46307	-1.8087	-1.19578	-0.381051	0.622997	0.383342
3.653	-0.19496	1.46189	-1.80871	-1.19428	-0.381053	0.623024	0.383342
3.666	-0.198051	1.46074	-1.80871	-1.19282	-0.381063	0.623214	0.383342
3.679	-0.201152	1.4597	-1.8087	-1.19134	-0.381073	0.623578	0.383342
3.692	-0.204316	1.45864	-1.80871	-1.18984	-0.38108	0.62418	0.383342
3.705	-0.207424	1.45759	-1.8087	-1.18828	-0.381086	0.625354	0.383342
3.718	-0.210486	1.45666	-1.8087	-1.18671	-0.38109	0.626905	0.383342
3.731	-0.213538	1.45565	-1.8087	-1.18508	-0.3811	0.628792	0.383342
3.744	-0.21652	1.45475	-1.8087	-1.18332	-0.3811	0.631356	0.383342
3.757	-0.219602	1.4538	-1.8087	-1.18153	-0.3811	0.634574	0.383342
3.77	-0.222578	1.45292	-1.8087	-1.17959	-0.381086	0.638332	0.383342
3.783	-0.225554	1.45206	-1.8087	-1.17752	-0.381084	0.642368	0.383342
3.796	-0.22835	1.45111	-1.8087	-1.17533	-0.381084	0.64639	0.383342
3.809	-0.231099	1.4502	-1.8087	-1.1731	-0.381084	0.65038	0.383342
3.822	-0.233719	1.4492	-1.8087	-1.17078	-0.381082	0.654401	0.383342
3.835	-0.236222	1.44828	-1.8087	-1.16834	-0.381078	0.658415	0.383342
3.848	-0.238691	1.44731	-1.8087	-1.16586	-0.381078	0.662219	0.383342
3.861	-0.241034	1.44631	-1.8087	-1.16345	-0.381076	0.665577	0.383342
3.874	-0.243274	1.44538	-1.8087	-1.16111	-0.381073	0.668451	0.383342
3.887	-0.245419	1.44438	-1.8087	-1.15877	-0.381073	0.671038	0.383342
3.9	-0.247509	1.44349	-1.8087	-1.15658	-0.381073	0.67384	0.383342
3.913	-0.249534	1.44252	-1.80869	-1.15447	-0.381071	0.676804	0.383342
3.926	-0.251483	1.44162	-1.80868	-1.15248	-0.381071	0.679683	0.383342
3.939	-0.25337	1.4407	-1.80868	-1.15062	-0.381071	0.682512	0.383342
3.952	-0.255193	1.43976	-1.80868	-1.14905	-0.381071	0.685313	0.383342
3.965	-0.257036	1.43886	-1.80868	-1.14785	-0.381069	0.688109	0.383342
3.978	-0.258837	1.43788	-1.80868	-1.14664	-0.381069	0.691143	0.383342
3.991	-0.260722	1.43694	-1.80867	-1.1456	-0.381069	0.694685	0.383342
4.004	-0.262565	1.43595	-1.80867	-1.14457	-0.381069	0.698713	0.383342
4.017	-0.264451	1.43496	-1.80867	-1.14355	-0.381069	0.70279	0.383342
4.03	-0.266268	1.43392	-1.80867	-1.14242	-0.381069	0.706621	0.383342
4.043	-0.268095	1.43294	-1.80863	-1.14123	-0.381067	0.710241	0.383342
4.056	-0.269891	1.43198	-1.80862	-1.13987	-0.381067	0.713846	0.383342
4.069	-0.271687	1.431	-1.8086	-1.13832	-0.381065	0.7174	0.383342
4.082	-0.273472	1.43003	-1.8086	-1.13661	-0.381067	0.720654	0.383342
4.095	-0.275209	1.429	-1.80858	-1.13476	-0.381065	0.723553	0.383342
4.108	-0.276973	1.42802	-1.80856	-1.13278	-0.381063	0.726065	0.383342
4.121	-0.278649	1.42705	-1.80852	-1.13056	-0.381059	0.728491	0.383342
4.134	-0.280382	1.42612	-1.80841	-1.12837	-0.381057	0.730967	0.383342
4.147	-0.28205	1.42508	-1.80826	-1.12609	-0.381051	0.733728	0.383342
4.16	-0.283731	1.42406	-1.80806	-1.12391	-0.381047	0.736696	0.383342
4.173	-0.285379	1.42298	-1.80786	-1.12181	-0.381043	0.739701	0.383342
4.186	-0.287053	1.42193	-1.80764	-1.11978	-0.381035	0.742465	0.383342
4.199	-0.288794	1.42082	-1.80742	-1.11786	-0.381024	0.744988	0.383342
4.212	-0.290463	1.4197	-1.80718	-1.11599	-0.381008	0.747096	0.383342
4.225	-0.292166	1.41841	-1.80689	-1.1143	-0.381004	0.749145	0.383342
4.238	-0.293765	1.41709	-1.80655	-1.11256	-0.380996	0.751095	0.383342
4.251	-0.295496	1.41567	-1.80622	-1.11092	-0.380971	0.753171	0.383342
4.264	-0.297266	1.41415	-1.80589	-1.10928	-0.380912	0.755102	0.383342
4.277	-0.299067	1.41269	-1.80551	-1.1076	-0.380771	0.756709	0.383342
4.29	-0.300898	1.4111	-1.80518	-1.106	-0.380679	0.757798	0.383342
4.303	-0.302726	1.4094	-1.80483	-1.10439	-0.380621	0.758594	0.383342
4.316	-0.304622	1.40769	-1.80435	-1.10276	-0.380578	0.759112	0.383342
4.329	-0.306524	1.40588	-1.80384	-1.1011	-0.380554	0.759201	0.383342
4.342	-0.308517	1.40406	-1.80317	-1.09936	-0.380538	0.759204	0.383342
4.355	-0.310496	1.40202	-1.80247	-1.0976	-0.380525	0.759206	0.383342
4.368	-0.312468	1.40004	-1.80157	-1.09564	-0.380517	0.759218	0.383342
4.381	-0.314435	1.39798	-1.80053	-1.09357	-0.380515	0.759228	0.383342
4.394	-0.316463	1.3959	-1.79929	-1.09141	-0.380513	0.759257	0.383342
4.407	-0.318439	1.39382	-1.79781	-1.08919	-0.380511	0.759452	0.383342
4.42	-0.320422	1.39183	-1.79594	-1.08697	-0.380509	0.759825	0.383342
4.433	-0.32233	1.38973	-1.79393	-1.0848	-0.380507	0.76035	0.383342
4.446	-0.324194	1.38776	-1.7917	-1.08269	-0.380505	0.760933	0.383342
4.459	-0.325977	1.38581	-1.78937	-1.08067	-0.380505	0.761642	0.383342
4.472	-0.327753	1.38393	-1.78683	-1.07868	-0.380503	0.762981	0.383342
4.485	-0.329387	1.38203	-1.78426	-1.07677	-0.380499	0.764809	0.383342
4.498	-0.33092	1.38022	-1.78161	-1.07492	-0.380497	0.767127	0.383342
4.511	-0.332337	1.37856	-1.77886	-1.07305	-0.380495	0.76991	0.383342
4.524	-0.333665	1.3769	-1.77623	-1.07123	-0.380493	0.773135	0.383342
4.537	-0.334805	1.37544	-1.77366	-1.06951	-0.380489	0.776748	0.383342
4.55	-0.335819	1.37405	-1.7712	-1.06791	-0.380486	0.780605	0.383342
4.563	-0.336734	1.37276	-1.76893	-1.06647	-0.380476	0.784406	0.383342
4.576	-0.337499	1.37155	-1.76679	-1.06518	-0.380472	0.788232	0.383342
4.589	-0.338139	1.37037	-1.76483	-1.06414	-0.38046	0.792303	0.383342
4.602	-0.338676	1.36934	-1.76296	-1.06316	-0.380446	0.796347	0.383342
4.615	-0.33904	1.3683	-1.7614	-1.06224	-0.380427	0.800145	0.383342
4.628	-0.339394	1.36747	-1.75998	-1.06145	-0.380419	0.803671	0.383342
4.641	-0.339673	1.36663	-1.75879	-1.06072	-0.380405	0.807122	0.383342
4.654	-0.339949	1.36596	-1.75771	-1.0599	-0.380351	0.81046	0.383342
4.667	-0.340178	1.36531	-1.75685	-1.05891	-0.380329	0.81361	0.383342
4.68	-0.340406	1.36471	-1.75617	-1.05783	-0.380317	0.816498	0.383342
4.693	-0.340677	1.36423	-1.75559	-1.05663	-0.380311	0.819258	0.383342
4.706	-0.340974	1.36376	-1.75521	-1.05533	-0.380304	0.821641	0.383342
4.719	-0.34128	1.36342	-1.75502	-1.05397	-0.380302	0.823756	0.383342
4.732	-0.341666	1.36313	-1.755	-1.05257	-0.3803	0.825832	0.383342
4.745	-0.34212	1.36288	-1.755	-1.0511	-0.380298	0.828162	0.383342
4.758	-0.342626	1.36261	-1.755	-1.04953	-0.380296	0.830773	0.383342
4.771	-0.343241	1.36237	-1.755	-1.04797	-0.380294	0.833742	0.383342
4.784	-0.343918	1.36219	-1.755	-1.04654	-0.38029	0.837066	0.383342
4.797	-0.344689	1.36198	-1.755	-1.04513	-0.380282	0.840526	0.383342
4.81	-0.345548	1.36178	-1.755	-1.04372	-0.380272	0.843834	0.383342
4.823	-0.346489	1.36158	-1.755	-1.04229	-0.380268	0.847038	0.383342
4.836	-0.347475	1.3614	-1.755	-1.04072	-0.380266	0.850396	0.383342
4.849	-0.34857	1.36121	-1.75498	-1.0391	-0.380247	0.853907	0.383342
4.862	-0.34969	1.36107	-1.75493	-1.03715	-0.380139	0.857069	0.383342
4.875	-0.35093	1.36092	-1.75491	-1.03498	-0.379942	0.85947	0.383342
4.888	-0.352047	1.36083	-1.75491	-1.03258	-0.379875	0.861124	0.383342
4.901	-0.353276	1.36072	-1.75491	-1.03023	-0.379875	0.862049	0.383342
4.914	-0.354387	1.36066	-1.75491	-1.0277	-0.379873	0.862365	0.383342
4.927	-0.355579	1.3606	-1.7549	-1.02505	-0.379871	0.862368	0.383342
4.94	-0.356843	1.36054	-1.75486	-1.02234	-0.379869	0.862368	0.383342
4.953	-0.358092	1.36054	-1.75474	-1.01946	-0.379865	0.862365	0.383342
4.966	-0.359359	1.36053	-1.75462	-1.01646	-0.379854	0.862368	0.383342
4.979	-0.360574	1.36054	-1.75447	-1.0134	-0.379848	0.862368	0.383342
4.992	-0.361788	1.36054	-1.75428	-1.01054	-0.37985	0.86237	0.383342
5.005	-0.363078	1.36054	-1.75401	-1.00791	-0.37985	0.862385	0.383342
5.018	-0.364377	1.36054	-1.75376	-1.0056	-0.37985	0.862416	0.383342
5.031	-0.365642	1.36054	-1.75354	-1.00373	-0.37985	0.862463	0.383342
5.044	-0.36696	1.36054	-1.75339	-1.00227	-0.37985	0.86255	0.383342
5.057	-0.368284	1.36054	-1.7533	-1.00109	-0.37985	0.8627	0.383342
5.07	-0.369624	1.36055	-1.75318	-1.00015	-0.37985	0.862872	0.383342
5.083	-0.371046	1.36055	-1.75306	-0.999402	-0.37985	0.863237	0.383342
5.096	-0.372374	1.36055	-1.75302	-0.998652	-0.37985	0.863742	0.383342
5.109	-0.373638	1.36055	-1.75296	-0.997701	-0.379852	0.86442	0.383342
5.122	-0.374856	1.36056	-1.75287	-0.996503	-0.379852	0.865271	0.383342
5.135	-0.375852	1.36057	-1.7528	-0.995103	-0.379852	0.866114	0.383342
5.148	-0.376748	1.36057	-1.7527	-0.993729	-0.379848	0.86726	0.383342
5.161	-0.377442	1.36057	-1.75247	-0.99246	-0.379836	0.868751	0.383342
5.174	-0.378026	1.36058	-1.7522	-0.991316	-0.379838	0.870101	0.383342
5.187	-0.378451	1.36058	-1.75196	-0.99029	-0.379838	0.871311	0.383342
5.2	-0.378829	1.36058	-1.75176	-0.989466	-0.379838	0.872526	0.383342
5.213	-0.379118	1.36058	-1.75158	-0.988916	-0.379836	0.873259	0.383342
5.226	-0.379347	1.36058	-1.75149	-0.988718	-0.379838	0.873404	0.383342
5.239	-0.379514	1.36058	-1.75146	-0.98869	-0.379836	0.873397	0.383342
5.252	-0.379707	1.36058	-1.75146	-0.988686	-0.379836	0.873396	0.383342
5.265	-0.37993	1.36058	-1.75145	-0.988653	-0.379836	0.873396	0.383342
5.278	-0.380206	1.36058	-1.75145	-0.988585	-0.379836	0.873394	0.383342
5.291	-0.380513	1.36058	-1.75146	-0.988488	-0.379836	0.873392	0.383342
5.304	-0.380901	1.36054	-1.75146	-0.988319	-0.379838	0.87339	0.383342
5.317	-0.38135	1.36048	-1.75146	-0.988029	-0.379838	0.87339	0.383342
5.33	-0.381961	1.36041	-1.75146	-0.987638	-0.379838	0.873389	0.383342
5.343	-0.382664	1.36027	-1.75146	-0.987067	-0.379838	0.873387	0.383342
5.356	-0.383491	1.36008	-1.75146	-0.986413	-0.379836	0.873387	0.383342
5.369	-0.384403	1.35985	-1.75146	-0.985666	-0.37983	0.873387	0.383342
5.382	-0.385374	1.35964	-1.75146	-0.984927	-0.379818	0.873387	0.383342
5.395	-0.3865	1.3595	-1.75146	-0.984106	-0.379799	0.873387	0.383342
5.408	-0.387653	1.35935	-1.75146	-0.983215	-0.379785	0.87339	0.383342
5.421	-0.388859	1.35928	-1.75146	-0.982255	-0.379785	0.873394	0.383342
5.434	-0.390052	1.35919	-1.75146	-0.981445	-0.379787	0.873394	0.383342
5.447	-0.391061	1.35918	-1.75146	-0.980628	-0.379789	0.873394	0.383342
5.46	-0.392069	1.35916	-1.75146	-0.979967	-0.379791	0.873396	0.383342
5.473	-0.392878	1.35916	-1.75146	-0.979316	-0.379793	0.873402	0.383342
5.486	-0.393633	1.35915	-1.75147	-0.978823	-0.379795	0.873407	0.383342
5.499	-0.394256	1.35914	-1.75147	-0.978347	-0.379799	0.873407	0.383342
5.512	-0.394739	1.3591	-1.75151	-0.977994	-0.379801	0.873409	0.383342
5.525	-0.395055	1.35904	-1.75156	-0.977754	-0.379801	0.873413	0.383342
5.538	-0.395276	1.35896	-1.75157	-0.977635	-0.379801	0.873413	0.383342
5.551	-0.395431	1.35888	-1.75157	-0.977534	-0.379801	0.873409	0.383342
5.564	-0.395551	1.35877	-1.75157	-0.977465	-0.379801	0.873407	0.383342
5.577	-0.395596	1.35868	-1.75156	-0.977459	-0.379799	0.873407	0.383342
5.59	-0.395603	1.35862	-1.75156	-0.977459	-0.379799	0.873407	0.383342
5.603	-0.395597	1.35862	-1.75156	-0.97746	-0.379799	0.873409	0.383342
5.616	-0.395592	1.35863	-1.75156	-0.97746	-0.379801	0.873409	0.383342
5.629	-0.395568	1.35864	-1.75156	-0.97745	-0.379801	0.873407	0.383342
5.642	-0.395476	1.35865	-1.75156	-0.977405	-0.379801	0.873411	0.383342
5.655	-0.395367	1.35865	-1.75156	-0.977409	-0.379799	0.873414	0.383342
5.668	-0.395215	1.35866	-1.75156	-0.977414	-0.379799	0.873474	0.383342
5.681	-0.39504	1.35868	-1.75156	-0.977418	-0.379799	0.873612	0.383342
5.694	-0.394783	1.35869	-1.75155	-0.977419	-0.379799	0.873847	0.383342
5.707	-0.394457	1.3587	-1.75155	-0.977423	-0.379799	0.874186	0.383342
5.72	-0.39415	1.35874	-1.75155	-0.977432	-0.379797	0.874468	0.383342
5.733	-0.393876	1.35877	-1.75152	-0.977438	-0.379795	0.874788	0.383342
5.746	-0.393659	1.35879	-1.75145	-0.977443	-0.379795	0.874918	0.383342
5.759	-0.393452	1.35883	-1.75143	-0.977507	-0.379795	0.874936	0.383342
5.772	-0.393218	1.35887	-1.75143	-0.977619	-0.379795	0.874935	0.383342
5.785	-0.392998	1.35894	-1.75142	-0.977732	-0.379795	0.874935	0.383342
5.798	-0.392737	1.35897	-1.75142	-0.977828	-0.379793	0.874935	0.383342
5.811	-0.392488	1.35898	-1.75142	-0.977905	-0.379795	0.874936	0.383342
5.824	-0.392264	1.359	-1.75142	-0.977985	-0.379795	0.874936	0.383342
5.837	-0.392074	1.35903	-1.75142	-0.977988	-0.379795	0.874938	0.383342
5.85	-0.391841	1.35909	-1.75142	-0.977983	-0.379795	0.874936	0.383342
5.863	-0.391575	1.35918	-1.75142	-0.977985	-0.379797	0.874935	0.383342
5.876	-0.391258	1.35925	-1.75142	-0.978	-0.379799	0.874935	0.383342
5.889	-0.390863	1.35933	-1.75143	-0.978002	-0.379801	0.874933	0.383342
5.902	-0.390383	1.35935	-1.75143	-0.977997	-0.379803	0.874931	0.383342
5.915	-0.389879	1.35936	-1.75143	-0.977994	-0.379805	0.87493	0.383342
5.928	-0.389398	1.3594	-1.75143	-0.977993	-0.379807	0.874928	0.383342
5.941	-0.388929	1.3594	-1.75143	-0.977993	-0.379807	0.874926	0.383342
5.954	-0.388534	1.3594	-1.75143	-0.977992	-0.379807	0.874924	0.383342
5.967	-0.388197	1.3594	-1.75143	-0.977998	-0.379809	0.874926	0.383342
5.98	-0.387987	1.3594	-1.75143	-0.978035	-0.379809	0.874924	0.383342
5.993	-0.387855	1.3594	-1.75143	-0.978098	-0.379809	0.874923	0.383342
6.006	-0.38784	1.3594	-1.75143	-0.97815	-0.379811	0.874921	0.383342
6.019	-0.387891	1.35941	-1.75143	-0.978199	-0.37983	0.874914	0.383342
6.032	-0.387919	1.35941	-1.75143	-0.978215	-0.379865	0.874911	0.383342
6.045	-0.387971	1.3594	-1.75143	-0.978223	-0.379867	0.874907	0.383342
6.058	-0.38804	1.35941	-1.75143	-0.97823	-0.379889	0.874906	0.383342
6.071	-0.388098	1.35942	-1.75143	-0.978228	-0.380008	0.874902	0.383342
6.084	-0.388117	1.35941	-1.75143	-0.978222	-0.380026	0.874901	0.383342
6.097	-0.388171	1.35941	-1.75143	-0.978221	-0.380055	0.874899	0.383342
6.11	-0.388231	1.35941	-1.75143	-0.978219	-0.380176	0.874899	0.383342
6.123	-0.38829	1.35941	-1.75143	-0.978218	-0.3802	0.874897	0.383342
6.136	-0.388354	1.35941	-1.75143	-0.978217	-0.380194	0.874897	0.383342
6.149	-0.388417	1.35941	-1.75143	-0.978215	-0.380192	0.874897	0.383342
6.162	-0.388486	1.35941	-1.75143	-0.978212	-0.380192	0.874892	0.383342
6.175	-0.388514	1.35941	-1.75143	-0.97821	-0.380192	0.874892	0.383342
6.188	-0.388527	1.35941	-1.75143	-0.978209	-0.380192	0.874892	0.383342
6.201	-0.388527	1.35941	-1.75143	-0.978209	-0.380196	0.874894	0.383342
6.214	-0.388525	1.35941	-1.75143	-0.978209	-0.380212	0.874894	0.383342
6.227	-0.388527	1.35941	-1.75143	-0.978209	-0.380227	0.874894	0.383342
6.24	-0.388525	1.35941	-1.75143	-0.978209	-0.380233	0.874896	0.383342
6.253	-0.388524	1.35941	-1.75143	-0.978209	-0.380237	0.874896	0.383342
6.266	-0.388528	1.35941	-1.75143	-0.97821	-0.380237	0.874896	0.383342
6.279	-0.388534	1.35941	-1.75143	-0.978209	-0.380233	0.874896	0.383342
6.292	-0.38853	1.35941	-1.75143	-0.978209	-0.380231	0.874896	0.383342
6.305	-0.388524	1.35941	-1.75143	-0.978209	-0.380231	0.874896	0.383342
6.318	-0.388523	1.35941	-1.75143	-0.97821	-0.380227	0.874896	0.383342
6.331	-0.38852	1.35941	-1.75143	-0.97821	-0.380225	0.874896	0.383342
6.344	-0.38852	1.35941	-1.75143	-0.97821	-0.380225	0.874896	0.383342
6.357	-0.38852	1.35941	-1.75143	-0.97821	-0.380223	0.874896	0.383342
6.37	-0.38852	1.35941	-1.75143	-0.97821	-0.380223	0.874897	0.383342
6.383	-0.388525	1.35941	-1.75143	-0.97821	-0.380225	0.874896	0.383342
6.396	-0.388562	1.35941	-1.75143	-0.97821	-0.380225	0.874896	0.383342
6.409	-0.38858	1.35941	-1.75143	-0.97821	-0.380225	0.874896	0.383342
6.422	-0.388578	1.35941	-1.75143	-0.978212	-0.380223	0.874896	0.383342
6.435	-0.388599	1.35941	-1.75144	-0.978219	-0.380225	0.874897	0.383342
6.448	-0.388654	1.35941	-1.75144	-0.978223	-0.380261	0.874897	0.383342
6.461	-0.388704	1.35941	-1.75144	-0.978221	-0.380407	0.874896	0.383342
6.474	-0.388799	1.35941	-1.75143	-0.978218	-0.38045	0.874894	0.383342
6.487	-0.388865	1.35941	-1.75144	-0.978214	-0.38045	0.874894	0.383342
6.5	-0.388887	1.35941	-1.75144	-0.978213	-0.38045	0.874894	0.383342
6.513	-0.388887	1.35941	-1.75144	-0.978212	-0.380448	0.874894	0.383342
6.526	-0.388872	1.35941	-1.75144	-0.978209	-0.380435	0.874894	0.383342
6.539	-0.388865	1.35941	-1.75144	-0.978207	-0.380431	0.874894	0.383342
6.552	-0.388864	1.35941	-1.75144	-0.978205	-0.380431	0.874894	0.383342
6.565	-0.388864	1.35941	-1.75144	-0.978203	-0.380431	0.874894	0.383342
6.578	-0.388864	1.35941	-1.75144	-0.978203	-0.380431	0.874894	0.383342
6.591	-0.388864	1.35941	-1.75144	-0.978203	-0.380431	0.874894	0.383342
6.604	-0.388864	1.35941	-1.75144	-0.978203	-0.380429	0.874894	0.383342
6.617	-0.388864	1.35941	-1.75144	-0.978203	-0.380429	0.874894	0.383342
6.63	-0.388867	1.35941	-1.75144	-0.978203	-0.380429	0.874894	0.383342
6.643	-0.388864	1.35941	-1.75144	-0.978201	-0.380429	0.874894	0.383342
6.656	-0.388864	1.35941	-1.75144	-0.978201	-0.380429	0.874892	0.383342
6.669	-0.388864	1.35941	-1.75144	-0.978201	-0.380429	0.874892	0.383342
6.682	-0.388864	1.35941	-1.75144	-0.978201	-0.380429	0.874894	0.383342
6.695	-0.388865	1.35941	-1.75144	-0.978201	-0.380429	0.874894	0.383342
6.708	-0.388884	1.35941	-1.75144	-0.978201	-0.380429	0.874894	0.383342
6.721	-0.388925	1.35941	-1.75144	-0.978201	-0.380429	0.874892	0.383342
6.734	-0.388933	1.35941	-1.75145	-0.9782	-0.380431	0.874892	0.383342
6.747	-0.38893	1.35941	-1.75145	-0.9782	-0.380437	0.874892	0.383342
6.76	-0.38893	1.35941	-1.75145	-0.9782	-0.380437	0.874892	0.383342
6.773	-0.38893	1.35941	-1.75145	-0.978199	-0.380435	0.874892	0.383342
6.786	-0.38893	1.35941	-1.75145	-0.978199	-0.380431	0.874892	0.383342
6.799	-0.38893	1.35941	-1.75145	-0.978199	-0.380431	0.874892	0.383342
6.812	-0.388932	1.35941	-1.75145	-0.978199	-0.380431	0.874892	0.383342
6.825	-0.388956	1.35941	-1.75145	-0.978199	-0.380437	0.874892	0.383342
6.838	-0.388997	1.35941	-1.75145	-0.978199	-0.380446	0.874892	0.383342
6.851	-0.389062	1.35941	-1.75145	-0.978198	-0.380462	0.87489	0.383342
6.864	-0.389145	1.35941	-1.75145	-0.978198	-0.380517	0.874889	0.383342
6.877	-0.389221	1.35941	-1.75145	-0.978198	-0.380621	0.874887	0.383342
6.89	-0.389334	1.35941	-1.75145	-0.978198	-0.380767	0.874887	0.383342
6.903	-0.389473	1.35941	-1.75145	-0.978196	-0.380955	0.874884	0.383342
6.916	-0.389627	1.35942	-1.75145	-0.978196	-0.381166	0.874877	0.383342
