0.013	0.0970957	1.58637	-1.8085	-1.26205	-0.360841	0.343129	0.383325
0.026	0.0970957	1.58637	-1.8085	-1.26205	-0.360841	0.343129	0.383325
0.039	0.0970957	1.58637	-1.8085	-1.26205	-0.360841	0.343129	0.383325
0.052	0.0970957	1.58637	-1.8085	-1.26205	-0.360841	0.343129	0.383325
0.065	0.0954775	1.58651	-1.80853	-1.26152	-0.360835	0.34209	0.383391
0.078	0.0954289	1.58651	-1.80853	-1.26151	-0.360837	0.342093	0.383449
0.091	0.0953944	1.58653	-1.80853	-1.26152	-0.360835	0.342098	0.383452
0.104	0.0953151	1.58655	-1.80852	-1.26152	-0.360835	0.342098	0.383452
0.117	0.095241	1.58657	-1.80851	-1.26152	-0.360833	0.342098	0.383454
0.13	0.09514	1.5866	-1.8085	-1.26152	-0.360831	0.342096	0.383459
0.143	0.0950339	1.58663	-1.80846	-1.26152	-0.360831	0.342091	0.383485
0.156	0.094915	1.58665	-1.80839	-1.26152	-0.360827	0.342084	0.383565
0.169	0.0948038	1.58666	-1.80828	-1.26152	-0.360827	0.342071	0.383672
0.182	0.09469	1.58667	-1.80811	-1.26152	-0.360825	0.34205	0.383783
0.195	0.0945775	1.58669	-1.80791	-1.26152	-0.360825	0.342049	0.38387
0.208	0.0944676	1.5867	-1.80769	-1.26152	-0.360825	0.342055	0.383991
0.221	0.0943423	1.58672	-1.80743	-1.26152	-0.360823	0.342069	0.384126
0.234	0.0942222	1.58671	-1.8071	-1.26152	-0.360823	0.342076	0.38424
0.247	0.0941058	1.58671	-1.80675	-1.26153	-0.360825	0.342083	0.384339
0.26	0.0939882	1.58672	-1.80646	-1.26158	-0.360825	0.342084	0.384461
0.273	0.0938655	1.58678	-1.80624	-1.26165	-0.360823	0.342086	0.384598
0.286	0.0937096	1.58687	-1.8061	-1.26173	-0.360823	0.342086	0.384763
0.299	0.0935217	1.58694	-1.80596	-1.26181	-0.360823	0.342086	0.384964
0.312	0.0933388	1.58702	-1.80576	-1.26189	-0.360823	0.342086	0.385159
0.325	0.0931854	1.58707	-1.8055	-1.26199	-0.360821	0.342086	0.38537
0.338	0.0930487	1.58712	-1.80518	-1.2621	-0.360821	0.342086	0.385523
0.351	0.0928914	1.58717	-1.80483	-1.26222	-0.360821	0.342086	0.385702
0.364	0.0927022	1.58726	-1.80451	-1.26233	-0.360821	0.342088	0.385975
0.377	0.0925271	1.58739	-1.80427	-1.26247	-0.360821	0.342088	0.386224
0.39	0.0923827	1.58755	-1.80407	-1.26269	-0.360821	0.342088	0.386406
0.403	0.092251	1.58774	-1.80388	-1.26293	-0.360821	0.342088	0.386812
0.416	0.0921014	1.58795	-1.80367	-1.26317	-0.360821	0.342088	0.386926
0.429	0.0919378	1.5882	-1.80347	-1.26339	-0.360817	0.342088	0.387105
0.442	0.0917755	1.5885	-1.80329	-1.26365	-0.360815	0.342088	0.38755
0.455	0.0916451	1.58871	-1.80301	-1.26393	-0.360815	0.342088	0.38792
0.468	0.0915364	1.58885	-1.8026	-1.2642	-0.360815	0.342088	0.388102
0.481	0.0914175	1.58895	-1.80226	-1.26445	-0.360815	0.342088	0.388274
0.494	0.0912603	1.58912	-1.80207	-1.26469	-0.360815	0.342088	0.388518
0.507	0.0911095	1.58931	-1.80198	-1.26494	-0.360815	0.342088	0.388734
0.52	0.0909765	1.58947	-1.80187	-1.26523	-0.360811	0.342086	0.388953
0.533	0.0908921	1.58963	-1.8017	-1.26555	-0.360804	0.342084	0.389196
0.546	0.090818	1.58977	-1.80143	-1.26587	-0.360804	0.342084	0.389423
0.559	0.0907669	1.58989	-1.80112	-1.2662	-0.360804	0.342084	0.38968
0.572	0.090717	1.59003	-1.8008	-1.26651	-0.360804	0.342084	0.389989
0.585	0.0906621	1.59017	-1.80058	-1.26679	-0.360804	0.342084	0.39013
0.598	0.0905981	1.59034	-1.80043	-1.26707	-0.360804	0.342084	0.390262
0.611	0.0905304	1.59051	-1.80031	-1.26733	-0.360804	0.342084	0.390657
0.624	0.0904677	1.59064	-1.80019	-1.2676	-0.360804	0.342083	0.390843
0.637	0.0904166	1.59075	-1.80003	-1.26784	-0.360804	0.342083	0.390913
0.65	0.0903693	1.59082	-1.79982	-1.26808	-0.360804	0.342081	0.391133
0.663	0.0903348	1.59088	-1.7996	-1.2683	-0.360804	0.342079	0.3913
0.676	0.0903118	1.59094	-1.79938	-1.26853	-0.360804	0.342079	0.391407
0.689	0.0903067	1.59099	-1.79916	-1.26876	-0.360804	0.342081	0.391581
0.702	0.0903092	1.59102	-1.79892	-1.26898	-0.360804	0.342081	0.391739
0.715	0.0903144	1.59102	-1.7987	-1.26918	-0.360804	0.342083	0.391821
0.728	0.090322	1.59103	-1.79853	-1.2694	-0.360804	0.342081	0.391906
0.741	0.0903284	1.59108	-1.79845	-1.2696	-0.360804	0.342079	0.392067
0.754	0.0903284	1.59116	-1.79841	-1.26979	-0.360804	0.342073	0.392205
0.767	0.0903297	1.59125	-1.79838	-1.26999	-0.360804	0.342052	0.392361
0.78	0.0903322	1.59134	-1.79834	-1.27017	-0.360804	0.342004	0.392573
0.793	0.0903348	1.59143	-1.79828	-1.27038	-0.360804	0.341871	0.392745
0.806	0.0903361	1.59151	-1.79823	-1.27057	-0.360804	0.341773	0.392938
0.819	0.0903374	1.59161	-1.79818	-1.27077	-0.360804	0.341699	0.393193
0.832	0.0903374	1.59174	-1.79814	-1.27099	-0.360804	0.341595	0.393394
0.845	0.0903386	1.59189	-1.79814	-1.27122	-0.360804	0.341416	0.393659
0.858	0.0903399	1.59207	-1.79814	-1.27147	-0.360804	0.341203	0.394091
0.871	0.0903412	1.59225	-1.79814	-1.27169	-0.360804	0.341135	0.394347
0.884	0.0903425	1.59245	-1.79814	-1.27189	-0.360804	0.341113	0.394516
0.897	0.0903425	1.59268	-1.79815	-1.27209	-0.360802	0.341087	0.394847
0.91	0.0903425	1.59288	-1.79815	-1.27227	-0.360804	0.341053	0.395276
0.923	0.0903425	1.59303	-1.79814	-1.27244	-0.360804	0.340978	0.395487
0.936	0.0903425	1.59314	-1.79814	-1.2726	-0.360802	0.340873	0.395702
0.949	0.0903425	1.59319	-1.79814	-1.27278	-0.360804	0.340758	0.395917
0.962	0.0903425	1.59321	-1.79811	-1.27297	-0.360802	0.340646	0.396043
0.975	0.0903437	1.59322	-1.79805	-1.27318	-0.360802	0.340506	0.396174
0.988	0.0903437	1.59323	-1.798	-1.27341	-0.360802	0.340279	0.396341
1.001	0.0903437	1.59325	-1.79793	-1.27365	-0.360802	0.340054	0.39645
1.014	0.090345	1.59328	-1.79787	-1.27386	-0.360802	0.339876	0.396582
1.027	0.090345	1.59332	-1.79779	-1.27407	-0.360804	0.339758	0.396723
1.04	0.090345	1.59337	-1.7977	-1.27426	-0.360802	0.339678	0.396894
1.053	0.090345	1.59342	-1.79763	-1.27443	-0.360804	0.339596	0.397074
1.066	0.090345	1.59347	-1.79757	-1.2746	-0.360804	0.339465	0.397217
1.079	0.090345	1.59351	-1.79751	-1.27479	-0.360804	0.339291	0.397313
1.092	0.090345	1.59355	-1.79744	-1.27499	-0.360804	0.33917	0.397468
1.105	0.090345	1.59359	-1.79734	-1.27518	-0.360804	0.339095	0.397661
1.118	0.090345	1.59364	-1.79725	-1.27538	-0.360804	0.338982	0.397764
1.131	0.090345	1.5937	-1.79718	-1.27557	-0.360804	0.338858	0.397812
1.144	0.090345	1.59375	-1.79712	-1.27575	-0.360804	0.338703	0.397972
1.157	0.0903425	1.5938	-1.79706	-1.27593	-0.360804	0.338543	0.398145
1.17	0.0903412	1.59386	-1.79699	-1.27611	-0.360804	0.338398	0.398288
1.183	0.0903386	1.59392	-1.79693	-1.2763	-0.360804	0.338243	0.398407
1.196	0.0903399	1.59398	-1.79688	-1.27649	-0.360804	0.338045	0.398499
1.209	0.0903399	1.59404	-1.79685	-1.27669	-0.360804	0.337808	0.398564
1.222	0.0903399	1.59411	-1.79683	-1.27691	-0.360804	0.337491	0.398647
1.235	0.0903399	1.59417	-1.79682	-1.27716	-0.360804	0.337087	0.398753
1.248	0.0903437	1.59424	-1.79681	-1.27743	-0.360804	0.336715	0.398883
1.261	0.090345	1.59431	-1.79681	-1.27766	-0.360804	0.336502	0.398976
1.274	0.090345	1.59438	-1.79681	-1.27785	-0.360804	0.336313	0.399079
1.287	0.090345	1.59444	-1.79681	-1.27798	-0.360804	0.336133	0.399208
1.3	0.090345	1.59452	-1.7968	-1.27807	-0.360804	0.335962	0.399278
1.313	0.0903463	1.59459	-1.7968	-1.27811	-0.360804	0.335839	0.399363
1.326	0.0903463	1.59467	-1.7968	-1.27813	-0.360804	0.335768	0.399459
1.339	0.0903463	1.59475	-1.7968	-1.27814	-0.360804	0.33571	0.399534
1.352	0.0903476	1.59482	-1.7968	-1.27814	-0.360804	0.335609	0.399622
1.365	0.0903476	1.59488	-1.7968	-1.27815	-0.360804	0.335464	0.399696
1.378	0.0903489	1.59494	-1.7968	-1.27815	-0.360804	0.335325	0.399737
1.391	0.0903514	1.595	-1.7968	-1.27815	-0.360804	0.335221	0.399765
1.404	0.0903552	1.59504	-1.7968	-1.27815	-0.360807	0.335079	0.399818
1.417	0.0903578	1.59507	-1.7968	-1.27815	-0.360807	0.334864	0.399858
1.43	0.0903706	1.5951	-1.7968	-1.27815	-0.360807	0.334631	0.399863
1.443	0.0904153	1.59513	-1.7968	-1.27815	-0.360807	0.334449	0.399863
1.456	0.0904665	1.59517	-1.7968	-1.27815	-0.360807	0.334278	0.399863
1.469	0.0905355	1.59519	-1.7968	-1.27815	-0.360809	0.334089	0.399863
1.482	0.090616	1.59521	-1.7968	-1.27815	-0.360809	0.3339	0.399861
1.495	0.0907106	1.59523	-1.79681	-1.27815	-0.360809	0.333687	0.399861
1.508	0.0908103	1.59524	-1.79681	-1.27815	-0.360811	0.333434	0.399859
1.521	0.09091	1.59525	-1.79681	-1.27815	-0.360813	0.333238	0.399859
1.534	0.0910085	1.59528	-1.79681	-1.27815	-0.360813	0.33316	0.399859
1.547	0.0911082	1.59531	-1.79681	-1.27815	-0.360815	0.333066	0.399858
1.56	0.0912066	1.59533	-1.79681	-1.27815	-0.360817	0.332911	0.399858
1.573	0.0913076	1.59536	-1.79682	-1.27815	-0.360819	0.332712	0.399856
1.586	0.091415	1.59538	-1.79682	-1.27815	-0.360823	0.332536	0.399856
1.599	0.0915096	1.59542	-1.79682	-1.27815	-0.360829	0.332398	0.399856
1.612	0.091608	1.59547	-1.79682	-1.27815	-0.360843	0.332335	0.399856
1.625	0.0916873	1.59552	-1.79682	-1.27815	-0.360872	0.33227	0.399856
1.638	0.0917576	1.59556	-1.79682	-1.27815	-0.36096	0.332141	0.399856
1.651	0.0917934	1.5956	-1.79683	-1.27815	-0.361117	0.331987	0.399856
1.664	0.0918266	1.59566	-1.79683	-1.27815	-0.361277	0.331856	0.399856
1.677	0.091833	1.5957	-1.79683	-1.27815	-0.361398	0.331756	0.399856
1.69	0.0918317	1.59575	-1.79683	-1.27815	-0.361522	0.331641	0.399856
1.703	0.091824	1.59579	-1.79683	-1.27815	-0.361661	0.331534	0.399854
1.716	0.0918202	1.59583	-1.79683	-1.27815	-0.361839	0.33149	0.399854
1.729	0.0918177	1.59588	-1.79683	-1.27815	-0.362015	0.331483	0.399854
1.742	0.0918087	1.59593	-1.79683	-1.27815	-0.36216	0.331483	0.399854
1.755	0.0917831	1.59599	-1.79683	-1.27816	-0.362279	0.331485	0.399854
1.768	0.0917448	1.59609	-1.79683	-1.2782	-0.362408	0.331485	0.399854
1.781	0.0916873	1.59623	-1.79683	-1.2783	-0.362537	0.331486	0.399854
1.794	0.0915978	1.59638	-1.79683	-1.27844	-0.362625	0.331485	0.399854
1.807	0.0914674	1.59655	-1.79683	-1.2786	-0.362682	0.331485	0.399854
1.82	0.0912936	1.5967	-1.79683	-1.27875	-0.362739	0.331485	0.399854
1.833	0.0910915	1.59685	-1.79683	-1.2789	-0.362817	0.331485	0.399854
1.846	0.0908883	1.59699	-1.79683	-1.27908	-0.362913	0.331483	0.399854
1.859	0.09068	1.5971	-1.79683	-1.2793	-0.362983	0.331478	0.399854
1.872	0.0904498	1.59718	-1.79683	-1.27954	-0.363042	0.331444	0.399854
1.885	0.0901929	1.59722	-1.79683	-1.27978	-0.36313	0.331364	0.399854
1.898	0.0899091	1.59723	-1.79683	-1.28008	-0.363265	0.331263	0.399854
1.911	0.0895895	1.59724	-1.79683	-1.2804	-0.363414	0.331142	0.399854
1.924	0.0892303	1.59726	-1.79682	-1.28074	-0.363553	0.330997	0.399854
1.937	0.0888315	1.59728	-1.79682	-1.28111	-0.363668	0.330839	0.399854
1.95	0.0884352	1.59729	-1.79682	-1.28153	-0.363762	0.330653	0.399854
1.963	0.0880019	1.59731	-1.79682	-1.28198	-0.363856	0.330363	0.399854
1.976	0.0875174	1.59732	-1.79682	-1.28245	-0.363962	0.330055	0.399854
1.989	0.0870444	1.59735	-1.79682	-1.28291	-0.364067	0.329836	0.399854
2.002	0.086565	1.59736	-1.79682	-1.28339	-0.364142	0.329707	0.399854
2.015	0.0860588	1.59737	-1.79682	-1.28388	-0.36422	0.329589	0.399854
2.028	0.0854606	1.59738	-1.79682	-1.28429	-0.364292	0.329444	0.399854
2.041	0.0848061	1.59738	-1.79682	-1.28465	-0.364351	0.329352	0.399854
2.054	0.0841669	1.59738	-1.79682	-1.28507	-0.364398	0.329337	0.399854
2.067	0.0834996	1.59739	-1.79682	-1.28552	-0.364443	0.3293	0.399854
2.08	0.0828196	1.5974	-1.79682	-1.28594	-0.364494	0.329223	0.399854
2.093	0.0821178	1.5974	-1.79682	-1.28641	-0.364519	0.329143	0.399854
2.106	0.0813674	1.59741	-1.79682	-1.28687	-0.364533	0.329083	0.399854
2.119	0.080617	1.5974	-1.79682	-1.28726	-0.364562	0.329061	0.399854
2.132	0.079836	1.5974	-1.79682	-1.2877	-0.364582	0.329051	0.399854
2.145	0.0790306	1.5974	-1.79682	-1.28813	-0.364596	0.32904	0.399854
2.158	0.0782227	1.5974	-1.79682	-1.28857	-0.364603	0.329032	0.399854
2.171	0.0773599	1.5974	-1.79682	-1.28905	-0.364607	0.329022	0.399854
2.184	0.076506	1.59739	-1.79683	-1.28952	-0.364619	0.32901	0.399854
2.197	0.0756482	1.59739	-1.79683	-1.29007	-0.364625	0.329005	0.399854
2.21	0.0748288	1.59739	-1.79683	-1.29062	-0.364633	0.328998	0.399854
2.223	0.0739685	1.59739	-1.79683	-1.29116	-0.364637	0.328993	0.399854
2.236	0.0730353	1.59739	-1.79683	-1.29162	-0.364639	0.328991	0.399854
2.249	0.0720664	1.59739	-1.79688	-1.29206	-0.364644	0.328991	0.399854
2.262	0.0711268	1.59739	-1.7969	-1.29256	-0.364644	0.328991	0.399854
2.275	0.0702026	1.59739	-1.79694	-1.29317	-0.364644	0.328991	0.399854
2.288	0.0692272	1.59739	-1.79695	-1.29379	-0.364646	0.328991	0.399854
2.301	0.0682238	1.59738	-1.79699	-1.2944	-0.364646	0.328991	0.399854
2.314	0.0672318	1.59738	-1.79704	-1.29498	-0.364646	0.328991	0.399854
2.327	0.0662258	1.59738	-1.79713	-1.29561	-0.364646	0.328991	0.399854
2.34	0.0651622	1.59738	-1.7972	-1.29615	-0.364646	0.328991	0.399854
2.353	0.0640155	1.59738	-1.79731	-1.29672	-0.364646	0.328991	0.399854
2.366	0.0629238	1.59738	-1.79741	-1.29732	-0.364644	0.328991	0.399854
2.379	0.0617747	1.59739	-1.79756	-1.29806	-0.364644	0.328991	0.399854
2.392	0.0606357	1.59738	-1.79772	-1.29867	-0.364641	0.328991	0.399854
2.405	0.0593689	1.59739	-1.79787	-1.29929	-0.364641	0.328991	0.399854
2.418	0.0581634	1.59738	-1.79799	-1.29992	-0.364641	0.328991	0.399854
2.431	0.056894	1.59738	-1.79807	-1.30055	-0.364641	0.328991	0.399854
2.444	0.0556093	1.59738	-1.79815	-1.30122	-0.364644	0.328993	0.399854
2.457	0.0543911	1.59738	-1.79819	-1.30198	-0.364646	0.328993	0.399854
2.47	0.0530821	1.59738	-1.79827	-1.30278	-0.364652	0.328993	0.399854
2.483	0.051745	1.59738	-1.7984	-1.30353	-0.364662	0.328994	0.399854
2.496	0.0504309	1.59738	-1.79856	-1.30431	-0.36467	0.328994	0.399854
2.509	0.0490746	1.59738	-1.79875	-1.30512	-0.364682	0.328994	0.399854
2.522	0.0477183	1.59738	-1.79893	-1.30598	-0.364693	0.328996	0.399854
2.535	0.0463696	1.59738	-1.79909	-1.30692	-0.364713	0.328996	0.399854
2.548	0.0449149	1.59738	-1.79926	-1.3078	-0.364754	0.328996	0.399854
2.561	0.0433988	1.59738	-1.79948	-1.30867	-0.364789	0.328996	0.399854
2.574	0.0419211	1.59738	-1.7997	-1.30965	-0.364805	0.328998	0.399854
2.587	0.0404485	1.59738	-1.79993	-1.31059	-0.364823	0.329	0.399854
2.6	0.038857	1.59738	-1.80014	-1.31151	-0.364842	0.329001	0.399854
2.613	0.03719	1.59738	-1.8004	-1.31243	-0.364856	0.329003	0.399854
2.626	0.0355717	1.59738	-1.80073	-1.31341	-0.364868	0.329003	0.399854
2.639	0.0339355	1.59738	-1.80103	-1.31446	-0.364868	0.329003	0.399854
2.652	0.0322379	1.59738	-1.80136	-1.31545	-0.364868	0.329006	0.399854
2.665	0.0305032	1.59738	-1.80173	-1.31645	-0.364866	0.32901	0.399856
2.678	0.0287979	1.59739	-1.80212	-1.31754	-0.364864	0.329011	0.399856
2.691	0.027145	1.59738	-1.80245	-1.31868	-0.364864	0.32903	0.399856
2.704	0.025381	1.59738	-1.8028	-1.31986	-0.364862	0.329088	0.399856
2.717	0.0235875	1.59738	-1.80317	-1.32101	-0.364862	0.329221	0.399858
2.73	0.0218055	1.59738	-1.80349	-1.32222	-0.364862	0.329475	0.399859
2.743	0.0200274	1.59737	-1.80387	-1.3233	-0.36486	0.330044	0.399861
2.756	0.0181534	1.59738	-1.80421	-1.32423	-0.364858	0.331077	0.399878
2.769	0.0162627	1.59737	-1.80456	-1.32512	-0.364856	0.33156	0.400074
2.782	0.014335	1.59737	-1.80498	-1.32617	-0.364856	0.331638	0.400347
2.795	0.0124674	1.59737	-1.80542	-1.32722	-0.364856	0.332146	0.40056
2.808	0.0105218	1.59737	-1.80587	-1.32828	-0.364854	0.333032	0.400838
2.821	0.00860304	1.59737	-1.80627	-1.32929	-0.364854	0.334086	0.401279
2.834	0.0066958	1.59737	-1.80659	-1.33022	-0.364854	0.335551	0.401787
2.847	0.00472976	1.59736	-1.80692	-1.33118	-0.364854	0.33641	0.402182
2.86	0.00274196	1.59736	-1.80737	-1.33212	-0.364854	0.337092	0.40246
2.873	0.0007529	1.59736	-1.80779	-1.33294	-0.364852	0.33863	0.402878
2.886	-0.001309	1.59736	-1.80811	-1.33365	-0.364852	0.340767	0.40343
2.899	-0.00344123	1.59736	-1.8085	-1.33429	-0.364852	0.342586	0.404023
2.912	-0.00563994	1.59736	-1.8089	-1.33494	-0.364852	0.344096	0.404494
2.925	-0.00770697	1.59735	-1.80936	-1.33561	-0.36485	0.345422	0.405087
2.938	-0.00982004	1.59736	-1.80975	-1.3362	-0.36485	0.347511	0.406145
2.951	-0.0119101	1.59735	-1.81012	-1.3368	-0.36485	0.349553	0.406743
2.964	-0.014073	1.59734	-1.81044	-1.33746	-0.364846	0.351667	0.406975
2.977	-0.0161439	1.59732	-1.81089	-1.33829	-0.364846	0.353264	0.408071
2.99	-0.0182186	1.59733	-1.81134	-1.33908	-0.364846	0.355251	0.408833
3.003	-0.0203048	1.59732	-1.81183	-1.33985	-0.364842	0.357111	0.409399
3.016	-0.0224882	1.59732	-1.81225	-1.3405	-0.364842	0.359412	0.410716
3.029	-0.0246229	1.59731	-1.81268	-1.34117	-0.364842	0.361697	0.411357
3.042	-0.0267155	1.59731	-1.81307	-1.34177	-0.364838	0.364129	0.4121
3.055	-0.0287839	1.59731	-1.81355	-1.34237	-0.364836	0.366538	0.413329
3.068	-0.0308177	1.5973	-1.8139	-1.34287	-0.364838	0.368846	0.414638
3.081	-0.0329052	1.59729	-1.81423	-1.34338	-0.364836	0.37152	0.415332
3.094	-0.0349172	1.59728	-1.81455	-1.34394	-0.364834	0.37424	0.41638
3.107	-0.0369549	1.59729	-1.8149	-1.34459	-0.364836	0.376901	0.418049
3.12	-0.0389516	1.59728	-1.81531	-1.3452	-0.364836	0.3795	0.419366
3.133	-0.0410595	1.59728	-1.81575	-1.34585	-0.364836	0.381987	0.42007
3.146	-0.0430921	1.59728	-1.81614	-1.34629	-0.364834	0.384586	0.421528
3.159	-0.0452154	1.59728	-1.81649	-1.34669	-0.364838	0.387422	0.423372
3.172	-0.0472044	1.59727	-1.81687	-1.34705	-0.364836	0.390153	0.424086
3.185	-0.0492599	1.59727	-1.81724	-1.34746	-0.36483	0.392881	0.424846
3.198	-0.051226	1.59728	-1.81761	-1.34779	-0.36483	0.395777	0.426982
3.211	-0.0532598	1.59726	-1.81786	-1.34814	-0.36483	0.398833	0.428016
3.224	-0.0552054	1.59723	-1.81816	-1.3485	-0.364821	0.402002	0.428364
3.237	-0.0572072	1.59721	-1.81838	-1.34889	-0.364778	0.404923	0.43005
3.25	-0.0591234	1.59722	-1.81866	-1.34921	-0.364781	0.407558	0.431628
3.263	-0.0611496	1.5972	-1.81896	-1.34952	-0.364774	0.410162	0.432124
3.276	-0.0631246	1.5972	-1.81931	-1.34979	-0.364731	0.412941	0.433361
3.289	-0.0651469	1.59721	-1.81954	-1.35	-0.364721	0.41598	0.435304
3.302	-0.0670861	1.5972	-1.81983	-1.35015	-0.364719	0.419102	0.436075
3.315	-0.0690624	1.59718	-1.82005	-1.35029	-0.364686	0.422059	0.437135
3.328	-0.0709811	1.59716	-1.82024	-1.35038	-0.364684	0.424872	0.43923
3.341	-0.072983	1.59716	-1.82038	-1.35044	-0.364684	0.427663	0.440097
3.354	-0.0749286	1.59714	-1.82057	-1.35047	-0.364682	0.430498	0.441091
3.367	-0.0769585	1.59715	-1.82073	-1.35058	-0.364684	0.433276	0.442991
3.38	-0.0789412	1.59715	-1.82098	-1.35066	-0.364682	0.435957	0.443838
3.393	-0.0810223	1.59715	-1.82121	-1.3507	-0.364676	0.438734	0.444607
3.406	-0.0830676	1.59716	-1.82149	-1.35071	-0.364676	0.441299	0.446598
3.419	-0.0851525	1.59716	-1.82171	-1.35071	-0.364676	0.443593	0.447534
3.432	-0.0871506	1.59714	-1.82186	-1.3507	-0.364668	0.446058	0.447922
3.445	-0.0891434	1.5971	-1.8219	-1.3507	-0.364611	0.44851	0.449584
3.458	-0.0910648	1.59712	-1.82194	-1.35071	-0.364613	0.450971	0.451021
3.471	-0.0930781	1.59711	-1.82198	-1.35069	-0.364611	0.453506	0.451437
3.484	-0.0950493	1.59711	-1.82205	-1.35069	-0.364601	0.455744	0.4524
3.497	-0.0970907	1.59712	-1.82212	-1.35066	-0.364605	0.458166	0.454384
3.51	-0.0991207	1.59712	-1.82221	-1.35065	-0.364605	0.460353	0.455328
3.523	-0.10117	1.59713	-1.8223	-1.35065	-0.364603	0.462458	0.455757
3.536	-0.103264	1.59711	-1.82237	-1.35064	-0.364603	0.464351	0.457593
3.549	-0.105306	1.59714	-1.82241	-1.35061	-0.364611	0.466178	0.459192
3.562	-0.107402	1.59714	-1.82246	-1.35061	-0.364609	0.467912	0.459589
3.575	-0.109418	1.59714	-1.82246	-1.35051	-0.364607	0.470005	0.460728
3.588	-0.111492	1.59715	-1.82245	-1.3505	-0.364615	0.47184	0.462609
3.601	-0.113567	1.59716	-1.82246	-1.35036	-0.364621	0.473848	0.463279
3.614	-0.115712	1.59716	-1.82248	-1.3503	-0.364615	0.475418	0.463669
3.627	-0.117775	1.59717	-1.82246	-1.35006	-0.364617	0.477486	0.465529
3.64	-0.120024	1.59717	-1.82242	-1.34987	-0.364631	0.479229	0.466761
3.653	-0.122201	1.59718	-1.82241	-1.34943	-0.364625	0.481234	0.467044
3.666	-0.124512	1.59718	-1.82238	-1.34902	-0.364619	0.48286	0.467864
3.679	-0.12678	1.59719	-1.82236	-1.34843	-0.364621	0.484913	0.469701
3.692	-0.129087	1.59721	-1.82231	-1.34781	-0.364623	0.486749	0.47052
3.705	-0.131457	1.59721	-1.82226	-1.34708	-0.364617	0.488926	0.470819
3.718	-0.133786	1.59722	-1.82219	-1.3464	-0.364615	0.490778	0.472171
3.731	-0.136215	1.59726	-1.82212	-1.34568	-0.364619	0.492839	0.47386
3.744	-0.138663	1.59727	-1.82208	-1.34496	-0.364617	0.49462	0.474585
3.757	-0.141197	1.5973	-1.82201	-1.344	-0.364615	0.496769	0.475362
3.77	-0.143846	1.59732	-1.82193	-1.34288	-0.364617	0.498929	0.477257
3.783	-0.14644	1.59739	-1.82185	-1.3416	-0.364619	0.501329	0.478704
3.796	-0.149071	1.59749	-1.82175	-1.34028	-0.364617	0.503519	0.479198
3.809	-0.15174	1.59757	-1.82155	-1.33881	-0.364615	0.505951	0.480712
3.822	-0.154375	1.59769	-1.82131	-1.33739	-0.364619	0.508428	0.482646
3.835	-0.157081	1.59785	-1.8211	-1.33598	-0.364619	0.510691	0.483282
3.848	-0.159902	1.59798	-1.82087	-1.33445	-0.364615	0.51327	0.484337
3.861	-0.162693	1.59817	-1.82065	-1.3329	-0.364619	0.515717	0.486456
3.874	-0.165523	1.59844	-1.82047	-1.33112	-0.364619	0.518254	0.4873
3.887	-0.168367	1.59866	-1.82031	-1.3292	-0.364613	0.520994	0.488145
3.9	-0.171195	1.5989	-1.82006	-1.32721	-0.364613	0.523807	0.490209
3.913	-0.174003	1.59916	-1.81977	-1.32524	-0.364613	0.526588	0.491169
3.926	-0.176853	1.59938	-1.81946	-1.32324	-0.364611	0.529358	0.492288
3.939	-0.179788	1.59958	-1.81912	-1.32132	-0.364613	0.531993	0.494388
3.952	-0.182725	1.59978	-1.8188	-1.31937	-0.364613	0.534544	0.495513
3.965	-0.185649	1.6	-1.8184	-1.31724	-0.364615	0.537343	0.497141
3.978	-0.188544	1.60019	-1.81803	-1.31489	-0.364617	0.540362	0.49876
3.991	-0.191461	1.60047	-1.81777	-1.31255	-0.364615	0.54332	0.49981
4.004	-0.194432	1.60087	-1.81763	-1.31016	-0.364615	0.546124	0.501756
4.017	-0.197348	1.60132	-1.81749	-1.30773	-0.364613	0.548937	0.502973
4.03	-0.200367	1.6017	-1.81727	-1.3054	-0.364609	0.551849	0.50446
4.043	-0.203401	1.60204	-1.8169	-1.30308	-0.364611	0.554771	0.506392
4.056	-0.206393	1.60233	-1.81653	-1.30065	-0.364611	0.557684	0.507296
4.069	-0.209381	1.6026	-1.81616	-1.29806	-0.364609	0.560654	0.509051
4.082	-0.212382	1.60291	-1.81585	-1.29533	-0.364609	0.563601	0.510486
4.095	-0.215359	1.60314	-1.8156	-1.29262	-0.364607	0.566489	0.511434
4.108	-0.218381	1.60335	-1.81523	-1.28988	-0.364607	0.569514	0.513348
4.121	-0.221333	1.60356	-1.81478	-1.28706	-0.364607	0.572754	0.514644
4.134	-0.224279	1.60371	-1.8143	-1.28419	-0.364605	0.576081	0.515927
4.147	-0.22724	1.60384	-1.8138	-1.28136	-0.364609	0.579325	0.51787
4.16	-0.230181	1.604	-1.8134	-1.27854	-0.364609	0.582318	0.518806
4.173	-0.233073	1.60419	-1.81304	-1.27566	-0.364609	0.585058	0.520275
4.186	-0.235968	1.60435	-1.81267	-1.27279	-0.364611	0.587987	0.521916
4.199	-0.238893	1.60447	-1.81228	-1.26992	-0.364609	0.591053	0.522583
4.212	-0.241785	1.60459	-1.8118	-1.26704	-0.364607	0.594332	0.52404
4.225	-0.244632	1.60471	-1.8113	-1.26407	-0.364611	0.597519	0.525744
4.238	-0.247455	1.60479	-1.8108	-1.26107	-0.364609	0.600538	0.526324
4.251	-0.250271	1.60485	-1.81029	-1.25809	-0.364607	0.603574	0.527301
4.264	-0.253056	1.60498	-1.80985	-1.25514	-0.364609	0.606524	0.529235
4.277	-0.255764	1.60515	-1.80951	-1.25219	-0.364607	0.60944	0.529995
4.29	-0.258551	1.60523	-1.80908	-1.24924	-0.364603	0.612481	0.530663
4.303	-0.261325	1.60527	-1.80854	-1.24624	-0.364601	0.615712	0.532666
4.316	-0.26403	1.60534	-1.80801	-1.24322	-0.364605	0.618881	0.533919
4.329	-0.266717	1.6054	-1.80754	-1.24028	-0.364601	0.621709	0.534354
4.342	-0.269361	1.60542	-1.80697	-1.23738	-0.364603	0.624281	0.536119
4.355	-0.271925	1.60545	-1.80637	-1.23451	-0.364609	0.627181	0.537786
4.368	-0.274506	1.60554	-1.8059	-1.2316	-0.364607	0.630202	0.538229
4.381	-0.277124	1.60562	-1.80547	-1.22873	-0.364605	0.633195	0.539446
4.394	-0.279671	1.60566	-1.80497	-1.22584	-0.364607	0.636048	0.541275
4.407	-0.282261	1.60568	-1.80443	-1.223	-0.364607	0.638841	0.541901
4.42	-0.284764	1.60571	-1.80393	-1.22021	-0.364603	0.641466	0.542431
4.433	-0.287179	1.60576	-1.80335	-1.21738	-0.364605	0.64406	0.544387
4.446	-0.289639	1.60577	-1.80269	-1.21458	-0.364607	0.647026	0.545455
4.459	-0.292042	1.60578	-1.80209	-1.2117	-0.364605	0.65016	0.54572
4.472	-0.294409	1.60584	-1.80152	-1.20876	-0.364601	0.653384	0.546789
4.485	-0.296846	1.60586	-1.8009	-1.20582	-0.364603	0.656528	0.548538
4.498	-0.299213	1.60586	-1.80024	-1.20289	-0.364603	0.659543	0.549146
4.511	-0.301647	1.60586	-1.79958	-1.19996	-0.364592	0.662419	0.549717
4.524	-0.304023	1.60586	-1.7989	-1.19706	-0.364592	0.665231	0.551374
4.537	-0.306299	1.60587	-1.7982	-1.19412	-0.364594	0.668386	0.552816
4.55	-0.308652	1.60588	-1.79747	-1.1911	-0.364594	0.671798	0.55329
4.563	-0.310947	1.60587	-1.79667	-1.18795	-0.364588	0.675449	0.554294
4.576	-0.313294	1.60588	-1.79589	-1.18482	-0.36459	0.678933	0.556245
4.589	-0.315664	1.60588	-1.79513	-1.18179	-0.36459	0.682023	0.557276
4.602	-0.317983	1.60588	-1.79437	-1.17881	-0.364588	0.684888	0.557757
4.615	-0.320405	1.60588	-1.79363	-1.17587	-0.364588	0.687977	0.559453
4.628	-0.322744	1.6059	-1.79283	-1.1727	-0.36459	0.691457	0.56104
4.641	-0.325081	1.60589	-1.792	-1.1694	-0.364588	0.69519	0.561486
4.654	-0.327391	1.60588	-1.79116	-1.16611	-0.36457	0.698902	0.562156
4.667	-0.329659	1.60588	-1.79029	-1.1629	-0.364564	0.70228	0.564121
4.68	-0.331989	1.60588	-1.78947	-1.15981	-0.364562	0.705406	0.565072
4.693	-0.334249	1.60588	-1.78866	-1.15671	-0.364543	0.708718	0.565401
4.706	-0.336582	1.60588	-1.7878	-1.15351	-0.364331	0.712442	0.566569
4.719	-0.338887	1.60588	-1.78689	-1.15022	-0.36423	0.716224	0.568113
4.732	-0.341193	1.60588	-1.78608	-1.14691	-0.364224	0.719696	0.568583
4.745	-0.343525	1.60587	-1.78526	-1.14363	-0.363946	0.722887	0.569325
4.758	-0.345726	1.60587	-1.78451	-1.14032	-0.363433	0.72634	0.570405
4.771	-0.348029	1.60587	-1.78373	-1.13701	-0.363042	0.730159	0.571181
4.784	-0.350283	1.60587	-1.7829	-1.13361	-0.362782	0.734064	0.571685
4.797	-0.35255	1.60587	-1.78218	-1.13017	-0.362267	0.737727	0.572645
4.81	-0.354863	1.60587	-1.78152	-1.12679	-0.361647	0.740999	0.573267
4.823	-0.357143	1.60587	-1.78085	-1.12348	-0.36113	0.744207	0.573695
4.836	-0.359508	1.60587	-1.78022	-1.12022	-0.360557	0.747677	0.574873
4.849	-0.361802	1.60587	-1.77947	-1.11686	-0.360373	0.751432	0.575785
4.862	-0.364098	1.60586	-1.77863	-1.11339	-0.360232	0.755124	0.576402
4.875	-0.366341	1.60585	-1.77796	-1.10994	-0.359663	0.758667	0.577421
4.888	-0.368567	1.60585	-1.77724	-1.10646	-0.358941	0.762015	0.57776
4.901	-0.370819	1.60585	-1.77659	-1.10305	-0.358111	0.765511	0.57821
4.914	-0.373045	1.60585	-1.77602	-1.09961	-0.357462	0.769197	0.579025
4.927	-0.375366	1.60585	-1.77539	-1.09623	-0.357045	0.77277	0.579352
4.94	-0.377607	1.60582	-1.77481	-1.09275	-0.35646	0.776111	0.579913
4.953	-0.379884	1.60584	-1.7744	-1.0893	-0.35556	0.779296	0.580445
4.966	-0.382129	1.60584	-1.77393	-1.08585	-0.354644	0.782512	0.580519
4.979	-0.384354	1.60583	-1.77343	-1.08238	-0.353787	0.786044	0.580727
4.992	-0.386599	1.60584	-1.77302	-1.07892	-0.352758	0.789719	0.581073
5.005	-0.388761	1.60584	-1.77264	-1.0754	-0.351705	0.793151	0.581114
5.018	-0.390966	1.60583	-1.77229	-1.07189	-0.35074	0.796206	0.581184
5.031	-0.393121	1.60583	-1.77202	-1.06838	-0.349651	0.7992	0.581344
5.044	-0.395341	1.60583	-1.77168	-1.06499	-0.348621	0.802386	0.581377
5.057	-0.397554	1.60583	-1.77127	-1.06165	-0.347956	0.805699	0.581619
5.07	-0.399785	1.60583	-1.7709	-1.05831	-0.347301	0.808929	0.582287
5.083	-0.401965	1.60583	-1.77056	-1.05491	-0.346563	0.811924	0.582805
5.096	-0.404062	1.60583	-1.77026	-1.0514	-0.345698	0.814854	0.582866
5.109	-0.406203	1.60583	-1.77	-1.04796	-0.34463	0.817893	0.582899
5.122	-0.408293	1.60583	-1.76979	-1.04457	-0.343401	0.820923	0.582911
5.135	-0.410416	1.60583	-1.76968	-1.04132	-0.342237	0.823776	0.582914
5.148	-0.412485	1.60582	-1.76962	-1.03813	-0.341491	0.826413	0.582931
5.161	-0.4146	1.60583	-1.76956	-1.035	-0.340417	0.828951	0.582976
5.174	-0.416633	1.60583	-1.76953	-1.03166	-0.338911	0.83168	0.582982
5.187	-0.41869	1.60583	-1.76947	-1.02835	-0.337684	0.834433	0.582982
5.2	-0.420735	1.60583	-1.7694	-1.02515	-0.336752	0.836941	0.582982
5.213	-0.42276	1.60583	-1.76938	-1.02199	-0.335974	0.839346	0.582984
5.226	-0.424722	1.60583	-1.76937	-1.01895	-0.335177	0.84156	0.582989
5.239	-0.426649	1.60583	-1.76935	-1.01593	-0.333976	0.843858	0.582991
5.252	-0.42852	1.60583	-1.76935	-1.01287	-0.332624	0.846384	0.582989
5.265	-0.430411	1.60583	-1.76934	-1.00989	-0.331786	0.848825	0.582991
5.278	-0.432334	1.60583	-1.76933	-1.00689	-0.331105	0.851151	0.582991
5.291	-0.434255	1.60581	-1.76933	-1.00399	-0.330268	0.853145	0.582993
5.304	-0.436117	1.6058	-1.76933	-1.00114	-0.329483	0.855039	0.582993
5.317	-0.437957	1.60581	-1.76933	-0.998433	-0.328767	0.856762	0.582996
5.33	-0.439742	1.60581	-1.76932	-0.995602	-0.327877	0.858758	0.582998
5.343	-0.441491	1.6058	-1.76933	-0.992865	-0.326965	0.860602	0.582998
5.356	-0.44319	1.60579	-1.76933	-0.9901	-0.326359	0.862738	0.582999
5.369	-0.444868	1.60579	-1.76933	-0.987537	-0.325781	0.864603	0.583003
5.382	-0.446489	1.60578	-1.76933	-0.98489	-0.325044	0.866629	0.583006
5.395	-0.448124	1.60575	-1.76934	-0.982389	-0.32431	0.868064	0.583008
5.408	-0.449787	1.60573	-1.76934	-0.979811	-0.323758	0.869888	0.583011
5.421	-0.451404	1.60572	-1.76934	-0.977305	-0.323292	0.871396	0.583028
5.434	-0.452964	1.6057	-1.76934	-0.974852	-0.322815	0.873075	0.583059
5.447	-0.454511	1.60568	-1.76935	-0.9724	-0.322056	0.874645	0.583083
5.46	-0.455988	1.60564	-1.76936	-0.970116	-0.321428	0.875829	0.583086
5.473	-0.457483	1.60561	-1.76936	-0.967889	-0.320898	0.877401	0.583093
5.486	-0.45892	1.60557	-1.76937	-0.965749	-0.320557	0.878574	0.583136
5.499	-0.460312	1.60551	-1.76937	-0.963781	-0.320262	0.879283	0.583288
5.512	-0.461626	1.60544	-1.76937	-0.96173	-0.319845	0.880667	0.583449
5.525	-0.462943	1.6054	-1.76937	-0.959722	-0.319399	0.882185	0.583472
5.538	-0.464221	1.6053	-1.76937	-0.957789	-0.318882	0.882957	0.583483
5.551	-0.465425	1.60522	-1.76937	-0.955874	-0.318452	0.883883	0.583487
5.564	-0.466683	1.60515	-1.76937	-0.953837	-0.318101	0.885773	0.583504
5.577	-0.467856	1.60507	-1.76938	-0.951863	-0.317693	0.886941	0.583533
5.59	-0.469136	1.60496	-1.76938	-0.949902	-0.317311	0.887815	0.583548
5.603	-0.470361	1.60486	-1.76938	-0.947921	-0.317031	0.889274	0.583558
5.616	-0.471528	1.60476	-1.76938	-0.946052	-0.316673	0.890339	0.583586
5.629	-0.472766	1.60461	-1.76938	-0.94435	-0.31635	0.890813	0.58361
5.642	-0.473903	1.60448	-1.76939	-0.942598	-0.316016	0.89159	0.583649
5.655	-0.475033	1.60439	-1.76939	-0.940813	-0.315695	0.893094	0.583657
5.668	-0.476123	1.60425	-1.76939	-0.939153	-0.31538	0.893879	0.583659
5.681	-0.477192	1.60409	-1.76939	-0.937551	-0.31511	0.894103	0.583663
5.694	-0.478166	1.60396	-1.76939	-0.936095	-0.314889	0.894687	0.583668
5.707	-0.479075	1.60384	-1.76939	-0.934616	-0.314617	0.895972	0.583676
5.72	-0.480037	1.60375	-1.76939	-0.933128	-0.314268	0.897106	0.583676
5.733	-0.480976	1.6036	-1.76939	-0.931719	-0.314079	0.897324	0.583676
5.746	-0.481909	1.60345	-1.76939	-0.930409	-0.313912	0.897547	0.583681
5.759	-0.482694	1.60328	-1.76939	-0.929237	-0.313705	0.898111	0.583691
5.772	-0.483461	1.60315	-1.76939	-0.928167	-0.313407	0.898786	0.58369
5.785	-0.484315	1.60304	-1.76939	-0.926924	-0.313106	0.899574	0.583686
5.798	-0.485155	1.6029	-1.76939	-0.925542	-0.31294	0.900654	0.583685
5.811	-0.485942	1.60276	-1.76939	-0.92432	-0.312779	0.901171	0.583685
5.824	-0.486694	1.60253	-1.76939	-0.923051	-0.312568	0.901394	0.583683
5.837	-0.487445	1.60239	-1.76939	-0.921863	-0.312235	0.901807	0.583681
5.85	-0.488175	1.60225	-1.76939	-0.920765	-0.311942	0.902526	0.58368
5.863	-0.48889	1.60211	-1.76939	-0.919586	-0.311627	0.903673	0.583678
5.876	-0.489644	1.60193	-1.76939	-0.918274	-0.311414	0.904996	0.583676
5.889	-0.490401	1.60172	-1.76939	-0.917029	-0.311363	0.905256	0.583676
5.902	-0.491142	1.60155	-1.76939	-0.915809	-0.311275	0.905423	0.583676
5.915	-0.491887	1.60145	-1.76939	-0.914646	-0.311159	0.906066	0.583676
5.928	-0.492578	1.60141	-1.76939	-0.913557	-0.311079	0.907025	0.583676
5.941	-0.493271	1.60137	-1.76939	-0.912423	-0.310913	0.908334	0.583676
5.954	-0.494024	1.60129	-1.76939	-0.911227	-0.310727	0.908989	0.583676
5.967	-0.494751	1.60115	-1.76939	-0.910077	-0.310658	0.90902	0.583676
5.98	-0.495389	1.60106	-1.76939	-0.909079	-0.310531	0.909289	0.583676
5.993	-0.496002	1.60096	-1.76939	-0.908129	-0.310416	0.909942	0.583674
6.006	-0.496666	1.60086	-1.76939	-0.907153	-0.310275	0.910676	0.583674
6.019	-0.497278	1.60072	-1.76939	-0.906193	-0.310183	0.911362	0.583674
6.032	-0.497864	1.60059	-1.76939	-0.905208	-0.310052	0.91213	0.583674
6.045	-0.498444	1.60044	-1.76939	-0.904191	-0.309887	0.912461	0.583674
6.058	-0.499067	1.6003	-1.76939	-0.903203	-0.309764	0.912519	0.583674
6.071	-0.499614	1.60022	-1.76939	-0.902373	-0.309717	0.912812	0.583674
6.084	-0.500079	1.60014	-1.76939	-0.901687	-0.30969	0.913298	0.583674
6.097	-0.500538	1.60006	-1.76939	-0.901106	-0.309621	0.913528	0.583674
6.11	-0.501003	1.59993	-1.76939	-0.900569	-0.309557	0.913526	0.583674
6.123	-0.501449	1.59983	-1.76939	-0.900012	-0.309527	0.913538	0.583674
6.136	-0.501858	1.59972	-1.76939	-0.899458	-0.309504	0.913635	0.583674
6.149	-0.502237	1.59963	-1.76939	-0.898943	-0.309469	0.913852	0.583674
6.162	-0.502554	1.59956	-1.76939	-0.898482	-0.309418	0.914046	0.583674
6.175	-0.502872	1.59947	-1.76939	-0.898079	-0.309361	0.914113	0.583674
6.188	-0.503179	1.59938	-1.76939	-0.897683	-0.309336	0.914116	0.583674
6.201	-0.503492	1.59929	-1.76939	-0.897285	-0.30932	0.914126	0.583674
6.214	-0.503822	1.59921	-1.76939	-0.896858	-0.309308	0.914176	0.583674
6.227	-0.504167	1.59914	-1.76939	-0.896403	-0.309295	0.914303	0.583674
6.24	-0.504531	1.59907	-1.76939	-0.895921	-0.309281	0.914479	0.583674
6.253	-0.504882	1.59897	-1.76939	-0.895443	-0.309273	0.914597	0.583673
6.266	-0.505228	1.59889	-1.76939	-0.895003	-0.309267	0.914615	0.583673
6.279	-0.505555	1.59878	-1.76939	-0.894579	-0.309265	0.914624	0.583673
6.292	-0.505856	1.59872	-1.76939	-0.894217	-0.309263	0.914638	0.583673
6.305	-0.506127	1.59866	-1.76939	-0.893898	-0.309261	0.914646	0.583673
6.318	-0.50639	1.5986	-1.76939	-0.893596	-0.309261	0.914646	0.583673
6.331	-0.506657	1.59854	-1.76939	-0.893284	-0.309261	0.914646	0.583673
6.344	-0.506906	1.59847	-1.76939	-0.892956	-0.309261	0.914646	0.583673
6.357	-0.507188	1.5984	-1.76939	-0.892594	-0.309261	0.914648	0.583673
6.37	-0.507508	1.59833	-1.76939	-0.892167	-0.309263	0.914651	0.583673
6.383	-0.507843	1.59827	-1.76939	-0.891743	-0.309263	0.914665	0.583673
6.396	-0.508173	1.5982	-1.76939	-0.891363	-0.309265	0.914687	0.583673
6.409	-0.50848	1.59813	-1.76939	-0.891025	-0.309267	0.91469	0.583673
6.422	-0.508783	1.59807	-1.76939	-0.890701	-0.309269	0.91469	0.583673
6.435	-0.509073	1.598	-1.76939	-0.890358	-0.309271	0.914689	0.583673
6.448	-0.509362	1.59792	-1.76939	-0.890033	-0.309271	0.914689	0.583673
6.461	-0.509641	1.59785	-1.76939	-0.889679	-0.309273	0.914689	0.583673
6.474	-0.509931	1.59777	-1.76939	-0.889289	-0.309273	0.91469	0.583673
6.487	-0.510239	1.59771	-1.76939	-0.888888	-0.309273	0.91469	0.583673
6.5	-0.510543	1.59764	-1.76939	-0.888512	-0.309275	0.914692	0.583673
6.513	-0.510849	1.59757	-1.76939	-0.888164	-0.309275	0.914692	0.583673
6.526	-0.511164	1.5975	-1.76939	-0.887816	-0.309275	0.914692	0.583673
6.539	-0.511494	1.59745	-1.76939	-0.887463	-0.309277	0.914692	0.583673
6.552	-0.511838	1.59741	-1.76939	-0.887085	-0.309277	0.914692	0.583673
6.565	-0.512174	1.59736	-1.76939	-0.886712	-0.309279	0.914692	0.583673
6.578	-0.512502	1.5973	-1.76939	-0.886365	-0.309279	0.914692	0.583673
6.591	-0.51282	1.59724	-1.76939	-0.886014	-0.309279	0.914692	0.583673
6.604	-0.513141	1.59719	-1.76939	-0.885672	-0.309281	0.914692	0.583673
6.617	-0.513442	1.59714	-1.76939	-0.88531	-0.309281	0.914692	0.583673
6.63	-0.513757	1.59708	-1.76939	-0.884961	-0.309281	0.914692	0.583673
6.643	-0.514077	1.59702	-1.76939	-0.88459	-0.309281	0.914694	0.583673
6.656	-0.514401	1.59695	-1.76939	-0.884225	-0.309283	0.914694	0.583673
6.669	-0.514722	1.59688	-1.76939	-0.883882	-0.309283	0.914694	0.583673
6.682	-0.515038	1.59681	-1.76939	-0.883577	-0.309283	0.914694	0.583673
6.695	-0.515354	1.59675	-1.76939	-0.88329	-0.309283	0.914692	0.583673
6.708	-0.515665	1.59668	-1.76939	-0.882991	-0.309283	0.914692	0.583673
6.721	-0.515993	1.59663	-1.76939	-0.882678	-0.309285	0.914692	0.583673
6.734	-0.516317	1.59656	-1.7694	-0.882323	-0.309285	0.914692	0.583673
6.747	-0.516632	1.5965	-1.7694	-0.881985	-0.309285	0.914694	0.583673
6.76	-0.516936	1.59644	-1.7694	-0.881673	-0.309285	0.914694	0.583671
6.773	-0.517243	1.59637	-1.7694	-0.881364	-0.309287	0.914694	0.583673
6.786	-0.517547	1.59631	-1.7694	-0.881049	-0.309287	0.914694	0.583673
6.799	-0.517842	1.59624	-1.7694	-0.880739	-0.309287	0.914694	0.583673
6.812	-0.518126	1.59618	-1.7694	-0.880447	-0.309287	0.914695	0.583671
6.825	-0.518386	1.59612	-1.7694	-0.88018	-0.309287	0.914695	0.583673
6.838	-0.518623	1.59606	-1.7694	-0.879938	-0.309287	0.914697	0.583673
6.851	-0.518848	1.59601	-1.7694	-0.879729	-0.309287	0.914697	0.583673
6.864	-0.519064	1.59597	-1.7694	-0.87954	-0.309287	0.914697	0.583673
6.877	-0.519273	1.59592	-1.7694	-0.879353	-0.309287	0.914697	0.583673
6.89	-0.519467	1.59588	-1.7694	-0.879179	-0.309287	0.914697	0.583673
6.903	-0.519654	1.59584	-1.7694	-0.879001	-0.309287	0.914697	0.583673
6.916	-0.51984	1.59579	-1.7694	-0.878821	-0.309287	0.914697	0.583673
