1.548	-1.33996	1.16945	1.11694	-1.75707	-1.00251	0.881838	0.673854
1.566	-1.33996	1.16945	1.11694	-1.75707	-1.00251	0.881838	0.673854
1.584	-1.33996	1.16945	1.11694	-1.75707	-1.00251	0.881838	0.673854
1.602	-1.33996	1.16945	1.11694	-1.75707	-1.00251	0.881838	0.673854
1.62	-1.33996	1.16945	1.11694	-1.75707	-1.00251	0.881838	0.673854
1.638	-1.33996	1.16945	1.11694	-1.75707	-1.00251	0.881838	0.673854
1.656	-1.33996	1.16945	1.11694	-1.75707	-1.00251	0.881836	0.673854
1.674	-1.33996	1.16945	1.11694	-1.75706	-1.00251	0.881836	0.673854
1.692	-1.33996	1.16945	1.11694	-1.75706	-1.00251	0.881838	0.673854
1.71	-1.33996	1.16945	1.11694	-1.75706	-1.00251	0.881838	0.673854
1.728	-1.33996	1.16945	1.11694	-1.75706	-1.00251	0.881838	0.673854
1.746	-1.33996	1.16945	1.11694	-1.75706	-1.00251	0.881838	0.673854
1.764	-1.33996	1.16945	1.11694	-1.75706	-1.00251	0.881838	0.673854
1.782	-1.33996	1.16945	1.11694	-1.75706	-1.00251	0.881838	0.673854
1.8	-1.33996	1.16945	1.11694	-1.75706	-1.00251	0.881838	0.673854
1.818	-1.33996	1.16945	1.11694	-1.75706	-1.00251	0.881838	0.673854
1.836	-1.33996	1.16945	1.11694	-1.75706	-1.00251	0.881838	0.673854
1.854	-1.33996	1.16945	1.11694	-1.75706	-1.00251	0.881836	0.673854
1.872	-1.33996	1.16945	1.11694	-1.75706	-1.00251	0.881836	0.673854
1.89	-1.33996	1.16945	1.11694	-1.75706	-1.00251	0.881836	0.673854
1.908	-1.33996	1.16945	1.11694	-1.75706	-1.00251	0.881836	0.673854
1.926	-1.33996	1.16945	1.11694	-1.75706	-1.00251	0.881838	0.673854
1.944	-1.33996	1.16945	1.11694	-1.75706	-1.00251	0.881838	0.673854
1.962	-1.33996	1.16945	1.11694	-1.75706	-1.00251	0.881838	0.673854
1.98	-1.33996	1.16945	1.11694	-1.75706	-1.00251	0.881838	0.673854
1.998	-1.33996	1.16945	1.11694	-1.75706	-1.00251	0.881838	0.673854
2.016	-1.33996	1.16945	1.11694	-1.75707	-1.00251	0.881838	0.673854
2.034	-1.33996	1.16945	1.11694	-1.75707	-1.00251	0.881838	0.673854
2.052	-1.33996	1.16945	1.11694	-1.75706	-1.00251	0.881838	0.673854
2.07	-1.33996	1.16945	1.11694	-1.75706	-1.00251	0.881838	0.673854
2.088	-1.33996	1.16945	1.11694	-1.75706	-1.00251	0.881836	0.673854
2.106	-1.33996	1.16945	1.11694	-1.75706	-1.00251	0.881836	0.673854
2.124	-1.33996	1.16945	1.11694	-1.75706	-1.00251	0.881836	0.673852
2.142	-1.33996	1.16945	1.11694	-1.75706	-1.00251	0.881836	0.673854
2.16	-1.33996	1.16945	1.11694	-1.75706	-1.00251	0.881838	0.673854
2.178	-1.33996	1.16945	1.11694	-1.75706	-1.00251	0.881838	0.673854
2.196	-1.33996	1.16945	1.11694	-1.75706	-1.00251	0.881838	0.673854
2.214	-1.33996	1.16945	1.11694	-1.75706	-1.00251	0.881838	0.673854
2.232	-1.33996	1.16945	1.11694	-1.75707	-1.00251	0.881838	0.673855
2.25	-1.33996	1.16945	1.11694	-1.75707	-1.00251	0.881838	0.673854
2.268	-1.33996	1.16945	1.11694	-1.75707	-1.00251	0.881838	0.673854
2.286	-1.33996	1.16945	1.11694	-1.75707	-1.00251	0.881838	0.673854
2.304	-1.33996	1.16945	1.11694	-1.75707	-1.00251	0.881838	0.673854
2.322	-1.33996	1.16945	1.11694	-1.75707	-1.00251	0.881838	0.673852
2.34	-1.33996	1.16945	1.11694	-1.75707	-1.00251	0.881838	0.673854
2.358	-1.33996	1.16945	1.11694	-1.75707	-1.00251	0.881838	0.673854
2.376	-1.33996	1.16945	1.11694	-1.75707	-1.00251	0.881838	0.673854
2.394	-1.33996	1.16945	1.11694	-1.75707	-1.00251	0.881838	0.673854
2.412	-1.33996	1.16945	1.11694	-1.75707	-1.00251	0.881838	0.673854
2.43	-1.33996	1.16945	1.11694	-1.75707	-1.00251	0.881838	0.673855
2.448	-1.33996	1.16945	1.11694	-1.75707	-1.00251	0.881838	0.673855
2.466	-1.33996	1.16945	1.11694	-1.75707	-1.00251	0.881838	0.673855
2.484	-1.33996	1.16945	1.11694	-1.75707	-1.00251	0.881838	0.673854
2.502	-1.33996	1.16945	1.11694	-1.75707	-1.00251	0.881838	0.673854
2.52	-1.33996	1.16945	1.11694	-1.75707	-1.00251	0.881838	0.673854
2.538	-1.33996	1.16945	1.11694	-1.75707	-1.00251	0.881838	0.673854
2.556	-1.33996	1.16945	1.11694	-1.75707	-1.00251	0.881838	0.673854
2.574	-1.33996	1.16945	1.11694	-1.75707	-1.00251	0.881838	0.673854
2.592	-1.33996	1.16945	1.11694	-1.75707	-1.00251	0.881838	0.673854
2.61	-1.33996	1.16945	1.11694	-1.75707	-1.00251	0.881838	0.673854
2.628	-1.33996	1.16945	1.11694	-1.75707	-1.00251	0.881838	0.673855
2.646	-1.33996	1.16945	1.11694	-1.75707	-1.00251	0.881838	0.673855
2.664	-1.33996	1.16945	1.11694	-1.75707	-1.00251	0.881836	0.673854
2.682	-1.33996	1.16945	1.11694	-1.75707	-1.00251	0.881836	0.673854
2.7	-1.33996	1.16945	1.11694	-1.75707	-1.00251	0.881838	0.673854
2.718	-1.33996	1.16945	1.11694	-1.75707	-1.00251	0.881838	0.673854
2.736	-1.33996	1.16945	1.11694	-1.75707	-1.00251	0.881838	0.673854
2.754	-1.33996	1.16945	1.11694	-1.75707	-1.00251	0.881836	0.673854
2.772	-1.33996	1.16945	1.11694	-1.75707	-1.00251	0.881836	0.673854
2.79	-1.33996	1.16945	1.11694	-1.75707	-1.00251	0.881836	0.673854
2.808	-1.33996	1.16945	1.11694	-1.75707	-1.00251	0.881836	0.673854
2.826	-1.33996	1.16945	1.11694	-1.75707	-1.00251	0.881836	0.673854
2.844	-1.33996	1.16945	1.11694	-1.75707	-1.00251	0.881836	0.673854
2.862	-1.33996	1.16945	1.11694	-1.75707	-1.00251	0.881836	0.673854
2.88	-1.33996	1.16945	1.11694	-1.75707	-1.00251	0.881836	0.673854
2.898	-1.33996	1.16945	1.11694	-1.75707	-1.00251	0.881838	0.673854
2.916	-1.33996	1.16945	1.11694	-1.75707	-1.00251	0.881838	0.673854
2.934	-1.33996	1.16945	1.11694	-1.75707	-1.00251	0.881838	0.673854
2.952	-1.33996	1.16945	1.11694	-1.75707	-1.00251	0.881836	0.673854
2.97	-1.33996	1.16945	1.11694	-1.75707	-1.00251	0.881836	0.673854
2.988	-1.33996	1.16945	1.11694	-1.75707	-1.00251	0.881836	0.673854
3.006	-1.33996	1.16945	1.11694	-1.75707	-1.00251	0.881836	0.673854
3.024	-1.33996	1.16945	1.11694	-1.75707	-1.00251	0.881836	0.673854
3.042	-1.33996	1.16945	1.11694	-1.75707	-1.00251	0.881836	0.673854
3.06	-1.33996	1.16945	1.11694	-1.75707	-1.00251	0.881836	0.673854
3.078	-1.33996	1.16945	1.11694	-1.75707	-1.00251	0.881838	0.673854
3.096	-1.33996	1.16945	1.11694	-1.75707	-1.00251	0.881838	0.673854
3.114	-1.33996	1.16945	1.11694	-1.75707	-1.00251	0.881838	0.673854
3.132	-1.33996	1.16945	1.11694	-1.75707	-1.00251	0.881838	0.673855
3.15	-1.33996	1.16945	1.11694	-1.75707	-1.00251	0.881838	0.673855
3.168	-1.33996	1.16945	1.11694	-1.75707	-1.00251	0.881836	0.673854
3.186	-1.33996	1.16945	1.11694	-1.75707	-1.00251	0.881836	0.673854
3.204	-1.33996	1.16945	1.11694	-1.75707	-1.00251	0.881836	0.673854
3.222	-1.33996	1.16945	1.11694	-1.75707	-1.00251	0.881836	0.673854
3.24	-1.33996	1.16945	1.11694	-1.75707	-1.00251	0.881836	0.673854
3.258	-1.33996	1.16945	1.11694	-1.75706	-1.00251	0.881836	0.673854
3.276	-1.33996	1.16945	1.11694	-1.75706	-1.00251	0.881836	0.673854
3.294	-1.33996	1.16945	1.11694	-1.75706	-1.00251	0.881836	0.673855
3.312	-1.33996	1.16945	1.11694	-1.75706	-1.00251	0.881834	0.673855
3.33	-1.33996	1.16945	1.11694	-1.75706	-1.00251	0.881832	0.673855
3.348	-1.33996	1.16945	1.11694	-1.75707	-1.00251	0.881832	0.673855
3.366	-1.33996	1.16945	1.11694	-1.75707	-1.00251	0.881832	0.673855
3.384	-1.33996	1.16945	1.11694	-1.75707	-1.00251	0.881832	0.673854
3.402	-1.33996	1.16945	1.11694	-1.75707	-1.00251	0.881834	0.673854
3.42	-1.33996	1.16945	1.11694	-1.75707	-1.00251	0.881834	0.673854
3.438	-1.33996	1.16945	1.11694	-1.75708	-1.00251	0.881834	0.673854
3.456	-1.33995	1.16945	1.11694	-1.75708	-1.00251	0.881834	0.673852
3.474	-1.33995	1.16945	1.11694	-1.75708	-1.00251	0.881834	0.673854
3.492	-1.33995	1.16945	1.11694	-1.75708	-1.00251	0.881834	0.673854
3.51	-1.33995	1.16945	1.11694	-1.75708	-1.00251	0.881834	0.673854
3.528	-1.33995	1.16945	1.11694	-1.75709	-1.00251	0.881834	0.673855
3.546	-1.33995	1.16945	1.11694	-1.75709	-1.00251	0.881834	0.673854
3.564	-1.33994	1.16945	1.11695	-1.75709	-1.00251	0.881834	0.673854
3.582	-1.33994	1.16945	1.11695	-1.75709	-1.00251	0.881834	0.673854
3.6	-1.33993	1.16945	1.11696	-1.75709	-1.0025	0.881836	0.673852
3.618	-1.33993	1.16945	1.11696	-1.75709	-1.0025	0.881836	0.673852
3.636	-1.33993	1.16945	1.11696	-1.75709	-1.0025	0.881834	0.673852
3.654	-1.33993	1.16945	1.11696	-1.75709	-1.00251	0.881834	0.673854
3.672	-1.3399	1.16945	1.11696	-1.75709	-1.0025	0.881834	0.673854
3.69	-1.33986	1.16945	1.11696	-1.75709	-1.00251	0.881834	0.673854
3.708	-1.33981	1.16944	1.11697	-1.75709	-1.0025	0.881832	0.673854
3.726	-1.33975	1.16944	1.11697	-1.75709	-1.00251	0.881831	0.673855
3.744	-1.33966	1.16944	1.11697	-1.75709	-1.00251	0.881829	0.673855
3.762	-1.33953	1.16943	1.11697	-1.75709	-1.00251	0.881829	0.673855
3.78	-1.33938	1.16943	1.11697	-1.75709	-1.0025	0.881827	0.673854
3.798	-1.33918	1.16942	1.11697	-1.75709	-1.0025	0.881824	0.673854
3.816	-1.33918	1.16942	1.11697	-1.75709	-1.0025	0.881824	0.673854
3.834	-1.33895	1.16942	1.11697	-1.75709	-1.0025	0.881819	0.673855
3.852	-1.33871	1.16942	1.11697	-1.75709	-1.00251	0.88181	0.673859
3.87	-1.3384	1.16942	1.11697	-1.75709	-1.00251	0.881798	0.673867
3.888	-1.33796	1.16941	1.11697	-1.75706	-1.00251	0.88179	0.673896
3.906	-1.33757	1.16939	1.11698	-1.75706	-1.00251	0.881785	0.673978
3.924	-1.3371	1.16937	1.11699	-1.75706	-1.00251	0.88178	0.674108
3.942	-1.33659	1.16935	1.11701	-1.75706	-1.00251	0.881773	0.67429
3.96	-1.33596	1.16934	1.11709	-1.75706	-1.00251	0.881766	0.674471
3.978	-1.33537	1.16931	1.1172	-1.75707	-1.00251	0.881759	0.674697
3.996	-1.33472	1.16924	1.1174	-1.75707	-1.00251	0.881759	0.674929
4.014	-1.33472	1.16924	1.1174	-1.75707	-1.00251	0.881759	0.674929
4.032	-1.3341	1.16911	1.11764	-1.75707	-1.0025	0.881759	0.675088
4.05	-1.33337	1.16896	1.11791	-1.75707	-1.00251	0.881759	0.675125
4.068	-1.3327	1.16874	1.1183	-1.75711	-1.00251	0.881759	0.675112
4.086	-1.33199	1.16851	1.11865	-1.75712	-1.00251	0.881759	0.675108
4.104	-1.33128	1.16819	1.11896	-1.75712	-1.00251	0.881759	0.675108
4.122	-1.33062	1.16786	1.1193	-1.75714	-1.00251	0.881757	0.675106
4.14	-1.32992	1.16753	1.11977	-1.75714	-1.0025	0.881757	0.675106
4.158	-1.32918	1.16719	1.12044	-1.75714	-1.00251	0.881756	0.675106
4.176	-1.32852	1.16689	1.12126	-1.75715	-1.00251	0.881749	0.675108
4.194	-1.32784	1.16656	1.12228	-1.75714	-1.00251	0.881744	0.67511
4.212	-1.32784	1.16656	1.12228	-1.75714	-1.00251	0.881744	0.67511
4.23	-1.32717	1.16623	1.12338	-1.75714	-1.00251	0.881739	0.675112
4.248	-1.32658	1.16589	1.12474	-1.75714	-1.00251	0.881734	0.675112
4.266	-1.32596	1.16556	1.12635	-1.75714	-1.00251	0.881732	0.67511
4.284	-1.32541	1.16517	1.12809	-1.75714	-1.00251	0.88173	0.67511
4.302	-1.3248	1.16481	1.12997	-1.75714	-1.00251	0.881732	0.675108
4.32	-1.32433	1.16438	1.13195	-1.75717	-1.00251	0.881732	0.675108
4.338	-1.32387	1.16401	1.13411	-1.75717	-1.00251	0.881732	0.67511
4.356	-1.32346	1.1636	1.13638	-1.75717	-1.00251	0.881734	0.675108
4.374	-1.32307	1.16328	1.13868	-1.75719	-1.00251	0.881734	0.67511
4.392	-1.3227	1.16291	1.14096	-1.75722	-1.00251	0.881735	0.67511
4.41	-1.32236	1.16257	1.14329	-1.75731	-1.00251	0.881735	0.67511
4.428	-1.32236	1.16257	1.14329	-1.75731	-1.00251	0.881735	0.67511
4.446	-1.32208	1.16225	1.1457	-1.75745	-1.00251	0.881735	0.675108
4.464	-1.32181	1.16198	1.14812	-1.75759	-1.00251	0.881735	0.675108
4.482	-1.32154	1.1618	1.15049	-1.75773	-1.00251	0.881737	0.675106
4.5	-1.3213	1.16162	1.15287	-1.75786	-1.00251	0.881739	0.675106
4.518	-1.32105	1.1615	1.15522	-1.75794	-1.00251	0.881739	0.675106
4.536	-1.32076	1.1614	1.1575	-1.75797	-1.00251	0.881739	0.675106
4.554	-1.32042	1.16133	1.15963	-1.75798	-1.00251	0.88174	0.675106
4.572	-1.32013	1.16128	1.16174	-1.75801	-1.00251	0.88174	0.675108
4.59	-1.31985	1.16123	1.16382	-1.75805	-1.00251	0.88174	0.675106
4.608	-1.31956	1.16121	1.16589	-1.75805	-1.00251	0.88174	0.675106
4.626	-1.31956	1.16121	1.16589	-1.75805	-1.00251	0.88174	0.675106
4.644	-1.31922	1.16119	1.16795	-1.75806	-1.00251	0.881742	0.675106
4.662	-1.3189	1.16118	1.17	-1.75806	-1.00251	0.881742	0.675106
4.68	-1.31846	1.16116	1.17203	-1.75807	-1.00251	0.881742	0.675106
4.698	-1.31806	1.16111	1.17401	-1.75808	-1.00251	0.881742	0.675106
4.716	-1.31759	1.16108	1.17599	-1.75814	-1.00251	0.881742	0.675106
4.734	-1.31711	1.16106	1.17789	-1.75815	-1.00251	0.881742	0.675106
4.752	-1.31659	1.16099	1.1798	-1.75816	-1.00251	0.881742	0.675106
4.77	-1.31601	1.16094	1.18166	-1.75817	-1.00251	0.881742	0.675106
4.788	-1.31545	1.16078	1.18358	-1.75824	-1.00251	0.881744	0.675106
4.806	-1.31482	1.16068	1.18545	-1.75829	-1.00251	0.881746	0.675106
4.824	-1.31482	1.16068	1.18545	-1.75829	-1.00251	0.881746	0.675106
4.842	-1.31416	1.16048	1.18731	-1.75834	-1.00251	0.881747	0.675105
4.86	-1.31351	1.16031	1.18906	-1.75839	-1.00251	0.881747	0.675106
4.878	-1.31285	1.16001	1.19085	-1.75852	-1.00251	0.881749	0.675106
4.896	-1.31218	1.15971	1.19266	-1.75856	-1.00251	0.881749	0.675106
4.914	-1.31146	1.15936	1.19442	-1.75859	-1.00251	0.881751	0.675108
4.932	-1.31074	1.15899	1.19617	-1.7587	-1.00251	0.881751	0.675108
4.95	-1.31003	1.15856	1.19779	-1.75877	-1.00251	0.881751	0.675108
4.968	-1.30926	1.15804	1.19932	-1.75884	-1.00251	0.881752	0.675108
4.986	-1.3085	1.15751	1.20084	-1.759	-1.00251	0.881752	0.675108
5.004	-1.30771	1.15693	1.20223	-1.75912	-1.00251	0.881752	0.675108
5.022	-1.30771	1.15693	1.20223	-1.75912	-1.00251	0.881752	0.675108
5.04	-1.30689	1.15627	1.20361	-1.75924	-1.00251	0.881754	0.675108
5.058	-1.30602	1.15552	1.20494	-1.75941	-1.00251	0.881757	0.67511
5.076	-1.30516	1.15472	1.20613	-1.75951	-1.00251	0.881759	0.675112
5.094	-1.30433	1.15383	1.20731	-1.75965	-1.00251	0.881759	0.675115
5.112	-1.30344	1.1529	1.20835	-1.75981	-1.00251	0.881761	0.675122
5.13	-1.30258	1.15179	1.20936	-1.75991	-1.00251	0.881761	0.675141
5.148	-1.30164	1.1506	1.2103	-1.76005	-1.00251	0.881764	0.675222
5.166	-1.30074	1.14923	1.2112	-1.76013	-1.00251	0.881766	0.675463
5.184	-1.29982	1.14775	1.21203	-1.76029	-1.00251	0.881766	0.675998
5.202	-1.29884	1.14618	1.21277	-1.76047	-1.00251	0.881768	0.676734
5.22	-1.29787	1.14442	1.21343	-1.76063	-1.00251	0.881768	0.677442
5.238	-1.29787	1.14442	1.21343	-1.76063	-1.00251	0.881768	0.677442
5.256	-1.29679	1.14315	1.21421	-1.76073	-1.00251	0.881774	0.678215
5.274	-1.29595	1.14345	1.21625	-1.76069	-1.00251	0.881853	0.679112
5.292	-1.29525	1.14411	1.21867	-1.76071	-1.00251	0.882022	0.680293
5.31	-1.29439	1.14439	1.2205	-1.76089	-1.00251	0.882426	0.681634
5.328	-1.29362	1.14418	1.22223	-1.76115	-1.00251	0.882969	0.682935
5.346	-1.29257	1.14394	1.22396	-1.76158	-1.00251	0.883622	0.684523
5.364	-1.29158	1.1436	1.22572	-1.76208	-1.00251	0.884358	0.686172
5.382	-1.29066	1.14362	1.22786	-1.76265	-1.00251	0.885156	0.687811
5.4	-1.28981	1.14371	1.23009	-1.76312	-1.00251	0.885903	0.689545
5.418	-1.28883	1.14371	1.2322	-1.76352	-1.00251	0.886692	0.691121
5.436	-1.28883	1.14371	1.2322	-1.76352	-1.00251	0.886692	0.691121
5.454	-1.28762	1.14371	1.23432	-1.76383	-1.00251	0.887984	0.692913
5.472	-1.28653	1.14371	1.2365	-1.76408	-1.00251	0.889644	0.694677
5.49	-1.2854	1.14371	1.23864	-1.76443	-1.00251	0.891174	0.69685
5.508	-1.28443	1.14369	1.2409	-1.76479	-1.00251	0.89309	0.699205
5.526	-1.2833	1.14372	1.24321	-1.76512	-1.00251	0.895221	0.70184
5.544	-1.28217	1.1437	1.24555	-1.76532	-1.00251	0.897818	0.704559
5.562	-1.28095	1.14371	1.24795	-1.76543	-1.00251	0.900433	0.707202
5.58	-1.27983	1.1437	1.25048	-1.76558	-1.00251	0.903179	0.709822
5.598	-1.27871	1.14371	1.25307	-1.76565	-1.00251	0.906097	0.712244
5.616	-1.27768	1.14371	1.25575	-1.76573	-1.00251	0.909027	0.714463
5.634	-1.27768	1.14371	1.25575	-1.76573	-1.00251	0.909027	0.714463
5.652	-1.27661	1.14371	1.25832	-1.76574	-1.00252	0.911946	0.716866
5.67	-1.27565	1.1437	1.26097	-1.76575	-1.00252	0.915091	0.719248
5.688	-1.27467	1.1437	1.26368	-1.76574	-1.00252	0.918215	0.721756
5.706	-1.27386	1.1437	1.26659	-1.76574	-1.00252	0.921094	0.724318
5.724	-1.27301	1.14371	1.26951	-1.76573	-1.00252	0.923806	0.726686
5.742	-1.27233	1.14371	1.27246	-1.76574	-1.00252	0.92662	0.729017
5.76	-1.27173	1.14371	1.27549	-1.76574	-1.00252	0.929565	0.731134
5.778	-1.27118	1.14371	1.27839	-1.76572	-1.00252	0.932505	0.733273
5.796	-1.27067	1.14369	1.28135	-1.76573	-1.00252	0.935559	0.735627
5.814	-1.27018	1.1437	1.28442	-1.76572	-1.00252	0.938677	0.738179
5.832	-1.27018	1.1437	1.28442	-1.76572	-1.00252	0.938677	0.738179
5.85	-1.26976	1.1437	1.28757	-1.76573	-1.00252	0.941774	0.740998
5.868	-1.2694	1.1437	1.2907	-1.76572	-1.00252	0.944893	0.743962
5.886	-1.26905	1.1437	1.29375	-1.76572	-1.00252	0.948039	0.746963
5.904	-1.2687	1.14371	1.2967	-1.76573	-1.00252	0.95117	0.749968
5.922	-1.26831	1.14371	1.29957	-1.76572	-1.00253	0.954509	0.753051
5.94	-1.26798	1.14369	1.3025	-1.76573	-1.00253	0.957914	0.756334
5.958	-1.26762	1.14371	1.30552	-1.76573	-1.00253	0.961305	0.759736
5.976	-1.26726	1.14371	1.30841	-1.76573	-1.00253	0.964858	0.76313
5.994	-1.26682	1.14371	1.31124	-1.76573	-1.00253	0.968508	0.766421
6.012	-1.26642	1.14371	1.31404	-1.76574	-1.00253	0.972157	0.769497
6.03	-1.26594	1.14371	1.31673	-1.76573	-1.00253	0.975908	0.772386
6.048	-1.26594	1.14371	1.31673	-1.76573	-1.00253	0.975908	0.772386
6.066	-1.26549	1.14371	1.31949	-1.76576	-1.00253	0.979506	0.775175
6.084	-1.26496	1.14371	1.32221	-1.76575	-1.00253	0.983041	0.77781
6.102	-1.26438	1.14371	1.32493	-1.76575	-1.00254	0.98659	0.780385
6.12	-1.26372	1.14371	1.32761	-1.76575	-1.00255	0.990154	0.782734
6.138	-1.26317	1.1437	1.3303	-1.76576	-1.00255	0.993796	0.78475
6.156	-1.26252	1.14371	1.33306	-1.76576	-1.00256	0.99735	0.786477
6.174	-1.26184	1.14371	1.3357	-1.76576	-1.00257	1.00082	0.787748
6.192	-1.2611	1.1437	1.33834	-1.76576	-1.00261	1.00432	0.788524
6.21	-1.26032	1.1437	1.34112	-1.76577	-1.00271	1.00777	0.788861
6.228	-1.2595	1.1437	1.34385	-1.76576	-1.00292	1.01113	0.788964
6.246	-1.2595	1.1437	1.34385	-1.76576	-1.00292	1.01113	0.788964
6.264	-1.2587	1.1437	1.34664	-1.76576	-1.00321	1.01455	0.788965
6.282	-1.25779	1.14371	1.34939	-1.76576	-1.00365	1.01795	0.788957
6.3	-1.25686	1.14369	1.35211	-1.76575	-1.0044	1.02137	0.788955
6.318	-1.25589	1.1437	1.35489	-1.76576	-1.00573	1.02479	0.788955
6.336	-1.25486	1.14371	1.35752	-1.76575	-1.00775	1.02827	0.788955
6.354	-1.25381	1.14369	1.36027	-1.76576	-1.01051	1.03173	0.788953
6.372	-1.25265	1.14371	1.36293	-1.76575	-1.01412	1.03532	0.788953
6.39	-1.25149	1.14371	1.3655	-1.76577	-1.01829	1.0389	0.788953
6.408	-1.25023	1.14371	1.36793	-1.76577	-1.02301	1.0425	0.788953
6.426	-1.24895	1.1437	1.37045	-1.76577	-1.02841	1.04624	0.788952
6.444	-1.24761	1.14371	1.37287	-1.76577	-1.03427	1.05027	0.788952
6.462	-1.24761	1.14371	1.37287	-1.76577	-1.03427	1.05027	0.788952
6.48	-1.24614	1.14371	1.37511	-1.76576	-1.04044	1.05469	0.788952
6.498	-1.2447	1.14371	1.37728	-1.76576	-1.04667	1.05927	0.78895
6.516	-1.24314	1.14371	1.37942	-1.76575	-1.05261	1.06391	0.788948
6.534	-1.24152	1.14372	1.38156	-1.76575	-1.05798	1.06854	0.788948
6.552	-1.23988	1.14372	1.38367	-1.76575	-1.06266	1.07305	0.788948
6.57	-1.23822	1.14372	1.38573	-1.76575	-1.0667	1.07707	0.788948
6.588	-1.23648	1.14372	1.3877	-1.76575	-1.06999	1.08046	0.78895
6.606	-1.23462	1.14372	1.38963	-1.76572	-1.07228	1.08329	0.78895
6.624	-1.23276	1.14372	1.39152	-1.76572	-1.07359	1.08543	0.78895
6.642	-1.23085	1.14372	1.39345	-1.7657	-1.07406	1.08668	0.78895
6.66	-1.23085	1.14372	1.39345	-1.7657	-1.07406	1.08668	0.78895
6.678	-1.22895	1.14372	1.39522	-1.76565	-1.07406	1.08718	0.78895
6.696	-1.22696	1.14372	1.39697	-1.76559	-1.07406	1.08725	0.78895
6.714	-1.225	1.14372	1.39869	-1.76553	-1.07406	1.08725	0.78895
6.732	-1.22294	1.14373	1.40046	-1.76554	-1.07406	1.08725	0.788948
6.75	-1.22089	1.14373	1.40217	-1.76553	-1.07406	1.08725	0.78895
6.768	-1.21879	1.14373	1.40391	-1.76553	-1.07406	1.08725	0.78895
6.786	-1.21665	1.14373	1.40555	-1.76555	-1.07406	1.08725	0.78895
6.804	-1.21435	1.14373	1.40708	-1.76555	-1.07406	1.08727	0.78895
6.822	-1.21203	1.14373	1.40854	-1.76555	-1.07406	1.08737	0.78895
6.84	-1.20962	1.14373	1.40989	-1.76556	-1.07405	1.08758	0.788948
6.858	-1.20962	1.14373	1.40989	-1.76556	-1.07405	1.08758	0.788948
6.876	-1.20715	1.14373	1.41133	-1.76556	-1.07405	1.08808	0.788948
6.894	-1.20466	1.14373	1.41272	-1.76557	-1.07405	1.08916	0.788948
6.912	-1.20211	1.14373	1.41402	-1.76559	-1.07405	1.09033	0.788948
6.93	-1.19961	1.14373	1.41537	-1.7656	-1.07405	1.09168	0.788948
6.948	-1.19711	1.14373	1.4168	-1.7656	-1.07405	1.09349	0.78895
6.966	-1.1945	1.14373	1.41837	-1.76562	-1.07405	1.09519	0.78895
6.984	-1.19193	1.14373	1.4201	-1.76562	-1.07405	1.0971	0.788952
7.002	-1.18935	1.14372	1.42195	-1.76562	-1.07404	1.09895	0.78895
7.02	-1.18685	1.14372	1.42402	-1.76561	-1.07405	1.10105	0.788952
7.038	-1.18445	1.14373	1.42609	-1.76562	-1.07405	1.10322	0.788955
7.056	-1.18445	1.14373	1.42609	-1.76562	-1.07405	1.10322	0.788955
7.074	-1.18208	1.14372	1.4283	-1.76561	-1.07405	1.10562	0.78897
7.092	-1.17979	1.14372	1.43061	-1.76562	-1.07405	1.10772	0.78911
7.11	-1.17763	1.14372	1.43304	-1.76562	-1.07405	1.10995	0.789717
7.128	-1.1755	1.14372	1.43554	-1.76561	-1.07405	1.11201	0.79062
7.146	-1.17352	1.14372	1.43812	-1.76561	-1.07405	1.11413	0.791621
7.164	-1.17159	1.14372	1.44082	-1.76561	-1.07405	1.11586	0.792921
7.182	-1.16982	1.14372	1.4437	-1.76563	-1.07405	1.11764	0.794789
7.2	-1.16816	1.14372	1.44662	-1.76563	-1.07405	1.1192	0.796831
7.218	-1.16661	1.14372	1.44958	-1.76563	-1.07405	1.12115	0.799206
7.236	-1.1651	1.14373	1.45258	-1.76563	-1.07405	1.12296	0.801549
7.254	-1.16371	1.14373	1.45558	-1.76563	-1.07404	1.12513	0.804043
7.272	-1.16371	1.14373	1.45558	-1.76563	-1.07404	1.12513	0.804043
7.29	-1.16238	1.14373	1.45869	-1.76563	-1.07404	1.12713	0.8064
7.308	-1.16103	1.14373	1.46182	-1.76563	-1.07404	1.12947	0.808539
7.326	-1.15981	1.14373	1.46491	-1.76564	-1.07404	1.13181	0.810598
7.344	-1.15852	1.14373	1.46791	-1.76563	-1.07404	1.1342	0.812389
7.362	-1.1572	1.14373	1.47094	-1.76567	-1.07404	1.13648	0.814244
7.38	-1.15592	1.14373	1.47387	-1.76569	-1.07404	1.13867	0.815866
7.398	-1.15453	1.14373	1.47677	-1.76579	-1.07404	1.1411	0.817269
7.416	-1.15325	1.14373	1.47961	-1.76587	-1.07404	1.14329	0.818518
7.434	-1.15183	1.14373	1.48257	-1.76586	-1.07404	1.14581	0.819244
7.452	-1.15026	1.14373	1.48553	-1.7659	-1.07404	1.14835	0.819532
7.47	-1.15026	1.14373	1.48553	-1.7659	-1.07404	1.14835	0.819532
7.488	-1.14876	1.14373	1.48849	-1.7659	-1.07404	1.15094	0.819566
7.506	-1.14718	1.14373	1.49145	-1.7659	-1.07403	1.15364	0.819549
7.524	-1.14552	1.14373	1.49429	-1.7659	-1.07403	1.15607	0.819549
7.542	-1.14386	1.14373	1.49712	-1.7659	-1.07403	1.15827	0.819548
7.56	-1.14217	1.14373	1.49996	-1.7659	-1.07403	1.16063	0.819548
7.578	-1.14046	1.14373	1.50257	-1.76589	-1.07403	1.1627	0.819548
7.596	-1.13871	1.14373	1.50518	-1.76589	-1.07403	1.16468	0.819548
7.614	-1.13688	1.14373	1.50781	-1.76589	-1.07403	1.16608	0.819548
7.632	-1.13505	1.14373	1.51027	-1.76588	-1.07403	1.16739	0.819548
7.65	-1.13318	1.14373	1.51253	-1.76588	-1.07403	1.16862	0.819548
7.668	-1.13318	1.14373	1.51253	-1.76588	-1.07403	1.16862	0.819548
7.686	-1.13133	1.14373	1.51464	-1.76589	-1.07403	1.16952	0.819548
7.704	-1.12941	1.14373	1.51665	-1.76588	-1.07403	1.17038	0.819548
7.722	-1.12756	1.14373	1.51857	-1.76587	-1.07403	1.17132	0.819549
7.74	-1.12561	1.14374	1.52037	-1.76587	-1.07403	1.17204	0.819549
7.758	-1.12369	1.14374	1.52214	-1.76587	-1.07403	1.1723	0.819549
7.776	-1.12173	1.14374	1.5238	-1.76587	-1.07403	1.17241	0.819549
7.794	-1.1198	1.14374	1.52537	-1.76587	-1.07403	1.17242	0.819549
7.812	-1.11782	1.14374	1.52683	-1.76587	-1.07403	1.17241	0.819549
7.83	-1.11579	1.14374	1.52815	-1.76585	-1.07403	1.17241	0.819549
7.848	-1.11375	1.14374	1.52943	-1.76584	-1.07403	1.17241	0.819549
7.866	-1.11375	1.14374	1.52943	-1.76584	-1.07403	1.17241	0.819549
7.884	-1.11166	1.14374	1.53059	-1.76582	-1.07403	1.17241	0.819549
7.902	-1.10951	1.14374	1.53164	-1.7658	-1.07403	1.17241	0.819553
7.92	-1.10742	1.14374	1.53258	-1.76572	-1.07403	1.17241	0.819558
7.938	-1.10523	1.14374	1.53339	-1.76562	-1.07403	1.17241	0.819568
7.956	-1.10305	1.14373	1.53405	-1.7655	-1.07403	1.17241	0.819602
7.974	-1.10086	1.14374	1.53461	-1.76531	-1.07403	1.17241	0.819744
7.992	-1.09863	1.14373	1.53496	-1.76507	-1.07403	1.17241	0.820039
8.01	-1.09635	1.14373	1.53517	-1.76476	-1.07403	1.17241	0.820415
8.028	-1.09403	1.14373	1.53523	-1.7644	-1.07403	1.17241	0.821032
8.046	-1.09174	1.14373	1.53523	-1.76398	-1.07403	1.17241	0.8219
8.064	-1.08944	1.14373	1.53522	-1.76358	-1.07403	1.17241	0.822822
8.082	-1.08944	1.14373	1.53522	-1.76358	-1.07403	1.17241	0.822822
8.1	-1.08722	1.14374	1.53522	-1.76314	-1.07403	1.17241	0.823708
8.118	-1.08494	1.14374	1.53522	-1.76273	-1.07403	1.17241	0.824716
8.136	-1.08272	1.14374	1.53522	-1.7623	-1.07403	1.17241	0.826042
8.154	-1.08055	1.14374	1.53522	-1.76184	-1.07403	1.17241	0.827337
8.172	-1.07835	1.14373	1.53523	-1.76137	-1.07403	1.17241	0.828619
8.19	-1.07618	1.14373	1.53524	-1.76076	-1.07403	1.17241	0.830216
8.208	-1.07396	1.14373	1.53524	-1.76007	-1.07403	1.17241	0.831792
8.226	-1.0718	1.14373	1.53524	-1.75928	-1.07403	1.17241	0.833717
8.244	-1.06962	1.14373	1.53524	-1.75847	-1.07403	1.17241	0.835847
8.262	-1.0675	1.14373	1.53525	-1.75762	-1.07403	1.17241	0.838249
8.28	-1.0675	1.14373	1.53525	-1.75762	-1.07403	1.17241	0.838249
8.298	-1.06535	1.14373	1.53525	-1.75671	-1.07403	1.17241	0.840693
8.316	-1.06327	1.14373	1.53525	-1.75575	-1.07403	1.17241	0.84334
8.334	-1.06122	1.14373	1.53526	-1.75479	-1.07403	1.17241	0.845961
8.352	-1.05912	1.14373	1.53527	-1.75381	-1.07403	1.17241	0.848608
8.37	-1.057	1.14373	1.53528	-1.75274	-1.07403	1.17241	0.851438
8.388	-1.05482	1.14373	1.53529	-1.75159	-1.07403	1.17241	0.854524
8.406	-1.05272	1.14373	1.53533	-1.75043	-1.07403	1.17241	0.857756
8.424	-1.05062	1.14373	1.53537	-1.74937	-1.07403	1.17241	0.861117
8.442	-1.04858	1.14373	1.53539	-1.74838	-1.07403	1.17241	0.864354
8.46	-1.04653	1.14373	1.5354	-1.74741	-1.07403	1.17241	0.867439
8.478	-1.04653	1.14373	1.5354	-1.74741	-1.07403	1.17241	0.867439
8.496	-1.04449	1.14373	1.53543	-1.74642	-1.07403	1.17241	0.870375
8.514	-1.04252	1.14373	1.53556	-1.74539	-1.07403	1.17241	0.873346
8.532	-1.04056	1.14373	1.53572	-1.74434	-1.07403	1.17241	0.8763
8.55	-1.03858	1.14373	1.53583	-1.7433	-1.07403	1.17241	0.87923
8.568	-1.03661	1.14373	1.53591	-1.74226	-1.07403	1.17241	0.882001
8.586	-1.03462	1.14373	1.53595	-1.74119	-1.07403	1.17241	0.884341
8.604	-1.03267	1.14372	1.536	-1.74012	-1.07403	1.17241	0.886356
8.622	-1.03072	1.14373	1.536	-1.73895	-1.07404	1.17241	0.887909
8.64	-1.0288	1.14373	1.53601	-1.73776	-1.07404	1.17241	0.889211
8.658	-1.02682	1.14373	1.53601	-1.73647	-1.07404	1.17241	0.890012
8.676	-1.02682	1.14373	1.53601	-1.73647	-1.07404	1.17241	0.890012
8.694	-1.02487	1.14373	1.53601	-1.73511	-1.07404	1.17241	0.890441
8.712	-1.02291	1.14372	1.53602	-1.7337	-1.07404	1.17241	0.890527
8.73	-1.02098	1.14372	1.5361	-1.73221	-1.07404	1.17241	0.890513
8.748	-1.01896	1.14372	1.5363	-1.73069	-1.07404	1.17241	0.890511
8.766	-1.01695	1.14372	1.53659	-1.7291	-1.07404	1.17241	0.89051
8.784	-1.01489	1.14372	1.53693	-1.72743	-1.07405	1.17241	0.89051
8.802	-1.01287	1.14371	1.53724	-1.72577	-1.07405	1.17241	0.890508
8.82	-1.01079	1.1437	1.53757	-1.72405	-1.07405	1.17241	0.890508
8.838	-1.00872	1.14371	1.53789	-1.72239	-1.07405	1.17241	0.890508
8.856	-1.0066	1.14371	1.53813	-1.72078	-1.07405	1.17241	0.89051
8.874	-1.0066	1.14371	1.53813	-1.72078	-1.07405	1.17241	0.89051
8.892	-1.00447	1.14371	1.53835	-1.71916	-1.07405	1.17241	0.890508
8.91	-1.00233	1.14371	1.53848	-1.71753	-1.07405	1.17241	0.890508
8.928	-1.00015	1.1437	1.53854	-1.7159	-1.07405	1.17241	0.890508
8.946	-0.997937	1.1437	1.53858	-1.71425	-1.07405	1.17241	0.890506
8.964	-0.995686	1.14371	1.53862	-1.7126	-1.07405	1.17241	0.890506
8.982	-0.993418	1.1437	1.53866	-1.71095	-1.07405	1.17241	0.890505
9	-0.99112	1.1437	1.5387	-1.70931	-1.07405	1.17241	0.890505
9.018	-0.988833	1.14369	1.53875	-1.70761	-1.07405	1.17242	0.890505
9.036	-0.986495	1.1437	1.53877	-1.70594	-1.07406	1.17242	0.890505
9.054	-0.984149	1.14369	1.53879	-1.70423	-1.07406	1.17245	0.890505
9.072	-0.981802	1.14369	1.53881	-1.70254	-1.07406	1.17255	0.890503
9.09	-0.981802	1.14369	1.53881	-1.70254	-1.07406	1.17255	0.890503
9.108	-0.979379	1.14369	1.53887	-1.70093	-1.07407	1.17268	0.890501
9.126	-0.97697	1.14368	1.53891	-1.69936	-1.07408	1.17296	0.890501
9.144	-0.974515	1.14368	1.53895	-1.69789	-1.07408	1.17337	0.890499
9.162	-0.972027	1.14367	1.53901	-1.69638	-1.07411	1.17394	0.890498
9.18	-0.969603	1.14367	1.53913	-1.69479	-1.07424	1.17459	0.890498
9.198	-0.967121	1.14367	1.53925	-1.69316	-1.07456	1.17559	0.890496
9.216	-0.96469	1.14367	1.53938	-1.69148	-1.07516	1.17662	0.890496
9.234	-0.962307	1.14367	1.53956	-1.68982	-1.07595	1.17753	0.890494
9.252	-0.959873	1.14367	1.53982	-1.68811	-1.07685	1.17861	0.890493
9.27	-0.95747	1.14367	1.54019	-1.68636	-1.0777	1.1801	0.890489
9.288	-0.95747	1.14367	1.54019	-1.68636	-1.0777	1.1801	0.890489
9.306	-0.95507	1.14367	1.54061	-1.68455	-1.07858	1.18157	0.890484
9.324	-0.952699	1.14367	1.54113	-1.68279	-1.07977	1.1836	0.890484
9.342	-0.950412	1.14366	1.54169	-1.68096	-1.08119	1.18564	0.890481
9.36	-0.948132	1.14366	1.54235	-1.67915	-1.08262	1.18796	0.890477
9.378	-0.945934	1.14367	1.54308	-1.67731	-1.08415	1.19026	0.890472
9.396	-0.943784	1.14367	1.54381	-1.67538	-1.08544	1.19272	0.890465
9.414	-0.941704	1.14367	1.54464	-1.67339	-1.08698	1.195	0.89046
9.432	-0.939662	1.14367	1.54543	-1.67133	-1.0884	1.19725	0.890455
9.45	-0.937656	1.14367	1.54617	-1.66923	-1.0899	1.19947	0.89045
9.468	-0.935709	1.14367	1.54684	-1.66703	-1.0912	1.20136	0.890441
9.486	-0.935709	1.14367	1.54684	-1.66703	-1.0912	1.20136	0.890441
9.504	-0.933747	1.14367	1.54729	-1.66482	-1.09237	1.20324	0.890433
9.522	-0.931819	1.14367	1.54756	-1.66266	-1.09359	1.20466	0.890414
9.54	-0.929927	1.14367	1.54772	-1.66054	-1.09452	1.2058	0.890402
9.558	-0.92807	1.14368	1.54775	-1.65854	-1.09526	1.207	0.890392
9.576	-0.926283	1.14368	1.54775	-1.65658	-1.09582	1.20784	0.890378
9.594	-0.924508	1.1437	1.54775	-1.65471	-1.09608	1.20831	0.890344
9.612	-0.922743	1.14369	1.54775	-1.65293	-1.09611	1.20861	0.890251
9.63	-0.920939	1.14369	1.54775	-1.65131	-1.09612	1.20873	0.890155
9.648	-0.919207	1.14369	1.54775	-1.64974	-1.09612	1.20873	0.890101
9.666	-0.917489	1.14369	1.54775	-1.64824	-1.09614	1.20873	0.890019
9.684	-0.915831	1.1437	1.54775	-1.64678	-1.0962	1.20873	0.889785
9.702	-0.915831	1.1437	1.54775	-1.64678	-1.0962	1.20873	0.889785
9.72	-0.914146	1.1437	1.54775	-1.64536	-1.09623	1.20873	0.88939
9.738	-0.912546	1.14369	1.54775	-1.64399	-1.09624	1.20873	0.888723
9.756	-0.91108	1.14369	1.54775	-1.64272	-1.09624	1.20873	0.887928
9.774	-0.909592	1.14369	1.54775	-1.64162	-1.09624	1.20873	0.886598
9.792	-0.908146	1.14369	1.54775	-1.64066	-1.09624	1.20873	0.884687
9.81	-0.90685	1.14369	1.54775	-1.63985	-1.09625	1.20873	0.882245
9.828	-0.905556	1.1437	1.54775	-1.63916	-1.09626	1.20873	0.879075
9.846	-0.904362	1.14369	1.54775	-1.63859	-1.09636	1.20873	0.875175
9.864	-0.903232	1.14369	1.54775	-1.63819	-1.09663	1.20873	0.870636
9.882	-0.902184	1.14369	1.54775	-1.63794	-1.09697	1.20873	0.865421
9.9	-0.902184	1.14369	1.54775	-1.63794	-1.09697	1.20873	0.865421
9.918	-0.901259	1.1437	1.54775	-1.63772	-1.09742	1.20873	0.85959
9.936	-0.900422	1.14369	1.54775	-1.63764	-1.09811	1.20873	0.853082
9.954	-0.899729	1.1437	1.54775	-1.63759	-1.09908	1.20873	0.845992
9.972	-0.899194	1.1437	1.54775	-1.63759	-1.10029	1.20873	0.838223
9.99	-0.898764	1.1437	1.54775	-1.63759	-1.10152	1.20873	0.829786
10.008	-0.898509	1.1437	1.54775	-1.63759	-1.10281	1.20873	0.820642
10.026	-0.898327	1.1437	1.54775	-1.63759	-1.10392	1.20873	0.811
10.044	-0.89825	1.1437	1.54775	-1.63759	-1.10499	1.20873	0.800855
10.062	-0.89824	1.1437	1.54775	-1.63759	-1.10611	1.20873	0.790325
10.08	-0.898249	1.1437	1.54775	-1.63759	-1.1073	1.20873	0.779456
10.098	-0.898249	1.1437	1.54775	-1.63759	-1.10859	1.20873	0.768376
10.116	-0.898249	1.1437	1.54775	-1.63759	-1.10859	1.20873	0.768376
10.134	-0.898249	1.1437	1.54775	-1.63759	-1.10945	1.20873	0.757139
10.152	-0.898249	1.1437	1.54775	-1.6376	-1.10989	1.20873	0.745854
10.17	-0.898248	1.1437	1.54775	-1.6376	-1.10997	1.20873	0.734688
10.188	-0.898246	1.1437	1.54775	-1.6376	-1.10997	1.20873	0.723667
10.206	-0.898246	1.1437	1.54775	-1.6376	-1.10997	1.20873	0.712933
10.224	-0.898236	1.14369	1.54775	-1.63761	-1.10997	1.20873	0.702517
10.242	-0.898216	1.1437	1.54775	-1.63761	-1.10997	1.20873	0.692587
10.26	-0.898198	1.1437	1.54775	-1.63761	-1.10997	1.20873	0.683119
10.278	-0.898154	1.1437	1.54775	-1.63761	-1.10997	1.20873	0.674266
10.296	-0.898089	1.14369	1.54775	-1.63761	-1.10997	1.20873	0.666044
10.314	-0.898089	1.14369	1.54775	-1.63761	-1.10997	1.20873	0.666044
10.332	-0.898011	1.14369	1.54775	-1.63761	-1.10997	1.20873	0.658536
10.35	-0.897922	1.1437	1.54775	-1.63761	-1.10997	1.20873	0.651694
10.368	-0.897828	1.1437	1.54775	-1.63761	-1.10997	1.20873	0.645373
10.386	-0.897679	1.1437	1.54775	-1.63761	-1.10997	1.20873	0.639694
10.404	-0.897445	1.1437	1.54775	-1.63761	-1.10997	1.20873	0.634601
10.422	-0.897218	1.14369	1.54775	-1.63761	-1.10997	1.20873	0.62988
10.44	-0.896996	1.14369	1.54775	-1.63761	-1.10997	1.20873	0.625474
10.458	-0.896796	1.1437	1.54775	-1.63761	-1.10997	1.20873	0.621461
10.476	-0.896549	1.1437	1.54775	-1.63761	-1.10997	1.20873	0.61787
10.494	-0.896261	1.1437	1.54775	-1.63761	-1.10997	1.20873	0.614649
10.512	-0.896261	1.1437	1.54775	-1.63761	-1.10997	1.20873	0.614649
10.53	-0.896013	1.1437	1.54775	-1.63761	-1.10997	1.20873	0.611451
10.548	-0.89576	1.1437	1.54775	-1.63761	-1.10998	1.20873	0.608274
10.566	-0.895471	1.1437	1.54775	-1.63761	-1.10998	1.20872	0.605114
10.584	-0.895161	1.1437	1.54775	-1.63758	-1.11	1.20872	0.602031
10.602	-0.894871	1.1437	1.54775	-1.63758	-1.11007	1.20872	0.599154
10.62	-0.894628	1.1437	1.54775	-1.63758	-1.11022	1.20872	0.59647
10.638	-0.894405	1.1437	1.54775	-1.63758	-1.11046	1.20872	0.593659
10.656	-0.894146	1.1437	1.54775	-1.63758	-1.11083	1.20872	0.590603
10.674	-0.893894	1.1437	1.54775	-1.63755	-1.11128	1.20872	0.587274
10.692	-0.893634	1.1437	1.54775	-1.63749	-1.11165	1.20872	0.58391
10.71	-0.893634	1.1437	1.54775	-1.63749	-1.11165	1.20872	0.58391
10.728	-0.893418	1.1437	1.54775	-1.63741	-1.11196	1.20872	0.58045
10.746	-0.893159	1.1437	1.54775	-1.63733	-1.11227	1.20872	0.576986
10.764	-0.892894	1.1437	1.54775	-1.63718	-1.11259	1.20872	0.573412
10.782	-0.89266	1.1437	1.54775	-1.63701	-1.11287	1.20872	0.569652
10.8	-0.892461	1.1437	1.54775	-1.63683	-1.11315	1.20872	0.565711
10.818	-0.892273	1.1437	1.54775	-1.63665	-1.11349	1.20872	0.561795
10.836	-0.892067	1.1437	1.54775	-1.63644	-1.11395	1.20872	0.557995
10.854	-0.891866	1.1437	1.54775	-1.63618	-1.11457	1.20872	0.554111
10.872	-0.891667	1.1437	1.54775	-1.63592	-1.11531	1.20872	0.54986
10.89	-0.891483	1.1437	1.54775	-1.63572	-1.11604	1.20872	0.545332
10.908	-0.891483	1.1437	1.54775	-1.63572	-1.11604	1.20872	0.545332
10.926	-0.891281	1.1437	1.54775	-1.63559	-1.11693	1.20872	0.540619
10.944	-0.891044	1.1437	1.54775	-1.63548	-1.11819	1.20872	0.535773
10.962	-0.890807	1.1437	1.54775	-1.63536	-1.11958	1.20872	0.530633
10.98	-0.890579	1.1437	1.54775	-1.6353	-1.12126	1.20872	0.525419
10.998	-0.890329	1.1437	1.54775	-1.63529	-1.1231	1.20872	0.520147
11.016	-0.890092	1.1437	1.54775	-1.63529	-1.12536	1.20872	0.514715
11.034	-0.889822	1.1437	1.54775	-1.63529	-1.12784	1.20872	0.508941
11.052	-0.889566	1.1437	1.54775	-1.63527	-1.13029	1.20872	0.503111
11.07	-0.889283	1.1437	1.54775	-1.63526	-1.13295	1.20872	0.497298
11.088	-0.889008	1.1437	1.54775	-1.63522	-1.13566	1.20872	0.491278
11.106	-0.888715	1.14371	1.54775	-1.63515	-1.13842	1.20872	0.485186
11.124	-0.888715	1.14371	1.54775	-1.63515	-1.13842	1.20872	0.485186
11.142	-0.888453	1.14371	1.54774	-1.63507	-1.14125	1.20872	0.479263
11.16	-0.888221	1.14371	1.54774	-1.63499	-1.14392	1.20872	0.473339
11.178	-0.88807	1.14371	1.54774	-1.63489	-1.14638	1.20872	0.467481
11.196	-0.887951	1.14371	1.54774	-1.63479	-1.14839	1.20872	0.46191
11.214	-0.887883	1.14371	1.54774	-1.63467	-1.15021	1.20872	0.456606
11.232	-0.887858	1.14371	1.54774	-1.63449	-1.15152	1.20872	0.45137
11.25	-0.887847	1.14371	1.54774	-1.63431	-1.15254	1.20872	0.446303
11.268	-0.887849	1.14371	1.54774	-1.63415	-1.15294	1.20872	0.441584
11.286	-0.887849	1.14371	1.54774	-1.63404	-1.15295	1.20872	0.437229
11.304	-0.887849	1.14371	1.54774	-1.63398	-1.15295	1.20872	0.433133
11.322	-0.887849	1.14371	1.54774	-1.63398	-1.15295	1.20872	0.433133
11.34	-0.887849	1.14371	1.54774	-1.63391	-1.15295	1.20872	0.4294
11.358	-0.887844	1.14371	1.54774	-1.63388	-1.15295	1.20872	0.426121
11.376	-0.887826	1.14371	1.54774	-1.63388	-1.15295	1.20872	0.423278
11.394	-0.887814	1.14371	1.54774	-1.63387	-1.15295	1.20872	0.420772
11.412	-0.887798	1.14371	1.54774	-1.63387	-1.15295	1.20872	0.418504
11.43	-0.88778	1.14371	1.54774	-1.63387	-1.15295	1.20872	0.416275
11.448	-0.887752	1.14371	1.54774	-1.63387	-1.15297	1.20872	0.41388
11.466	-0.887706	1.14371	1.54774	-1.63386	-1.153	1.20872	0.411555
11.484	-0.887639	1.14371	1.54774	-1.63382	-1.15305	1.20872	0.409189
11.502	-0.887558	1.14371	1.54774	-1.63374	-1.15314	1.20872	0.406938
11.52	-0.887558	1.14371	1.54774	-1.63374	-1.15314	1.20872	0.406938
11.538	-0.887473	1.14371	1.54774	-1.63362	-1.15327	1.20871	0.404783
11.556	-0.887362	1.14371	1.54774	-1.63348	-1.15341	1.20871	0.402661
11.574	-0.88723	1.14371	1.54774	-1.63335	-1.15356	1.20871	0.400599
11.592	-0.887066	1.14371	1.54774	-1.63319	-1.15365	1.20871	0.398272
11.61	-0.886889	1.14371	1.54774	-1.63298	-1.15374	1.20871	0.395808
11.628	-0.886646	1.14371	1.54774	-1.63268	-1.15388	1.20871	0.39304
11.646	-0.88631	1.14371	1.54774	-1.63225	-1.15415	1.20871	0.390047
11.664	-0.885972	1.14371	1.54774	-1.63176	-1.15463	1.20871	0.386987
11.682	-0.885614	1.14371	1.54774	-1.63124	-1.15532	1.20871	0.383853
11.7	-0.885222	1.14371	1.54774	-1.63061	-1.15618	1.20871	0.380596
11.718	-0.885222	1.14371	1.54774	-1.63061	-1.15618	1.20871	0.380596
11.736	-0.884815	1.14371	1.54774	-1.62986	-1.15704	1.20871	0.377008
11.754	-0.884273	1.14371	1.54774	-1.6291	-1.15789	1.20871	0.373084
11.772	-0.883816	1.14371	1.54774	-1.62826	-1.15875	1.20871	0.368994
11.79	-0.883281	1.14371	1.54774	-1.62733	-1.15955	1.20871	0.364787
11.808	-0.882751	1.14372	1.54774	-1.62629	-1.16025	1.20871	0.360421
11.826	-0.8821	1.14372	1.54774	-1.62527	-1.16088	1.20871	0.355723
11.844	-0.881499	1.14372	1.54774	-1.62425	-1.16133	1.20871	0.350845
11.862	-0.880817	1.14372	1.54774	-1.62324	-1.16159	1.20871	0.345953
11.88	-0.880151	1.14372	1.54774	-1.62214	-1.16167	1.20871	0.341006
11.898	-0.879446	1.14372	1.54774	-1.62105	-1.16168	1.20871	0.33585
11.916	-0.878729	1.14372	1.54774	-1.62003	-1.1617	1.20871	0.330634
11.934	-0.878729	1.14372	1.54774	-1.62003	-1.1617	1.20871	0.330634
11.952	-0.878059	1.14372	1.54774	-1.61888	-1.1617	1.20871	0.325543
11.97	-0.877296	1.14372	1.54774	-1.61772	-1.16171	1.20871	0.320605
11.988	-0.876553	1.14371	1.54774	-1.61658	-1.16176	1.20871	0.315693
12.006	-0.87582	1.14372	1.54774	-1.61536	-1.16184	1.20871	0.310975
12.024	-0.875067	1.14372	1.54774	-1.61412	-1.16191	1.20871	0.306493
12.042	-0.874313	1.14372	1.54774	-1.61295	-1.16198	1.20871	0.302131
12.06	-0.873597	1.14372	1.54774	-1.61175	-1.16203	1.20871	0.297768
12.078	-0.872834	1.14372	1.54774	-1.61053	-1.16205	1.20871	0.293474
12.096	-0.872088	1.14372	1.54774	-1.60939	-1.16206	1.20871	0.289443
12.114	-0.871412	1.14372	1.54774	-1.60825	-1.1621	1.20871	0.285731
12.132	-0.871412	1.14372	1.54774	-1.60825	-1.1621	1.20871	0.285731
12.15	-0.870708	1.14372	1.54774	-1.60704	-1.16213	1.20871	0.282317
12.168	-0.870003	1.14372	1.54774	-1.60591	-1.16216	1.20871	0.278932
12.186	-0.869339	1.14372	1.54774	-1.60486	-1.16219	1.20871	0.275574
12.204	-0.868678	1.14372	1.54774	-1.60385	-1.1622	1.20871	0.27242
12.222	-0.868072	1.14372	1.54774	-1.60288	-1.16222	1.20871	0.269682
12.24	-0.867475	1.14372	1.54774	-1.60196	-1.16224	1.20871	0.267269
12.258	-0.86684	1.14372	1.54774	-1.60113	-1.16229	1.20871	0.26508
12.276	-0.866295	1.14372	1.54774	-1.60035	-1.16232	1.20871	0.263205
12.294	-0.865734	1.14372	1.54774	-1.59971	-1.16234	1.20871	0.261317
12.312	-0.865251	1.14372	1.54774	-1.59905	-1.16235	1.20871	0.259517
12.33	-0.865251	1.14372	1.54774	-1.59905	-1.16235	1.20871	0.259517
12.348	-0.864707	1.14372	1.54774	-1.59849	-1.16236	1.20871	0.257683
12.366	-0.86427	1.14372	1.54774	-1.59792	-1.16237	1.20871	0.255943
12.384	-0.863829	1.14372	1.54774	-1.59741	-1.16237	1.20871	0.254397
12.402	-0.863448	1.14372	1.54774	-1.59692	-1.16238	1.20871	0.25281
12.42	-0.863117	1.14372	1.54774	-1.59648	-1.16239	1.20871	0.251525
12.438	-0.862744	1.14372	1.54774	-1.59613	-1.1624	1.20871	0.250281
12.456	-0.862387	1.14372	1.54774	-1.59574	-1.16241	1.20871	0.249089
12.474	-0.862059	1.14372	1.54774	-1.59541	-1.16242	1.20871	0.24827
12.492	-0.86178	1.14372	1.54774	-1.59517	-1.16243	1.20871	0.247767
12.51	-0.861519	1.14372	1.54774	-1.595	-1.16245	1.20871	0.247329
12.528	-0.861258	1.14372	1.54774	-1.59483	-1.16251	1.20871	0.246836
12.546	-0.861258	1.14372	1.54774	-1.59483	-1.16251	1.20871	0.246836
12.564	-0.861012	1.14372	1.54774	-1.59475	-1.16261	1.20871	0.246373
12.582	-0.860769	1.14372	1.54774	-1.59473	-1.16268	1.20871	0.246042
12.6	-0.860484	1.14372	1.54774	-1.59471	-1.16276	1.20871	0.245669
12.618	-0.860233	1.14372	1.54774	-1.59467	-1.16285	1.20871	0.245115
12.636	-0.860016	1.14372	1.54774	-1.59466	-1.16292	1.20871	0.244569
12.654	-0.859813	1.14372	1.54774	-1.59466	-1.16297	1.20871	0.24398
12.672	-0.859617	1.14372	1.54774	-1.59466	-1.16303	1.20871	0.242979
12.69	-0.859415	1.14372	1.54774	-1.59466	-1.16305	1.20871	0.241537
12.708	-0.8592	1.14372	1.54774	-1.59464	-1.16306	1.20871	0.23986
12.726	-0.85895	1.14372	1.54774	-1.59464	-1.16308	1.20871	0.237699
12.744	-0.858703	1.14372	1.54774	-1.59464	-1.16311	1.20871	0.235149
12.762	-0.858703	1.14372	1.54774	-1.59464	-1.16311	1.20871	0.235149
12.78	-0.858415	1.14372	1.54774	-1.59463	-1.16315	1.20871	0.232192
12.798	-0.858097	1.14372	1.54774	-1.59456	-1.16319	1.20871	0.228958
12.816	-0.857817	1.14372	1.54774	-1.59451	-1.16328	1.20871	0.225502
12.834	-0.85751	1.14372	1.54774	-1.59451	-1.16344	1.20871	0.221739
12.852	-0.857216	1.14372	1.54774	-1.59449	-1.16362	1.20871	0.217639
12.87	-0.856849	1.14372	1.54773	-1.59443	-1.16384	1.20871	0.213324
12.888	-0.85653	1.14372	1.54773	-1.59435	-1.16415	1.20871	0.20888
12.906	-0.856145	1.14373	1.54773	-1.59427	-1.16457	1.20871	0.204445
12.924	-0.855785	1.14373	1.54773	-1.59413	-1.16501	1.20871	0.199917
12.942	-0.855409	1.14373	1.54773	-1.59403	-1.16537	1.20871	0.195322
12.96	-0.855409	1.14373	1.54773	-1.59403	-1.16537	1.20871	0.195322
12.978	-0.855112	1.14373	1.54772	-1.59394	-1.16556	1.20871	0.190972
12.996	-0.854779	1.14373	1.54772	-1.59384	-1.16561	1.20871	0.186967
13.014	-0.854476	1.14373	1.54772	-1.59375	-1.16564	1.20871	0.183075
13.032	-0.854178	1.14373	1.54772	-1.5937	-1.16565	1.20871	0.179118
13.05	-0.853844	1.14373	1.54772	-1.59363	-1.16566	1.20871	0.175446
13.068	-0.853522	1.14373	1.54772	-1.59351	-1.16566	1.20871	0.172327
13.086	-0.853204	1.14373	1.54772	-1.59345	-1.16566	1.20871	0.169564
13.104	-0.85298	1.14373	1.54772	-1.59338	-1.16566	1.20871	0.167177
13.122	-0.852735	1.14373	1.54772	-1.59336	-1.16566	1.20871	0.165107
13.14	-0.852512	1.14373	1.54772	-1.59334	-1.16566	1.20871	0.163089
13.158	-0.852299	1.14373	1.54772	-1.5933	-1.16566	1.20871	0.161261
13.176	-0.852299	1.14373	1.54772	-1.5933	-1.16566	1.20871	0.161261
13.194	-0.852117	1.14373	1.54772	-1.59323	-1.16566	1.20871	0.159498
13.212	-0.851957	1.14373	1.54772	-1.59313	-1.16566	1.20871	0.157862
13.23	-0.851787	1.14373	1.54772	-1.59302	-1.16566	1.20871	0.156384
13.248	-0.851602	1.14373	1.54772	-1.59287	-1.16566	1.20871	0.154785
13.266	-0.85144	1.14373	1.54772	-1.59268	-1.16566	1.20871	0.153582
13.284	-0.851284	1.14373	1.54772	-1.59252	-1.16566	1.20871	0.152524
13.302	-0.851152	1.14373	1.54772	-1.59232	-1.16566	1.20871	0.151373
13.32	-0.851031	1.14373	1.54772	-1.59206	-1.16566	1.20871	0.150403
13.338	-0.850923	1.14373	1.54772	-1.59179	-1.16566	1.20871	0.149713
13.356	-0.850833	1.14373	1.54772	-1.59156	-1.16566	1.20871	0.148861
13.374	-0.850833	1.14373	1.54772	-1.59156	-1.16566	1.20871	0.148861
13.392	-0.850716	1.14373	1.54772	-1.59134	-1.16566	1.20871	0.147753
13.41	-0.850565	1.14373	1.54772	-1.5911	-1.16567	1.2087	0.146476
13.428	-0.850372	1.14373	1.54772	-1.5908	-1.16567	1.2087	0.145213
13.446	-0.850165	1.14373	1.54772	-1.59048	-1.16567	1.2087	0.143391
13.464	-0.84994	1.14374	1.54772	-1.59017	-1.16567	1.2087	0.141147
13.482	-0.849686	1.14374	1.54772	-1.58987	-1.16567	1.2087	0.138353
13.5	-0.849378	1.14374	1.54772	-1.58952	-1.16567	1.2087	0.135435
13.518	-0.849077	1.14374	1.54772	-1.58917	-1.16567	1.2087	0.132471
13.536	-0.848773	1.14374	1.54772	-1.58885	-1.16567	1.2087	0.129344
13.554	-0.848524	1.14374	1.54772	-1.58852	-1.16567	1.2087	0.125969
13.572	-0.848524	1.14374	1.54772	-1.58852	-1.16567	1.2087	0.125969
13.59	-0.848241	1.14374	1.54771	-1.58813	-1.16567	1.2087	0.122343
13.608	-0.847954	1.14374	1.54771	-1.58771	-1.16567	1.2087	0.118653
13.626	-0.84766	1.14374	1.54771	-1.58729	-1.16567	1.2087	0.115028
13.644	-0.847321	1.14374	1.54771	-1.5868	-1.16567	1.2087	0.111474
13.662	-0.846964	1.14374	1.54771	-1.58621	-1.16567	1.2087	0.10806
13.68	-0.846606	1.14374	1.54771	-1.58573	-1.16567	1.2087	0.104807
13.698	-0.846296	1.14374	1.54771	-1.58526	-1.16567	1.2087	0.101744
13.716	-0.845975	1.14374	1.54771	-1.58473	-1.16567	1.2087	0.0987986
13.734	-0.84568	1.14374	1.54771	-1.58414	-1.16567	1.2087	0.0961209
13.752	-0.845374	1.14374	1.54771	-1.58361	-1.16567	1.2087	0.0939648
13.77	-0.845374	1.14374	1.54771	-1.58361	-1.16567	1.2087	0.0939648
13.788	-0.845015	1.14374	1.5477	-1.58313	-1.16567	1.2087	0.0920951
13.806	-0.844745	1.14374	1.5477	-1.58266	-1.16567	1.2087	0.0908133
13.824	-0.844446	1.14374	1.5477	-1.58228	-1.16567	1.2087	0.0899628
13.842	-0.844229	1.14374	1.5477	-1.58195	-1.16567	1.2087	0.0895316
13.86	-0.843996	1.14374	1.5477	-1.58174	-1.16567	1.2087	0.089489
13.878	-0.843821	1.14374	1.54769	-1.5816	-1.16567	1.2087	0.089489
13.896	-0.84363	1.14374	1.54769	-1.5815	-1.16567	1.2087	0.0894907
13.914	-0.843466	1.14374	1.54769	-1.58145	-1.16567	1.2087	0.0894907
13.932	-0.843311	1.14374	1.54769	-1.58145	-1.16567	1.2087	0.0894907
13.95	-0.843143	1.14374	1.54768	-1.58145	-1.16567	1.2087	0.0894907
13.968	-0.843143	1.14374	1.54768	-1.58145	-1.16567	1.2087	0.0894907
13.986	-0.842911	1.14374	1.54767	-1.58145	-1.16567	1.2087	0.0894907
14.004	-0.842697	1.14374	1.54766	-1.58143	-1.16567	1.2087	0.0894907
14.022	-0.842482	1.14374	1.54766	-1.58143	-1.16567	1.2087	0.0894907
14.04	-0.842315	1.14374	1.54765	-1.58143	-1.16567	1.2087	0.0894907
14.058	-0.842178	1.14374	1.54764	-1.58143	-1.16567	1.2087	0.0894907
14.076	-0.842068	1.14374	1.54764	-1.58143	-1.16567	1.2087	0.0894907
14.094	-0.841988	1.14374	1.54763	-1.58143	-1.16567	1.2087	0.0894907
14.112	-0.841891	1.14374	1.54763	-1.58143	-1.16567	1.2087	0.0894907
14.13	-0.841778	1.14374	1.54763	-1.58143	-1.16567	1.2087	0.0894907
14.148	-0.841676	1.14374	1.54763	-1.58143	-1.16567	1.2087	0.0894907
14.166	-0.841602	1.14374	1.54763	-1.58142	-1.16567	1.2087	0.0894907
14.184	-0.841602	1.14374	1.54763	-1.58142	-1.16567	1.2087	0.0894907
14.202	-0.84152	1.14375	1.54763	-1.58142	-1.16567	1.2087	0.0894907
14.22	-0.841435	1.14374	1.54763	-1.58143	-1.16567	1.2087	0.0894907
14.238	-0.841364	1.14375	1.54763	-1.58142	-1.16567	1.2087	0.0894907
14.256	-0.84129	1.14375	1.54763	-1.58143	-1.16567	1.2087	0.0894907
14.274	-0.841223	1.14375	1.54762	-1.58143	-1.16567	1.2087	0.0894907
14.292	-0.841171	1.14375	1.54762	-1.58143	-1.16567	1.2087	0.0894907
14.31	-0.841111	1.14375	1.54762	-1.58143	-1.16567	1.2087	0.0894907
14.328	-0.841046	1.14375	1.54762	-1.58143	-1.16567	1.2087	0.0894907
14.346	-0.841005	1.14375	1.54762	-1.58142	-1.16567	1.2087	0.089489
14.364	-0.840965	1.14375	1.54762	-1.58142	-1.16567	1.2087	0.089489
14.382	-0.840965	1.14375	1.54762	-1.58142	-1.16567	1.2087	0.089489
14.4	-0.840917	1.14375	1.54762	-1.58143	-1.16567	1.2087	0.089489
14.418	-0.840887	1.14375	1.54762	-1.58143	-1.16567	1.2087	0.0894907
14.436	-0.840864	1.14375	1.54762	-1.58142	-1.16567	1.2087	0.0894907
14.454	-0.840836	1.14375	1.54762	-1.58142	-1.16567	1.2087	0.089489
14.472	-0.840798	1.14375	1.54762	-1.58142	-1.16567	1.2087	0.089489
14.49	-0.840753	1.14375	1.54762	-1.58142	-1.16567	1.2087	0.089489
14.508	-0.840694	1.14375	1.54762	-1.58142	-1.16567	1.2087	0.089489
14.526	-0.84064	1.14375	1.54762	-1.58142	-1.16567	1.2087	0.0894873
14.544	-0.840601	1.14375	1.54762	-1.58143	-1.16567	1.2087	0.0894873
14.562	-0.840582	1.14375	1.54762	-1.58143	-1.16567	1.2087	0.0894873
14.58	-0.840582	1.14375	1.54762	-1.58143	-1.16567	1.2087	0.0894873
14.598	-0.840564	1.14375	1.54762	-1.58143	-1.16567	1.2087	0.0894873
14.616	-0.84055	1.14375	1.54762	-1.58143	-1.16567	1.2087	0.0894873
14.634	-0.840543	1.14375	1.54762	-1.58143	-1.16567	1.2087	0.0894873
14.652	-0.840527	1.14375	1.54762	-1.58143	-1.16567	1.2087	0.0894856
14.67	-0.840516	1.14375	1.54762	-1.58143	-1.16567	1.2087	0.0894856
14.688	-0.840516	1.14375	1.54762	-1.58143	-1.16567	1.2087	0.0894839
14.706	-0.840518	1.14375	1.54762	-1.58142	-1.16567	1.2087	0.0894822
14.724	-0.840518	1.14375	1.54762	-1.58142	-1.16567	1.2087	0.0894822
14.742	-0.840516	1.14375	1.54762	-1.58142	-1.16567	1.2087	0.0894805
14.76	-0.840516	1.14375	1.54762	-1.58142	-1.16567	1.2087	0.0894805
14.778	-0.840516	1.14375	1.54762	-1.58142	-1.16567	1.2087	0.089477
14.796	-0.840516	1.14375	1.54762	-1.58142	-1.16567	1.2087	0.089477
14.814	-0.840513	1.14375	1.54762	-1.58142	-1.16567	1.2087	0.0894753
14.832	-0.840513	1.14375	1.54762	-1.58142	-1.16567	1.2087	0.0894617
14.85	-0.840499	1.14375	1.54762	-1.58142	-1.16568	1.2087	0.0894259
14.868	-0.840472	1.14375	1.54762	-1.58142	-1.16567	1.2087	0.0894174
14.886	-0.840449	1.14375	1.54762	-1.58142	-1.16567	1.2087	0.0894174
14.904	-0.840421	1.14375	1.54762	-1.58142	-1.16567	1.2087	0.0894089
14.922	-0.840395	1.14375	1.54762	-1.58142	-1.16567	1.2087	0.0893305
14.94	-0.840355	1.14375	1.54762	-1.58142	-1.16567	1.2087	0.0891464
14.958	-0.840314	1.14375	1.54762	-1.58142	-1.16567	1.2087	0.0889061
14.976	-0.840262	1.14375	1.54762	-1.58142	-1.16568	1.2087	0.0885021
14.994	-0.840262	1.14375	1.54762	-1.58142	-1.16568	1.2087	0.0885021
15.012	-0.840207	1.14375	1.54762	-1.58142	-1.16567	1.2087	0.0880658
15.03	-0.840133	1.14375	1.54762	-1.58142	-1.16568	1.2087	0.0877402
15.048	-0.840056	1.14375	1.54762	-1.58142	-1.16568	1.2087	0.0874386
15.066	-0.839982	1.14375	1.54762	-1.58142	-1.16568	1.2087	0.0871096
15.084	-0.839905	1.14375	1.54762	-1.58142	-1.16568	1.2087	0.0866273
15.102	-0.83983	1.14375	1.54762	-1.58142	-1.16568	1.2087	0.0858858
15.12	-0.839743	1.14375	1.54762	-1.58142	-1.16567	1.2087	0.0850404
15.138	-0.839627	1.14375	1.54762	-1.58142	-1.16568	1.2087	0.0841439
15.156	-0.839508	1.14375	1.54762	-1.58142	-1.16568	1.2087	0.0831997
15.174	-0.839399	1.14375	1.54762	-1.58142	-1.16568	1.2087	0.0822026
15.192	-0.839399	1.14375	1.54762	-1.58142	-1.16568	1.2087	0.0822026
15.21	-0.839294	1.14375	1.54762	-1.58142	-1.16568	1.2087	0.0808152
15.228	-0.839184	1.14375	1.54762	-1.58142	-1.16567	1.2087	0.0795658
15.246	-0.839074	1.14375	1.54762	-1.58142	-1.16567	1.2087	0.0785347
15.264	-0.838994	1.14375	1.54762	-1.58142	-1.16567	1.2087	0.0773688
15.282	-0.838921	1.14375	1.54762	-1.58142	-1.16568	1.2087	0.0763666
15.3	-0.838842	1.14375	1.54762	-1.58142	-1.16567	1.2087	0.0757087
15.318	-0.838756	1.14375	1.54762	-1.58142	-1.16567	1.2087	0.0753031
15.336	-0.838633	1.14375	1.54762	-1.58142	-1.16567	1.2087	0.0751071
15.354	-0.838474	1.14375	1.54762	-1.58142	-1.16567	1.2087	0.0750798
15.372	-0.838338	1.14375	1.54762	-1.58142	-1.16567	1.2087	0.0750883
15.39	-0.838338	1.14375	1.54762	-1.58142	-1.16567	1.2087	0.0750883
15.408	-0.838177	1.14375	1.54762	-1.58142	-1.16567	1.2087	0.07509
15.426	-0.838071	1.14375	1.54762	-1.58142	-1.16567	1.2087	0.0750917
15.444	-0.837962	1.14375	1.54762	-1.58142	-1.16567	1.2087	0.0750917
15.462	-0.837887	1.14375	1.54762	-1.58142	-1.16567	1.2087	0.0750917
15.48	-0.83784	1.14375	1.54762	-1.58142	-1.16567	1.2087	0.0750917
15.498	-0.837799	1.14375	1.54761	-1.58142	-1.16567	1.2087	0.0750917
15.516	-0.837744	1.14375	1.54761	-1.58142	-1.16567	1.2087	0.0750917
15.534	-0.837685	1.14375	1.54761	-1.58142	-1.16567	1.2087	0.07509
15.552	-0.837648	1.14375	1.54761	-1.58142	-1.16567	1.2087	0.07509
15.57	-0.837604	1.14375	1.54761	-1.58142	-1.16567	1.2087	0.0750917
15.588	-0.837604	1.14375	1.54761	-1.58142	-1.16567	1.2087	0.0750917
15.606	-0.837557	1.14375	1.54761	-1.58142	-1.16567	1.2087	0.0750917
15.624	-0.837533	1.14375	1.54761	-1.58142	-1.16567	1.2087	0.0750917
15.642	-0.837515	1.14375	1.54762	-1.58142	-1.16567	1.2087	0.07509
15.66	-0.837486	1.14375	1.54761	-1.58142	-1.16567	1.2087	0.07509
15.678	-0.837447	1.14375	1.54761	-1.58142	-1.16567	1.2087	0.0750917
15.696	-0.837422	1.14375	1.54762	-1.58142	-1.16567	1.2087	0.07509
15.714	-0.837399	1.14375	1.54762	-1.58142	-1.16567	1.2087	0.0750883
15.732	-0.837377	1.14375	1.54762	-1.58142	-1.16567	1.2087	0.0750866
15.75	-0.837335	1.14375	1.54762	-1.58142	-1.16567	1.2087	0.0750849
15.768	-0.837305	1.14375	1.54762	-1.58142	-1.16567	1.2087	0.0750696
15.786	-0.837287	1.14375	1.54762	-1.58142	-1.16567	1.2087	0.0750338
15.804	-0.837287	1.14375	1.54762	-1.58142	-1.16567	1.2087	0.0750338
15.822	-0.837249	1.14375	1.54762	-1.58142	-1.16567	1.2087	0.0749912
15.84	-0.837212	1.14375	1.54762	-1.58142	-1.16567	1.2087	0.0748923
15.858	-0.83719	1.14375	1.54762	-1.58142	-1.16567	1.2087	0.0746043
15.876	-0.837161	1.14375	1.54762	-1.58142	-1.16567	1.2087	0.0740827
15.894	-0.837107	1.14375	1.54762	-1.58142	-1.16567	1.2087	0.0735969
15.912	-0.837019	1.14375	1.54762	-1.58142	-1.16567	1.2087	0.0731794
15.93	-0.836928	1.14375	1.54762	-1.58142	-1.16567	1.2087	0.0728197
15.948	-0.83684	1.14375	1.54762	-1.58142	-1.16567	1.2087	0.0725624
15.966	-0.836752	1.14375	1.54762	-1.58142	-1.16567	1.2087	0.0723374
15.984	-0.836655	1.14375	1.54761	-1.58142	-1.16567	1.2087	0.0721243
16.002	-0.836655	1.14375	1.54761	-1.58142	-1.16567	1.2087	0.0721243
16.02	-0.83655	1.14375	1.54762	-1.58142	-1.16567	1.2087	0.0720016
16.038	-0.836442	1.14375	1.54762	-1.58142	-1.16567	1.2087	0.0719846
16.056	-0.836327	1.14375	1.54761	-1.58142	-1.16567	1.2087	0.0719846
16.074	-0.836225	1.14375	1.54762	-1.58142	-1.16567	1.2087	0.0719778
16.092	-0.836147	1.14375	1.54762	-1.58142	-1.16567	1.2087	0.0719147
16.11	-0.836084	1.14375	1.54762	-1.58142	-1.16567	1.2087	0.0718295
16.128	-0.836028	1.14375	1.54762	-1.58142	-1.16567	1.2087	0.0718056
16.146	-0.835987	1.14375	1.54762	-1.58142	-1.16567	1.2087	0.0717937
16.164	-0.835955	1.14375	1.54762	-1.58142	-1.16567	1.2087	0.0717511
16.182	-0.835922	1.14375	1.54762	-1.58142	-1.16567	1.2087	0.0716181
16.2	-0.835922	1.14375	1.54762	-1.58142	-1.16567	1.2087	0.0716181
16.218	-0.835895	1.14375	1.54762	-1.58142	-1.16567	1.2087	0.0715107
16.236	-0.835881	1.14375	1.54762	-1.58142	-1.16567	1.2087	0.0713982
16.254	-0.835876	1.14375	1.54761	-1.58142	-1.16567	1.2087	0.0711102
16.272	-0.835867	1.14376	1.54761	-1.58142	-1.16567	1.2087	0.0705989
16.29	-0.835845	1.14376	1.54762	-1.58142	-1.16567	1.2087	0.0699478
16.308	-0.835829	1.14376	1.54761	-1.58142	-1.16567	1.2087	0.0692916
16.326	-0.835828	1.14376	1.54761	-1.58142	-1.16567	1.2087	0.0685314
16.344	-0.835828	1.14376	1.54761	-1.58142	-1.16567	1.2087	0.067715
16.362	-0.835823	1.14376	1.54761	-1.58142	-1.16567	1.2087	0.0669207
16.38	-0.835823	1.14376	1.54761	-1.58142	-1.16567	1.2087	0.0658435
16.398	-0.835823	1.14376	1.54761	-1.58142	-1.16567	1.2087	0.0646879
16.416	-0.835823	1.14376	1.54761	-1.58142	-1.16567	1.2087	0.0646879
16.434	-0.835825	1.14376	1.54761	-1.58142	-1.16567	1.2087	0.0634659
16.452	-0.835828	1.14376	1.54761	-1.58142	-1.16567	1.2087	0.0621995
16.47	-0.835828	1.14376	1.54761	-1.58142	-1.16567	1.2087	0.0607439
16.488	-0.835826	1.14376	1.54761	-1.58142	-1.16567	1.2087	0.0594877
16.506	-0.835828	1.14376	1.54761	-1.58142	-1.16567	1.2087	0.058339
16.524	-0.835828	1.14376	1.54761	-1.58142	-1.16567	1.2087	0.0570913
16.542	-0.835828	1.14376	1.54761	-1.58142	-1.16567	1.2087	0.0561743
16.56	-0.835828	1.14376	1.54761	-1.58141	-1.16567	1.2087	0.0556374
16.578	-0.83583	1.14376	1.54761	-1.58139	-1.16567	1.2087	0.0554159
16.596	-0.83583	1.14376	1.54761	-1.58139	-1.16567	1.2087	0.0554022
16.614	-0.83583	1.14376	1.54761	-1.58139	-1.16567	1.2087	0.0554022
16.632	-0.835829	1.14376	1.54761	-1.58139	-1.16567	1.2087	0.0554108
16.65	-0.835829	1.14376	1.54761	-1.58139	-1.16567	1.2087	0.0554125
16.668	-0.835829	1.14376	1.54761	-1.58139	-1.16567	1.2087	0.0554108
16.686	-0.835828	1.14376	1.54761	-1.58139	-1.16567	1.2087	0.0554108
16.704	-0.835826	1.14376	1.54761	-1.58139	-1.16567	1.2087	0.0554108
16.722	-0.835826	1.14376	1.54761	-1.58139	-1.16567	1.2087	0.0554108
16.74	-0.835826	1.14376	1.54761	-1.58139	-1.16567	1.2087	0.0554108
16.758	-0.835823	1.14376	1.54761	-1.58139	-1.16567	1.2087	0.0554125
16.776	-0.835816	1.14376	1.54762	-1.58139	-1.16567	1.2087	0.0554125
16.794	-0.835815	1.14376	1.54761	-1.58139	-1.16567	1.2087	0.0554125
16.812	-0.835815	1.14376	1.54761	-1.58139	-1.16567	1.2087	0.0554125
16.83	-0.835816	1.14376	1.54761	-1.58139	-1.16567	1.2087	0.0554108
16.848	-0.835816	1.14376	1.54761	-1.58139	-1.16567	1.2087	0.0554108
16.866	-0.835817	1.14376	1.54761	-1.58139	-1.16567	1.2087	0.0554125
16.884	-0.835815	1.14376	1.54761	-1.58138	-1.16567	1.2087	0.0554125
16.902	-0.835796	1.14376	1.54762	-1.58138	-1.16567	1.2087	0.0554125
16.92	-0.835792	1.14376	1.54762	-1.58138	-1.16567	1.2087	0.0554125
16.938	-0.835793	1.14376	1.54761	-1.58138	-1.16567	1.2087	0.0554125
16.956	-0.835779	1.14376	1.54761	-1.58139	-1.16567	1.2087	0.0554125
16.974	-0.835767	1.14376	1.54761	-1.58139	-1.16567	1.2087	0.0554125
16.992	-0.83577	1.14376	1.54761	-1.58138	-1.16567	1.2087	0.0554108
17.01	-0.83577	1.14376	1.54761	-1.58138	-1.16567	1.2087	0.0554108
17.028	-0.835771	1.14376	1.54761	-1.58138	-1.16567	1.2087	0.0554125
17.046	-0.835766	1.14376	1.54762	-1.58138	-1.16567	1.2087	0.0554125
17.064	-0.835764	1.14376	1.54762	-1.58138	-1.16567	1.2087	0.0554125
17.082	-0.835765	1.14376	1.54761	-1.58137	-1.16567	1.2087	0.0554125
17.1	-0.835765	1.14376	1.54762	-1.58136	-1.16567	1.2087	0.0554142
17.118	-0.835759	1.14376	1.54762	-1.58137	-1.16567	1.2087	0.0554142
17.136	-0.835755	1.14376	1.54762	-1.58136	-1.16567	1.2087	0.0554159
17.154	-0.835757	1.14376	1.54761	-1.58135	-1.16567	1.2087	0.0554159
17.172	-0.835757	1.14376	1.54761	-1.58134	-1.16567	1.2087	0.0554159
17.19	-0.835756	1.14376	1.54762	-1.58134	-1.16567	1.2087	0.0554176
17.208	-0.835756	1.14376	1.54762	-1.58134	-1.16567	1.2087	0.0554176
17.226	-0.835756	1.14376	1.54761	-1.58134	-1.16567	1.2087	0.0554176
17.244	-0.835756	1.14376	1.54761	-1.58132	-1.16567	1.2087	0.055421
17.262	-0.835756	1.14376	1.54761	-1.5813	-1.16567	1.2087	0.055421
17.28	-0.835756	1.14376	1.54761	-1.5813	-1.16567	1.2087	0.055421
17.298	-0.835756	1.14376	1.54761	-1.58129	-1.16567	1.2087	0.055421
17.316	-0.835756	1.14376	1.54761	-1.58127	-1.16567	1.2087	0.0554193
17.334	-0.835757	1.14376	1.54761	-1.58126	-1.16567	1.2087	0.0554193
17.352	-0.835757	1.14376	1.54762	-1.58126	-1.16567	1.2087	0.0554193
17.37	-0.835757	1.14376	1.54761	-1.58124	-1.16567	1.2087	0.0554193
17.388	-0.835757	1.14376	1.54761	-1.58121	-1.16567	1.2087	0.0554193
17.406	-0.835757	1.14376	1.54762	-1.58118	-1.16567	1.2087	0.055421
17.424	-0.835757	1.14376	1.54762	-1.58118	-1.16567	1.2087	0.055421
17.442	-0.835757	1.14376	1.54762	-1.58116	-1.16567	1.2087	0.0554193
17.46	-0.835757	1.14376	1.54762	-1.58115	-1.16567	1.2087	0.0554193
17.478	-0.835756	1.14376	1.54762	-1.58115	-1.16567	1.2087	0.0554193
17.496	-0.835756	1.14376	1.54762	-1.58114	-1.16567	1.2087	0.0554193
17.514	-0.835755	1.14376	1.54761	-1.58114	-1.16567	1.2087	0.0554176
17.532	-0.835754	1.14376	1.54762	-1.58114	-1.16567	1.2087	0.0554193
17.55	-0.835754	1.14376	1.54762	-1.58114	-1.16567	1.2087	0.0554193
17.568	-0.835754	1.14376	1.54761	-1.58113	-1.16567	1.2087	0.0554193
17.586	-0.835752	1.14376	1.54762	-1.58113	-1.16567	1.2087	0.0554193
17.604	-0.835751	1.14376	1.54762	-1.58113	-1.16567	1.2087	0.0554193
17.622	-0.835751	1.14376	1.54762	-1.58113	-1.16567	1.2087	0.0554193
17.64	-0.835751	1.14376	1.54761	-1.58113	-1.16567	1.2087	0.0554193
17.658	-0.835751	1.14376	1.54761	-1.58113	-1.16567	1.2087	0.0554193
17.676	-0.835752	1.14376	1.54762	-1.58113	-1.16567	1.2087	0.0554176
17.694	-0.835751	1.14376	1.54762	-1.58112	-1.16567	1.2087	0.0554193
17.712	-0.835748	1.14376	1.54762	-1.58112	-1.16567	1.2087	0.0554176
17.73	-0.835747	1.14376	1.54762	-1.58112	-1.16567	1.2087	0.0554193
17.748	-0.835747	1.14376	1.54762	-1.58112	-1.16567	1.2087	0.0554193
17.766	-0.835746	1.14376	1.54762	-1.58112	-1.16567	1.2087	0.0554193
17.784	-0.835746	1.14376	1.54761	-1.58112	-1.16567	1.2087	0.0554193
17.802	-0.835747	1.14376	1.54761	-1.58112	-1.16567	1.2087	0.0554193
17.82	-0.835747	1.14376	1.54761	-1.58112	-1.16567	1.2087	0.0554193
17.838	-0.835747	1.14376	1.54761	-1.58112	-1.16567	1.2087	0.0554193
17.856	-0.835747	1.14376	1.54762	-1.58111	-1.16567	1.2087	0.055421
17.874	-0.835747	1.14376	1.54762	-1.5811	-1.16567	1.2087	0.0554227
17.892	-0.835748	1.14376	1.54762	-1.58106	-1.16567	1.2087	0.0554244
17.91	-0.835756	1.14376	1.54762	-1.58102	-1.16567	1.2087	0.0554244
17.928	-0.835759	1.14376	1.54761	-1.581	-1.16567	1.2087	0.0554261
17.946	-0.835759	1.14376	1.54761	-1.58099	-1.16567	1.2087	0.0554295
17.964	-0.835757	1.14376	1.54761	-1.58097	-1.16567	1.2087	0.0554414
17.982	-0.835757	1.14376	1.54761	-1.58092	-1.16567	1.2087	0.0554551
18	-0.835759	1.14376	1.54761	-1.58082	-1.16567	1.2087	0.0554585
18.018	-0.835759	1.14376	1.54761	-1.58082	-1.16567	1.2087	0.0554585
18.036	-0.835766	1.14376	1.54761	-1.58072	-1.16567	1.2087	0.055467
18.054	-0.835771	1.14376	1.54761	-1.58064	-1.16567	1.2087	0.0554943
18.072	-0.835771	1.14376	1.54761	-1.58053	-1.16567	1.2087	0.0555352
18.09	-0.835773	1.14376	1.54761	-1.58038	-1.16567	1.2087	0.055571
18.108	-0.835783	1.14376	1.54761	-1.58024	-1.16567	1.2087	0.0556681
18.126	-0.835794	1.14376	1.54761	-1.58008	-1.16567	1.2087	0.0558488
18.144	-0.835798	1.14376	1.54761	-1.57991	-1.16567	1.2087	0.0561846
18.162	-0.835801	1.14376	1.54761	-1.57979	-1.16567	1.2087	0.0566703
18.18	-0.835803	1.14376	1.54761	-1.57973	-1.16567	1.2087	0.0573299
18.198	-0.835805	1.14376	1.54761	-1.57966	-1.16567	1.2087	0.0582111
18.216	-0.835807	1.14376	1.54761	-1.5796	-1.16567	1.2087	0.0594963
18.234	-0.835807	1.14376	1.54761	-1.5796	-1.16567	1.2087	0.0594963
18.252	-0.83581	1.14376	1.54761	-1.57958	-1.16567	1.2087	0.0609876
18.27	-0.83581	1.14376	1.54761	-1.57958	-1.16567	1.2087	0.0624313
18.288	-0.835811	1.14376	1.54761	-1.57957	-1.16567	1.2087	0.0642124
18.306	-0.835811	1.14376	1.54761	-1.57957	-1.16567	1.2087	0.0660668
18.324	-0.835811	1.14376	1.54761	-1.57957	-1.16567	1.2087	0.0683235
18.342	-0.835812	1.14376	1.54761	-1.57957	-1.16567	1.2087	0.0708494
18.36	-0.835814	1.14376	1.54761	-1.57957	-1.16567	1.2087	0.0739685
18.378	-0.835814	1.14376	1.54761	-1.57957	-1.16567	1.2087	0.0777046
18.396	-0.835815	1.14376	1.54761	-1.57957	-1.16566	1.2087	0.0818668
18.414	-0.835815	1.14376	1.54761	-1.57957	-1.16566	1.2087	0.0861943
18.432	-0.835815	1.14376	1.54761	-1.57957	-1.16566	1.2087	0.0861943
18.45	-0.835816	1.14376	1.54761	-1.57957	-1.16566	1.2087	0.0907724
18.468	-0.835817	1.14376	1.54761	-1.57957	-1.16566	1.2087	0.0958584
18.486	-0.835817	1.14376	1.54761	-1.57957	-1.16566	1.2087	0.101352
18.504	-0.835817	1.14376	1.54761	-1.57957	-1.16566	1.2087	0.106792
18.522	-0.835819	1.14376	1.54761	-1.57957	-1.16566	1.2087	0.112335
18.54	-0.835819	1.14376	1.54761	-1.57957	-1.16566	1.2087	0.117994
18.558	-0.83582	1.14376	1.54761	-1.57957	-1.16566	1.2087	0.123542
18.576	-0.83582	1.14376	1.54761	-1.57957	-1.16566	1.2087	0.128786
18.594	-0.83582	1.14376	1.54761	-1.57957	-1.16566	1.2087	0.134106
18.612	-0.83582	1.14376	1.54761	-1.57957	-1.16566	1.2087	0.139556
18.63	-0.83582	1.14376	1.54761	-1.57957	-1.16566	1.2087	0.139556
18.648	-0.83582	1.14376	1.54761	-1.57957	-1.16566	1.2087	0.144613
18.666	-0.835821	1.14376	1.54761	-1.57957	-1.16566	1.2087	0.149266
18.684	-0.835821	1.14376	1.54761	-1.57957	-1.16566	1.2087	0.153841
18.702	-0.835823	1.14376	1.54761	-1.57957	-1.16566	1.2087	0.158419
18.72	-0.835823	1.14376	1.54761	-1.57957	-1.16566	1.2087	0.162672
18.738	-0.835824	1.14377	1.54761	-1.57957	-1.16566	1.2087	0.166527
18.756	-0.835824	1.14377	1.54761	-1.57957	-1.16566	1.2087	0.170251
18.774	-0.835825	1.14377	1.5476	-1.57957	-1.16566	1.2087	0.173993
18.792	-0.835826	1.14377	1.54759	-1.57957	-1.16566	1.2087	0.177691
18.81	-0.835828	1.14377	1.54758	-1.57957	-1.16565	1.2087	0.181103
18.828	-0.835829	1.14377	1.54758	-1.57957	-1.16565	1.2087	0.184255
18.846	-0.835829	1.14377	1.54758	-1.57957	-1.16565	1.2087	0.184255
18.864	-0.835831	1.14377	1.54757	-1.57957	-1.16565	1.2087	0.18728
18.882	-0.835834	1.14377	1.54755	-1.57958	-1.16565	1.20871	0.190263
18.9	-0.835835	1.14377	1.5475	-1.57957	-1.16565	1.20871	0.193275
18.918	-0.835837	1.14377	1.54743	-1.57957	-1.16565	1.20871	0.196424
18.936	-0.835839	1.14377	1.54735	-1.57957	-1.16565	1.20871	0.199509
18.954	-0.83584	1.14377	1.54726	-1.57957	-1.16565	1.2087	0.202286
18.972	-0.835842	1.14377	1.54719	-1.57958	-1.16565	1.2087	0.20478
18.99	-0.835843	1.14377	1.54716	-1.57957	-1.16565	1.2087	0.207346
19.008	-0.835845	1.14377	1.54715	-1.57958	-1.16565	1.2087	0.210048
19.026	-0.835849	1.14377	1.54714	-1.57958	-1.16565	1.20871	0.212797
19.044	-0.835849	1.14377	1.54714	-1.57958	-1.16565	1.20871	0.212797
19.062	-0.835856	1.14377	1.54712	-1.57958	-1.16565	1.20871	0.215688
19.08	-0.835861	1.14377	1.5471	-1.57958	-1.16565	1.2087	0.218602
19.098	-0.835863	1.14377	1.5471	-1.57958	-1.16565	1.2087	0.221331
19.116	-0.835867	1.14377	1.54709	-1.57958	-1.16565	1.2087	0.223832
19.134	-0.835872	1.14378	1.54709	-1.57958	-1.16565	1.2087	0.226419
19.152	-0.835876	1.14378	1.54709	-1.57958	-1.16565	1.20871	0.22909
19.17	-0.835879	1.14378	1.54708	-1.57958	-1.16564	1.20871	0.231822
19.188	-0.835885	1.14378	1.54707	-1.57958	-1.16564	1.20871	0.234719
19.206	-0.835891	1.14378	1.54706	-1.57958	-1.16564	1.20871	0.237561
19.224	-0.835894	1.14378	1.54705	-1.57958	-1.16564	1.20871	0.240209
19.242	-0.835894	1.14378	1.54705	-1.57958	-1.16564	1.20871	0.240209
19.26	-0.835898	1.14378	1.54705	-1.57958	-1.16564	1.2087	0.24273
19.278	-0.835909	1.14378	1.54704	-1.57958	-1.16564	1.20871	0.245215
19.296	-0.835927	1.14378	1.54702	-1.57958	-1.16564	1.20871	0.247634
19.314	-0.835953	1.14378	1.54699	-1.57958	-1.16564	1.20871	0.250318
19.332	-0.835982	1.14378	1.54693	-1.57958	-1.16564	1.20871	0.253214
19.35	-0.836019	1.14378	1.54687	-1.57958	-1.16564	1.20871	0.256183
19.368	-0.836069	1.14378	1.54683	-1.57958	-1.16564	1.20871	0.259096
19.386	-0.836119	1.14378	1.54679	-1.57958	-1.16564	1.20871	0.261931
19.404	-0.836188	1.14378	1.54676	-1.57958	-1.16564	1.20871	0.264659
19.422	-0.836277	1.14378	1.54673	-1.57958	-1.16564	1.20871	0.267434
19.44	-0.836379	1.14379	1.5467	-1.57958	-1.16564	1.20871	0.270543
19.458	-0.836379	1.14379	1.5467	-1.57958	-1.16564	1.20871	0.270543
19.476	-0.83648	1.14379	1.54664	-1.57958	-1.16564	1.20871	0.273938
19.494	-0.83662	1.14379	1.54657	-1.57958	-1.16564	1.20871	0.27741
19.512	-0.836834	1.14379	1.54654	-1.57958	-1.16564	1.2087	0.280809
19.53	-0.837042	1.14379	1.5465	-1.57958	-1.16564	1.20871	0.284204
19.548	-0.837294	1.14379	1.54646	-1.57958	-1.16563	1.20871	0.287783
19.566	-0.837583	1.14379	1.54645	-1.57958	-1.16563	1.20871	0.291596
19.584	-0.837953	1.14379	1.54645	-1.57958	-1.16563	1.20871	0.29559
19.602	-0.838311	1.1438	1.5464	-1.57958	-1.16563	1.20871	0.299462
19.62	-0.838662	1.1438	1.5463	-1.57958	-1.16563	1.20871	0.303208
19.638	-0.839083	1.1438	1.54623	-1.57959	-1.16563	1.20871	0.307099
19.656	-0.839083	1.1438	1.54623	-1.57959	-1.16563	1.20871	0.307099
19.674	-0.839458	1.14381	1.54616	-1.57959	-1.16563	1.20871	0.311251
19.692	-0.83995	1.14381	1.54605	-1.57959	-1.16563	1.20871	0.315582
19.71	-0.840392	1.14381	1.54591	-1.57959	-1.16563	1.20871	0.319782
19.728	-0.840851	1.14383	1.54567	-1.57959	-1.16563	1.20871	0.323866
19.746	-0.841354	1.14384	1.54543	-1.57959	-1.16563	1.20871	0.328079
19.764	-0.841799	1.14387	1.5452	-1.57959	-1.16563	1.20871	0.332425
19.782	-0.84233	1.14389	1.54498	-1.5796	-1.16563	1.20871	0.336772
19.8	-0.842746	1.14395	1.5447	-1.5796	-1.16563	1.20871	0.340917
19.818	-0.843183	1.144	1.5444	-1.5796	-1.16563	1.20871	0.34497
19.836	-0.84366	1.14406	1.54412	-1.5796	-1.16563	1.20871	0.349025
19.854	-0.84366	1.14406	1.54412	-1.5796	-1.16563	1.20871	0.349025
19.872	-0.844112	1.1442	1.54382	-1.5796	-1.16563	1.20871	0.353098
19.89	-0.844596	1.14441	1.54357	-1.57961	-1.16563	1.20871	0.357083
19.908	-0.845015	1.14459	1.54322	-1.57961	-1.16563	1.20871	0.360852
19.926	-0.845488	1.14466	1.54274	-1.57961	-1.16563	1.20871	0.364545
19.944	-0.84591	1.14465	1.54219	-1.57962	-1.16563	1.20871	0.368268
19.962	-0.84639	1.14464	1.54156	-1.57962	-1.16563	1.20871	0.372087
19.98	-0.846826	1.14464	1.54096	-1.57962	-1.16563	1.20871	0.375898
19.998	-0.847312	1.14464	1.54036	-1.57962	-1.16563	1.20871	0.379503
20.016	-0.847857	1.14463	1.53968	-1.57963	-1.16563	1.20871	0.382967
20.034	-0.848317	1.14463	1.53899	-1.57963	-1.16563	1.20871	0.386439
20.052	-0.848317	1.14463	1.53899	-1.57963	-1.16563	1.20871	0.386439
20.07	-0.848914	1.14463	1.5383	-1.57964	-1.16563	1.20871	0.389911
20.088	-0.84942	1.14463	1.53757	-1.57964	-1.16563	1.20871	0.393314
20.106	-0.85003	1.14463	1.53697	-1.57964	-1.16563	1.20871	0.396498
20.124	-0.85053	1.14465	1.53641	-1.57969	-1.16563	1.20871	0.399508
20.142	-0.85108	1.14463	1.53579	-1.57969	-1.16563	1.20871	0.402404
20.16	-0.851553	1.14463	1.53521	-1.57969	-1.16563	1.20871	0.405204
20.178	-0.852075	1.14463	1.53469	-1.57969	-1.16563	1.20871	0.407974
20.196	-0.852574	1.14463	1.53425	-1.57972	-1.16563	1.20871	0.410774
20.214	-0.853135	1.14463	1.53385	-1.57972	-1.16563	1.20871	0.413401
20.232	-0.853633	1.14463	1.53347	-1.57972	-1.16563	1.20871	0.415792
20.25	-0.85416	1.14463	1.53308	-1.57972	-1.16563	1.20871	0.418025
20.268	-0.85416	1.14463	1.53308	-1.57972	-1.16563	1.20871	0.418025
20.286	-0.854726	1.14463	1.5328	-1.57972	-1.16563	1.20871	0.419992
20.304	-0.855378	1.14463	1.53252	-1.57972	-1.16563	1.20871	0.422134
20.322	-0.855989	1.14463	1.53216	-1.57972	-1.16562	1.20871	0.424265
20.34	-0.856664	1.14463	1.53171	-1.57972	-1.16562	1.20871	0.426729
20.358	-0.85734	1.14463	1.53122	-1.57972	-1.16562	1.20871	0.429402
20.376	-0.858096	1.14463	1.53077	-1.57972	-1.16562	1.20871	0.432223
20.394	-0.858917	1.14463	1.53031	-1.57972	-1.16562	1.20871	0.435074
20.412	-0.859713	1.14463	1.52986	-1.57976	-1.16562	1.20871	0.437762
20.43	-0.860489	1.14463	1.52934	-1.57976	-1.16562	1.20871	0.440225
20.448	-0.861404	1.14463	1.52883	-1.57979	-1.16562	1.20871	0.44278
20.466	-0.861404	1.14463	1.52883	-1.57979	-1.16562	1.20871	0.44278
20.484	-0.862261	1.14463	1.52834	-1.57988	-1.16562	1.20871	0.4454
20.502	-0.863176	1.14463	1.52776	-1.5799	-1.16562	1.20871	0.448043
20.52	-0.864044	1.14463	1.52722	-1.57999	-1.16562	1.20871	0.450857
20.538	-0.864905	1.14465	1.52665	-1.58011	-1.16562	1.20871	0.453523
20.556	-0.865865	1.14464	1.52606	-1.58021	-1.16562	1.20871	0.45586
20.574	-0.866728	1.14464	1.5255	-1.58037	-1.16562	1.20871	0.458082
20.592	-0.867701	1.14464	1.52491	-1.58048	-1.16562	1.20871	0.46008
20.61	-0.868614	1.14464	1.52426	-1.58071	-1.16562	1.20871	0.462139
20.628	-0.869582	1.14464	1.5235	-1.58092	-1.16562	1.20871	0.464223
20.646	-0.870596	1.14464	1.52281	-1.58115	-1.16562	1.20871	0.466463
20.664	-0.871563	1.14466	1.52203	-1.5814	-1.16561	1.20871	0.468796
20.682	-0.871563	1.14466	1.52203	-1.5814	-1.16561	1.20871	0.468796
20.7	-0.872612	1.14464	1.52124	-1.58163	-1.16561	1.20871	0.470993
20.718	-0.873547	1.14466	1.52042	-1.58187	-1.16561	1.20871	0.473165
20.736	-0.874615	1.14463	1.51942	-1.58203	-1.16561	1.20871	0.474965
20.754	-0.875601	1.14464	1.51845	-1.58224	-1.16561	1.20871	0.476725
20.772	-0.876646	1.14465	1.51739	-1.5824	-1.16561	1.20871	0.478193
20.79	-0.877627	1.14465	1.51639	-1.58259	-1.16561	1.20871	0.479732
20.808	-0.878615	1.14464	1.51521	-1.58273	-1.16561	1.20871	0.481501
20.826	-0.879596	1.14464	1.51409	-1.58293	-1.16561	1.20871	0.483396
20.844	-0.880555	1.14465	1.51288	-1.58313	-1.16561	1.20871	0.485612
20.862	-0.881584	1.14464	1.51172	-1.58334	-1.16561	1.20871	0.487944
20.88	-0.881584	1.14464	1.51172	-1.58334	-1.16561	1.20871	0.487944
20.898	-0.882453	1.14465	1.51059	-1.58364	-1.16561	1.20871	0.49041
20.916	-0.883496	1.14464	1.50953	-1.58398	-1.16561	1.20871	0.492909
20.934	-0.884383	1.14465	1.50854	-1.58448	-1.16561	1.20871	0.495215
20.952	-0.885411	1.14463	1.50757	-1.58494	-1.16561	1.20871	0.497518
20.97	-0.886284	1.14465	1.50669	-1.58547	-1.16561	1.20871	0.49982
20.988	-0.887259	1.14466	1.5058	-1.58598	-1.1656	1.20871	0.502263
21.006	-0.888187	1.14465	1.50506	-1.58661	-1.1656	1.20871	0.504954
21.024	-0.889114	1.14466	1.50433	-1.58721	-1.1656	1.20871	0.507729
21.042	-0.89007	1.14465	1.50366	-1.5878	-1.1656	1.20871	0.510599
21.06	-0.890958	1.14468	1.50301	-1.58845	-1.1656	1.20871	0.513456
21.078	-0.891953	1.14466	1.50239	-1.58903	-1.1656	1.20871	0.516152
21.096	-0.891953	1.14466	1.50239	-1.58903	-1.1656	1.20871	0.516152
21.114	-0.892835	1.14467	1.50185	-1.58966	-1.1656	1.20871	0.518777
21.132	-0.893758	1.14471	1.50135	-1.59021	-1.1656	1.20871	0.521662
21.15	-0.894648	1.1447	1.50083	-1.5908	-1.1656	1.20871	0.524649
21.168	-0.895511	1.14469	1.50022	-1.59135	-1.1656	1.20871	0.527613
21.186	-0.896452	1.14468	1.49967	-1.59187	-1.16559	1.20871	0.530549
21.204	-0.897344	1.14473	1.49919	-1.59245	-1.16559	1.20871	0.53337
21.222	-0.898282	1.14475	1.49869	-1.59297	-1.16559	1.20871	0.536
21.24	-0.899153	1.14475	1.49818	-1.59353	-1.16559	1.20871	0.538511
21.258	-0.900012	1.14476	1.49765	-1.59407	-1.16559	1.20871	0.541289
21.276	-0.900945	1.14475	1.4972	-1.59462	-1.16559	1.20871	0.544254
21.294	-0.900945	1.14475	1.4972	-1.59462	-1.16559	1.20871	0.544254
21.312	-0.901773	1.14477	1.49673	-1.59522	-1.16558	1.20871	0.5473
21.33	-0.902685	1.14474	1.49624	-1.59579	-1.16558	1.20871	0.550341
21.348	-0.903491	1.14474	1.49578	-1.59651	-1.16558	1.20871	0.553327
21.366	-0.904313	1.14476	1.49533	-1.59718	-1.16558	1.20871	0.556213
21.384	-0.905139	1.14476	1.49492	-1.59785	-1.16558	1.20871	0.559143
21.402	-0.905927	1.14477	1.49447	-1.59859	-1.16557	1.20871	0.562265
21.42	-0.906709	1.14477	1.49404	-1.59925	-1.16557	1.20871	0.565621
21.438	-0.907468	1.14479	1.49369	-1.60001	-1.16557	1.20871	0.569195
21.456	-0.908277	1.14481	1.49336	-1.60081	-1.16557	1.20871	0.572766
21.474	-0.909082	1.14482	1.493	-1.60153	-1.16557	1.20871	0.576267
21.492	-0.909082	1.14482	1.493	-1.60153	-1.16557	1.20871	0.576267
21.51	-0.909832	1.14482	1.49257	-1.60234	-1.16556	1.20871	0.579877
21.528	-0.910573	1.14482	1.49211	-1.60313	-1.16556	1.20871	0.583645
21.546	-0.91134	1.14483	1.49168	-1.60395	-1.16555	1.20871	0.587528
21.564	-0.912096	1.14487	1.49131	-1.60495	-1.16555	1.20871	0.591441
21.582	-0.912794	1.1449	1.49094	-1.606	-1.16555	1.20871	0.595259
21.6	-0.913547	1.14495	1.4905	-1.60703	-1.16554	1.20871	0.599113
21.618	-0.914294	1.14497	1.49003	-1.60821	-1.16554	1.20871	0.603067
21.636	-0.915058	1.14499	1.48961	-1.60946	-1.16553	1.20871	0.607097
21.654	-0.915864	1.14503	1.48924	-1.61071	-1.16552	1.20871	0.611133
21.672	-0.916642	1.14508	1.48882	-1.61206	-1.16552	1.20871	0.615085
21.69	-0.916642	1.14508	1.48882	-1.61206	-1.16552	1.20871	0.615085
21.708	-0.917439	1.1451	1.48834	-1.61339	-1.16552	1.20871	0.619217
21.726	-0.918301	1.1451	1.4879	-1.61474	-1.16551	1.20871	0.623594
21.744	-0.919139	1.14513	1.48747	-1.61622	-1.16551	1.20871	0.62807
21.762	-0.920062	1.14515	1.48703	-1.61762	-1.1655	1.20871	0.632414
21.78	-0.920975	1.14518	1.48662	-1.61907	-1.16549	1.20871	0.636598
21.798	-0.921884	1.14521	1.48621	-1.62045	-1.16549	1.20871	0.640894
21.816	-0.922923	1.14522	1.48589	-1.62181	-1.16548	1.20871	0.645187
21.834	-0.923842	1.14528	1.48554	-1.62317	-1.16548	1.20871	0.649388
21.852	-0.924912	1.14529	1.48521	-1.62446	-1.16548	1.20871	0.653339
21.87	-0.925835	1.14539	1.48484	-1.62576	-1.16547	1.20871	0.657132
21.888	-0.926919	1.14542	1.48448	-1.62703	-1.16546	1.20871	0.660905
21.906	-0.926919	1.14542	1.48448	-1.62703	-1.16546	1.20871	0.660905
21.924	-0.927925	1.14546	1.48413	-1.62835	-1.16545	1.20871	0.664542
21.942	-0.929105	1.14551	1.48384	-1.62961	-1.16545	1.20871	0.667958
21.96	-0.930221	1.14557	1.48358	-1.6309	-1.16545	1.20871	0.671127
21.978	-0.931462	1.14562	1.48336	-1.63227	-1.16544	1.20871	0.673981
21.996	-0.932672	1.14567	1.4832	-1.63371	-1.16543	1.20871	0.67661
22.014	-0.934023	1.14572	1.48308	-1.63516	-1.16542	1.20871	0.679141
22.032	-0.935402	1.14578	1.48299	-1.63669	-1.16542	1.20871	0.681682
22.05	-0.936817	1.14581	1.48294	-1.63826	-1.16541	1.20871	0.684003
22.068	-0.938396	1.14587	1.48291	-1.63972	-1.16539	1.20871	0.686206
22.086	-0.939894	1.14592	1.4829	-1.64121	-1.16535	1.20871	0.68815
22.104	-0.939894	1.14592	1.4829	-1.64121	-1.16535	1.20871	0.68815
22.122	-0.941486	1.14593	1.48289	-1.6427	-1.1653	1.20871	0.689868
22.14	-0.943127	1.14595	1.48289	-1.64427	-1.16525	1.20871	0.691237
22.158	-0.944775	1.14596	1.48286	-1.64592	-1.16517	1.20871	0.69259
22.176	-0.946426	1.14596	1.48285	-1.64759	-1.16506	1.20871	0.693656
22.194	-0.948109	1.14597	1.48283	-1.6493	-1.16493	1.20871	0.694724
22.212	-0.949944	1.14599	1.48281	-1.65095	-1.16473	1.20871	0.696037
22.23	-0.9518	1.146	1.48279	-1.65262	-1.16448	1.20871	0.697462
22.248	-0.953713	1.146	1.48276	-1.6543	-1.16416	1.20871	0.698927
22.266	-0.955697	1.14602	1.48271	-1.65601	-1.16381	1.20871	0.70064
22.284	-0.957762	1.14605	1.48266	-1.65771	-1.16334	1.20871	0.702301
22.302	-0.959893	1.14607	1.48261	-1.65938	-1.16278	1.20871	0.704228
22.32	-0.959893	1.14607	1.48261	-1.65938	-1.16278	1.20871	0.704228
22.338	-0.9621	1.14611	1.48257	-1.66103	-1.16215	1.20871	0.706233
22.356	-0.964286	1.14613	1.48255	-1.6627	-1.16148	1.20871	0.708367
22.374	-0.966509	1.14617	1.48251	-1.66436	-1.16077	1.20871	0.71041
22.392	-0.968764	1.1462	1.48247	-1.66604	-1.16012	1.20871	0.712559
22.41	-0.971072	1.14624	1.48247	-1.66779	-1.15958	1.20871	0.714646
22.428	-0.973394	1.14629	1.48246	-1.6696	-1.1592	1.20871	0.717088
22.446	-0.975752	1.14634	1.48246	-1.67147	-1.15903	1.20871	0.71964
22.464	-0.978121	1.14644	1.48246	-1.6734	-1.15902	1.20871	0.722297
22.482	-0.980453	1.14652	1.48246	-1.67541	-1.15902	1.20871	0.72509
22.5	-0.982812	1.14661	1.48245	-1.6774	-1.15902	1.20871	0.7278
22.518	-0.982812	1.14661	1.48245	-1.6774	-1.15902	1.20871	0.7278
22.536	-0.985083	1.14668	1.48245	-1.67935	-1.15902	1.20871	0.730406
22.554	-0.987367	1.14675	1.48243	-1.68126	-1.15901	1.20871	0.733108
22.572	-0.989648	1.14685	1.48242	-1.68316	-1.15901	1.20871	0.735924
22.59	-0.991855	1.14694	1.48241	-1.68513	-1.15901	1.20871	0.738849
22.608	-0.994068	1.14705	1.4824	-1.68707	-1.15901	1.20871	0.741932
22.626	-0.996233	1.14716	1.4824	-1.68899	-1.15901	1.20871	0.745143
22.644	-0.998321	1.14727	1.48239	-1.69091	-1.15901	1.20871	0.748269
22.662	-1.00038	1.14743	1.48237	-1.69277	-1.159	1.20871	0.75128
22.68	-1.00237	1.14753	1.48237	-1.69464	-1.159	1.20871	0.754268
22.698	-1.00429	1.14768	1.48237	-1.69646	-1.159	1.20871	0.757573
22.716	-1.00429	1.14768	1.48237	-1.69646	-1.159	1.20871	0.757573
22.734	-1.00614	1.14779	1.48237	-1.69821	-1.15898	1.20871	0.761014
22.752	-1.0079	1.14795	1.48235	-1.69983	-1.15895	1.20871	0.764578
22.77	-1.00965	1.14808	1.48235	-1.70137	-1.15894	1.20871	0.768072
22.788	-1.01129	1.14824	1.48235	-1.70292	-1.15893	1.20871	0.771497
22.806	-1.01298	1.14846	1.48234	-1.70442	-1.15892	1.20871	0.775015
22.824	-1.01457	1.14871	1.48234	-1.70587	-1.15885	1.20871	0.77873
22.842	-1.01612	1.14896	1.48233	-1.7073	-1.15874	1.20871	0.782545
22.86	-1.01761	1.1492	1.48233	-1.70871	-1.15855	1.20871	0.786378
22.878	-1.01915	1.14949	1.48232	-1.71005	-1.15832	1.20871	0.790078
22.896	-1.0206	1.14973	1.4823	-1.71138	-1.15806	1.20871	0.793709
22.914	-1.0206	1.14973	1.4823	-1.71138	-1.15806	1.20871	0.793709
22.932	-1.02198	1.14999	1.4823	-1.71275	-1.15771	1.20871	0.797472
22.95	-1.02341	1.15031	1.48229	-1.7141	-1.15741	1.20871	0.801229
22.968	-1.02471	1.15062	1.48227	-1.7155	-1.15714	1.20871	0.804963
22.986	-1.02602	1.15094	1.48227	-1.71686	-1.15694	1.20871	0.808578
23.004	-1.02729	1.15136	1.48222	-1.71811	-1.15687	1.20871	0.812053
23.022	-1.02851	1.15177	1.48218	-1.71936	-1.15683	1.20871	0.815587
23.04	-1.02979	1.15221	1.48216	-1.72053	-1.15679	1.20871	0.819134
23.058	-1.0309	1.15267	1.48213	-1.72165	-1.15673	1.20871	0.822604
23.076	-1.03215	1.15313	1.4821	-1.72271	-1.15672	1.20871	0.825892
23.094	-1.03327	1.15361	1.48202	-1.72378	-1.15672	1.20871	0.828925
23.112	-1.03327	1.15361	1.48202	-1.72378	-1.15672	1.20871	0.828925
23.13	-1.03447	1.15405	1.48198	-1.72485	-1.15669	1.20871	0.83185
23.148	-1.03558	1.15454	1.48191	-1.72591	-1.15666	1.20871	0.834828
23.166	-1.03674	1.15495	1.4819	-1.72702	-1.15665	1.20871	0.837877
23.184	-1.03783	1.15548	1.4818	-1.72808	-1.15665	1.20871	0.840921
23.202	-1.03899	1.15589	1.48175	-1.72915	-1.15665	1.20871	0.843938
23.22	-1.0401	1.15639	1.48156	-1.73017	-1.15665	1.20871	0.846841
23.238	-1.04127	1.15671	1.4814	-1.73125	-1.15665	1.20871	0.849512
23.256	-1.04241	1.15709	1.48108	-1.73227	-1.15664	1.20871	0.852042
23.274	-1.04351	1.15736	1.48076	-1.73341	-1.15662	1.20871	0.854742
23.292	-1.04465	1.15765	1.48031	-1.73451	-1.15659	1.20871	0.857418
23.31	-1.04579	1.1578	1.47987	-1.73569	-1.15659	1.20871	0.859949
23.328	-1.04579	1.1578	1.47987	-1.73569	-1.15659	1.20871	0.859949
23.346	-1.04701	1.15792	1.47929	-1.73675	-1.15659	1.20871	0.862417
23.364	-1.04816	1.15795	1.47857	-1.73791	-1.15659	1.20871	0.864493
23.382	-1.04941	1.15794	1.47783	-1.73902	-1.15659	1.20871	0.866404
23.4	-1.05055	1.15795	1.47713	-1.74015	-1.15659	1.20871	0.867914
23.418	-1.05175	1.15791	1.47629	-1.74119	-1.15659	1.20871	0.869445
23.436	-1.05295	1.15791	1.47546	-1.74222	-1.15659	1.20871	0.870747
23.454	-1.05417	1.1579	1.47456	-1.74321	-1.15659	1.20871	0.872076
23.472	-1.05537	1.15791	1.47363	-1.74414	-1.15659	1.20871	0.873609
23.49	-1.05656	1.15791	1.4727	-1.74512	-1.15659	1.20871	0.874918
23.508	-1.05778	1.1579	1.47172	-1.74604	-1.15659	1.20871	0.876218
23.526	-1.05778	1.1579	1.47172	-1.74604	-1.15659	1.20871	0.876218
23.544	-1.05895	1.15791	1.47084	-1.74695	-1.15659	1.20871	0.877646
23.562	-1.06019	1.15793	1.46982	-1.7477	-1.15659	1.20871	0.878845
23.58	-1.06132	1.15793	1.46881	-1.74844	-1.15659	1.20871	0.880085
23.598	-1.06254	1.1579	1.46777	-1.74904	-1.15659	1.20871	0.881323
23.616	-1.06365	1.15792	1.46681	-1.74963	-1.15659	1.20871	0.882298
23.634	-1.06486	1.15791	1.4659	-1.75018	-1.15659	1.20871	0.88301
23.652	-1.06599	1.15792	1.46495	-1.75065	-1.15659	1.20871	0.88373
23.67	-1.06716	1.1579	1.46411	-1.75106	-1.15659	1.20871	0.884485
23.688	-1.06827	1.15793	1.46331	-1.75137	-1.15659	1.20871	0.885045
23.706	-1.06942	1.15791	1.46258	-1.75166	-1.15658	1.20871	0.885495
23.724	-1.07051	1.15791	1.46189	-1.75184	-1.15658	1.20871	0.885891
23.742	-1.07051	1.15791	1.46189	-1.75184	-1.15658	1.20871	0.885891
23.76	-1.07161	1.15791	1.46116	-1.75202	-1.15659	1.20871	0.886255
23.778	-1.07268	1.1579	1.46039	-1.75212	-1.15658	1.20871	0.886637
23.796	-1.07379	1.15791	1.45974	-1.75227	-1.15658	1.20871	0.886949
23.814	-1.07483	1.1579	1.45898	-1.75239	-1.15658	1.20871	0.8873
23.832	-1.07597	1.15789	1.45837	-1.75255	-1.15659	1.20871	0.887939
23.85	-1.07702	1.15793	1.4577	-1.75268	-1.15659	1.20871	0.888712
23.868	-1.07813	1.15789	1.45694	-1.75284	-1.15658	1.20871	0.889412
23.886	-1.07914	1.1579	1.45615	-1.75295	-1.15657	1.20871	0.890215
23.904	-1.08026	1.1579	1.45546	-1.7531	-1.15654	1.20871	0.891057
23.922	-1.08127	1.15789	1.45468	-1.75317	-1.15653	1.20871	0.892119
23.94	-1.08127	1.15789	1.45468	-1.75317	-1.15653	1.20871	0.892119
23.958	-1.08237	1.15789	1.45399	-1.75321	-1.15654	1.20871	0.893295
23.976	-1.08334	1.15791	1.45318	-1.75322	-1.15653	1.20871	0.894326
23.994	-1.08444	1.15788	1.45242	-1.75323	-1.15654	1.20871	0.895316
24.012	-1.08539	1.1579	1.45169	-1.75323	-1.15654	1.20871	0.896436
24.03	-1.08649	1.15789	1.45094	-1.75324	-1.15654	1.20871	0.897392
24.048	-1.08739	1.15788	1.45025	-1.75324	-1.15654	1.20871	0.898011
24.066	-1.08839	1.15788	1.44965	-1.75324	-1.15654	1.20871	0.898432
24.084	-1.08925	1.15788	1.44916	-1.75324	-1.15654	1.20871	0.898641
24.102	-1.09013	1.15788	1.44873	-1.75324	-1.15654	1.20871	0.898652
24.12	-1.09091	1.15788	1.44841	-1.75325	-1.15654	1.20871	0.898645
24.138	-1.09163	1.15788	1.44817	-1.75325	-1.15654	1.2087	0.898645
24.156	-1.09163	1.15788	1.44817	-1.75325	-1.15654	1.2087	0.898645
24.174	-1.09232	1.15788	1.44804	-1.75325	-1.15654	1.20871	0.898643
24.192	-1.09287	1.15789	1.448	-1.75326	-1.15654	1.20871	0.898641
24.21	-1.09341	1.15788	1.44799	-1.75326	-1.15654	1.20871	0.898641
24.228	-1.09378	1.15788	1.44799	-1.75326	-1.15654	1.20871	0.898641
24.246	-1.09409	1.15788	1.44799	-1.75326	-1.15654	1.20871	0.898641
24.264	-1.09434	1.15788	1.44799	-1.75325	-1.15654	1.20871	0.898641
24.282	-1.09456	1.15788	1.44798	-1.75325	-1.15655	1.2087	0.898641
24.3	-1.09475	1.15788	1.4479	-1.75325	-1.15655	1.2087	0.898641
24.318	-1.09494	1.15788	1.44774	-1.75323	-1.15655	1.2087	0.898643
24.336	-1.09519	1.15788	1.44748	-1.75322	-1.15655	1.2087	0.898641
24.354	-1.09519	1.15788	1.44748	-1.75322	-1.15655	1.2087	0.898641
24.372	-1.0954	1.15788	1.44718	-1.75324	-1.15655	1.2087	0.898638
24.39	-1.09556	1.15788	1.44694	-1.75324	-1.15655	1.2087	0.89864
24.408	-1.09571	1.15788	1.4467	-1.75323	-1.15655	1.2087	0.89864
24.426	-1.09584	1.15788	1.44653	-1.75323	-1.15655	1.2087	0.89864
24.444	-1.09591	1.15788	1.44645	-1.75323	-1.15655	1.20871	0.89864
24.462	-1.09593	1.15788	1.44635	-1.75323	-1.15655	1.20871	0.89864
24.48	-1.09594	1.15788	1.44623	-1.75323	-1.15655	1.2087	0.89864
24.498	-1.09595	1.15788	1.44621	-1.75323	-1.15655	1.2087	0.89864
24.516	-1.09595	1.15788	1.44621	-1.75323	-1.15655	1.2087	0.89864
24.534	-1.09596	1.15788	1.4462	-1.75323	-1.15655	1.2087	0.89864
24.552	-1.09596	1.15788	1.4462	-1.75323	-1.15655	1.2087	0.89864
24.57	-1.09596	1.15788	1.44619	-1.75323	-1.15655	1.2087	0.89864
24.588	-1.09596	1.15788	1.44618	-1.75323	-1.15655	1.2087	0.89864
24.606	-1.09596	1.15788	1.44614	-1.75323	-1.15656	1.2087	0.898638
24.624	-1.09596	1.15788	1.44607	-1.75323	-1.15655	1.2087	0.89864
24.642	-1.09595	1.15788	1.44603	-1.75323	-1.15656	1.20871	0.89864
24.66	-1.09595	1.15788	1.44598	-1.75323	-1.15655	1.20871	0.89864
24.678	-1.09595	1.15788	1.4459	-1.75323	-1.15655	1.20871	0.89864
24.696	-1.09595	1.15788	1.44583	-1.75323	-1.15656	1.2087	0.89864
24.714	-1.09595	1.15788	1.44574	-1.75323	-1.15655	1.2087	0.89864
24.732	-1.09595	1.15788	1.44565	-1.75323	-1.15656	1.2087	0.89864
24.75	-1.09596	1.15788	1.44556	-1.75323	-1.15656	1.2087	0.89864
24.768	-1.09596	1.15788	1.44556	-1.75323	-1.15656	1.2087	0.89864
24.786	-1.09596	1.15788	1.44544	-1.75323	-1.15656	1.2087	0.89864
24.804	-1.09596	1.15788	1.44526	-1.75323	-1.15656	1.2087	0.89864
24.822	-1.09596	1.15788	1.44506	-1.75323	-1.15656	1.2087	0.89864
24.84	-1.09596	1.15788	1.4449	-1.75323	-1.15656	1.2087	0.89864
24.858	-1.09596	1.15788	1.44472	-1.75323	-1.15656	1.20871	0.89864
24.876	-1.09595	1.15788	1.44452	-1.75323	-1.15656	1.2087	0.89864
24.894	-1.09596	1.15788	1.44431	-1.75323	-1.15655	1.2087	0.89864
24.912	-1.09596	1.15788	1.44409	-1.75323	-1.15655	1.2087	0.89864
24.93	-1.09596	1.15788	1.44388	-1.75323	-1.15656	1.20871	0.89864
24.948	-1.09596	1.15788	1.44365	-1.75322	-1.15656	1.2087	0.89864
24.966	-1.09596	1.15788	1.44365	-1.75322	-1.15656	1.2087	0.89864
24.984	-1.09596	1.15788	1.4434	-1.75321	-1.15656	1.2087	0.898638
25.002	-1.09596	1.15788	1.44315	-1.7532	-1.15656	1.2087	0.89864
25.02	-1.09596	1.15788	1.44293	-1.7532	-1.15656	1.2087	0.89864
25.038	-1.09596	1.15788	1.44273	-1.7532	-1.15656	1.2087	0.89864
25.056	-1.09596	1.15788	1.44255	-1.7532	-1.15655	1.2087	0.89864
25.074	-1.09596	1.15788	1.44241	-1.75321	-1.15656	1.2087	0.89864
25.092	-1.09594	1.15788	1.44229	-1.75321	-1.15656	1.2087	0.89864
25.11	-1.09594	1.15788	1.44217	-1.75321	-1.15656	1.2087	0.89864
25.128	-1.09594	1.15788	1.44207	-1.75321	-1.15656	1.2087	0.89864
25.146	-1.09594	1.15788	1.44196	-1.75321	-1.15656	1.2087	0.89864
25.164	-1.09594	1.15788	1.44196	-1.75321	-1.15656	1.2087	0.89864
25.182	-1.09594	1.15788	1.44185	-1.75321	-1.15656	1.2087	0.898638
25.2	-1.09594	1.15788	1.44171	-1.75321	-1.15655	1.20871	0.89864
25.218	-1.09594	1.15788	1.44154	-1.75321	-1.15656	1.20871	0.89864
25.236	-1.09593	1.15788	1.44125	-1.75321	-1.15656	1.2087	0.89864
25.254	-1.09592	1.15788	1.44091	-1.75321	-1.15656	1.2087	0.89864
25.272	-1.09593	1.15789	1.4406	-1.75321	-1.15656	1.2087	0.89864
25.29	-1.09593	1.15789	1.44025	-1.75321	-1.15656	1.2087	0.89864
25.308	-1.09593	1.15789	1.4399	-1.75321	-1.15656	1.2087	0.89864
25.326	-1.09593	1.15789	1.43954	-1.75321	-1.15655	1.2087	0.89864
25.344	-1.09593	1.15788	1.43919	-1.75321	-1.15655	1.2087	0.89864
25.362	-1.09593	1.15788	1.43919	-1.75321	-1.15655	1.2087	0.89864
25.38	-1.09594	1.15789	1.43888	-1.75321	-1.15655	1.2087	0.89864
25.398	-1.09594	1.15789	1.43862	-1.75321	-1.15655	1.20871	0.89864
25.416	-1.09594	1.15789	1.43841	-1.75321	-1.15655	1.2087	0.89864
25.434	-1.09595	1.15789	1.43822	-1.75321	-1.15655	1.2087	0.89864
25.452	-1.09597	1.15788	1.43803	-1.75321	-1.15655	1.2087	0.89864
25.47	-1.09598	1.15788	1.43788	-1.7532	-1.15656	1.2087	0.89864
25.488	-1.09599	1.15788	1.43774	-1.7532	-1.15656	1.2087	0.89864
25.506	-1.096	1.15788	1.43761	-1.7532	-1.15656	1.2087	0.89864
25.524	-1.096	1.15788	1.43744	-1.7532	-1.15655	1.2087	0.89864
25.542	-1.096	1.15788	1.43719	-1.7532	-1.15655	1.2087	0.89864
25.56	-1.096	1.15788	1.43694	-1.75319	-1.15655	1.2087	0.89864
25.578	-1.096	1.15788	1.43694	-1.75319	-1.15655	1.2087	0.89864
25.596	-1.09601	1.15788	1.43672	-1.75319	-1.15655	1.20871	0.89864
25.614	-1.09602	1.15788	1.43653	-1.75319	-1.15655	1.20871	0.89864
25.632	-1.09602	1.15788	1.43641	-1.75319	-1.15655	1.2087	0.89864
25.65	-1.09602	1.15788	1.43634	-1.75319	-1.15655	1.2087	0.89864
