   0.0000000e+00   1.6918979e-09
   5.0000000e-02   1.9652136e-09
   1.0000000e-01   2.2815406e-09
   1.5000000e-01   2.6474606e-09
   2.0000000e-01   3.0705323e-09
   2.5000000e-01   3.5594318e-09
   3.0000000e-01   4.1241128e-09
   3.5000000e-01   4.7759883e-09
   4.0000000e-01   5.5281373e-09
   4.5000000e-01   6.3955404e-09
   5.0000000e-01   7.3953463e-09
   5.5000000e-01   8.5471759e-09
   6.0000000e-01   9.8734657e-09
   6.5000000e-01   1.1399858e-08
   7.0000000e-01   1.3155645e-08
   7.5000000e-01   1.5174265e-08
   8.0000000e-01   1.7493877e-08
   8.5000000e-01   2.0157994e-08
   9.0000000e-01   2.3216214e-08
   9.5000000e-01   2.6725039e-08
   1.0000000e+00   3.0748799e-08
   1.0500000e+00   3.5360696e-08
   1.1000000e+00   4.0643988e-08
   1.1500000e+00   4.6693311e-08
   1.2000000e+00   5.3616182e-08
   1.2500000e+00   6.1534681e-08
   1.3000000e+00   7.0587349e-08
   1.3500000e+00   8.0931323e-08
   1.4000000e+00   9.2744735e-08
   1.4500000e+00   1.0622940e-07
   1.5000000e+00   1.2161386e-07
   1.5500000e+00   1.3915674e-07
   1.6000000e+00   1.5915060e-07
   1.6500000e+00   1.8192617e-07
   1.7000000e+00   2.0785712e-07
   1.7500000e+00   2.3736545e-07
   1.8000000e+00   2.7092741e-07
   1.8500000e+00   3.0908024e-07
   1.9000000e+00   3.5242962e-07
   1.9500000e+00   4.0165798e-07
   2.0000000e+00   4.5753388e-07
   2.0500000e+00   5.2092232e-07
   2.1000000e+00   5.9279636e-07
   2.1500000e+00   6.7424998e-07
   2.2000000e+00   7.6651244e-07
   2.2500000e+00   8.7096425e-07
   2.3000000e+00   9.8915489e-07
   2.3500000e+00   1.1228226e-06
   2.4000000e+00   1.2739160e-06
   2.4500000e+00   1.4446190e-06
   2.5000000e+00   1.6373771e-06
   2.5500000e+00   1.8549276e-06
   2.6000000e+00   2.1003325e-06
   2.6500000e+00   2.3770154e-06
   2.7000000e+00   2.6888018e-06
   2.7500000e+00   3.0399639e-06
   2.8000000e+00   3.4352704e-06
   2.8500000e+00   3.8800407e-06
   2.9000000e+00   4.3802055e-06
   2.9500000e+00   4.9423733e-06
   3.0000000e+00   5.5739037e-06
   3.0500000e+00   6.2829879e-06
   3.1000000e+00   7.0787381e-06
   3.1500000e+00   7.9712845e-06
   3.2000000e+00   8.9718837e-06
   3.2500000e+00   1.0093036e-05
   3.3000000e+00   1.1348614e-05
   3.3500000e+00   1.2754009e-05
   3.4000000e+00   1.4326281e-05
   3.4500000e+00   1.6084332e-05
   3.5000000e+00   1.8049097e-05
   3.5500000e+00   2.0243741e-05
   3.6000000e+00   2.2693888e-05
   3.6500000e+00   2.5427866e-05
   3.7000000e+00   2.8476969e-05
   3.7500000e+00   3.1875754e-05
   3.8000000e+00   3.5662355e-05
   3.8500000e+00   3.9878832e-05
   3.9000000e+00   4.4571545e-05
   3.9500000e+00   4.9791568e-05
   4.0000000e+00   5.5595132e-05
   4.0500000e+00   6.2044114e-05
   4.1000000e+00   6.9206560e-05
   4.1500000e+00   7.7157258e-05
   4.2000000e+00   8.5978361e-05
   4.2500000e+00   9.5760056e-05
   4.3000000e+00   1.0660129e-04
   4.3500000e+00   1.1861058e-04
   4.4000000e+00   1.3190681e-04
   4.4500000e+00   1.4662021e-04
   4.5000000e+00   1.6289334e-04
   4.5500000e+00   1.8088214e-04
   4.6000000e+00   2.0075709e-04
   4.6500000e+00   2.2270447e-04
   4.7000000e+00   2.4692772e-04
   4.7500000e+00   2.7364883e-04
   4.8000000e+00   3.0310996e-04
   4.8500000e+00   3.3557506e-04
   4.9000000e+00   3.7133167e-04
   4.9500000e+00   4.1069287e-04
   5.0000000e+00   4.5399930e-04
   5.0500000e+00   5.0162140e-04
   5.1000000e+00   5.5396176e-04
   5.1500000e+00   6.1145762e-04
   5.2000000e+00   6.7458363e-04
   5.2500000e+00   7.4385465e-04
   5.3000000e+00   8.1982889e-04
   5.3500000e+00   9.0311116e-04
   5.4000000e+00   9.9435636e-04
   5.4500000e+00   1.0942732e-03
   5.5000000e+00   1.2036281e-03
   5.5500000e+00   1.3232494e-03
   5.6000000e+00   1.4540320e-03
   5.6500000e+00   1.5969417e-03
   5.7000000e+00   1.7530206e-03
   5.7500000e+00   1.9233922e-03
   5.8000000e+00   2.1092667e-03
   5.8500000e+00   2.3119478e-03
   5.9000000e+00   2.5328379e-03
   5.9500000e+00   2.7734454e-03
   6.0000000e+00   3.0353914e-03
   6.0500000e+00   3.3204170e-03
   6.1000000e+00   3.6303911e-03
   6.1500000e+00   3.9673183e-03
   6.2000000e+00   4.3333476e-03
   6.2500000e+00   4.7307813e-03
   6.3000000e+00   5.1620840e-03
   6.3500000e+00   5.6298926e-03
   6.4000000e+00   6.1370267e-03
   6.4500000e+00   6.6864987e-03
   6.5000000e+00   7.2815254e-03
   6.5500000e+00   7.9255393e-03
   6.6000000e+00   8.6222009e-03
   6.6500000e+00   9.3754106e-03
   6.7000000e+00   1.0189323e-02
   6.7500000e+00   1.1068358e-02
   6.8000000e+00   1.2017217e-02
   6.8500000e+00   1.3040897e-02
   6.9000000e+00   1.4144705e-02
   6.9500000e+00   1.5334273e-02
   7.0000000e+00   1.6615573e-02
   7.0500000e+00   1.7994936e-02
   7.1000000e+00   1.9479066e-02
   7.1500000e+00   2.1075060e-02
   7.2000000e+00   2.2790422e-02
   7.2500000e+00   2.4633083e-02
   7.3000000e+00   2.6611418e-02
   7.3500000e+00   2.8734267e-02
   7.4000000e+00   3.1010950e-02
   7.4500000e+00   3.3451291e-02
   7.5000000e+00   3.6065631e-02
   7.5500000e+00   3.8864855e-02
   7.6000000e+00   4.1860404e-02
   7.6500000e+00   4.5064301e-02
   7.7000000e+00   4.8489165e-02
   7.7500000e+00   5.2148237e-02
   7.8000000e+00   5.6055394e-02
   7.8500000e+00   6.0225170e-02
   7.9000000e+00   6.4672778e-02
   7.9500000e+00   6.9414125e-02
   8.0000000e+00   7.4465831e-02
   8.0500000e+00   7.9845249e-02
   8.1000000e+00   8.5570481e-02
   8.1500000e+00   9.1660393e-02
   8.2000000e+00   9.8134636e-02
   8.2500000e+00   1.0501365e-01
   8.3000000e+00   1.1231870e-01
   8.3500000e+00   1.2007186e-01
   8.4000000e+00   1.2829604e-01
   8.4500000e+00   1.3701499e-01
   8.5000000e+00   1.4625335e-01
   8.5500000e+00   1.5603657e-01
   8.6000000e+00   1.6639099e-01
   8.6500000e+00   1.7734383e-01
   8.7000000e+00   1.8892316e-01
   8.7500000e+00   2.0115794e-01
   8.8000000e+00   2.1407799e-01
   8.8500000e+00   2.2771398e-01
   8.9000000e+00   2.4209746e-01
   8.9500000e+00   2.5726080e-01
   9.0000000e+00   2.7323722e-01
   9.0500000e+00   2.9006075e-01
   9.1000000e+00   3.0776619e-01
   9.1500000e+00   3.2638915e-01
   9.2000000e+00   3.4596595e-01
   9.2500000e+00   3.6653366e-01
   9.3000000e+00   3.8813001e-01
   9.3500000e+00   4.1079338e-01
   9.4000000e+00   4.3456276e-01
   9.4500000e+00   4.5947768e-01
   9.5000000e+00   4.8557821e-01
   9.5500000e+00   5.1290486e-01
   9.6000000e+00   5.4149854e-01
   9.6500000e+00   5.7140050e-01
   9.7000000e+00   6.0265227e-01
   9.7500000e+00   6.3529558e-01
   9.8000000e+00   6.6937228e-01
   9.8500000e+00   7.0492427e-01
   9.9000000e+00   7.4199342e-01
   9.9500000e+00   7.8062148e-01
   1.0000000e+01   8.2084999e-01
   1.0050000e+01   8.6272016e-01
   1.0100000e+01   9.0627281e-01
   1.0150000e+01   9.5154823e-01
   1.0200000e+01   9.9858609e-01
   1.0250000e+01   1.0474253e+00
   1.0300000e+01   1.0981040e+00
   1.0350000e+01   1.1506593e+00
   1.0400000e+01   1.2051272e+00
   1.0450000e+01   1.2615424e+00
   1.0500000e+01   1.3199384e+00
   1.0550000e+01   1.3803472e+00
   1.0600000e+01   1.4427992e+00
   1.0650000e+01   1.5073228e+00
   1.0700000e+01   1.5739448e+00
   1.0750000e+01   1.6426899e+00
   1.0800000e+01   1.7135806e+00
   1.0850000e+01   1.7866370e+00
   1.0900000e+01   1.8618770e+00
   1.0950000e+01   1.9393155e+00
   1.1000000e+01   2.0189652e+00
   1.1050000e+01   2.1008354e+00
   1.1100000e+01   2.1849328e+00
   1.1150000e+01   2.2712608e+00
   1.1200000e+01   2.3598194e+00
   1.1250000e+01   2.4506054e+00
   1.1300000e+01   2.5436119e+00
   1.1350000e+01   2.6388286e+00
   1.1400000e+01   2.7362410e+00
   1.1450000e+01   2.8358312e+00
   1.1500000e+01   2.9375770e+00
   1.1550000e+01   3.0414522e+00
   1.1600000e+01   3.1474264e+00
   1.1650000e+01   3.2554649e+00
   1.1700000e+01   3.3655288e+00
   1.1750000e+01   3.4775746e+00
   1.1800000e+01   3.5915544e+00
   1.1850000e+01   3.7074158e+00
   1.1900000e+01   3.8251018e+00
   1.1950000e+01   3.9445508e+00
   1.2000000e+01   4.0656966e+00
   1.2050000e+01   4.1884682e+00
   1.2100000e+01   4.3127903e+00
   1.2150000e+01   4.4385826e+00
   1.2200000e+01   4.5657605e+00
   1.2250000e+01   4.6942347e+00
   1.2300000e+01   4.8239114e+00
   1.2350000e+01   4.9546924e+00
   1.2400000e+01   5.0864752e+00
   1.2450000e+01   5.2191528e+00
   1.2500000e+01   5.3526143e+00
   1.2550000e+01   5.4867445e+00
   1.2600000e+01   5.6214245e+00
   1.2650000e+01   5.7565313e+00
   1.2700000e+01   5.8919387e+00
   1.2750000e+01   6.0275166e+00
   1.2800000e+01   6.1631320e+00
   1.2850000e+01   6.2986485e+00
   1.2900000e+01   6.4339271e+00
   1.2950000e+01   6.5688258e+00
   1.3000000e+01   6.7032005e+00
   1.3050000e+01   6.8369047e+00
   1.3100000e+01   6.9697900e+00
   1.3150000e+01   7.1017064e+00
   1.3200000e+01   7.2325024e+00
   1.3250000e+01   7.3620255e+00
   1.3300000e+01   7.4901221e+00
   1.3350000e+01   7.6166382e+00
   1.3400000e+01   7.7414197e+00
   1.3450000e+01   7.8643123e+00
   1.3500000e+01   7.9851622e+00
   1.3550000e+01   8.1038163e+00
   1.3600000e+01   8.2201223e+00
   1.3650000e+01   8.3339297e+00
   1.3700000e+01   8.4450890e+00
   1.3750000e+01   8.5534533e+00
   1.3800000e+01   8.6588775e+00
   1.3850000e+01   8.7612194e+00
   1.3900000e+01   8.8603396e+00
   1.3950000e+01   8.9561020e+00
   1.4000000e+01   9.0483742e+00
   1.4050000e+01   9.1370273e+00
   1.4100000e+01   9.2219369e+00
   1.4150000e+01   9.3029829e+00
   1.4200000e+01   9.3800500e+00
   1.4250000e+01   9.4530278e+00
   1.4300000e+01   9.5218113e+00
   1.4350000e+01   9.5863009e+00
   1.4400000e+01   9.6464029e+00
   1.4450000e+01   9.7020295e+00
   1.4500000e+01   9.7530991e+00
   1.4550000e+01   9.7995365e+00
   1.4600000e+01   9.8412732e+00
   1.4650000e+01   9.8782473e+00
   1.4700000e+01   9.9104038e+00
   1.4750000e+01   9.9376949e+00
   1.4800000e+01   9.9600799e+00
   1.4850000e+01   9.9775253e+00
   1.4900000e+01   9.9900050e+00
   1.4950000e+01   9.9975003e+00
   1.5000000e+01   1.0000000e+01
   1.5050000e+01   9.9975003e+00
   1.5100000e+01   9.9900050e+00
   1.5150000e+01   9.9775253e+00
   1.5200000e+01   9.9600799e+00
   1.5250000e+01   9.9376949e+00
   1.5300000e+01   9.9104038e+00
   1.5350000e+01   9.8782473e+00
   1.5400000e+01   9.8412732e+00
   1.5450000e+01   9.7995365e+00
   1.5500000e+01   9.7530991e+00
   1.5550000e+01   9.7020295e+00
   1.5600000e+01   9.6464029e+00
   1.5650000e+01   9.5863009e+00
   1.5700000e+01   9.5218113e+00
   1.5750000e+01   9.4530278e+00
   1.5800000e+01   9.3800500e+00
   1.5850000e+01   9.3029829e+00
   1.5900000e+01   9.2219369e+00
   1.5950000e+01   9.1370273e+00
   1.6000000e+01   9.0483742e+00
   1.6050000e+01   8.9561020e+00
   1.6100000e+01   8.8603396e+00
   1.6150000e+01   8.7612194e+00
   1.6200000e+01   8.6588775e+00
   1.6250000e+01   8.5534533e+00
   1.6300000e+01   8.4450890e+00
   1.6350000e+01   8.3339297e+00
   1.6400000e+01   8.2201223e+00
   1.6450000e+01   8.1038163e+00
   1.6500000e+01   7.9851622e+00
   1.6550000e+01   7.8643123e+00
   1.6600000e+01   7.7414197e+00
   1.6650000e+01   7.6166382e+00
   1.6700000e+01   7.4901221e+00
   1.6750000e+01   7.3620255e+00
   1.6800000e+01   7.2325024e+00
   1.6850000e+01   7.1017064e+00
   1.6900000e+01   6.9697900e+00
   1.6950000e+01   6.8369047e+00
   1.7000000e+01   6.7032005e+00
   1.7050000e+01   6.5688258e+00
   1.7100000e+01   6.4339271e+00
   1.7150000e+01   6.2986485e+00
   1.7200000e+01   6.1631320e+00
   1.7250000e+01   6.0275166e+00
   1.7300000e+01   5.8919387e+00
   1.7350000e+01   5.7565313e+00
   1.7400000e+01   5.6214245e+00
   1.7450000e+01   5.4867445e+00
   1.7500000e+01   5.3526143e+00
   1.7550000e+01   5.2191528e+00
   1.7600000e+01   5.0864752e+00
   1.7650000e+01   4.9546924e+00
   1.7700000e+01   4.8239114e+00
   1.7750000e+01   4.6942347e+00
   1.7800000e+01   4.5657605e+00
   1.7850000e+01   4.4385826e+00
   1.7900000e+01   4.3127903e+00
   1.7950000e+01   4.1884682e+00
   1.8000000e+01   4.0656966e+00
   1.8050000e+01   3.9445508e+00
   1.8100000e+01   3.8251018e+00
   1.8150000e+01   3.7074158e+00
   1.8200000e+01   3.5915544e+00
   1.8250000e+01   3.4775746e+00
   1.8300000e+01   3.3655288e+00
   1.8350000e+01   3.2554649e+00
   1.8400000e+01   3.1474264e+00
   1.8450000e+01   3.0414522e+00
   1.8500000e+01   2.9375770e+00
   1.8550000e+01   2.8358312e+00
   1.8600000e+01   2.7362410e+00
   1.8650000e+01   2.6388286e+00
   1.8700000e+01   2.5436119e+00
   1.8750000e+01   2.4506054e+00
   1.8800000e+01   2.3598194e+00
   1.8850000e+01   2.2712608e+00
   1.8900000e+01   2.1849328e+00
   1.8950000e+01   2.1008354e+00
   1.9000000e+01   2.0189652e+00
   1.9050000e+01   1.9393155e+00
   1.9100000e+01   1.8618770e+00
   1.9150000e+01   1.7866370e+00
   1.9200000e+01   1.7135806e+00
   1.9250000e+01   1.6426899e+00
   1.9300000e+01   1.5739448e+00
   1.9350000e+01   1.5073228e+00
   1.9400000e+01   1.4427992e+00
   1.9450000e+01   1.3803472e+00
   1.9500000e+01   1.3199384e+00
   1.9550000e+01   1.2615424e+00
   1.9600000e+01   1.2051272e+00
   1.9650000e+01   1.1506593e+00
   1.9700000e+01   1.0981040e+00
   1.9750000e+01   1.0474253e+00
   1.9800000e+01   9.9858609e-01
   1.9850000e+01   9.5154823e-01
   1.9900000e+01   9.0627281e-01
   1.9950000e+01   8.6272016e-01
   2.0000000e+01   8.2084999e-01
   2.0050000e+01   7.8062148e-01
   2.0100000e+01   7.4199342e-01
   2.0150000e+01   7.0492427e-01
   2.0200000e+01   6.6937228e-01
   2.0250000e+01   6.3529558e-01
   2.0300000e+01   6.0265227e-01
   2.0350000e+01   5.7140050e-01
   2.0400000e+01   5.4149854e-01
   2.0450000e+01   5.1290486e-01
   2.0500000e+01   4.8557821e-01
   2.0550000e+01   4.5947768e-01
   2.0600000e+01   4.3456276e-01
   2.0650000e+01   4.1079338e-01
   2.0700000e+01   3.8813001e-01
   2.0750000e+01   3.6653366e-01
   2.0800000e+01   3.4596595e-01
   2.0850000e+01   3.2638915e-01
   2.0900000e+01   3.0776619e-01
   2.0950000e+01   2.9006075e-01
   2.1000000e+01   2.7323722e-01
   2.1050000e+01   2.5726080e-01
   2.1100000e+01   2.4209746e-01
   2.1150000e+01   2.2771398e-01
   2.1200000e+01   2.1407799e-01
   2.1250000e+01   2.0115794e-01
   2.1300000e+01   1.8892316e-01
   2.1350000e+01   1.7734383e-01
   2.1400000e+01   1.6639099e-01
   2.1450000e+01   1.5603657e-01
   2.1500000e+01   1.4625335e-01
   2.1550000e+01   1.3701499e-01
   2.1600000e+01   1.2829604e-01
   2.1650000e+01   1.2007186e-01
   2.1700000e+01   1.1231870e-01
   2.1750000e+01   1.0501365e-01
   2.1800000e+01   9.8134636e-02
   2.1850000e+01   9.1660393e-02
   2.1900000e+01   8.5570481e-02
   2.1950000e+01   7.9845249e-02
   2.2000000e+01   7.4465831e-02
   2.2050000e+01   6.9414125e-02
   2.2100000e+01   6.4672778e-02
   2.2150000e+01   6.0225170e-02
   2.2200000e+01   5.6055394e-02
   2.2250000e+01   5.2148237e-02
   2.2300000e+01   4.8489165e-02
   2.2350000e+01   4.5064301e-02
   2.2400000e+01   4.1860404e-02
   2.2450000e+01   3.8864855e-02
   2.2500000e+01   3.6065631e-02
   2.2550000e+01   3.3451291e-02
   2.2600000e+01   3.1010950e-02
   2.2650000e+01   2.8734267e-02
   2.2700000e+01   2.6611418e-02
   2.2750000e+01   2.4633083e-02
   2.2800000e+01   2.2790422e-02
   2.2850000e+01   2.1075060e-02
   2.2900000e+01   1.9479066e-02
   2.2950000e+01   1.7994936e-02
   2.3000000e+01   1.6615573e-02
   2.3050000e+01   1.5334273e-02
   2.3100000e+01   1.4144705e-02
   2.3150000e+01   1.3040897e-02
   2.3200000e+01   1.2017217e-02
   2.3250000e+01   1.1068358e-02
   2.3300000e+01   1.0189323e-02
   2.3350000e+01   9.3754106e-03
   2.3400000e+01   8.6222009e-03
   2.3450000e+01   7.9255393e-03
   2.3500000e+01   7.2815254e-03
   2.3550000e+01   6.6864987e-03
   2.3600000e+01   6.1370267e-03
   2.3650000e+01   5.6298926e-03
   2.3700000e+01   5.1620840e-03
   2.3750000e+01   4.7307813e-03
   2.3800000e+01   4.3333476e-03
   2.3850000e+01   3.9673183e-03
   2.3900000e+01   3.6303911e-03
   2.3950000e+01   3.3204170e-03
   2.4000000e+01   3.0353914e-03
   2.4050000e+01   2.7734454e-03
   2.4100000e+01   2.5328379e-03
   2.4150000e+01   2.3119478e-03
   2.4200000e+01   2.1092667e-03
   2.4250000e+01   1.9233922e-03
   2.4300000e+01   1.7530206e-03
   2.4350000e+01   1.5969417e-03
   2.4400000e+01   1.4540320e-03
   2.4450000e+01   1.3232494e-03
   2.4500000e+01   1.2036281e-03
   2.4550000e+01   1.0942732e-03
   2.4600000e+01   9.9435636e-04
   2.4650000e+01   9.0311116e-04
   2.4700000e+01   8.1982889e-04
   2.4750000e+01   7.4385465e-04
   2.4800000e+01   6.7458363e-04
   2.4850000e+01   6.1145762e-04
   2.4900000e+01   5.5396176e-04
   2.4950000e+01   5.0162140e-04
   2.5000000e+01   4.5399930e-04
   2.5050000e+01   4.1069287e-04
   2.5100000e+01   3.7133167e-04
   2.5150000e+01   3.3557506e-04
   2.5200000e+01   3.0310996e-04
   2.5250000e+01   2.7364883e-04
   2.5300000e+01   2.4692772e-04
   2.5350000e+01   2.2270447e-04
   2.5400000e+01   2.0075709e-04
   2.5450000e+01   1.8088214e-04
   2.5500000e+01   1.6289334e-04
   2.5550000e+01   1.4662021e-04
   2.5600000e+01   1.3190681e-04
   2.5650000e+01   1.1861058e-04
   2.5700000e+01   1.0660129e-04
   2.5750000e+01   9.5760056e-05
   2.5800000e+01   8.5978361e-05
   2.5850000e+01   7.7157258e-05
   2.5900000e+01   6.9206560e-05
   2.5950000e+01   6.2044114e-05
   2.6000000e+01   5.5595132e-05
   2.6050000e+01   4.9791568e-05
   2.6100000e+01   4.4571545e-05
   2.6150000e+01   3.9878832e-05
   2.6200000e+01   3.5662355e-05
   2.6250000e+01   3.1875754e-05
   2.6300000e+01   2.8476969e-05
   2.6350000e+01   2.5427866e-05
   2.6400000e+01   2.2693888e-05
   2.6450000e+01   2.0243741e-05
   2.6500000e+01   1.8049097e-05
   2.6550000e+01   1.6084332e-05
   2.6600000e+01   1.4326281e-05
   2.6650000e+01   1.2754009e-05
   2.6700000e+01   1.1348614e-05
   2.6750000e+01   1.0093036e-05
   2.6800000e+01   8.9718837e-06
   2.6850000e+01   7.9712845e-06
   2.6900000e+01   7.0787381e-06
   2.6950000e+01   6.2829879e-06
   2.7000000e+01   5.5739037e-06
   2.7050000e+01   4.9423733e-06
   2.7100000e+01   4.3802055e-06
   2.7150000e+01   3.8800407e-06
   2.7200000e+01   3.4352704e-06
   2.7250000e+01   3.0399639e-06
   2.7300000e+01   2.6888018e-06
   2.7350000e+01   2.3770154e-06
   2.7400000e+01   2.1003325e-06
   2.7450000e+01   1.8549276e-06
   2.7500000e+01   1.6373771e-06
   2.7550000e+01   1.4446190e-06
   2.7600000e+01   1.2739160e-06
   2.7650000e+01   1.1228226e-06
   2.7700000e+01   9.8915489e-07
   2.7750000e+01   8.7096425e-07
   2.7800000e+01   7.6651244e-07
   2.7850000e+01   6.7424998e-07
   2.7900000e+01   5.9279636e-07
   2.7950000e+01   5.2092232e-07
   2.8000000e+01   4.5753388e-07
   2.8050000e+01   4.0165798e-07
   2.8100000e+01   3.5242962e-07
   2.8150000e+01   3.0908024e-07
   2.8200000e+01   2.7092741e-07
   2.8250000e+01   2.3736545e-07
   2.8300000e+01   2.0785712e-07
   2.8350000e+01   1.8192617e-07
   2.8400000e+01   1.5915060e-07
   2.8450000e+01   1.3915674e-07
   2.8500000e+01   1.2161386e-07
   2.8550000e+01   1.0622940e-07
   2.8600000e+01   9.2744735e-08
   2.8650000e+01   8.0931323e-08
   2.8700000e+01   7.0587349e-08
   2.8750000e+01   6.1534681e-08
   2.8800000e+01   5.3616182e-08
   2.8850000e+01   4.6693311e-08
   2.8900000e+01   4.0643988e-08
   2.8950000e+01   3.5360696e-08
   2.9000000e+01   3.0748799e-08
   2.9050000e+01   2.6725039e-08
   2.9100000e+01   2.3216214e-08
   2.9150000e+01   2.0157994e-08
   2.9200000e+01   1.7493877e-08
   2.9250000e+01   1.5174265e-08
   2.9300000e+01   1.3155645e-08
   2.9350000e+01   1.1399858e-08
   2.9400000e+01   9.8734657e-09
