   0.0000000e+00   1.1843285e-09
   5.0000000e-02   1.3756495e-09
   1.0000000e-01   1.5970784e-09
   1.5000000e-01   1.8532224e-09
   2.0000000e-01   2.1493726e-09
   2.5000000e-01   2.4916023e-09
   3.0000000e-01   2.8868790e-09
   3.5000000e-01   3.3431918e-09
   4.0000000e-01   3.8696961e-09
   4.5000000e-01   4.4768783e-09
   5.0000000e-01   5.1767424e-09
   5.5000000e-01   5.9830232e-09
   6.0000000e-01   6.9114260e-09
   6.5000000e-01   7.9799008e-09
   7.0000000e-01   9.2089514e-09
   7.5000000e-01   1.0621986e-08
   8.0000000e-01   1.2245714e-08
   8.5000000e-01   1.4110596e-08
   9.0000000e-01   1.6251350e-08
   9.5000000e-01   1.8707528e-08
   1.0000000e+00   2.1524159e-08
   1.0500000e+00   2.4752487e-08
   1.1000000e+00   2.8450792e-08
   1.1500000e+00   3.2685318e-08
   1.2000000e+00   3.7531328e-08
   1.2500000e+00   4.3074277e-08
   1.3000000e+00   4.9411144e-08
   1.3500000e+00   5.6651926e-08
   1.4000000e+00   6.4921314e-08
   1.4500000e+00   7.4360582e-08
   1.5000000e+00   8.5129701e-08
   1.5500000e+00   9.7409719e-08
   1.6000000e+00   1.1140542e-07
   1.6500000e+00   1.2734832e-07
   1.7000000e+00   1.4549999e-07
   1.7500000e+00   1.6615581e-07
   1.8000000e+00   1.8964919e-07
   1.8500000e+00   2.1635617e-07
   1.9000000e+00   2.4670073e-07
   1.9500000e+00   2.8116059e-07
   2.0000000e+00   3.2027371e-07
   2.0500000e+00   3.6464562e-07
   2.1000000e+00   4.1495745e-07
   2.1500000e+00   4.7197498e-07
   2.2000000e+00   5.3655871e-07
   2.2500000e+00   6.0967497e-07
   2.3000000e+00   6.9240842e-07
   2.3500000e+00   7.8597579e-07
   2.4000000e+00   8.9174123e-07
   2.4500000e+00   1.0112333e-06
   2.5000000e+00   1.1461640e-06
   2.5500000e+00   1.2984493e-06
   2.6000000e+00   1.4702327e-06
   2.6500000e+00   1.6639108e-06
   2.7000000e+00   1.8821612e-06
   2.7500000e+00   2.1279748e-06
   2.8000000e+00   2.4046893e-06
   2.8500000e+00   2.7160285e-06
   2.9000000e+00   3.0661439e-06
   2.9500000e+00   3.4596613e-06
   3.0000000e+00   3.9017326e-06
   3.0500000e+00   4.3980915e-06
   3.1000000e+00   4.9551166e-06
   3.1500000e+00   5.5798992e-06
   3.2000000e+00   6.2803186e-06
   3.2500000e+00   7.0651250e-06
   3.3000000e+00   7.9440300e-06
   3.3500000e+00   8.9278063e-06
   3.4000000e+00   1.0028396e-05
   3.4500000e+00   1.1259033e-05
   3.5000000e+00   1.2634368e-05
   3.5500000e+00   1.4170619e-05
   3.6000000e+00   1.5885722e-05
   3.6500000e+00   1.7799506e-05
   3.7000000e+00   1.9933878e-05
   3.7500000e+00   2.2313028e-05
   3.8000000e+00   2.4963649e-05
   3.8500000e+00   2.7915182e-05
   3.9000000e+00   3.1200082e-05
   3.9500000e+00   3.4854098e-05
   4.0000000e+00   3.8916593e-05
   4.0500000e+00   4.3430880e-05
   4.1000000e+00   4.8444592e-05
   4.1500000e+00   5.4010081e-05
   4.2000000e+00   6.0184853e-05
   4.2500000e+00   6.7032040e-05
   4.3000000e+00   7.4620906e-05
   4.3500000e+00   8.3027403e-05
   4.4000000e+00   9.2334764e-05
   4.4500000e+00   1.0263415e-04
   4.5000000e+00   1.1402534e-04
   4.5500000e+00   1.2661750e-04
   4.6000000e+00   1.4052996e-04
   4.6500000e+00   1.5589313e-04
   4.7000000e+00   1.7284940e-04
   4.7500000e+00   1.9155418e-04
   4.8000000e+00   2.1217697e-04
   4.8500000e+00   2.3490254e-04
   4.9000000e+00   2.5993217e-04
   4.9500000e+00   2.8748501e-04
   5.0000000e+00   3.1779951e-04
   5.0500000e+00   3.5113498e-04
   5.1000000e+00   3.8777323e-04
   5.1500000e+00   4.2802034e-04
   5.2000000e+00   4.7220854e-04
   5.2500000e+00   5.2069825e-04
   5.3000000e+00   5.7388022e-04
   5.3500000e+00   6.3217781e-04
   5.4000000e+00   6.9604945e-04
   5.4500000e+00   7.6599122e-04
   5.5000000e+00   8.4253964e-04
   5.5500000e+00   9.2627457e-04
   5.6000000e+00   1.0178224e-03
   5.6500000e+00   1.1178592e-03
   5.7000000e+00   1.2271144e-03
   5.7500000e+00   1.3463745e-03
   5.8000000e+00   1.4764867e-03
   5.8500000e+00   1.6183635e-03
   5.9000000e+00   1.7729865e-03
   5.9500000e+00   1.9414118e-03
   6.0000000e+00   2.1247740e-03
   6.0500000e+00   2.3242919e-03
   6.1000000e+00   2.5412737e-03
   6.1500000e+00   2.7771228e-03
   6.2000000e+00   3.0333434e-03
   6.2500000e+00   3.3115469e-03
   6.3000000e+00   3.6134588e-03
   6.3500000e+00   3.9409248e-03
   6.4000000e+00   4.2959187e-03
   6.4500000e+00   4.6805491e-03
   6.5000000e+00   5.0970678e-03
   6.5500000e+00   5.5478775e-03
   6.6000000e+00   6.0355406e-03
   6.6500000e+00   6.5627874e-03
   6.7000000e+00   7.1325258e-03
   6.7500000e+00   7.7478503e-03
   6.8000000e+00   8.4120519e-03
   6.8500000e+00   9.1286282e-03
   6.9000000e+00   9.9012937e-03
   6.9500000e+00   1.0733991e-02
   7.0000000e+00   1.1630901e-02
   7.0500000e+00   1.2596455e-02
   7.1000000e+00   1.3635346e-02
   7.1500000e+00   1.4752542e-02
   7.2000000e+00   1.5953296e-02
   7.2500000e+00   1.7243158e-02
   7.3000000e+00   1.8627993e-02
   7.3500000e+00   2.0113987e-02
   7.4000000e+00   2.1707665e-02
   7.4500000e+00   2.3415903e-02
   7.5000000e+00   2.5245942e-02
   7.5500000e+00   2.7205399e-02
   7.6000000e+00   2.9302283e-02
   7.6500000e+00   3.1545010e-02
   7.7000000e+00   3.3942416e-02
   7.7500000e+00   3.6503766e-02
   7.8000000e+00   3.9238775e-02
   7.8500000e+00   4.2157619e-02
   7.9000000e+00   4.5270945e-02
   7.9500000e+00   4.8589887e-02
   8.0000000e+00   5.2126081e-02
   8.0500000e+00   5.5891674e-02
   8.1000000e+00   5.9899336e-02
   8.1500000e+00   6.4162275e-02
   8.2000000e+00   6.8694245e-02
   8.2500000e+00   7.3509557e-02
   8.3000000e+00   7.8623090e-02
   8.3500000e+00   8.4050300e-02
   8.4000000e+00   8.9807225e-02
   8.4500000e+00   9.5910496e-02
   8.5000000e+00   1.0237734e-01
   8.5500000e+00   1.0922560e-01
   8.6000000e+00   1.1647369e-01
   8.6500000e+00   1.2414068e-01
   8.7000000e+00   1.3224621e-01
   8.7500000e+00   1.4081056e-01
   8.8000000e+00   1.4985459e-01
   8.8500000e+00   1.5939979e-01
   8.9000000e+00   1.6946822e-01
   8.9500000e+00   1.8008256e-01
   9.0000000e+00   1.9126606e-01
   9.0500000e+00   2.0304252e-01
   9.1000000e+00   2.1543633e-01
   9.1500000e+00   2.2847240e-01
   9.2000000e+00   2.4217617e-01
   9.2500000e+00   2.5657357e-01
   9.3000000e+00   2.7169101e-01
   9.3500000e+00   2.8755537e-01
   9.4000000e+00   3.0419393e-01
   9.4500000e+00   3.2163438e-01
   9.5000000e+00   3.3990475e-01
   9.5500000e+00   3.5903340e-01
   9.6000000e+00   3.7904898e-01
   9.6500000e+00   3.9998035e-01
   9.7000000e+00   4.2185659e-01
   9.7500000e+00   4.4470691e-01
   9.8000000e+00   4.6856059e-01
   9.8500000e+00   4.9344699e-01
   9.9000000e+00   5.1939539e-01
   9.9500000e+00   5.4643504e-01
   1.0000000e+01   5.7459499e-01
   1.0050000e+01   6.0390411e-01
   1.0100000e+01   6.3439096e-01
   1.0150000e+01   6.6608376e-01
   1.0200000e+01   6.9901027e-01
   1.0250000e+01   7.3319774e-01
   1.0300000e+01   7.6867283e-01
   1.0350000e+01   8.0546152e-01
   1.0400000e+01   8.4358902e-01
   1.0450000e+01   8.8307967e-01
   1.0500000e+01   9.2395690e-01
   1.0550000e+01   9.6624307e-01
   1.0600000e+01   1.0099594e+00
   1.0650000e+01   1.0551260e+00
   1.0700000e+01   1.1017614e+00
   1.0750000e+01   1.1498829e+00
   1.0800000e+01   1.1995064e+00
   1.0850000e+01   1.2506459e+00
   1.0900000e+01   1.3033139e+00
   1.0950000e+01   1.3575209e+00
   1.1000000e+01   1.4132756e+00
   1.1050000e+01   1.4705848e+00
   1.1100000e+01   1.5294530e+00
   1.1150000e+01   1.5898826e+00
   1.1200000e+01   1.6518736e+00
   1.1250000e+01   1.7154238e+00
   1.1300000e+01   1.7805284e+00
   1.1350000e+01   1.8471800e+00
   1.1400000e+01   1.9153687e+00
   1.1450000e+01   1.9850819e+00
   1.1500000e+01   2.0563039e+00
   1.1550000e+01   2.1290165e+00
   1.1600000e+01   2.2031985e+00
   1.1650000e+01   2.2788254e+00
   1.1700000e+01   2.3558701e+00
   1.1750000e+01   2.4343022e+00
   1.1800000e+01   2.5140881e+00
   1.1850000e+01   2.5951911e+00
   1.1900000e+01   2.6775713e+00
   1.1950000e+01   2.7611856e+00
   1.2000000e+01   2.8459876e+00
   1.2050000e+01   2.9319278e+00
   1.2100000e+01   3.0189532e+00
   1.2150000e+01   3.1070078e+00
   1.2200000e+01   3.1960323e+00
   1.2250000e+01   3.2859643e+00
   1.2300000e+01   3.3767380e+00
   1.2350000e+01   3.4682847e+00
   1.2400000e+01   3.5605326e+00
   1.2450000e+01   3.6534070e+00
   1.2500000e+01   3.7468300e+00
   1.2550000e+01   3.8407212e+00
   1.2600000e+01   3.9349971e+00
   1.2650000e+01   4.0295719e+00
   1.2700000e+01   4.1243571e+00
   1.2750000e+01   4.2192617e+00
   1.2800000e+01   4.3141924e+00
   1.2850000e+01   4.4090540e+00
   1.2900000e+01   4.5037489e+00
   1.2950000e+01   4.5981781e+00
   1.3000000e+01   4.6922403e+00
   1.3050000e+01   4.7858333e+00
   1.3100000e+01   4.8788530e+00
   1.3150000e+01   4.9711945e+00
   1.3200000e+01   5.0627517e+00
   1.3250000e+01   5.1534178e+00
   1.3300000e+01   5.2430854e+00
   1.3350000e+01   5.3316467e+00
   1.3400000e+01   5.4189938e+00
   1.3450000e+01   5.5050186e+00
   1.3500000e+01   5.5896135e+00
   1.3550000e+01   5.6726714e+00
   1.3600000e+01   5.7540856e+00
   1.3650000e+01   5.8337508e+00
   1.3700000e+01   5.9115623e+00
   1.3750000e+01   5.9874173e+00
   1.3800000e+01   6.0612142e+00
   1.3850000e+01   6.1328536e+00
   1.3900000e+01   6.2022377e+00
   1.3950000e+01   6.2692714e+00
   1.4000000e+01   6.3338619e+00
   1.4050000e+01   6.3959191e+00
   1.4100000e+01   6.4553558e+00
   1.4150000e+01   6.5120880e+00
   1.4200000e+01   6.5660350e+00
   1.4250000e+01   6.6171195e+00
   1.4300000e+01   6.6652679e+00
   1.4350000e+01   6.7104107e+00
   1.4400000e+01   6.7524821e+00
   1.4450000e+01   6.7914207e+00
   1.4500000e+01   6.8271694e+00
   1.4550000e+01   6.8596756e+00
   1.4600000e+01   6.8888912e+00
   1.4650000e+01   6.9147731e+00
   1.4700000e+01   6.9372827e+00
   1.4750000e+01   6.9563864e+00
   1.4800000e+01   6.9720559e+00
   1.4850000e+01   6.9842677e+00
   1.4900000e+01   6.9930035e+00
   1.4950000e+01   6.9982502e+00
   1.5000000e+01   7.0000000e+00
   1.5050000e+01   6.9982502e+00
   1.5100000e+01   6.9930035e+00
   1.5150000e+01   6.9842677e+00
   1.5200000e+01   6.9720559e+00
   1.5250000e+01   6.9563864e+00
   1.5300000e+01   6.9372827e+00
   1.5350000e+01   6.9147731e+00
   1.5400000e+01   6.8888912e+00
   1.5450000e+01   6.8596756e+00
   1.5500000e+01   6.8271694e+00
   1.5550000e+01   6.7914207e+00
   1.5600000e+01   6.7524821e+00
   1.5650000e+01   6.7104107e+00
   1.5700000e+01   6.6652679e+00
   1.5750000e+01   6.6171195e+00
   1.5800000e+01   6.5660350e+00
   1.5850000e+01   6.5120880e+00
   1.5900000e+01   6.4553558e+00
   1.5950000e+01   6.3959191e+00
   1.6000000e+01   6.3338619e+00
   1.6050000e+01   6.2692714e+00
   1.6100000e+01   6.2022377e+00
   1.6150000e+01   6.1328536e+00
   1.6200000e+01   6.0612142e+00
   1.6250000e+01   5.9874173e+00
   1.6300000e+01   5.9115623e+00
   1.6350000e+01   5.8337508e+00
   1.6400000e+01   5.7540856e+00
   1.6450000e+01   5.6726714e+00
   1.6500000e+01   5.5896135e+00
   1.6550000e+01   5.5050186e+00
   1.6600000e+01   5.4189938e+00
   1.6650000e+01   5.3316467e+00
   1.6700000e+01   5.2430854e+00
   1.6750000e+01   5.1534178e+00
   1.6800000e+01   5.0627517e+00
   1.6850000e+01   4.9711945e+00
   1.6900000e+01   4.8788530e+00
   1.6950000e+01   4.7858333e+00
   1.7000000e+01   4.6922403e+00
   1.7050000e+01   4.5981781e+00
   1.7100000e+01   4.5037489e+00
   1.7150000e+01   4.4090540e+00
   1.7200000e+01   4.3141924e+00
   1.7250000e+01   4.2192617e+00
   1.7300000e+01   4.1243571e+00
   1.7350000e+01   4.0295719e+00
   1.7400000e+01   3.9349971e+00
   1.7450000e+01   3.8407212e+00
   1.7500000e+01   3.7468300e+00
   1.7550000e+01   3.6534070e+00
   1.7600000e+01   3.5605326e+00
   1.7650000e+01   3.4682847e+00
   1.7700000e+01   3.3767380e+00
   1.7750000e+01   3.2859643e+00
   1.7800000e+01   3.1960323e+00
   1.7850000e+01   3.1070078e+00
   1.7900000e+01   3.0189532e+00
   1.7950000e+01   2.9319278e+00
   1.8000000e+01   2.8459876e+00
   1.8050000e+01   2.7611856e+00
   1.8100000e+01   2.6775713e+00
   1.8150000e+01   2.5951911e+00
   1.8200000e+01   2.5140881e+00
   1.8250000e+01   2.4343022e+00
   1.8300000e+01   2.3558701e+00
   1.8350000e+01   2.2788254e+00
   1.8400000e+01   2.2031985e+00
   1.8450000e+01   2.1290165e+00
   1.8500000e+01   2.0563039e+00
   1.8550000e+01   1.9850819e+00
   1.8600000e+01   1.9153687e+00
   1.8650000e+01   1.8471800e+00
   1.8700000e+01   1.7805284e+00
   1.8750000e+01   1.7154238e+00
   1.8800000e+01   1.6518736e+00
   1.8850000e+01   1.5898826e+00
   1.8900000e+01   1.5294530e+00
   1.8950000e+01   1.4705848e+00
   1.9000000e+01   1.4132756e+00
   1.9050000e+01   1.3575209e+00
   1.9100000e+01   1.3033139e+00
   1.9150000e+01   1.2506459e+00
   1.9200000e+01   1.1995064e+00
   1.9250000e+01   1.1498829e+00
   1.9300000e+01   1.1017614e+00
   1.9350000e+01   1.0551260e+00
   1.9400000e+01   1.0099594e+00
   1.9450000e+01   9.6624307e-01
   1.9500000e+01   9.2395690e-01
   1.9550000e+01   8.8307967e-01
   1.9600000e+01   8.4358902e-01
   1.9650000e+01   8.0546152e-01
   1.9700000e+01   7.6867283e-01
   1.9750000e+01   7.3319774e-01
   1.9800000e+01   6.9901027e-01
   1.9850000e+01   6.6608376e-01
   1.9900000e+01   6.3439096e-01
   1.9950000e+01   6.0390411e-01
   2.0000000e+01   5.7459499e-01
   2.0050000e+01   5.4643504e-01
   2.0100000e+01   5.1939539e-01
   2.0150000e+01   4.9344699e-01
   2.0200000e+01   4.6856059e-01
   2.0250000e+01   4.4470691e-01
   2.0300000e+01   4.2185659e-01
   2.0350000e+01   3.9998035e-01
   2.0400000e+01   3.7904898e-01
   2.0450000e+01   3.5903340e-01
   2.0500000e+01   3.3990475e-01
   2.0550000e+01   3.2163438e-01
   2.0600000e+01   3.0419393e-01
   2.0650000e+01   2.8755537e-01
   2.0700000e+01   2.7169101e-01
   2.0750000e+01   2.5657357e-01
   2.0800000e+01   2.4217617e-01
   2.0850000e+01   2.2847240e-01
   2.0900000e+01   2.1543633e-01
   2.0950000e+01   2.0304252e-01
   2.1000000e+01   1.9126606e-01
   2.1050000e+01   1.8008256e-01
   2.1100000e+01   1.6946822e-01
   2.1150000e+01   1.5939979e-01
   2.1200000e+01   1.4985459e-01
   2.1250000e+01   1.4081056e-01
   2.1300000e+01   1.3224621e-01
   2.1350000e+01   1.2414068e-01
   2.1400000e+01   1.1647369e-01
   2.1450000e+01   1.0922560e-01
   2.1500000e+01   1.0237734e-01
   2.1550000e+01   9.5910496e-02
   2.1600000e+01   8.9807225e-02
   2.1650000e+01   8.4050300e-02
   2.1700000e+01   7.8623090e-02
   2.1750000e+01   7.3509557e-02
   2.1800000e+01   6.8694245e-02
   2.1850000e+01   6.4162275e-02
   2.1900000e+01   5.9899336e-02
   2.1950000e+01   5.5891674e-02
   2.2000000e+01   5.2126081e-02
   2.2050000e+01   4.8589887e-02
   2.2100000e+01   4.5270945e-02
   2.2150000e+01   4.2157619e-02
   2.2200000e+01   3.9238775e-02
   2.2250000e+01   3.6503766e-02
   2.2300000e+01   3.3942416e-02
   2.2350000e+01   3.1545010e-02
   2.2400000e+01   2.9302283e-02
   2.2450000e+01   2.7205399e-02
   2.2500000e+01   2.5245942e-02
   2.2550000e+01   2.3415903e-02
   2.2600000e+01   2.1707665e-02
   2.2650000e+01   2.0113987e-02
   2.2700000e+01   1.8627993e-02
   2.2750000e+01   1.7243158e-02
   2.2800000e+01   1.5953296e-02
   2.2850000e+01   1.4752542e-02
   2.2900000e+01   1.3635346e-02
   2.2950000e+01   1.2596455e-02
   2.3000000e+01   1.1630901e-02
   2.3050000e+01   1.0733991e-02
   2.3100000e+01   9.9012937e-03
   2.3150000e+01   9.1286282e-03
   2.3200000e+01   8.4120519e-03
   2.3250000e+01   7.7478503e-03
   2.3300000e+01   7.1325258e-03
   2.3350000e+01   6.5627874e-03
   2.3400000e+01   6.0355406e-03
   2.3450000e+01   5.5478775e-03
   2.3500000e+01   5.0970678e-03
   2.3550000e+01   4.6805491e-03
   2.3600000e+01   4.2959187e-03
   2.3650000e+01   3.9409248e-03
   2.3700000e+01   3.6134588e-03
   2.3750000e+01   3.3115469e-03
   2.3800000e+01   3.0333434e-03
   2.3850000e+01   2.7771228e-03
   2.3900000e+01   2.5412737e-03
   2.3950000e+01   2.3242919e-03
   2.4000000e+01   2.1247740e-03
   2.4050000e+01   1.9414118e-03
   2.4100000e+01   1.7729865e-03
   2.4150000e+01   1.6183635e-03
   2.4200000e+01   1.4764867e-03
   2.4250000e+01   1.3463745e-03
   2.4300000e+01   1.2271144e-03
   2.4350000e+01   1.1178592e-03
   2.4400000e+01   1.0178224e-03
   2.4450000e+01   9.2627457e-04
   2.4500000e+01   8.4253964e-04
   2.4550000e+01   7.6599122e-04
   2.4600000e+01   6.9604945e-04
   2.4650000e+01   6.3217781e-04
   2.4700000e+01   5.7388022e-04
   2.4750000e+01   5.2069825e-04
   2.4800000e+01   4.7220854e-04
   2.4850000e+01   4.2802034e-04
   2.4900000e+01   3.8777323e-04
   2.4950000e+01   3.5113498e-04
   2.5000000e+01   3.1779951e-04
   2.5050000e+01   2.8748501e-04
   2.5100000e+01   2.5993217e-04
   2.5150000e+01   2.3490254e-04
   2.5200000e+01   2.1217697e-04
   2.5250000e+01   1.9155418e-04
   2.5300000e+01   1.7284940e-04
   2.5350000e+01   1.5589313e-04
   2.5400000e+01   1.4052996e-04
   2.5450000e+01   1.2661750e-04
   2.5500000e+01   1.1402534e-04
   2.5550000e+01   1.0263415e-04
   2.5600000e+01   9.2334764e-05
   2.5650000e+01   8.3027403e-05
   2.5700000e+01   7.4620906e-05
   2.5750000e+01   6.7032040e-05
   2.5800000e+01   6.0184853e-05
   2.5850000e+01   5.4010081e-05
   2.5900000e+01   4.8444592e-05
   2.5950000e+01   4.3430880e-05
   2.6000000e+01   3.8916593e-05
   2.6050000e+01   3.4854098e-05
   2.6100000e+01   3.1200082e-05
   2.6150000e+01   2.7915182e-05
   2.6200000e+01   2.4963649e-05
   2.6250000e+01   2.2313028e-05
   2.6300000e+01   1.9933878e-05
   2.6350000e+01   1.7799506e-05
   2.6400000e+01   1.5885722e-05
   2.6450000e+01   1.4170619e-05
   2.6500000e+01   1.2634368e-05
   2.6550000e+01   1.1259033e-05
   2.6600000e+01   1.0028396e-05
   2.6650000e+01   8.9278063e-06
   2.6700000e+01   7.9440300e-06
   2.6750000e+01   7.0651250e-06
   2.6800000e+01   6.2803186e-06
   2.6850000e+01   5.5798992e-06
   2.6900000e+01   4.9551166e-06
   2.6950000e+01   4.3980915e-06
   2.7000000e+01   3.9017326e-06
   2.7050000e+01   3.4596613e-06
   2.7100000e+01   3.0661439e-06
   2.7150000e+01   2.7160285e-06
   2.7200000e+01   2.4046893e-06
   2.7250000e+01   2.1279748e-06
   2.7300000e+01   1.8821612e-06
   2.7350000e+01   1.6639108e-06
   2.7400000e+01   1.4702327e-06
   2.7450000e+01   1.2984493e-06
   2.7500000e+01   1.1461640e-06
   2.7550000e+01   1.0112333e-06
   2.7600000e+01   8.9174123e-07
   2.7650000e+01   7.8597579e-07
   2.7700000e+01   6.9240842e-07
   2.7750000e+01   6.0967497e-07
   2.7800000e+01   5.3655871e-07
   2.7850000e+01   4.7197498e-07
   2.7900000e+01   4.1495745e-07
   2.7950000e+01   3.6464562e-07
   2.8000000e+01   3.2027371e-07
   2.8050000e+01   2.8116059e-07
   2.8100000e+01   2.4670073e-07
   2.8150000e+01   2.1635617e-07
   2.8200000e+01   1.8964919e-07
   2.8250000e+01   1.6615581e-07
   2.8300000e+01   1.4549999e-07
   2.8350000e+01   1.2734832e-07
   2.8400000e+01   1.1140542e-07
   2.8450000e+01   9.7409719e-08
   2.8500000e+01   8.5129701e-08
   2.8550000e+01   7.4360582e-08
   2.8600000e+01   6.4921314e-08
   2.8650000e+01   5.6651926e-08
   2.8700000e+01   4.9411144e-08
   2.8750000e+01   4.3074277e-08
   2.8800000e+01   3.7531328e-08
   2.8850000e+01   3.2685318e-08
   2.8900000e+01   2.8450792e-08
   2.8950000e+01   2.4752487e-08
   2.9000000e+01   2.1524159e-08
   2.9050000e+01   1.8707528e-08
   2.9100000e+01   1.6251350e-08
   2.9150000e+01   1.4110596e-08
   2.9200000e+01   1.2245714e-08
   2.9250000e+01   1.0621986e-08
   2.9300000e+01   9.2089514e-09
   2.9350000e+01   7.9799008e-09
   2.9400000e+01   6.9114260e-09
   2.9450000e+01   5.9830232e-09
   2.9500000e+01   5.1767424e-09
   2.9550000e+01   4.4768783e-09
